  -0.0000000e+00
  -5.7913126e-02
  -0.0000000e+00
  -0.0000000e+00
  -2.8807540e-02
  -0.0000000e+00
  -5.0623352e-02
  -3.7479416e-02
  -4.4461024e-02
  -4.3188802e-02
  -4.2950258e-02
  -1.9038868e-02
  -1.9753670e-02
  -2.6022817e-02
  -4.6350842e-02
  -5.5479552e-02
  -3.8394014e-02
  -3.4261275e-02
  -6.6317049e-02
  -0.0000000e+00
  -4.2129133e-02
  -4.9912248e-02
  -5.1555757e-02
  -3.2372416e-02
  -8.3904736e-02
  -0.0000000e+00
   0.0000000e+00
   0.0000000e+00
   0.0000000e+00
   0.0000000e+00
   0.0000000e+00
   0.0000000e+00
   0.0000000e+00
   0.0000000e+00
   0.0000000e+00
   0.0000000e+00
  -3.5554066e-02
  -1.4755795e-02
   6.0539893e-03
   1.6123899e-02
   1.7949930e-02
   2.2101746e-02
   2.0630895e-02
   2.0320507e-02
   1.9826584e-02
   1.8816359e-02
   1.7143618e-02
   1.5118814e-02
   1.3473021e-02
   1.1851983e-02
   1.1194197e-02
   9.7345533e-03
   9.0132849e-03
   7.5025144e-03
   1.1985125e-02
   1.7193364e-02
   1.3988782e-02
   1.2717557e-02
   8.8498127e-03
   3.2417206e-03
  -3.3672064e-03
  -1.2396669e-02
  -1.9943061e-02
  -2.5346206e-02
  -3.6946923e-02
  -5.5424208e-02
  -5.8332803e-02
  -0.0000000e+00
  -5.0093905e-02
  -8.5827163e-02
  -8.8864398e-02
  -0.0000000e+00
   2.3151841e-02
   3.8685281e-02
   4.6878047e-02
   5.2309785e-02
   5.6601562e-02
   5.8024056e-02
   5.4191504e-02
   4.9802352e-02
   4.9748722e-02
   5.2000210e-02
   5.2330110e-02
   4.9520798e-02
   4.9882002e-02
   4.9976829e-02
   4.9345598e-02
   4.8681658e-02
   4.7364205e-02
   4.7230970e-02
   4.7672078e-02
   4.3116324e-02
   4.0343780e-02
   4.7841232e-02
   4.6597276e-02
   3.9986972e-02
   3.4447871e-02
   3.1891670e-02
   3.2095183e-02
   3.4933891e-02
   3.8392056e-02
   3.7972566e-02
   3.1121150e-02
   2.6234612e-02
   2.4414109e-02
   2.0657765e-02
   6.3918335e-03
   5.3930851e-03
   8.8804014e-02
   9.4226852e-02
   9.2284143e-02
   8.7266721e-02
   8.0725536e-02
   7.9467781e-02
   7.5825304e-02
   6.9497734e-02
   6.6316262e-02
   7.2119959e-02
   7.8704074e-02
   7.8912824e-02
   8.0312379e-02
   8.2479142e-02
   8.3432749e-02
   8.2528792e-02
   8.0048732e-02
   7.8277923e-02
   6.8962456e-02
   0.0000000e+00
   6.4594805e-02
   7.5414650e-02
   7.9523183e-02
   7.5610027e-02
   7.3093228e-02
   7.4760787e-02
   7.8037411e-02
   8.4797822e-02
   9.1608591e-02
   9.7766854e-02
   1.0267186e-01
   9.9240161e-02
   9.0493932e-02
   9.8524891e-02
   8.7940469e-02
   8.3031170e-02
   1.2258559e-01
   1.1279827e-01
   1.0083444e-01
   9.4383198e-02
   7.7625538e-02
   7.2804421e-02
   7.3338831e-02
   6.7407058e-02
   6.3719064e-02
   7.4113883e-02
   8.4329046e-02
   8.9165740e-02
   9.1687806e-02
   9.4220631e-02
   9.5752984e-02
   9.5023178e-02
   9.2064396e-02
   8.6743250e-02
   0.0000000e+00
   0.0000000e+00
   6.6162661e-02
   8.7231807e-02
   9.5626310e-02
   9.8302178e-02
   1.0135478e-01
   1.0423072e-01
   1.0595558e-01
   1.0979204e-01
   1.1262883e-01
   1.1670081e-01
   1.2772030e-01
   1.3376023e-01
   1.2950397e-01
   1.4396395e-01
   1.3818167e-01
   1.2956925e-01
   1.1519507e-01
   9.5893231e-02
   7.9314487e-02
   0.0000000e+00
   0.0000000e+00
   4.9267563e-02
   5.4797406e-02
   5.5568079e-02
   6.2651593e-02
   6.7597833e-02
   7.3857644e-02
   7.7507098e-02
   7.9767530e-02
   8.2483242e-02
   8.5487952e-02
   8.6920013e-02
   8.5228766e-02
   7.7637118e-02
   0.0000000e+00
   0.0000000e+00
   4.8608611e-02
   7.3447977e-02
   8.8255721e-02
   9.8245597e-02
   1.0642809e-01
   1.0897825e-01
   1.0658578e-01
   1.0116239e-01
   9.5892806e-02
   9.4582757e-02
   1.0889069e-01
   1.2473801e-01
   1.3480464e-01
   1.4941550e-01
   1.4530090e-01
   1.3152110e-01
   8.4173421e-02
   0.0000000e+00
   0.0000000e+00
   0.0000000e+00
   0.0000000e+00
   2.6603533e-02
   3.6469471e-02
   4.6180159e-02
   5.1973760e-02
   5.4928273e-02
   5.6669164e-02
   5.6450251e-02
   5.6921624e-02
   5.9915941e-02
   6.4392880e-02
   6.8209209e-02
   6.7855142e-02
   5.9360661e-02
   3.6950684e-02
   0.0000000e+00
   2.7336017e-02
   4.6812877e-02
   6.6052668e-02
   8.0871984e-02
   9.1160692e-02
   9.1429725e-02
   8.1072003e-02
   6.3955881e-02
   5.6930289e-02
   5.3591292e-02
   6.8330742e-02
   9.0144247e-02
   1.1023441e-01
   1.2184924e-01
   1.1784000e-01
   1.0172842e-01
   4.0877198e-02
   0.0000000e+00
   0.0000000e+00
   0.0000000e+00
   0.0000000e+00
   1.1847319e-02
   1.9969285e-02
   2.9691355e-02
   3.5247795e-02
   3.6570065e-02
   3.4975159e-02
   3.2731965e-02
   3.2957815e-02
   3.5587154e-02
   3.9846599e-02
   4.3948360e-02
   4.4188453e-02
   3.4809995e-02
   1.6322119e-02
   0.0000000e+00
   0.0000000e+00
   1.6417872e-02
   3.5858046e-02
   5.1613491e-02
   5.9478182e-02
   5.5738297e-02
   3.5060864e-02
   3.1839329e-02
   3.0211627e-02
   2.2328719e-02
   3.0421972e-02
   4.9088327e-02
   6.5395758e-02
   7.2947688e-02
   6.9624662e-02
   5.5415258e-02
   1.3116170e-02
   0.0000000e+00
   0.0000000e+00
   0.0000000e+00
   0.0000000e+00
   5.4237093e-03
   8.5518090e-03
   1.3088352e-02
   1.5962239e-02
   1.6437650e-02
   1.5093402e-02
   1.3412088e-02
   1.3729386e-02
   1.6131053e-02
   1.9655552e-02
   2.2513177e-02
   2.2095034e-02
   1.3653668e-02
   5.4090113e-04
   0.0000000e+00
  -0.0000000e+00
  -5.5627543e-03
   1.0711081e-02
   2.3536123e-02
   2.8023096e-02
   2.1342035e-02
  -1.6006234e-04
   0.0000000e+00
   0.0000000e+00
  -2.7287924e-03
   1.4873705e-04
   1.1695501e-02
   2.2375716e-02
   2.8662130e-02
   2.7168989e-02
   1.8063203e-02
  -4.4267402e-03
   0.0000000e+00
   0.0000000e+00
   0.0000000e+00
  -0.0000000e+00
  -1.1642539e-02
  -1.2800509e-02
  -1.2553655e-02
  -1.0819358e-02
  -9.4598634e-03
  -8.4607881e-03
  -7.8344233e-03
  -7.0324410e-03
  -6.1731506e-03
  -4.9012196e-03
  -3.7373933e-03
  -5.2504628e-03
  -8.7290397e-03
  -5.2134922e-03
   0.0000000e+00
   0.0000000e+00
  -2.0748351e-02
  -1.1019768e-02
  -5.4875454e-03
  -5.6449994e-03
  -1.5539650e-02
  -2.9130393e-02
   0.0000000e+00
  -0.0000000e+00
  -2.4607509e-02
  -2.5493913e-02
  -2.3705686e-02
  -1.9442352e-02
  -1.5180139e-02
  -1.5386568e-02
  -1.5994070e-02
  -1.2985192e-02
  -1.0212758e-02
   0.0000000e+00
   0.0000000e+00
  -3.3663859e-02
  -2.9073376e-02
  -3.0545056e-02
  -3.0537931e-02
  -2.8333060e-02
  -2.5564890e-02
  -2.2306385e-02
  -2.0165183e-02
  -2.0069586e-02
  -2.1032847e-02
  -2.2022875e-02
  -2.2985829e-02
  -2.5174651e-02
  -2.3078144e-02
  -5.5144404e-03
   0.0000000e+00
   0.0000000e+00
  -0.0000000e+00
  -2.2987191e-02
  -2.3437064e-02
  -2.7497098e-02
  -3.7450325e-02
  -3.7967893e-02
   0.0000000e+00
  -0.0000000e+00
  -2.8646229e-02
  -3.7229329e-02
  -4.0448796e-02
  -4.1096788e-02
  -4.0305823e-02
  -4.0258158e-02
  -3.3755071e-02
  -2.4177697e-02
  -1.5777708e-02
   0.0000000e+00
   0.0000000e+00
  -4.1841158e-02
  -3.9954185e-02
  -4.1321341e-02
  -4.1288339e-02
  -3.8363360e-02
  -3.4185339e-02
  -3.0243948e-02
  -2.9091571e-02
  -3.1099061e-02
  -3.4316774e-02
  -3.7842102e-02
  -4.1052777e-02
  -4.3188781e-02
  -3.5475001e-02
  -7.1994445e-03
   0.0000000e+00
   0.0000000e+00
  -0.0000000e+00
  -3.4840470e-02
  -4.0156331e-02
  -4.6757136e-02
  -4.8771493e-02
  -2.8213631e-02
   0.0000000e+00
   0.0000000e+00
  -0.0000000e+00
  -3.9220191e-02
  -4.7755577e-02
  -5.4207817e-02
  -5.7746645e-02
  -5.7533860e-02
  -4.6586923e-02
  -3.1670336e-02
  -1.9865716e-02
  -2.6489609e-02
   0.0000000e+00
  -4.1947044e-02
  -3.8810030e-02
  -3.9477319e-02
  -3.9527912e-02
  -3.7536655e-02
  -3.4152992e-02
  -3.2703578e-02
  -3.4745514e-02
  -3.9695300e-02
  -4.5303501e-02
  -5.0602116e-02
  -5.4627363e-02
  -5.5367857e-02
  -4.6156153e-02
  -1.9641418e-02
   0.0000000e+00
   0.0000000e+00
   0.0000000e+00
  -4.6178303e-02
  -5.4107517e-02
  -5.8705442e-02
  -4.9898077e-02
  -3.1088822e-02
   0.0000000e+00
   0.0000000e+00
   0.0000000e+00
  -0.0000000e+00
  -4.6450227e-02
  -5.7137702e-02
  -6.3335367e-02
  -6.3660845e-02
  -5.2954514e-02
  -3.1983070e-02
  -2.1175465e-02
  -2.2414510e-02
   0.0000000e+00
  -0.0000000e+00
  -2.9895859e-02
  -2.9810159e-02
  -3.0843161e-02
  -3.1412710e-02
  -3.1413212e-02
  -3.3909202e-02
  -3.9522234e-02
  -4.6969969e-02
  -5.4107290e-02
  -5.9786957e-02
  -6.2408816e-02
  -6.0063411e-02
  -4.2040229e-02
   0.0000000e+00
   0.0000000e+00
   0.0000000e+00
   0.0000000e+00
  -5.4223405e-02
  -6.2827066e-02
  -6.1946027e-02
  -4.2175028e-02
  -1.6676685e-02
   0.0000000e+00
   0.0000000e+00
  -0.0000000e+00
  -3.1190064e-02
  -4.0561549e-02
  -5.2315537e-02
  -5.9168331e-02
  -6.0283557e-02
  -5.1671460e-02
  -2.5003912e-02
  -1.4864054e-02
  -6.7651175e-03
  -0.0000000e+00
  -1.7681761e-02
  -1.8038962e-02
  -1.8761830e-02
  -2.1910807e-02
  -2.5407471e-02
  -2.9124502e-02
  -3.5381842e-02
  -4.4417065e-02
  -5.3949777e-02
  -6.0926709e-02
  -6.4173795e-02
  -6.2158540e-02
  -5.3761635e-02
  -3.6254031e-02
   0.0000000e+00
   0.0000000e+00
   0.0000000e+00
   0.0000000e+00
  -0.0000000e+00
  -6.2706813e-02
  -5.4658059e-02
  -2.8194241e-02
   3.8583343e-03
   0.0000000e+00
   0.0000000e+00
  -0.0000000e+00
  -2.5429693e-02
  -3.2469764e-02
  -4.1833315e-02
  -4.6593998e-02
  -4.6894770e-02
  -4.0238075e-02
   0.0000000e+00
  -6.4929543e-03
  -5.1357108e-04
  -2.0171678e-02
  -1.3327635e-02
  -1.3363861e-02
  -1.6334459e-02
  -1.9718936e-02
  -2.3257418e-02
  -2.7879110e-02
  -3.5080127e-02
  -4.4979773e-02
  -5.4724254e-02
  -5.9745539e-02
  -5.9389867e-02
  -5.1987890e-02
  -3.7075672e-02
  -1.8286682e-02
   0.0000000e+00
   0.0000000e+00
   0.0000000e+00
   0.0000000e+00
  -0.0000000e+00
  -5.2042663e-02
  -3.9934393e-02
  -1.5370235e-02
   3.4352136e-03
   0.0000000e+00
   0.0000000e+00
  -0.0000000e+00
  -2.4860423e-02
  -2.3318145e-02
  -2.7555356e-02
  -2.9214971e-02
  -2.9306503e-02
  -2.5792019e-02
   0.0000000e+00
  -3.1971914e-03
  -5.4920876e-03
  -1.7448350e-02
  -1.5096164e-02
  -2.0478288e-02
  -2.6212208e-02
  -2.9660167e-02
  -3.2058544e-02
  -3.4440134e-02
  -3.7697185e-02
  -4.2410042e-02
  -4.7377195e-02
  -4.9260437e-02
  -4.6158969e-02
  -3.5718493e-02
  -1.9334247e-02
  -5.8889925e-03
   0.0000000e+00
   0.0000000e+00
   0.0000000e+00
   0.0000000e+00
  -3.7037578e-02
  -3.5254747e-02
  -2.3928795e-02
  -5.2319425e-03
   4.6840929e-03
   0.0000000e+00
   0.0000000e+00
  -0.0000000e+00
  -1.8728718e-02
  -1.2778932e-02
  -1.1713864e-02
  -1.0765701e-02
  -1.1251967e-02
  -6.6559769e-03
   0.0000000e+00
  -0.0000000e+00
  -9.8954791e-03
  -1.7037134e-02
  -2.2415769e-02
  -3.1744871e-02
  -3.8609623e-02
  -4.2005962e-02
  -4.3266440e-02
  -4.2681097e-02
  -4.0965537e-02
  -3.9436187e-02
  -3.8536745e-02
  -3.7097342e-02
  -3.2248556e-02
  -2.1584886e-02
  -6.5211674e-03
   6.1526456e-03
   0.0000000e+00
   0.0000000e+00
   0.0000000e+00
  -0.0000000e+00
  -2.4597578e-02
  -1.6182195e-02
  -8.3750113e-03
   3.9965068e-03
   9.4738945e-03
   0.0000000e+00
   0.0000000e+00
  -0.0000000e+00
  -1.5382580e-02
  -5.1080569e-03
   9.9798746e-04
   5.2581763e-03
   3.2344766e-03
   4.9442451e-03
   0.0000000e+00
  -0.0000000e+00
  -1.3590450e-02
  -2.1146023e-02
  -2.9934587e-02
  -3.7612404e-02
  -4.2501933e-02
  -4.4829415e-02
  -4.5850428e-02
  -4.5222746e-02
  -4.2684066e-02
  -3.9086393e-02
  -3.5504564e-02
  -3.2390356e-02
  -2.6365081e-02
  -1.5291811e-02
  -1.2259375e-03
   5.7741860e-03
   0.0000000e+00
   0.0000000e+00
   0.0000000e+00
  -3.5846425e-02
  -1.2911360e-02
   8.1536362e-04
   7.5480856e-03
   1.4557352e-02
   1.3811849e-02
   0.0000000e+00
   0.0000000e+00
   0.0000000e+00
  -1.5671194e-02
  -2.4810528e-03
   9.7745366e-03
   1.9866557e-02
   1.1438105e-02
   0.0000000e+00
   7.3649077e-05
  -1.0008302e-02
  -1.7965043e-02
  -2.9813930e-02
  -4.0289804e-02
  -4.8805322e-02
  -5.4023456e-02
  -5.5658039e-02
  -5.5149507e-02
  -5.2186869e-02
  -4.6996731e-02
  -4.0028185e-02
  -3.2198332e-02
  -2.5890026e-02
  -1.9785197e-02
  -1.3265024e-02
  -5.8796317e-03
   2.1954486e-03
   0.0000000e+00
   0.0000000e+00
  -0.0000000e+00
  -3.9785221e-02
  -1.1181820e-02
   1.0479521e-02
   1.6127321e-02
   0.0000000e+00
   0.0000000e+00
   0.0000000e+00
   0.0000000e+00
   0.0000000e+00
  -0.0000000e+00
  -8.9902250e-04
   1.2787615e-02
   3.0867460e-02
   1.6903618e-02
   1.1985931e-02
  -0.0000000e+00
  -1.3365730e-02
  -3.0761418e-02
  -4.2224713e-02
  -5.6063145e-02
  -6.8099134e-02
  -7.6827265e-02
  -8.0606185e-02
  -8.0044597e-02
  -7.4682668e-02
  -6.5728858e-02
  -5.3905148e-02
  -3.9140642e-02
  -2.5140690e-02
  -1.6254008e-02
  -1.5447650e-02
  -1.8426672e-02
  -1.1592971e-02
   0.0000000e+00
   0.0000000e+00
  -6.0273029e-02
  -4.4617191e-02
  -1.6528618e-02
   1.1775700e-02
   0.0000000e+00
   0.0000000e+00
   0.0000000e+00
   0.0000000e+00
   0.0000000e+00
   0.0000000e+00
  -0.0000000e+00
   2.4768782e-03
   1.0231820e-02
   3.7914742e-02
   2.6619171e-02
   1.1985931e-02
  -0.0000000e+00
  -1.8371158e-02
  -4.0718523e-02
  -5.1907521e-02
  -6.6989638e-02
  -8.0919452e-02
  -9.2535429e-02
  -9.9498227e-02
  -1.0205352e-01
  -9.9670857e-02
  -9.2585914e-02
  -8.0280803e-02
  -6.0315076e-02
  -3.5943724e-02
  -1.6828697e-02
  -1.5230263e-02
  -2.6153032e-02
  -4.9854102e-02
  -7.6056518e-02
  -0.0000000e+00
  -6.2193764e-02
  -5.0997581e-02
  -2.7789705e-02
   2.0733224e-03
   0.0000000e+00
   0.0000000e+00
   0.0000000e+00
   0.0000000e+00
   0.0000000e+00
   0.0000000e+00
   0.0000000e+00
   1.0688637e-02
   1.5923941e-02
   0.0000000e+00
   3.8687584e-02
   0.0000000e+00
  -0.0000000e+00
  -3.6844036e-02
  -4.5880476e-02
  -5.3510014e-02
  -6.5368034e-02
  -7.8353398e-02
  -9.0079688e-02
  -9.7801000e-02
  -1.0178944e-01
  -1.0215205e-01
  -9.8555438e-02
  -8.9560255e-02
  -7.0040964e-02
  -4.0758990e-02
  -1.3118683e-02
  -9.8549819e-03
  -1.1573078e-02
  -0.0000000e+00
  -7.2342820e-02
  -5.9299469e-02
  -5.9204981e-02
  -5.5202451e-02
  -4.3551907e-02
  -1.8894726e-02
   0.0000000e+00
   0.0000000e+00
   0.0000000e+00
   0.0000000e+00
   0.0000000e+00
   0.0000000e+00
   0.0000000e+00
   2.8164220e-02
   3.0691690e-02
   0.0000000e+00
   0.0000000e+00
   0.0000000e+00
  -0.0000000e+00
  -4.9773879e-02
  -5.0089702e-02
  -5.1290628e-02
  -5.7141397e-02
  -6.7190766e-02
  -7.8059271e-02
  -8.5627310e-02
  -8.9576252e-02
  -9.0453818e-02
  -8.8191561e-02
  -8.1461094e-02
  -6.4296924e-02
  -3.5411853e-02
  -7.7074440e-03
  -2.4485270e-03
   0.0000000e+00
  -0.0000000e+00
  -5.8127288e-02
  -5.1010538e-02
  -5.1223163e-02
  -5.5122279e-02
  -5.7101429e-02
  -4.3148017e-02
   0.0000000e+00
   0.0000000e+00
   0.0000000e+00
   0.0000000e+00
   0.0000000e+00
   0.0000000e+00
   0.0000000e+00
   0.0000000e+00
   0.0000000e+00
   0.0000000e+00
   0.0000000e+00
   0.0000000e+00
  -0.0000000e+00
  -5.8360589e-02
  -5.1625978e-02
  -4.6237297e-02
  -4.5938458e-02
  -5.1285263e-02
  -5.9368044e-02
  -6.5868050e-02
  -6.9378018e-02
  -7.0493162e-02
  -6.9352083e-02
  -6.4808443e-02
  -5.0851513e-02
  -2.4557071e-02
  -1.3802580e-03
   0.0000000e+00
  -4.0794424e-02
  -4.9993827e-02
  -4.2277914e-02
  -3.9071351e-02
  -4.0381461e-02
  -4.8613355e-02
  -6.0910873e-02
  -6.0615450e-02
   0.0000000e+00
   0.0000000e+00
   0.0000000e+00
   0.0000000e+00
   0.0000000e+00
   0.0000000e+00
   0.0000000e+00
   0.0000000e+00
   0.0000000e+00
   0.0000000e+00
   0.0000000e+00
   0.0000000e+00
   0.0000000e+00
  -0.0000000e+00
  -4.0538613e-02
  -3.0394364e-02
  -2.9068524e-02
  -3.2131780e-02
  -3.6524247e-02
  -4.0437397e-02
  -4.2868380e-02
  -4.4407893e-02
  -4.5346078e-02
  -4.4159003e-02
  -3.3924539e-02
  -1.0734648e-02
   5.1397718e-03
   0.0000000e+00
  -2.9045539e-02
  -2.4231670e-02
  -2.4502216e-02
  -2.5081031e-02
  -2.7761459e-02
  -3.5755184e-02
  -4.9699992e-02
  -5.8356816e-02
   0.0000000e+00
   0.0000000e+00
   0.0000000e+00
   0.0000000e+00
   0.0000000e+00
   0.0000000e+00
   0.0000000e+00
   0.0000000e+00
   0.0000000e+00
   0.0000000e+00
   0.0000000e+00
   0.0000000e+00
   0.0000000e+00
  -0.0000000e+00
  -1.8014573e-02
  -3.0538139e-03
  -3.9277528e-03
  -8.7829689e-03
  -1.1914330e-02
  -1.3545269e-02
  -1.4895705e-02
  -1.6998706e-02
  -2.0164732e-02
  -2.2807669e-02
  -1.6378941e-02
   1.4854416e-03
   7.2257893e-03
   0.0000000e+00
  -0.0000000e+00
  -1.3483023e-02
  -5.1730643e-03
  -1.0166493e-02
  -1.4394508e-02
  -2.1115074e-02
  -3.2075290e-02
  -3.8165912e-02
   0.0000000e+00
   0.0000000e+00
   0.0000000e+00
   0.0000000e+00
   0.0000000e+00
   0.0000000e+00
   0.0000000e+00
   0.0000000e+00
   0.0000000e+00
   0.0000000e+00
   0.0000000e+00
   0.0000000e+00
   0.0000000e+00
   0.0000000e+00
   1.8157363e-02
   3.1776812e-02
   3.2954533e-02
   2.8742317e-02
   2.6964664e-02
   2.7466075e-02
   2.7379109e-02
   2.4566829e-02
   1.8795526e-02
   1.0621310e-02
   9.8903468e-03
   2.1857354e-02
   0.0000000e+00
   0.0000000e+00
   0.0000000e+00
   0.0000000e+00
   1.5964609e-02
   1.1491615e-02
   5.8882930e-03
  -4.1943646e-04
  -8.0540944e-03
  -1.3349216e-02
  -7.4904344e-03
   0.0000000e+00
   0.0000000e+00
   0.0000000e+00
   0.0000000e+00
   0.0000000e+00
   0.0000000e+00
   0.0000000e+00
   0.0000000e+00
   0.0000000e+00
   0.0000000e+00
   0.0000000e+00
   0.0000000e+00
   0.0000000e+00
   3.6754522e-02
   4.0953513e-02
   4.9972383e-02
   5.4642443e-02
   5.7557531e-02
   6.0784962e-02
   6.1638203e-02
   5.9332568e-02
   5.2963381e-02
   4.1123230e-02
   3.1177927e-02
   3.2802444e-02
   0.0000000e+00
   0.0000000e+00
   0.0000000e+00
   0.0000000e+00
   0.0000000e+00
   2.8562837e-02
   2.2049582e-02
   1.6600236e-02
   1.0893313e-02
   6.1254143e-03
   8.1440651e-03
   0.0000000e+00
   0.0000000e+00
   0.0000000e+00
   0.0000000e+00
   0.0000000e+00
   0.0000000e+00
   0.0000000e+00
   0.0000000e+00
   0.0000000e+00
   0.0000000e+00
   0.0000000e+00
   0.0000000e+00
   0.0000000e+00
   0.0000000e+00
   5.1662982e-02
   5.8462124e-02
   6.9134407e-02
   7.8341603e-02
   8.4043719e-02
   8.6053737e-02
   8.5901961e-02
   8.0413319e-02
   6.7021944e-02
   4.4264361e-02
   3.1645335e-02
   0.0000000e+00
   0.0000000e+00
   0.0000000e+00
   0.0000000e+00
   0.0000000e+00
   3.7893578e-02
   3.3638462e-02
   3.1382103e-02
   2.9641172e-02
   2.4761634e-02
   1.7697573e-02
   0.0000000e+00
   0.0000000e+00
   0.0000000e+00
   0.0000000e+00
   0.0000000e+00
   0.0000000e+00
   0.0000000e+00
   0.0000000e+00
   0.0000000e+00
   0.0000000e+00
   0.0000000e+00
   0.0000000e+00
   0.0000000e+00
   0.0000000e+00
   3.2661480e-02
   4.1154334e-02
   5.1995091e-02
   6.6054441e-02
   7.5591789e-02
   8.0916546e-02
   8.3742283e-02
   8.0156790e-02
   6.8579622e-02
   4.6177689e-02
   3.0585602e-02
   0.0000000e+00
   0.0000000e+00
   0.0000000e+00
   0.0000000e+00
   0.0000000e+00
   3.5672413e-02
   3.3318155e-02
   3.5586450e-02
   3.8852607e-02
   3.6298376e-02
   2.6177247e-02
   0.0000000e+00
   0.0000000e+00
   0.0000000e+00
   0.0000000e+00
   0.0000000e+00
   0.0000000e+00
   0.0000000e+00
   0.0000000e+00
   0.0000000e+00
   0.0000000e+00
   0.0000000e+00
   0.0000000e+00
   0.0000000e+00
   0.0000000e+00
   0.0000000e+00
   5.3799311e-03
   9.3830682e-03
   2.3940555e-02
   3.6665991e-02
   4.6745038e-02
   5.4510304e-02
   5.6821365e-02
   5.0463894e-02
   3.6561818e-02
   2.9788414e-02
   0.0000000e+00
   0.0000000e+00
   0.0000000e+00
   0.0000000e+00
   0.0000000e+00
   0.0000000e+00
   2.2611270e-02
   3.2465156e-02
   4.0171016e-02
   4.2023028e-02
   3.2582931e-02
   0.0000000e+00
   0.0000000e+00
   0.0000000e+00
   0.0000000e+00
   0.0000000e+00
   0.0000000e+00
   0.0000000e+00
   0.0000000e+00
   0.0000000e+00
   0.0000000e+00
   0.0000000e+00
   0.0000000e+00
   0.0000000e+00
   0.0000000e+00
  -0.0000000e+00
  -1.7639980e-02
  -1.7799746e-02
  -2.2410620e-02
  -1.2733660e-02
  -2.3582240e-04
   1.8277205e-02
   2.2890060e-02
   2.1336569e-02
   1.2995858e-02
   0.0000000e+00
   0.0000000e+00
   0.0000000e+00
   0.0000000e+00
   0.0000000e+00
   0.0000000e+00
   0.0000000e+00
   0.0000000e+00
   2.7561801e-02
   3.5889773e-02
   3.8346134e-02
   3.1505982e-02
   0.0000000e+00
   0.0000000e+00
   0.0000000e+00
   0.0000000e+00
   0.0000000e+00
   0.0000000e+00
   0.0000000e+00
   0.0000000e+00
   0.0000000e+00
   0.0000000e+00
   0.0000000e+00
   0.0000000e+00
   0.0000000e+00
   0.0000000e+00
  -0.0000000e+00
  -0.0000000e+00
   0.0000000e+00
  -4.5570875e-02
  -4.5594939e-02
  -3.2904087e-02
   0.0000000e+00
   0.0000000e+00
  -5.7290041e-03
  -7.6372781e-03
   0.0000000e+00
   0.0000000e+00
   0.0000000e+00
   0.0000000e+00
   0.0000000e+00
   0.0000000e+00
   0.0000000e+00
   0.0000000e+00
   1.4591010e-02
   1.1990900e-02
   1.0378647e-02
   4.9745728e-03
   5.7690475e-03
   0.0000000e+00
   0.0000000e+00
   0.0000000e+00
   0.0000000e+00
   0.0000000e+00
   0.0000000e+00
   0.0000000e+00
   0.0000000e+00
   0.0000000e+00
   0.0000000e+00
   0.0000000e+00
   0.0000000e+00
   0.0000000e+00
   0.0000000e+00
   0.0000000e+00
   0.0000000e+00
   0.0000000e+00
   0.0000000e+00
   0.0000000e+00
   0.0000000e+00
   0.0000000e+00
   0.0000000e+00
   0.0000000e+00
   0.0000000e+00
   0.0000000e+00
   0.0000000e+00
   0.0000000e+00
   0.0000000e+00
   0.0000000e+00
   0.0000000e+00
   0.0000000e+00
   0.0000000e+00
  -0.0000000e+00
  -2.7632035e-02
  -1.4859054e-02
  -2.3074692e-03
  -4.1726742e-03
   0.0000000e+00
  -0.0000000e+00
  -0.0000000e+00
   0.0000000e+00
   0.0000000e+00
   0.0000000e+00
   0.0000000e+00
   0.0000000e+00
   0.0000000e+00
  -0.0000000e+00
  -0.0000000e+00
  -0.0000000e+00
  -0.0000000e+00
  -0.0000000e+00
  -0.0000000e+00
  -0.0000000e+00
  -0.0000000e+00
  -0.0000000e+00
  -0.0000000e+00
  -0.0000000e+00
  -0.0000000e+00
  -0.0000000e+00
  -0.0000000e+00
   0.0000000e+00
  -0.0000000e+00
  -0.0000000e+00
  -0.0000000e+00
   0.0000000e+00
   0.0000000e+00
  -0.0000000e+00
  -0.0000000e+00
  -0.0000000e+00
  -0.0000000e+00
  -9.3197435e-03
  -1.4333823e-02
  -1.9586447e-02
  -1.9406664e-02
  -1.5366858e-02
  -1.2682055e-02
  -1.3434205e-02
  -1.4588030e-02
  -1.4685116e-02
  -1.4221379e-02
  -0.0000000e+00
  -0.0000000e+00
