  -4.2529142e-01
  -1.8752030e+00
  -2.7954221e+00
  -3.1150932e+00
  -4.1808410e+00
  -4.3034911e+00
  -3.1105161e+00
  -3.0043774e+00
  -3.4779534e+00
  -3.6678336e+00
  -3.5968432e+00
  -3.7276106e+00
  -3.6821141e+00
  -3.5612998e+00
  -3.4247043e+00
  -3.5553076e+00
  -3.7811251e+00
  -3.9369011e+00
  -3.6638150e+00
  -3.4154167e+00
  -3.4151707e+00
  -3.6623030e+00
  -4.1034627e+00
  -4.4094081e+00
  -4.0339975e+00
  -4.6709080e+00
  -6.5122223e+00
  -7.6569343e+00
  -6.9336905e+00
  -5.6806521e+00
  -4.6266718e+00
  -3.6965456e+00
  -3.8366816e+00
  -4.4101439e+00
  -3.2708225e+00
  -9.4826972e-01
  -2.0231147e+00
  -1.2852378e+00
  -6.3555646e-01
  -5.7697780e-02
   5.2503556e-01
   7.3466289e-01
   8.0577719e-01
   9.0878195e-01
   9.9673867e-01
   1.0296379e+00
   9.4774199e-01
   8.4247494e-01
   6.8368965e-01
   5.6374764e-01
   4.2112672e-01
   3.9168224e-01
   3.1026512e-01
   2.9523546e-01
   2.7962551e-01
   3.2115644e-01
   6.1351961e-01
   6.4049417e-01
   5.1687598e-01
   2.2043455e-01
  -1.5071175e-01
  -8.7075573e-01
  -2.4574990e+00
  -3.2342815e+00
  -3.8003614e+00
  -5.3766918e+00
  -6.4889469e+00
  -5.7630539e+00
  -3.9824662e+00
  -5.6045632e+00
  -6.9871955e+00
  -5.7119293e+00
   6.7269111e-01
   1.5482318e+00
   2.2055523e+00
   2.5323567e+00
   2.7832365e+00
   2.9716187e+00
   2.9518354e+00
   2.7775271e+00
   2.7357397e+00
   2.8244407e+00
   2.8601241e+00
   2.7210693e+00
   2.6591189e+00
   2.6757910e+00
   2.6345873e+00
   2.6100066e+00
   2.5743940e+00
   2.5691385e+00
   2.6655085e+00
   2.5370765e+00
   2.4774647e+00
   2.5632684e+00
   2.7232480e+00
   2.4219387e+00
   2.1061895e+00
   1.8829495e+00
   1.7870787e+00
   1.8234886e+00
   1.9607041e+00
   2.0344944e+00
   1.8266997e+00
   1.4466813e+00
   1.2667500e+00
   1.2313318e+00
   7.2220522e-01
   2.0171680e-01
   4.3226371e+00
   4.6732583e+00
   4.8199158e+00
   4.7114801e+00
   4.4710226e+00
   4.3311110e+00
   4.2121749e+00
   4.0550237e+00
   3.7551363e+00
   3.8142867e+00
   4.0025887e+00
   4.1104584e+00
   4.1064529e+00
   4.2501111e+00
   4.3605084e+00
   4.4034586e+00
   4.3610058e+00
   4.2933998e+00
   3.5373189e+00
   2.6172736e+00
   4.1531091e+00
   4.1251988e+00
   4.4042439e+00
   4.2439113e+00
   4.0362639e+00
   4.0126290e+00
   4.1009564e+00
   4.3280253e+00
   4.6406851e+00
   4.9442325e+00
   5.1708555e+00
   5.1919770e+00
   4.7421427e+00
   4.7545614e+00
   4.6500401e+00
   4.1970420e+00
   6.2309051e+00
   5.9778571e+00
   5.5705528e+00
   5.0406713e+00
   4.4203715e+00
   4.2686033e+00
   4.2517896e+00
   2.7747831e+00
   3.3990717e+00
   3.9748876e+00
   4.3191376e+00
   4.6442342e+00
   4.7403803e+00
   4.8817797e+00
   5.0271230e+00
   5.0909019e+00
   5.0664849e+00
   4.9799728e+00
   3.5197382e+00
   3.1003213e+00
   4.1278305e+00
   4.7662778e+00
   5.1962409e+00
   5.2834110e+00
   5.2879491e+00
   5.3960361e+00
   5.4845052e+00
   5.6167994e+00
   5.8185806e+00
   5.9997191e+00
   6.2706943e+00
   6.6326375e+00
   6.4352531e+00
   6.6421962e+00
   6.7242661e+00
   6.4242835e+00
   6.3024452e+00
   5.2657245e+00
   4.4791014e+00
   2.7262038e+00
   1.8385514e+00
   3.1256010e+00
   3.4667711e+00
   2.6124939e+00
   3.4743237e+00
   3.9091222e+00
   4.1283391e+00
   4.3631790e+00
   4.4726692e+00
   4.5845359e+00
   4.7396281e+00
   4.8876172e+00
   4.9320129e+00
   4.8520787e+00
   3.5314373e+00
   2.5221809e+00
   2.9595448e+00
   4.0542255e+00
   4.7825587e+00
   5.2674158e+00
   5.5344951e+00
   5.7652162e+00
   5.8111504e+00
   5.6302545e+00
   5.3429721e+00
   5.1530002e+00
   5.4446751e+00
   6.1220926e+00
   6.4946593e+00
   6.9941319e+00
   7.1675572e+00
   6.9225439e+00
   4.7976542e+00
   1.7647747e+00
   2.0461650e+00
   1.3150064e+00
   1.1248957e+00
   1.7573353e+00
   2.2514949e+00
   2.8671260e+00
   3.2816839e+00
   3.3393059e+00
   3.4682488e+00
   3.4923973e+00
   3.5277922e+00
   3.6505220e+00
   3.8648188e+00
   4.1261778e+00
   4.2995763e+00
   4.1724343e+00
   3.0729964e+00
   1.7515082e+00
   1.2290051e+00
   2.4918542e+00
   3.4825494e+00
   4.3735681e+00
   4.9175782e+00
   5.2498808e+00
   5.0844092e+00
   4.1537786e+00
   3.1742194e+00
   3.0619152e+00
   3.3712924e+00
   4.3269405e+00
   5.2790499e+00
   6.0200214e+00
   6.2838497e+00
   5.9668798e+00
   2.6628963e+00
   7.0652354e-01
   7.4621487e-01
   8.9016147e-01
   6.2016749e-01
   8.8541669e-01
   1.1098573e+00
   1.6469867e+00
   2.1281898e+00
   2.2280962e+00
   2.1915159e+00
   2.0733202e+00
   2.0715127e+00
   2.2228765e+00
   2.5074952e+00
   2.7990910e+00
   3.0056899e+00
   2.8361518e+00
   1.7658196e+00
   7.9112154e-01
  -3.1208962e-01
   2.9243034e-01
   1.5572333e+00
   2.7926624e+00
   3.4816151e+00
   3.7363274e+00
   3.0573258e+00
   1.3754363e+00
   1.2406414e+00
   1.2006943e+00
   1.3085523e+00
   2.1079464e+00
   3.1485434e+00
   3.8392270e+00
   4.0977836e+00
   3.7317641e+00
   9.3074578e-01
   1.5385553e-01
  -2.5244343e-01
   1.3259917e-01
   8.9093849e-02
   2.6610067e-01
   3.4948978e-01
   5.4789352e-01
   7.9430503e-01
   8.3644044e-01
   7.7783066e-01
   6.8787283e-01
   6.9844759e-01
   8.6995858e-01
   1.1471001e+00
   1.3900542e+00
   1.5149695e+00
   1.3047531e+00
   5.6108314e-01
   2.8388619e-01
  -8.9217204e-01
  -9.9852467e-01
  -3.2620668e-02
   1.1943563e+00
   1.7600973e+00
   1.7763059e+00
   7.0124042e-01
  -2.5057778e-01
   6.8346411e-02
  -5.5746269e-01
  -5.2588600e-01
   5.3209350e-02
   8.5728413e-01
   1.4243945e+00
   1.6687531e+00
   1.3583152e+00
  -7.4810761e-01
  -3.6194363e-01
  -1.4281135e+00
  -1.1045023e+00
  -3.9982146e-01
  -9.1477549e-01
  -1.1913024e+00
  -1.2887554e+00
  -1.1873840e+00
  -1.0740978e+00
  -9.9089688e-01
  -9.1609430e-01
  -8.5599202e-01
  -7.7360827e-01
  -6.9736403e-01
  -6.1504066e-01
  -6.3071585e-01
  -7.9986948e-01
  -3.9581966e-01
   3.1992036e-01
  -8.7946463e-01
  -1.3458068e+00
  -1.4164522e+00
  -7.3296767e-01
  -6.0647774e-01
  -9.5898664e-01
  -1.9375747e+00
  -6.6838849e-01
  -2.2942382e-01
  -1.6749680e+00
  -2.2787642e+00
  -2.0067255e+00
  -1.7360058e+00
  -1.4710990e+00
  -1.3997071e+00
  -1.5105748e+00
  -1.9916618e+00
  -6.5817475e-01
  -1.5742146e+00
  -1.6892469e+00
  -1.7049710e+00
  -2.4223137e+00
  -2.6083870e+00
  -2.7007272e+00
  -2.5730295e+00
  -2.3690388e+00
  -2.1291330e+00
  -1.9148974e+00
  -1.8711205e+00
  -1.9538769e+00
  -2.1182554e+00
  -2.2336648e+00
  -2.3798892e+00
  -2.4501426e+00
  -8.9953685e-01
   6.8105727e-01
  -8.8536161e-01
  -1.0540166e+00
  -2.1590292e+00
  -2.1873662e+00
  -2.4625108e+00
  -2.9633901e+00
  -3.1260996e+00
  -6.7692673e-01
  -8.3957231e-01
  -2.0681479e+00
  -2.0468671e+00
  -3.1879683e+00
  -3.3602705e+00
  -3.4307518e+00
  -3.5465717e+00
  -3.3827949e+00
  -3.1057069e+00
  -1.4209430e+00
  -1.1297145e+00
  -1.4922396e+00
  -3.0041749e+00
  -3.5533743e+00
  -3.4958735e+00
  -3.5764360e+00
  -3.4545951e+00
  -3.2192144e+00
  -2.9247231e+00
  -2.7541690e+00
  -2.8709927e+00
  -3.1781752e+00
  -3.5482669e+00
  -3.8469212e+00
  -4.0682020e+00
  -3.9279914e+00
  -1.5620412e+00
   5.8646953e-01
  -5.3432083e-01
  -8.8387537e-01
  -2.8551819e+00
  -3.6712699e+00
  -4.1946640e+00
  -4.4714875e+00
  -3.0206990e+00
  -1.7008698e-01
  -1.0437263e+00
  -1.5151000e+00
  -1.9205056e+00
  -3.9326220e+00
  -4.5420470e+00
  -4.9306450e+00
  -5.1421280e+00
  -4.7107205e+00
  -3.6583068e+00
  -2.0874119e+00
  -1.2737393e+00
  -1.3859943e+00
  -3.0334876e+00
  -3.4895146e+00
  -3.3749774e+00
  -3.4796989e+00
  -3.4989495e+00
  -3.3879588e+00
  -3.2844105e+00
  -3.3897665e+00
  -3.7297077e+00
  -4.2192292e+00
  -4.6942425e+00
  -5.0532403e+00
  -5.2049360e+00
  -4.8485074e+00
  -2.6940258e+00
   2.8756431e-01
  -2.8595924e-01
  -9.4224972e-01
  -3.0806706e+00
  -4.8410096e+00
  -5.2751918e+00
  -5.0104704e+00
  -2.5217950e+00
   1.7468868e-01
  -9.0683347e-01
  -1.0410279e+00
  -1.1618942e+00
  -3.6223736e+00
  -4.8841624e+00
  -5.4343371e+00
  -5.6690674e+00
  -5.1778398e+00
  -3.5683787e+00
  -2.1840749e+00
  -1.7035475e+00
  -9.4797653e-01
  -1.6642401e+00
  -2.6982079e+00
  -2.5981660e+00
  -2.7527120e+00
  -2.9857023e+00
  -3.1488621e+00
  -3.3958127e+00
  -3.8400002e+00
  -4.3677897e+00
  -4.9285536e+00
  -5.4305291e+00
  -5.7350655e+00
  -5.7117348e+00
  -5.0087323e+00
  -1.7149725e+00
   4.3482397e-02
  -3.9934340e-01
  -1.2597550e+00
  -4.0457687e+00
  -5.4913592e+00
  -5.6839304e+00
  -4.7966480e+00
  -1.3711302e+00
   4.2041942e-01
  -7.1511894e-01
  -1.1854843e+00
  -1.0046530e+00
  -3.0574427e+00
  -4.4763460e+00
  -5.0974569e+00
  -5.3613706e+00
  -4.9196763e+00
  -2.7630737e+00
  -1.7150290e+00
  -1.0484991e+00
  -7.7488579e-02
  -1.0468962e+00
  -1.7584985e+00
  -1.7459195e+00
  -2.0068536e+00
  -2.4321713e+00
  -2.8440511e+00
  -3.3854370e+00
  -4.1352310e+00
  -4.8272271e+00
  -5.3832316e+00
  -5.7594819e+00
  -5.8485570e+00
  -5.5012388e+00
  -4.3453779e+00
  -4.4467118e-01
  -2.4805912e-01
  -6.2614024e-01
  -1.3101178e+00
  -3.9718492e+00
  -5.5871267e+00
  -5.4409833e+00
  -3.9854727e+00
  -3.3263111e-01
   7.6481438e-01
  -5.9025836e-01
  -1.7738181e+00
  -2.5576961e+00
  -2.7507763e+00
  -3.5503943e+00
  -4.0552387e+00
  -4.2156391e+00
  -3.7847753e+00
  -1.1117523e+00
  -6.5041518e-01
  -6.1422324e-01
  -5.5119658e-01
  -1.7435158e+00
  -1.5512698e+00
  -1.9026238e+00
  -2.2718651e+00
  -2.6142397e+00
  -2.9609263e+00
  -3.4593475e+00
  -4.2269645e+00
  -4.9313827e+00
  -5.3655529e+00
  -5.4698620e+00
  -5.2221270e+00
  -4.4661012e+00
  -2.5109131e+00
  -1.8148595e-01
  -4.7771916e-01
  -8.4465051e-01
  -1.0990573e+00
  -2.6752737e+00
  -5.0493937e+00
  -4.6367235e+00
  -2.9458716e+00
   3.2407254e-02
   1.0882142e+00
  -5.4554540e-01
  -2.9256086e+00
  -2.9645247e+00
  -2.0995488e+00
  -2.3687060e+00
  -2.5788567e+00
  -2.5912845e+00
  -2.3118899e+00
   7.7303916e-02
  -1.4064176e-01
  -7.0723796e-01
  -1.4938567e+00
  -2.0443597e+00
  -2.4099538e+00
  -3.1817856e+00
  -3.6332636e+00
  -3.8670893e+00
  -4.0250955e+00
  -4.2318492e+00
  -4.6004739e+00
  -4.9835396e+00
  -5.1787100e+00
  -4.9979124e+00
  -4.3350716e+00
  -3.1060209e+00
  -7.6861584e-01
   1.8476066e-01
  -5.5319637e-01
  -1.0248462e+00
  -1.2365577e+00
  -2.9995527e+00
  -3.8823180e+00
  -3.4463511e+00
  -1.8087687e+00
   5.6513113e-01
   1.0911964e+00
  -3.4005773e-01
  -3.9015923e+00
  -2.8534853e+00
  -1.4691057e+00
  -1.1954596e+00
  -1.0471091e+00
  -9.6556860e-01
  -6.6289914e-01
   5.3156703e-01
   9.9634740e-02
  -1.0282334e+00
  -2.1512501e+00
  -2.7081300e+00
  -3.8138442e+00
  -4.7508811e+00
  -5.2378510e+00
  -5.4459484e+00
  -5.4737194e+00
  -5.3950446e+00
  -5.2670177e+00
  -5.1699708e+00
  -5.0421570e+00
  -4.6247124e+00
  -3.6600531e+00
  -2.0038371e+00
   4.5567322e-01
   5.0863314e-01
  -5.1413214e-01
  -1.2164041e+00
  -1.8980917e+00
  -3.5375314e+00
  -2.2707455e+00
  -1.8011046e+00
  -3.0896338e-01
   1.4525062e+00
   1.1795937e+00
   4.0933939e-02
  -3.5617290e+00
  -2.7486657e+00
  -1.0907689e+00
  -2.7138144e-01
   3.5321935e-01
   5.0282031e-01
   7.7020374e-01
   4.1826482e-01
   2.8681360e-02
  -1.8907142e+00
  -2.5636484e+00
  -3.4712263e+00
  -4.5215163e+00
  -5.1481160e+00
  -5.4869388e+00
  -5.6707266e+00
  -5.7268508e+00
  -5.6432903e+00
  -5.3860596e+00
  -5.0390576e+00
  -4.6747598e+00
  -4.0875130e+00
  -3.0289673e+00
  -1.3490002e+00
   7.5180188e-01
   2.6378774e-01
  -4.9962485e-01
  -2.1715536e+00
  -3.5106187e+00
  -2.9982024e+00
  -5.4802471e-01
   5.8929669e-01
   1.6158805e+00
   2.5628735e+00
   1.0522041e+00
   7.4837132e-02
  -3.2870782e+00
  -2.6048364e+00
  -7.7301588e-01
   4.2894469e-01
   1.8653485e+00
   1.7256127e+00
   8.6317392e-01
   3.8690192e-01
  -1.7995563e-01
  -1.6296698e+00
  -2.8984616e+00
  -4.1101718e+00
  -4.9793429e+00
  -5.4396195e+00
  -5.6333122e+00
  -5.6545849e+00
  -5.5397296e+00
  -5.2784815e+00
  -4.8054423e+00
  -4.1689758e+00
  -3.4940400e+00
  -2.8120422e+00
  -2.0981939e+00
  -1.2640673e+00
   1.6359141e-01
   3.1153828e-01
  -8.8186669e-01
  -3.7502544e+00
  -4.9183178e+00
  -2.6323938e+00
   1.9530994e-01
   2.0307539e+00
   1.1044883e+00
   1.8251245e+00
   5.3192282e-01
  -1.2123163e-01
  -2.4608221e+00
  -1.6223378e+00
  -3.8354963e-01
   8.5673380e-01
   2.7139850e+00
   2.3958607e+00
   1.1541393e+00
   2.2687542e-01
  -7.1618325e-01
  -1.1432260e+00
  -3.3957803e+00
  -4.9075265e+00
  -5.8978572e+00
  -6.4701796e+00
  -6.7463980e+00
  -6.7662129e+00
  -6.5312843e+00
  -6.0437794e+00
  -5.1973352e+00
  -4.0928226e+00
  -2.9171562e+00
  -1.9672227e+00
  -1.6869062e+00
  -1.9498369e+00
  -1.4773321e+00
  -3.2137951e-01
  -2.0737510e+00
  -5.5963521e+00
  -5.0235863e+00
  -2.6481185e+00
   2.7305043e-01
   1.8390927e+00
   5.2552420e-01
   3.3403394e-01
   8.2971334e-02
  -2.2745693e-01
  -8.8334608e-01
  -3.9687541e-01
   5.1240075e-02
   1.1142482e+00
   2.3594797e+00
   2.5207779e+00
   1.4875159e+00
   3.9772641e-02
  -1.0423253e+00
  -1.4809449e+00
  -3.9676793e+00
  -5.4231391e+00
  -6.5203590e+00
  -7.1959000e+00
  -7.5873489e+00
  -7.7532454e+00
  -7.6936250e+00
  -7.4087420e+00
  -6.7251396e+00
  -5.5234842e+00
  -3.8898270e+00
  -2.3063104e+00
  -1.8097159e+00
  -2.5094256e+00
  -3.7185988e+00
  -3.5444715e+00
  -4.6757898e+00
  -5.9533162e+00
  -4.8542037e+00
  -3.1663482e+00
  -5.1754850e-01
   8.8722038e-01
   1.2897038e-01
  -1.9444056e-01
  -2.0038034e-01
  -4.6033049e-01
  -4.8727855e-01
  -4.8704991e-01
   2.1603656e-01
   1.5585831e+00
   1.9226313e+00
   2.3394628e+00
   1.5701687e+00
  -2.0116729e-01
  -1.9901359e+00
  -2.7322073e+00
  -4.2063651e+00
  -5.2930250e+00
  -6.3536301e+00
  -7.0587564e+00
  -7.4746490e+00
  -7.6773853e+00
  -7.7126966e+00
  -7.5784950e+00
  -7.1149549e+00
  -6.1283851e+00
  -4.4722061e+00
  -2.4548573e+00
  -1.3563474e+00
  -6.8306464e-01
  -2.9501057e+00
  -6.2485981e+00
  -5.8006525e+00
  -5.2704778e+00
  -4.8489046e+00
  -4.0483718e+00
  -2.1412508e+00
  -8.9311317e-02
  -5.4760128e-01
  -7.4676180e-01
  -1.0375419e+00
  -1.3143064e+00
  -4.5991516e-01
  -6.3124144e-01
   6.5790409e-01
   2.4002690e+00
   1.7232834e+00
   1.8563765e+00
   1.0265889e+00
  -3.6836886e-01
  -2.7560859e+00
  -3.4492679e+00
  -4.0457883e+00
  -4.7191029e+00
  -5.5982990e+00
  -6.3321562e+00
  -6.8095856e+00
  -7.0360422e+00
  -7.0979810e+00
  -7.0290127e+00
  -6.6849380e+00
  -5.8366265e+00
  -4.2400799e+00
  -1.9621559e+00
  -2.7459446e-01
  -6.4793754e-01
  -3.6600800e+00
  -5.2632914e+00
  -4.8254356e+00
  -4.6710415e+00
  -4.6639733e+00
  -4.6720629e+00
  -3.7308931e+00
  -1.6866815e+00
  -1.5935767e+00
  -1.3643537e+00
  -2.2574620e+00
  -2.3871830e+00
  -8.5420823e-01
  -6.8994176e-01
   1.0710865e+00
   2.9615374e+00
   1.3997558e+00
   7.8632414e-01
   4.4511372e-01
  -5.1446229e-01
  -2.4836047e+00
  -3.4509878e+00
  -3.6739330e+00
  -3.8221214e+00
  -4.3224087e+00
  -4.9623704e+00
  -5.4916091e+00
  -5.7760434e+00
  -5.8798909e+00
  -5.9069309e+00
  -5.7265849e+00
  -5.0557384e+00
  -3.5070004e+00
  -9.4707960e-01
   3.3349466e-01
  -2.3242657e+00
  -4.5147200e+00
  -3.8307931e+00
  -3.7917755e+00
  -3.7267673e+00
  -4.0419426e+00
  -4.6196461e+00
  -4.7085276e+00
  -3.4673920e+00
  -2.4048939e+00
  -1.8884180e+00
  -2.4894640e+00
  -2.2966287e+00
  -1.4387873e+00
  -8.6418581e-01
   7.5722545e-01
   2.7818401e+00
   1.5716804e+00
   4.4519892e-01
   5.1469439e-01
  -4.3714035e-01
  -1.1716381e+00
  -3.0313408e+00
  -2.5917203e+00
  -2.3786376e+00
  -2.6333787e+00
  -3.0596044e+00
  -3.4665251e+00
  -3.7549777e+00
  -3.8994143e+00
  -4.0535483e+00
  -4.0998068e+00
  -3.6722314e+00
  -2.2165320e+00
   2.7475965e-01
   3.7066463e-01
  -1.7685174e+00
  -2.4037948e+00
  -1.9335091e+00
  -2.3083041e+00
  -2.4918635e+00
  -2.9017003e+00
  -3.6617699e+00
  -4.4316707e+00
  -3.2249112e+00
  -1.7754835e+00
  -1.3580450e+00
  -1.7948182e+00
  -1.3793293e+00
  -9.1322106e-01
   4.5267367e-01
   3.4243524e-01
   1.1826780e+00
   1.0455289e+00
   1.7471538e+00
   3.9259353e-01
  -8.0428320e-01
  -6.7164785e-01
  -1.7970597e+00
  -8.9929575e-01
  -4.8215201e-01
  -8.2050598e-01
  -1.1749227e+00
  -1.4029084e+00
  -1.5809835e+00
  -1.7222520e+00
  -1.9416407e+00
  -2.1979170e+00
  -2.0221760e+00
  -7.0634121e-01
   1.0038023e+00
   3.1272963e-01
  -8.3109254e-01
  -1.1562184e-01
  -2.5004524e-01
  -6.9678646e-01
  -1.2045667e+00
  -1.6072388e+00
  -2.2768602e+00
  -3.1211433e+00
  -2.3717082e+00
  -7.8411657e-01
  -9.7697169e-01
  -9.5640391e-01
  -6.8088531e-01
  -1.4520076e-01
   7.4368441e-01
   2.7702552e-01
   5.6753564e-01
   7.9649645e-01
   2.3221517e+00
   2.9191160e-01
  -8.4021842e-01
  -4.7424674e-01
  -1.7801979e-01
   1.1862007e+00
   1.5048125e+00
   1.2543781e+00
   1.0641557e+00
   1.0424734e+00
   1.0516807e+00
   9.7312015e-01
   7.5682104e-01
   3.5050952e-01
   1.9187626e-01
   1.3079354e+00
   1.7485713e+00
   5.1808345e-01
   1.6453905e-02
   6.1815232e-01
   8.7432742e-01
   1.0263963e+00
   4.3968424e-01
   3.7822414e-02
  -4.4550437e-01
  -1.0583524e+00
  -8.4903711e-01
   2.8393432e-01
  -2.6854092e-01
   2.2617677e-01
   1.2547302e+00
   1.4344853e+00
   5.9752929e-01
   6.1640549e-01
   2.1117428e-01
   6.9970012e-01
   1.4043726e+00
  -6.4264047e-01
  -2.5352925e-01
  -1.1509315e-01
   9.3325245e-01
   1.5265153e+00
   2.1056459e+00
   2.2823098e+00
   2.4513022e+00
   2.6324966e+00
   2.7530947e+00
   2.7491001e+00
   2.5946906e+00
   2.1877468e+00
   1.7905332e+00
   2.4015913e+00
   1.1265142e+00
   5.2791118e-01
   2.4878818e-01
   6.2135720e-01
   9.1918309e-01
   1.9548492e+00
   1.5424194e+00
   1.1691470e+00
   8.3211380e-01
   4.2399079e-01
   5.5667418e-01
   7.3196125e-01
   7.2097975e-01
   1.4107252e+00
   1.4485706e+00
   7.8186488e-01
   7.2846774e-01
  -8.8155165e-02
   3.8810968e-01
   4.7940707e-01
   1.6754204e-01
  -4.6647602e-01
   1.2356417e+00
   6.3738835e-01
   9.5053583e-01
   1.4005483e+00
   2.2421570e+00
   2.8891377e+00
   3.3673310e+00
   3.7466922e+00
   3.9605665e+00
   4.0351005e+00
   3.9800267e+00
   3.6663241e+00
   3.0446966e+00
   1.9877977e+00
   6.3468432e-01
   6.2013644e-01
   1.2156538e-01
   5.1486748e-01
   8.6050928e-01
   2.1386197e+00
   2.2552338e+00
   1.9694527e+00
   1.8616458e+00
   1.6733472e+00
   1.2664660e+00
   3.3799690e-01
   1.3927037e+00
   7.5070995e-01
  -6.9029659e-02
   6.8919219e-02
   1.1644438e-01
  -1.6842253e+00
  -3.6855587e-01
   4.9275658e-01
  -4.1985951e-02
   7.1182489e-01
   1.6258930e+00
   9.5946854e-01
   6.2206781e-01
   9.0913563e-01
   1.7742093e+00
   2.2937074e+00
   2.9181548e+00
   3.4652240e+00
   3.8489187e+00
   4.1199241e+00
   4.1988568e+00
   3.9677567e+00
   3.3570003e+00
   1.7630751e+00
   5.3693199e-01
   3.6895405e-01
   2.3821367e-02
   3.8162884e-01
   7.2628161e-01
   1.2176058e+00
   1.8864141e+00
   2.0382352e+00
   2.1426346e+00
   2.2062736e+00
   1.5737808e+00
   9.4189614e-01
   5.1721382e-01
   3.6035922e-02
  -1.3718916e-01
  -2.7917671e-01
  -7.9537073e-02
  -1.4392380e+00
  -4.9439532e-01
   3.0652852e-01
   4.0793020e-01
   7.1752316e-01
   8.3845055e-01
   6.2212728e-01
   4.6240610e-01
   4.2533815e-01
   3.7924008e-01
   6.2620072e-01
   1.1030551e+00
   1.7442268e+00
   2.3456230e+00
   2.8349464e+00
   3.1788114e+00
   3.1559361e+00
   2.7536397e+00
   1.6084968e+00
   3.8646723e-01
   2.0877856e-01
   2.9650226e-02
   3.9173250e-01
   5.6012201e-01
   4.9474540e-01
   8.9972920e-01
   1.5160049e+00
   1.9477379e+00
   2.2143376e+00
   1.9221705e+00
   9.5717276e-01
   2.4385680e-01
   1.5933643e-01
  -6.1969224e-02
  -2.8456512e-01
  -3.5064951e-01
  -1.4692892e-02
   4.6500051e-02
   2.5528300e-01
   2.1990313e-01
   1.0191523e+00
   6.6220127e-01
   4.3398696e-01
   4.6824239e-02
   9.3557706e-02
  -2.4939115e-01
  -7.3273861e-01
  -6.7904536e-01
  -6.0578811e-01
  -1.4869940e-02
   5.8113751e-01
   1.2207769e+00
   1.5364782e+00
   1.3283968e+00
  -1.2431905e-02
   1.7910582e-01
   2.0106267e-02
   1.2190186e-01
   4.4073939e-01
   3.6838662e-01
   2.1369895e-01
   4.6053708e-01
   9.7677320e-01
   1.5455569e+00
   1.8290442e+00
   1.6272640e+00
   4.1343072e-01
   2.1319726e-01
   2.5531743e-01
   2.1324825e-01
   2.7194542e-01
   3.5722827e-01
   5.4526770e-01
   9.3259406e-01
   1.0816891e+00
   7.1405303e-01
   9.2138040e-01
   5.7947916e-01
   8.2534164e-01
   7.8868616e-01
   2.3786503e-01
  -9.0555549e-01
  -6.8948472e-01
  -1.2384325e+00
  -1.9375416e+00
  -1.7103273e+00
  -5.2844298e-01
  -2.6128295e-01
  -5.4563457e-01
  -8.1914705e-01
  -2.1280487e-01
  -8.3758064e-02
  -1.8885036e-01
   2.3734544e-01
   2.7184805e-01
   1.0434612e-01
   1.1022310e-01
   3.3628619e-01
   2.0420885e-01
   5.9798348e-01
   4.0612048e-01
   2.7665064e-01
   1.4702480e-01
  -7.0198015e-03
   1.5815669e-01
   1.3240810e-01
   2.5849482e-01
   3.2616115e-01
   4.4846857e-01
   4.1836590e-01
   3.5094556e-01
   3.9908233e-01
   6.1056918e-01
   3.4348946e-01
   4.2455745e-01
  -1.3775083e-01
  -1.0573026e-01
   4.6183002e-01
   1.0414590e-01
  -3.6235760e-01
  -2.1379627e-01
  -3.4887740e-01
  -3.2572486e-01
  -7.8039378e-01
  -6.4034694e-01
  -4.2738850e-01
  -1.9941522e-01
  -4.1619819e-01
  -1.4740394e-02
   1.5556206e-01
   4.5633741e-02
  -8.0163998e-02
   1.3353306e-01
   1.4091839e-01
  -5.8744292e-01
  -6.3863230e-01
  -7.6679343e-01
  -1.0050827e+00
  -4.4430053e-01
  -1.3616717e-01
  -9.2093352e-02
  -6.0374059e-02
   8.1714474e-02
   1.0538792e-01
   8.2952492e-02
   9.7834893e-02
   5.8893230e-02
  -1.7641889e-01
   1.7204931e-01
  -3.0279329e-01
  -3.1080490e-01
  -3.4256858e-01
  -2.5864419e-01
  -2.6072240e-01
  -2.5443080e-01
  -2.6277089e-01
  -3.2020929e-01
  -5.3498352e-01
  -7.8022206e-01
  -9.1421521e-01
  -8.3405292e-01
  -6.6019648e-01
  -4.2272419e-01
  -3.5249397e-02
   1.6186394e-01
   9.4132572e-02
   4.2866252e-02
   2.2993337e-01
   9.5598377e-02
  -5.7131720e-01
  -4.3585628e-01
   7.3507321e-01
   1.2707838e+00
   3.2449150e-01
  -3.8735020e-01
  -7.9797053e-01
  -8.6221427e-01
  -6.1037457e-01
  -6.1062115e-01
  -6.3580370e-01
  -5.9580964e-01
  -6.0328901e-01
  -5.6700158e-01
  -5.7538760e-01
  -4.1849402e-01
