  4.129778e-01
  3.373977e-01
  3.250251e-01
  3.164299e-01
  3.145869e-01
  3.077255e-01
  2.916558e-01
  2.804893e-01
  2.772281e-01
  2.734145e-01
  2.627116e-01
  2.486213e-01
  2.416903e-01
  2.305772e-01
  2.381148e-01
  2.558888e-01
  2.581039e-01
  2.389396e-01
  2.325934e-01
  2.433557e-01
  2.454753e-01
  2.386678e-01
  2.351453e-01
  2.300430e-01
  2.294914e-01
  2.313408e-01
  2.393535e-01
  2.486640e-01
  2.662307e-01
  2.827182e-01
  3.071784e-01
  3.356436e-01
  3.550530e-01
  3.702458e-01
  4.027357e-01
  5.497360e-01
