   9.4763708e+00
   6.9168520e+00
   4.6037965e+00
   3.1218102e+00
   2.5397103e+00
   2.8793135e+00
   3.1737840e+00
   3.0266221e+00
   2.5688879e+00
   2.3897512e+00
   2.1327553e+00
   1.8350260e+00
   1.8813434e+00
   1.9317338e+00
   1.7367164e+00
   1.5039068e+00
   1.3897821e+00
   1.5838794e+00
   1.4891658e+00
   1.1619564e+00
   1.0229539e+00
   8.1713915e-01
   4.7397876e-01
   6.0893297e-01
   5.4438882e-02
  -2.6451883e+00
  -5.4227471e+00
  -4.6377425e+00
  -2.1863551e+00
  -8.0394733e-01
   7.9564703e-01
   2.7773173e+00
   3.1428809e+00
   1.8752575e+00
   3.8340311e+00
   8.9942083e+00
   4.3586912e+00
   2.1050925e+00
   9.1417265e-01
   3.5564798e-01
   1.3436581e-01
   9.3875334e-02
   2.0348524e-01
   3.1977654e-01
   3.4673068e-01
   4.0587705e-01
   4.0567604e-01
   4.5407525e-01
   3.6009511e-01
   3.0257499e-01
   2.3928046e-01
   2.6743022e-01
   1.8054923e-01
   3.9252900e-02
  -8.7188855e-02
  -2.2372311e-01
  -4.3594413e-02
   1.8038467e-01
   3.2319123e-01
   4.0333489e-01
   3.2775158e-01
  -3.9331712e-02
  -1.2276105e-01
   8.9847153e-01
   6.0881114e-01
   4.7921917e-01
   8.0810642e-01
   4.1082554e+00
   3.7368076e+00
   1.2687041e+00
   1.3684453e+00
   4.0357361e+00
  -2.9200971e-01
  -8.3133900e-01
  -1.1877807e+00
  -1.2054362e+00
  -9.6509624e-01
  -5.8734834e-01
  -2.5426990e-01
  -2.2308362e-01
  -2.1002971e-01
  -4.6132423e-02
   1.2421496e-01
   9.4083063e-02
  -1.1029889e-01
  -2.9003510e-01
  -3.5759002e-01
  -3.6425766e-01
  -4.4408959e-01
  -6.0327160e-01
  -7.8326583e-01
  -7.6972407e-01
  -4.3976337e-01
  -3.3227786e-01
   1.1071648e-01
   3.3371449e-01
   2.9727462e-01
   1.7599729e-01
   5.5275373e-03
  -1.6422746e-01
  -2.3507902e-01
  -7.3738597e-02
   2.3735045e-01
   6.7262489e-01
   9.2686200e-01
   1.0080417e+00
   7.3762804e-01
   1.3086139e-01
  -2.0601494e+00
  -2.4287848e+00
  -2.2845831e+00
  -1.8690732e+00
  -1.3641773e+00
  -8.4684497e-01
  -5.1600015e-01
  -5.3762543e-01
  -3.2204741e-01
  -2.0127641e-01
  -1.9872345e-01
  -3.9432836e-01
  -7.6750726e-01
  -9.1149032e-01
  -9.1488802e-01
  -8.9660430e-01
  -9.2284000e-01
  -1.0649250e+00
  -1.5136412e+00
  -1.2882220e+00
  -1.0907015e+00
  -9.2929047e-01
  -1.5350015e-01
   1.0937309e-01
  -3.1361181e-02
  -2.9205576e-01
  -6.4223790e-01
  -9.9853438e-01
  -1.1101798e+00
  -9.2792118e-01
  -5.0040013e-01
   2.7376128e-02
   1.8552282e-01
   3.1662863e-01
   7.7062681e-02
  -1.1567791e+00
  -2.7288568e+00
  -2.6563921e+00
  -2.2294831e+00
  -1.7016526e+00
  -1.0977862e+00
  -5.8215040e-01
  -3.6805561e-01
  -7.8102171e-01
  -3.0339652e-01
  -2.7493739e-01
  -4.4249192e-01
  -7.8832555e-01
  -1.1869576e+00
  -1.2329096e+00
  -1.1305915e+00
  -1.0309964e+00
  -9.8634142e-01
  -1.1109945e+00
  -1.6257570e+00
  -1.1684108e+00
  -1.5053767e+00
  -1.0870768e+00
  -3.3194417e-01
  -1.2508538e-01
  -3.7007162e-01
  -6.5800816e-01
  -1.1002026e+00
  -1.5185902e+00
  -1.5967691e+00
  -1.3880284e+00
  -8.9687502e-01
  -2.1890058e-01
  -5.6028336e-02
   1.1049110e-01
  -4.9401265e-01
  -1.9863086e+00
  -2.1906455e+00
  -1.9451370e+00
  -1.3697027e+00
  -9.9357867e-01
  -6.6163371e-01
  -1.9610890e-01
  -9.6359078e-02
  -3.1204559e-01
  -5.1977268e-01
  -4.3980720e-01
  -6.1513302e-01
  -9.7471326e-01
  -1.1772733e+00
  -1.1245119e+00
  -9.9142468e-01
  -8.6549757e-01
  -8.0716925e-01
  -8.8071113e-01
  -1.1811316e+00
  -1.0038549e+00
  -1.5236150e+00
  -9.4346165e-01
  -3.3263837e-01
  -2.1455310e-01
  -4.6846592e-01
  -7.2663753e-01
  -1.1747411e+00
  -1.4869825e+00
  -1.4445903e+00
  -1.1717821e+00
  -7.3095092e-01
  -7.4203779e-02
   8.6152141e-02
  -5.3362689e-02
  -1.0894331e+00
  -2.1299356e+00
  -7.0030642e-01
  -9.4453400e-01
  -4.1934222e-01
  -3.0170593e-01
  -2.8622526e-01
   5.0364990e-02
   2.0476232e-01
   2.4002138e-01
  -5.4561492e-02
  -4.4365829e-01
  -6.4174724e-01
  -8.5971761e-01
  -8.8579404e-01
  -8.2926041e-01
  -7.3404026e-01
  -6.3203686e-01
  -5.3358978e-01
  -4.4168544e-01
  -1.8540494e-01
  -5.0019044e-01
  -1.2197220e+00
  -8.6224049e-01
  -3.3977824e-01
  -2.4555288e-01
  -4.0123314e-01
  -6.2744504e-01
  -8.3327210e-01
  -6.6096407e-01
  -5.3269196e-01
  -4.0135878e-01
  -1.6766833e-01
   2.5166222e-01
   1.2990813e-01
  -4.2735830e-01
  -1.2184955e+00
  -1.4784675e+00
   1.2426614e+00
  -1.1435761e-01
  -3.1759837e-01
   2.7011367e-01
  -1.7011188e-02
   3.3169618e-01
   2.0054447e-01
   9.1755807e-02
  -1.5886427e-01
  -3.8089524e-01
  -4.1678613e-01
  -4.8807234e-01
  -5.5443465e-01
  -5.7883322e-01
  -5.5187583e-01
  -4.2613358e-01
  -2.1719919e-01
   2.4684027e-01
   1.2876651e+00
  -1.6555095e-01
  -4.6154702e-01
  -8.9511712e-01
  -6.0243458e-01
  -3.9947748e-01
  -3.6300005e-01
  -3.3681619e-01
   2.7795413e-01
   9.7564501e-01
  -2.3653936e-02
  -3.6537957e-01
  -2.4414873e-01
  -1.3329619e-01
  -3.1143776e-01
  -5.6101631e-01
  -7.0738858e-01
  -2.6123762e-01
   2.5963945e+00
   3.9134070e-01
  -8.2723908e-02
   6.2055898e-01
   2.3311920e-01
   1.9557160e-01
  -2.1797763e-03
  -3.1709604e-02
  -6.1246011e-02
  -7.6144218e-02
  -3.4280531e-02
  -1.4671160e-01
  -3.3074251e-01
  -4.5143563e-01
  -4.5950845e-01
  -2.7418604e-01
   6.1057523e-02
   9.4882786e-01
   2.6537831e+00
  -8.8871241e-02
  -1.3723730e-01
  -8.2903761e-01
  -9.1310436e-01
  -5.0642818e-01
  -2.3055974e-01
   2.0852008e-01
   1.8609157e+00
   2.3177669e+00
  -5.3586676e-03
  -3.7359765e-01
  -2.0738010e-01
  -3.5646781e-01
  -2.7963474e-01
  -1.9228330e-01
  -3.1645015e-02
   8.4206468e-01
   3.4802477e+00
   1.1295865e+00
   2.2690593e-01
   9.1464704e-01
   1.5580897e-01
   3.9218819e-01
   3.5291502e-01
   3.4900486e-01
   4.0346918e-01
   4.6463519e-01
   4.6557415e-01
   1.8973030e-01
  -1.5120877e-01
  -3.6404410e-01
  -3.1469443e-01
  -1.7506786e-02
   5.0199628e-01
   1.8356364e+00
   3.9026227e+00
  -2.6376557e-01
  -3.5712293e-01
  -7.4182349e-01
  -1.5432661e+00
  -5.1491481e-01
   1.3838075e-01
   1.2045548e+00
   3.9847777e+00
   2.4189389e+00
  -4.7246781e-01
  -3.9805833e-02
   2.4086276e-02
  -2.9933694e-01
   1.6533582e-01
   4.2349967e-01
   8.3156890e-01
   2.0146818e+00
   3.6250162e+00
   1.8899480e+00
   4.6440703e-01
   7.9021418e-01
   4.9268132e-01
   1.0830097e+00
   8.9925462e-01
   7.8622460e-01
   7.8245711e-01
   8.2239437e-01
   7.1330690e-01
   2.9332003e-01
  -1.0972116e-01
  -2.9048818e-01
  -1.4129263e-01
   2.6205423e-01
   9.4717854e-01
   2.4574754e+00
   4.2151213e+00
  -4.6373087e-01
  -4.6382278e-01
  -3.2337973e-01
  -1.7770126e+00
  -3.4763393e-01
   5.8027518e-01
   2.1179595e+00
   5.3104825e+00
   1.7077396e+00
  -2.7191582e-01
   5.0125146e-01
   1.0946657e-01
  -1.2116492e-02
   5.3927761e-01
   8.9568210e-01
   1.5013179e+00
   2.6783202e+00
   3.5019495e+00
   2.5109093e+00
   7.0531774e-01
   5.4551363e-01
   9.8365223e-01
   1.5527431e+00
   1.2624660e+00
   1.0632852e+00
   9.8512352e-01
   9.6894640e-01
   7.1949625e-01
   2.3905040e-01
  -1.0156726e-01
  -1.5328854e-01
   1.3631733e-01
   6.5529698e-01
   1.5005585e+00
   3.0240219e+00
   4.0637093e+00
   6.1158683e-02
  -5.9002024e-01
  -3.6570057e-01
  -1.4474175e+00
   8.2419969e-02
   1.2414926e+00
   3.0735230e+00
   5.6523452e+00
   1.0393754e+00
  -2.1027793e-01
   3.0317104e-01
   1.1127813e-02
   3.7015545e-01
   9.2430043e-01
   1.4210849e+00
   2.1530392e+00
   3.0873294e+00
   3.3337195e+00
   2.6985683e+00
   1.0341084e+00
   8.1165421e-01
   1.0377098e+00
   1.5295351e+00
   1.2164602e+00
   9.5157111e-01
   8.5360098e-01
   7.8828609e-01
   4.9764079e-01
   1.1146087e-01
  -6.0046997e-02
   6.9290563e-02
   4.9493200e-01
   1.1176407e+00
   2.0693481e+00
   3.6018214e+00
   3.5240610e+00
  -1.7825232e-01
  -6.4708346e-01
  -3.6257955e-01
  -4.4552365e-01
   7.1845865e-01
   1.9769968e+00
   3.7876182e+00
   5.5508056e+00
   7.1299523e-01
  -2.8383577e-01
   1.4463687e-01
   8.5799843e-02
   9.3353885e-01
   1.2782574e+00
   1.8555853e+00
   2.5773261e+00
   3.2264333e+00
   3.1061482e+00
   2.6791813e+00
   1.5568228e+00
   1.0394212e+00
   6.4457500e-01
   1.1253576e+00
   7.4952078e-01
   4.7319794e-01
   4.4743350e-01
   4.2295450e-01
   2.3508030e-01
   2.7071809e-02
   7.1048446e-02
   3.5801452e-01
   8.9954329e-01
   1.6228018e+00
   2.6611316e+00
   4.1245031e+00
   2.4022820e+00
  -3.8326240e-01
  -4.6433395e-01
  -7.9605818e-02
   2.4967740e-01
   1.4150331e+00
   2.6557555e+00
   4.2292142e+00
   4.9823475e+00
   3.2634628e-01
  -2.2301343e-01
  -7.6223060e-02
  -4.2275050e-01
   1.3054934e+00
   1.5258768e+00
   2.1225107e+00
   2.7601473e+00
   3.1757786e+00
   2.4236560e+00
   2.2609558e+00
   1.2364156e+00
   1.8952213e-01
   6.1589003e-01
   3.0885819e-01
  -1.1502483e-01
  -2.6607725e-01
  -1.5306105e-01
  -5.3983081e-02
  -6.0162388e-02
  -1.2214611e-02
   2.6657286e-01
   7.3626173e-01
   1.4032218e+00
   2.1738145e+00
   3.1709914e+00
   4.3723459e+00
   1.0975289e+00
  -2.4791320e-01
  -1.7141104e-01
   1.9395386e-01
   1.1656870e+00
   2.2183659e+00
   3.2424839e+00
   4.3456511e+00
   4.1025805e+00
   5.6612980e-01
   1.0477132e-01
  -3.0816242e-01
  -6.1147913e-02
   1.7542007e+00
   1.7047806e+00
   2.2555847e+00
   2.6886427e+00
   2.6696191e+00
   1.7528909e+00
   1.1466522e+00
   2.6077452e-01
  -2.0017493e-01
   7.4068385e-01
  -6.3434917e-01
  -9.4632828e-01
  -1.0818614e+00
  -1.0503606e+00
  -9.2379498e-01
  -7.5787592e-01
  -4.0706205e-01
   1.8779209e-01
   9.1717505e-01
   1.6942652e+00
   2.4744372e+00
   3.3157265e+00
   3.8233500e+00
   4.4899774e-01
  -1.2020557e-01
  -9.3109064e-02
   1.1460571e-01
   1.0654038e+00
   2.9362600e+00
   3.5584242e+00
   4.1445894e+00
   3.1057980e+00
   5.5216187e-01
   2.5944486e-01
  -4.7438618e-02
   1.0753869e-01
   1.5386891e+00
   1.6710187e+00
   2.1492822e+00
   2.4067776e+00
   2.1263793e+00
   8.6226553e-01
   5.9721118e-01
  -2.9410949e-01
  -1.2167226e-01
   2.8679058e-02
  -1.2093960e+00
  -1.5870022e+00
  -1.8630766e+00
  -2.0158634e+00
  -1.9950366e+00
  -1.7814066e+00
  -1.2217439e+00
  -3.8877067e-01
   5.1052493e-01
   1.3826491e+00
   2.2211461e+00
   2.9775701e+00
   2.7877471e+00
   1.5695852e-01
  -1.3883051e-01
  -1.4030674e-01
  -2.8325984e-01
   1.0973480e+00
   3.1090167e+00
   3.4172606e+00
   3.5796201e+00
   2.0632808e+00
   3.1669134e-01
   1.2678561e-01
   3.8476968e-01
   3.4153700e-02
   9.0696186e-01
   1.2904648e+00
   1.7862054e+00
   2.0258074e+00
   1.6010100e+00
   3.6915775e-01
   1.2880182e-01
  -4.9370968e-01
  -1.2786192e-01
  -4.5290810e-01
  -1.0645927e+00
  -1.3209792e+00
  -1.5749850e+00
  -1.7756485e+00
  -1.8275964e+00
  -1.6758222e+00
  -1.1922097e+00
  -4.9274606e-01
   2.4463698e-01
   9.2467047e-01
   1.5472769e+00
   2.1875915e+00
   1.9287689e+00
   4.9021465e-02
  -1.9695408e-01
  -4.5159928e-01
  -7.4651298e-01
   1.3948830e+00
   2.6105108e+00
   2.8649429e+00
   2.7788683e+00
   1.2265701e+00
   1.5489816e-01
  -2.5279720e-02
   1.0683536e+00
   3.1247561e-01
   2.3900306e-01
   7.5467917e-01
   1.3883837e+00
   1.6988560e+00
   9.8745376e-01
   6.2676392e-02
   1.0086730e-02
  -7.0180691e-02
  -2.5793913e-01
  -2.3481006e-01
  -1.8504069e-01
  -1.4951853e-01
  -1.7175589e-01
  -2.3381494e-01
  -2.5744042e-01
  -1.3459618e-01
   2.7329567e-01
   9.5210922e-01
   1.7226135e+00
   2.2392232e+00
   2.2418308e+00
   1.6990819e+00
   6.2260531e-01
   2.8176895e-02
  -3.9055978e-01
  -1.3734968e+00
  -1.1002709e+00
   1.2054225e+00
   1.9118444e+00
   2.1736719e+00
   2.0666699e+00
   9.3091644e-01
  -6.7676313e-02
  -3.4415044e-01
   1.4221072e+00
   8.1530359e-01
   2.8514263e-02
   2.8435772e-01
   9.5159007e-01
   1.5425354e+00
   4.0704779e-01
  -1.0511522e-01
   1.1162050e-01
   8.4273927e-02
  -4.3778661e-01
  -6.4117843e-01
  -8.4701514e-01
  -9.8347425e-01
  -1.0548826e+00
  -1.0574589e+00
  -9.5715523e-01
  -6.8863690e-01
  -1.5775818e-01
   5.9836072e-01
   1.4531254e+00
   1.9102763e+00
   1.4595640e+00
   2.7073187e-01
  -6.1640346e-01
  -7.8727350e-02
  -8.3161074e-01
  -2.0436699e+00
  -1.2724698e+00
  -2.3735540e-01
   2.0735870e-01
   1.2013012e+00
   1.0858568e+00
   9.9889272e-01
  -1.0491435e-01
  -3.6901984e-01
   1.2632636e+00
   1.1323835e+00
  -1.9812763e-01
  -4.7592869e-01
   7.9874706e-01
   1.8034928e+00
   1.0082848e-01
  -4.8485421e-02
   3.9054835e-01
   3.5159554e-02
  -3.8601935e-01
  -9.2605722e-01
  -1.4404588e+00
  -1.8633555e+00
  -2.2005162e+00
  -2.4431696e+00
  -2.5264554e+00
  -2.4385304e+00
  -2.1013145e+00
  -1.5303696e+00
  -7.5526726e-01
   3.2425992e-02
   9.0739734e-02
  -6.6301835e-01
  -1.4492736e+00
  -6.1978835e-01
  -1.1518197e+00
  -1.8063240e+00
  -1.4383049e+00
  -1.6631429e+00
  -1.4151225e+00
   5.8814532e-01
   5.6373012e-01
   5.3262794e-01
  -1.7163906e-01
  -4.1825163e-01
   3.9293540e-01
   1.2589072e+00
   1.0237496e-01
  -1.0819116e+00
   5.2072901e-01
   2.6606443e+00
   4.5846549e-01
  -1.6586508e-01
   6.5072644e-01
  -1.2152342e-01
  -1.9182441e-01
  -7.8304762e-01
  -1.3601215e+00
  -1.8716457e+00
  -2.3110774e+00
  -2.6910295e+00
  -2.9868424e+00
  -3.2310135e+00
  -3.3963490e+00
  -3.3172596e+00
  -2.8458705e+00
  -1.8068640e+00
  -7.8019083e-01
  -7.5106949e-01
  -1.7699944e+00
  -1.8132113e+00
  -1.4318874e+00
  -1.4165144e+00
  -1.7484181e+00
  -2.5331481e+00
  -2.7715054e+00
  -1.8996416e-01
   2.0818682e-01
   1.1922054e-01
  -3.6121306e-01
  -7.9585105e-01
   1.1589520e-01
   1.0458864e+00
   3.0729350e-01
  -1.3049622e+00
  -3.7484506e-01
   2.7131276e+00
   8.9375269e-01
  -1.6831581e-01
   3.7300903e-01
  -9.3798146e-02
  -1.0352892e-01
  -4.0976939e-01
  -8.4357309e-01
  -1.3338879e+00
  -1.7929540e+00
  -2.1943491e+00
  -2.5163696e+00
  -2.8533306e+00
  -3.2741532e+00
  -3.6431618e+00
  -3.6507156e+00
  -2.8205259e+00
  -1.1063770e+00
  -3.0441481e-01
  -1.0926135e+00
  -8.9860678e-01
  -4.5576540e-01
  -1.0315479e+00
  -1.7241760e+00
  -2.8504796e+00
  -3.8518689e+00
  -1.0725259e+00
  -2.2868586e-01
  -2.2729093e-01
  -7.9277921e-01
  -1.3510323e+00
  -3.6509603e-01
   8.1445897e-01
   1.0437132e+00
  -1.2368571e+00
  -3.7153822e-01
   1.9268465e+00
   1.1113161e+00
   6.0180828e-02
  -5.6021560e-02
  -2.2236772e-01
  -2.9298171e-01
  -2.0534179e-01
  -3.3709180e-01
  -7.2890621e-01
  -1.2190106e+00
  -1.6610489e+00
  -1.9770383e+00
  -2.2814157e+00
  -2.7158079e+00
  -3.2765760e+00
  -3.6789141e+00
  -3.1907144e+00
  -1.0912743e+00
  -5.4889995e-01
  -5.1229739e-01
  -7.6870525e-01
  -4.8819244e-01
  -7.7800792e-01
  -1.3975356e+00
  -2.6581831e+00
  -4.3158755e+00
  -2.1604195e+00
  -9.4895709e-01
  -5.3082830e-01
  -1.1908065e+00
  -1.9361086e+00
  -1.0836804e+00
   2.9110599e-01
   1.3616148e+00
  -5.9347206e-01
  -2.4884056e-01
   6.6583383e-01
   1.0258087e+00
   2.2188537e-01
  -5.6171834e-01
  -4.3450591e-01
  -5.6693447e-01
  -2.8857100e-01
  -2.9678218e-02
  -1.2453909e-01
  -5.4183924e-01
  -1.0366898e+00
  -1.3925928e+00
  -1.7049400e+00
  -2.1604915e+00
  -2.8796294e+00
  -3.6649098e+00
  -3.4233539e+00
  -9.5561826e-01
  -1.2363367e-01
  -3.1217711e-02
  -1.5730841e-01
  -3.9447734e-01
  -4.9281248e-01
  -9.4115454e-01
  -2.0566452e+00
  -4.0859113e+00
  -3.1378734e+00
  -1.6326734e+00
  -7.1329331e-01
  -1.2599887e+00
  -2.2818892e+00
  -2.0164135e+00
  -9.0297568e-01
   3.9946651e-01
  -3.7103003e-01
   1.3138928e-01
   3.2882151e-01
   1.8559104e+00
   6.4937592e-01
  -5.8458203e-01
  -8.5402703e-01
  -5.8281469e-01
  -3.1096911e-01
   9.0291053e-02
   2.5005916e-01
   6.3577414e-02
  -3.8402891e-01
  -7.6039779e-01
  -1.1072459e+00
  -1.6433477e+00
  -2.5754981e+00
  -3.7392478e+00
  -3.4734082e+00
  -3.5630679e-01
   1.0158008e+00
  -9.9867582e-02
   1.7210251e-01
  -8.5491836e-02
  -2.2540033e-01
  -4.5440167e-01
  -1.2350926e+00
  -3.1802714e+00
  -3.4810514e+00
  -1.9003179e+00
  -4.5337081e-01
  -7.1883726e-01
  -2.0248585e+00
  -1.7312987e+00
  -1.4497499e+00
  -6.4696938e-01
  -1.1480194e+00
   1.9524166e-01
   1.2500005e+00
   2.2663736e+00
   4.0704536e-01
  -1.3151164e-01
  -1.2186505e+00
  -6.0861737e-01
  -2.8120037e-02
   3.7739733e-01
   4.9551159e-01
   4.2646319e-01
   1.1917245e-01
  -2.2718138e-01
  -5.5885744e-01
  -1.1503295e+00
  -2.2911823e+00
  -3.7692418e+00
  -2.7856922e+00
   1.9563568e-01
   1.4383583e+00
   3.2301694e-01
   4.6580267e-01
   3.4109399e-01
   5.9996448e-02
  -6.4246200e-02
  -5.3389108e-01
  -2.0861645e+00
  -3.4190724e+00
  -1.4764000e+00
  -3.2867199e-01
  -5.2757502e-01
  -1.8031902e+00
  -1.4071290e+00
  -1.4787965e+00
  -1.3730370e+00
  -1.8842856e+00
   1.4229019e-01
   1.3755528e+00
   1.2807859e+00
   7.7365451e-02
   7.9361692e-02
  -1.2239715e+00
  -9.7223693e-01
  -5.4586757e-02
   6.4108133e-01
   7.6936722e-01
   7.3746127e-01
   6.2531793e-01
   3.8526666e-01
   1.3403338e-01
  -4.2211497e-01
  -1.7690516e+00
  -3.6343009e+00
  -1.4575393e+00
   3.7860045e-01
   9.1481322e-01
   5.9541637e-01
   6.9628954e-01
   6.4059144e-01
   4.1470307e-01
   3.3908948e-01
   1.2691313e-01
  -1.0573292e+00
  -2.7756596e+00
  -7.1057367e-01
  -5.4960436e-01
  -7.1242082e-01
  -1.3787715e+00
  -7.0765412e-01
  -5.3155226e-01
  -5.7758409e-01
  -1.9184893e+00
  -3.0300796e-01
   5.9680775e-02
  -6.0526425e-01
  -3.0819921e-02
   1.4046814e-01
  -8.5534030e-01
  -7.6119360e-01
  -4.0037924e-01
   5.0772250e-01
   8.0251404e-01
   8.3671647e-01
   8.5977161e-01
   7.5142458e-01
   6.0785025e-01
   1.8514055e-01
  -1.1659742e+00
  -3.2966206e+00
  -3.5254571e-01
   2.1193409e-01
   6.0018027e-01
   5.2091068e-01
   5.5978005e-01
   8.0270714e-01
   6.0011673e-01
   5.7096969e-01
   4.6202067e-01
  -4.3507159e-01
  -2.2592654e+00
  -3.8486612e-01
  -3.6327147e-01
  -7.6222482e-01
  -3.8158029e-01
  -1.1336495e-01
   5.5190026e-01
  -1.9510470e-01
  -1.1760597e+00
  -2.4240981e-01
  -9.4991624e-01
  -7.9009360e-01
  -2.6642684e-02
  -1.0318480e-01
  -5.4996753e-01
  -7.6039809e-01
  -3.5346964e-01
   4.4589740e-01
   8.6024410e-01
   9.7191387e-01
   1.0422187e+00
   1.0260816e+00
   9.8612809e-01
   7.7857721e-01
  -3.0201295e-01
  -2.0089281e+00
   2.0163600e-01
   2.3274554e-01
   6.8860821e-02
   2.1633628e-01
   2.3889495e-01
   7.5254178e-01
   7.0877004e-01
   7.2907382e-01
   6.6219115e-01
   5.7540134e-02
  -1.4980813e+00
  -3.6559859e-01
  -7.4919951e-01
  -1.8516658e-01
  -1.5899140e-01
   1.5321988e-01
   7.3586978e-02
  -3.9566928e-01
  -7.0304739e-01
  -4.7981909e-01
  -6.3181841e-01
  -1.3426104e-01
  -2.0148463e-01
  -2.5631890e-01
  -2.3349623e-01
  -1.0111839e+00
  -8.4062237e-01
   5.4706898e-02
   5.4995990e-01
   8.0705267e-01
   9.7050112e-01
   1.0505636e+00
   1.1284497e+00
   1.1335605e+00
   4.9368942e-01
  -5.9098512e-01
   2.1838577e-01
  -1.4715924e-01
  -3.3871990e-01
  -2.0441028e-01
   1.2422827e-02
   2.4481754e-01
   7.3318571e-01
   7.2987923e-01
   6.3341612e-01
   2.8820467e-01
  -6.6406484e-01
   5.9258007e-03
  -4.2514831e-01
  -1.1344202e-01
  -1.6798945e-01
  -2.8152287e-01
   3.8838668e-01
  -9.2512012e-02
  -7.0691329e-01
   3.0963675e-01
  -5.5858994e-01
  -3.7175196e-01
  -3.6168820e-01
  -4.3130339e-01
  -4.1662795e-01
  -7.9295373e-01
  -1.5362776e+00
  -7.8410235e-01
  -3.2249555e-01
   7.2437106e-02
   3.5387992e-01
   5.5650717e-01
   8.4890606e-01
   1.2191590e+00
   1.0185168e+00
   2.5974253e-01
   4.3413130e-01
  -1.4383562e-01
  -4.1464544e-01
  -4.1147948e-01
  -1.7813212e-01
  -6.2197384e-03
   1.2569898e-01
   4.1545323e-01
   4.0586026e-01
   3.2583173e-01
  -9.0106152e-02
  -1.5939611e-01
   1.8981779e-01
  -1.0321587e-01
  -8.8623975e-02
  -3.9485724e-01
  -8.2575060e-02
   3.7565036e-01
  -9.9766004e-02
   1.3974467e-01
   1.6324417e-01
   4.6167197e-02
  -2.1164487e-01
  -6.2075579e-01
  -8.1431729e-01
  -1.0743857e+00
  -1.7936057e+00
  -1.1003969e+00
  -1.2893281e+00
  -1.0595102e+00
  -7.8935617e-01
  -4.8124075e-01
   7.9855435e-03
   9.1625172e-01
   1.2419140e+00
   7.8755176e-01
   3.7054601e-01
  -1.3264947e-01
  -2.8929868e-01
  -4.0611187e-01
  -2.6697089e-01
  -5.3135820e-02
  -5.1333451e-01
  -2.5131075e-01
   7.4888244e-02
   2.3562226e-01
   2.2465378e-01
   2.5639868e-01
   7.9715505e-02
   7.6278885e-02
   1.2127669e-01
   1.0535318e-01
   2.2474570e-01
   4.6490222e-01
   5.2044272e-01
   6.8349056e-01
   1.0332559e+00
   5.1606095e-01
   2.3936599e-01
   1.8776079e-01
  -2.5289220e-01
  -4.3562603e-01
  -1.3450825e+00
  -1.0731829e+00
  -1.3661501e+00
  -2.1125138e+00
  -2.0045257e+00
  -1.0355923e+00
  -5.2511847e-01
   2.1425890e-02
   6.3526225e-01
   3.4968573e-01
   1.2461699e-01
  -7.4668318e-02
  -4.8427430e-01
  -4.5142314e-01
  -1.9400494e-01
  -1.9986264e-01
  -1.1312507e+00
  -9.4240797e-01
  -4.8703456e-01
   8.5137337e-03
   3.7621256e-02
   2.3206429e-01
   4.5830992e-01
  -1.4113922e-01
   6.3394770e-02
   1.0319389e-01
   1.3456929e-01
   2.3038317e-01
   2.1943928e-01
   4.5521191e-01
   6.6167992e-01
   5.5826938e-01
   3.0863541e-01
   3.1262144e-02
   4.8553386e-01
   4.2907921e-01
   9.5987841e-03
  -2.0344225e-01
  -1.0315484e-01
  -9.5335323e-01
  -1.3635108e+00
  -1.0533267e+00
  -4.0629089e-01
  -2.0527926e-01
   6.7980401e-02
   7.5992690e-03
  -8.1521429e-02
  -2.5970155e-01
  -4.7895259e-01
  -5.7595456e-01
  -3.4100323e-01
  -3.3101290e-01
  -9.8758435e-01
   2.8051078e-01
  -1.0548676e+00
  -1.2729112e+00
  -1.0895219e+00
  -1.0936741e+00
  -1.4514099e-01
   3.6049627e-01
  -1.0016482e-01
  -2.7847967e-01
  -1.6716769e-01
  -4.5527477e-02
  -5.9257112e-02
   2.0012374e-02
   5.9857696e-01
   6.1268079e-01
   2.1704783e-01
   2.5920662e-01
   4.9076861e-01
   5.1841438e-01
   3.5325280e-01
   2.4822029e-01
   1.6375214e-01
  -3.3788872e-03
  -3.1265405e-01
  -4.7015569e-01
  -3.6392349e-01
  -4.8638797e-01
  -7.3461825e-01
  -5.5650300e-01
  -4.9797308e-01
  -5.9918666e-01
  -5.2491051e-01
  -5.7224119e-01
  -7.9235286e-01
  -6.0808152e-01
   3.0838692e-01
   1.1243807e+00
   8.0544925e-01
  -5.4893827e-01
  -1.0658544e+00
  -1.0588795e+00
  -9.2540252e-01
  -4.1166598e-01
  -2.8198799e-01
  -4.8972026e-01
  -4.7777542e-01
  -4.0436837e-01
  -3.2653633e-01
  -2.2635561e-01
   5.6956928e-02
   2.9873648e-01
