   5.7594889e-01   4.8544043e-01   6.5093839e-01   6.9967353e-01   4.9888736e-01   4.0156206e-01   4.2168671e-01   5.6305307e-01   8.4614921e-01   1.0987927e+00   1.1543821e+00   1.1670253e+00   1.1913395e+00   9.4773275e-01   6.5077001e-01   6.6535741e-01   5.4099202e-01   6.0465908e-01   1.0157096e+00   1.0490680e+00   1.0401825e+00   1.5659603e+00   1.4484153e+00   1.6368452e+00   1.3081291e+00   1.1930190e+00   1.2600013e+00   1.0410731e+00   8.4134245e-01   8.2084757e-01   8.1364143e-01   7.4102724e-01   7.0721567e-01   6.3618511e-01   6.4052618e-01   7.3020005e-01
   4.9853224e-01   4.6368062e-01   6.6207427e-01   8.6462195e-01   6.8303859e-01   4.1001680e-01   6.5968577e-01   1.0771043e+00   1.4608089e+00   1.1420829e+00   9.0110821e-01   7.5333488e-01   6.5167562e-01   4.7897404e-01   4.4010040e-01   3.5894974e-01   5.2360666e-01   6.1551762e-01   4.8406106e-01   6.1393124e-01   1.1552445e+00   8.6062195e-01   1.6250101e+00   1.8092322e+00   1.5617046e+00   1.2167808e+00   9.8334593e-01   5.9889983e-01   2.6518252e-01   3.4344018e-01   2.5804204e-01   1.6285898e-01   1.6260180e-01   2.2585953e-01   6.6198790e-01   7.0004475e-01
   6.4468008e-01   9.1012657e-01   1.0225958e+00   1.0076175e+00   1.6824578e+00   1.2979387e+00   1.8692856e+00   2.8955052e+00   2.6427631e+00   1.1719732e+00   6.7677343e-01   1.0946869e+00   1.2991391e+00   5.3134912e-01   2.2545142e-01   2.7010527e-01   5.6534594e-01   5.3982830e-01   2.6155820e-01   3.2592431e-01   1.2062393e+00   1.1820375e+00   1.0325141e+00   8.6172372e-01   7.1244389e-01   5.2629083e-01   5.3039271e-01   2.5715220e-01   2.1767300e-01   2.8845394e-01   3.5930344e-01   5.1410210e-01   4.8083931e-01   5.8054078e-01   7.8737086e-01   8.8994879e-01
   7.3071705e-01   7.9589504e-01   8.7130046e-01   1.1035104e+00   1.8391929e+00   1.3502791e+00   1.4905111e+00   1.3724054e+00   1.1429732e+00   1.1004385e+00   1.3502200e+00   1.8174667e+00   1.9393170e+00   9.4542283e-01   4.7302714e-01   2.1263529e-01   3.2986295e-01   6.0051620e-01   4.7179127e-01   2.9271138e-01   7.3316121e-01   1.0705757e+00   1.5542428e+00   1.8463147e+00   1.6552454e+00   5.4702526e-01   2.3297180e-01   2.8030084e-01   2.4846108e-01   2.9936504e-01   4.3754539e-01   7.3152024e-01   1.0971975e+00   1.3106193e+00   1.2811632e+00   1.1150080e+00
   9.4036418e-01   7.8920188e-01   6.3976352e-01   9.5162624e-01   1.6891206e+00   1.2632637e+00   1.4098498e+00   1.8210484e+00   2.3897509e+00   2.8963387e+00   3.2944380e+00   3.3890544e+00   2.9549274e+00   1.7257438e+00   6.5571604e-01   3.8726372e-01   4.2096297e-01   5.7646816e-01   6.0255271e-01   5.4212844e-01   1.0150304e+00   1.5785356e+00   1.9926393e+00   2.2409169e+00   1.9495828e+00   9.9007267e-01   4.0924121e-01   4.1288811e-01   2.1983752e-01   5.4495221e-01   4.9798086e-01   7.8853538e-01   7.0899877e-01   7.0350862e-01   7.4073359e-01   1.1447761e+00
   1.6621079e+00   1.0380861e+00   7.8475887e-01   1.3832511e+00   2.0192549e+00   2.3186686e+00   2.9745368e+00   3.5589483e+00   3.9696753e+00   4.2518902e+00   4.3482628e+00   4.1284380e+00   3.4364757e+00   1.9549537e+00   6.6044229e-01   4.8666000e-01   3.4314606e-01   4.7982261e-01   7.3430249e-01   1.2718858e+00   2.0258813e+00   2.1655333e+00   2.2353492e+00   2.2350872e+00   1.7903579e+00   1.0046376e+00   7.4407345e-01   3.6174966e-01   3.3995304e-01   6.8601221e-01   8.1345234e-01   1.6680412e+00   1.0837861e+00   8.2275991e-01   8.8397986e-01   8.8214052e-01
   1.2566589e+00   7.2724980e-01   1.3006502e+00   1.7563995e+00   2.2732089e+00   2.9293406e+00   3.4757617e+00   3.8707585e+00   4.0954947e+00   4.1636224e+00   4.1005168e+00   3.7508664e+00   3.1483216e+00   2.8641443e+00   6.7232138e-01   6.7596650e-01   2.6652727e-01   5.8121622e-01   9.2045307e-01   2.2740998e+00   2.3644416e+00   2.1002681e+00   1.9770609e+00   1.7170931e+00   2.0227134e+00   5.0204873e-01   1.6033801e+00   8.5617763e-01   3.0513757e-01   2.6290569e-01   6.0284138e-01   1.7503480e+00   9.1830432e-01   8.2440084e-01   6.7745966e-01   7.7566898e-01
   4.2811481e-01   4.0373635e-01   1.4700857e+00   1.7524679e+00   2.1616938e+00   2.3447731e+00   2.5830941e+00   2.7656896e+00   2.8864729e+00   2.8506044e+00   2.6653228e+00   2.2161379e+00   2.2721018e+00   4.0964909e+00   1.2832489e+00   6.1822008e-01   6.7072785e-01   8.3123881e-01   1.1108246e+00   2.1183393e+00   1.6575221e+00   1.3067907e+00   9.6671730e-01   8.7420702e-01   2.4113576e+00   9.5128930e-01   9.6128309e-01   1.6828843e+00   1.5245469e+00   8.6641562e-01   1.0417137e+00   6.3791835e-01   1.4172267e+00   6.8359564e-01   1.0618232e+00   9.9751163e-01
   8.6845714e-01   4.9799654e-01   1.4193422e+00   1.6110854e+00   1.5509058e+00   1.4318814e+00   1.3443269e+00   1.3114219e+00   1.2471627e+00   1.0538942e+00   7.8587985e-01   8.4588295e-01   1.9060618e+00   3.9139891e+00   2.4204447e+00   7.4718297e-01   9.3939322e-01   9.0617037e-01   1.1440129e+00   1.2245609e+00   6.5512002e-01   5.3377110e-01   6.7185384e-01   1.5457149e+00   2.9672465e+00   9.3332601e-01   7.9904211e-01   9.1398394e-01   2.0096450e+00   1.7471323e+00   9.4792795e-01   1.2016027e+00   2.0579615e+00   1.2139150e+00   1.8256716e+00   1.1985636e+00
   1.0480883e+00   7.4027294e-01   2.2131813e+00   1.1655080e+00   6.2705386e-01   9.8412549e-01   1.3173604e+00   1.4981128e+00   1.6049255e+00   1.7414478e+00   2.0230179e+00   2.4924884e+00   3.1154888e+00   3.9270682e+00   3.1115718e+00   6.4458978e-01   1.7107462e+00   1.0725658e+00   8.3791727e-01   9.0663081e-01   1.2134517e+00   1.6132491e+00   2.3485789e+00   3.7764883e+00   4.2042537e+00   1.7016534e+00   1.1245929e+00   1.1818583e+00   1.9962510e+00   1.5472535e+00   1.6912963e+00   1.4138935e+00   2.0869932e+00   1.2794975e+00   2.7232232e+00   1.8527244e+00
   9.6775097e-01   1.3560355e+00   3.1708565e+00   2.6587379e+00   2.4031789e+00   2.6381626e+00   3.0737038e+00   3.4736192e+00   3.7790532e+00   3.9744966e+00   4.2033567e+00   4.4223709e+00   4.5187278e+00   4.4275608e+00   3.5582469e+00   7.9511517e-01   2.1355753e+00   2.5621679e+00   2.0264904e+00   2.3170757e+00   2.5028148e+00   2.9404881e+00   3.8747196e+00   5.4842191e+00   4.7600951e+00   2.6136265e+00   1.4811561e+00   1.9590861e+00   2.6309791e+00   2.0765600e+00   1.7770590e+00   8.8509518e-01   1.8034954e+00   1.2786363e+00   2.2169847e+00   2.4303021e+00
   7.9629809e-01   2.5626888e+00   3.4841158e+00   3.7198348e+00   3.8356357e+00   4.3232946e+00   4.9679456e+00   5.5232997e+00   5.8709817e+00   6.0439258e+00   6.1491795e+00   6.1238580e+00   5.8342128e+00   5.1137133e+00   3.6282854e+00   1.3267673e+00   2.4485195e+00   4.5296159e+00   3.8521044e+00   3.8126745e+00   3.7600915e+00   4.1560969e+00   5.0718017e+00   6.2708802e+00   4.7304459e+00   2.9124866e+00   2.0362225e+00   2.7927215e+00   3.4158013e+00   2.7865794e+00   1.6720066e+00   1.0465332e+00   2.8434601e+00   1.6236901e+00   7.7185386e-01   1.9883217e+00
   6.4826989e-01   2.7840261e+00   3.4595170e+00   4.0588875e+00   4.7238607e+00   5.6110926e+00   6.3784766e+00   6.9210157e+00   7.2312431e+00   7.3695741e+00   7.3917341e+00   7.2192941e+00   6.7034531e+00   5.6303444e+00   3.7762382e+00   1.5391036e+00   9.4464320e-01   3.7380364e+00   5.3279901e+00   4.8503842e+00   4.7373180e+00   4.8784981e+00   5.3968582e+00   5.7632265e+00   2.8909199e+00   1.8567824e+00   1.4819449e+00   2.5638897e+00   3.1926551e+00   1.7376893e+00   9.7260559e-01   1.8796132e+00   3.0651014e+00   1.4410603e+00   1.2528284e+00   1.1587414e+00
   4.4388992e-01   2.0758405e+00   2.7368128e+00   4.2090721e+00   5.3105516e+00   6.4128318e+00   7.1872025e+00   7.6891341e+00   7.9866652e+00   8.1148415e+00   8.1004372e+00   7.8361411e+00   7.1362944e+00   5.7809668e+00   3.7489948e+00   1.8122230e+00   1.0573810e+00   3.2211859e+00   6.3548050e+00   5.8267894e+00   5.3737617e+00   5.1587925e+00   4.9797988e+00   4.5098491e+00   1.3003850e+00   5.9994459e-01   8.3128184e-01   1.3298283e+00   1.9873482e+00   9.2837352e-01   1.0815564e+00   1.4789321e+00   2.7247858e+00   1.7871511e+00   2.7395487e+00   1.5444787e+00
   2.7995583e-01   1.2623914e+00   1.4922546e+00   3.9759269e+00   5.4817767e+00   6.6631389e+00   7.4375758e+00   7.9333243e+00   8.2086391e+00   8.2547388e+00   8.0841055e+00   7.5358725e+00   6.4472404e+00   4.8287449e+00   2.9531534e+00   1.9937967e+00   2.6620002e+00   4.1408124e+00   4.0725889e+00   4.9251533e+00   6.1217046e+00   5.1729884e+00   4.0919991e+00   3.0442507e+00   1.2441505e+00   3.2706237e-01   3.3196679e-01   4.4820589e-01   9.6153945e-01   6.7967850e-01   1.1860392e+00   5.6333596e-01   2.0444164e+00   2.1361697e+00   3.5973268e+00   1.8375375e+00
   3.0874532e-01   8.8509524e-01   1.1704844e+00   3.4200268e+00   4.9948511e+00   6.0718651e+00   6.7340622e+00   7.0975270e+00   7.1962504e+00   7.0082545e+00   6.5300264e+00   5.6397228e+00   4.4488244e+00   3.1700346e+00   2.1262817e+00   1.7617195e+00   2.0850170e+00   2.1893253e+00   1.0793883e+00   2.4956813e+00   5.8920441e+00   5.2329311e+00   3.1878099e+00   1.8146782e+00   2.0422771e+00   7.9610229e-01   6.7125684e-01   2.6883736e-01   5.1096666e-01   1.0467112e+00   1.4256759e+00   5.6369227e-01   1.5708809e+00   2.7269628e+00   3.6830080e+00   1.6474686e+00
   4.2360023e-01   4.8585400e-01   1.6753958e+00   2.9357681e+00   4.1625452e+00   5.0601630e+00   5.5460849e+00   5.7599525e+00   5.7918401e+00   5.6681685e+00   5.3757510e+00   4.8668785e+00   4.2775311e+00   3.8288240e+00   3.4098547e+00   2.5829332e+00   1.4497652e+00   9.0338010e-01   7.9703569e-01   1.3515288e+00   4.3080702e+00   5.1103644e+00   2.7576706e+00   1.1487107e+00   2.4129648e+00   1.5590789e+00   2.1398895e+00   6.1323869e-01   4.6828625e-01   2.8039865e+00   2.0504963e+00   4.9520543e-01   1.0212022e+00   2.9613466e+00   3.0099092e+00   1.2385639e+00
   4.4137374e-01   3.3133539e-01   1.9045254e+00   2.5838389e+00   3.4808336e+00   4.5286545e+00   5.1540750e+00   5.4922388e+00   5.6764911e+00   5.7327659e+00   5.6455481e+00   5.3969677e+00   5.1398939e+00   4.9985703e+00   4.6754750e+00   3.7758105e+00   2.2159776e+00   1.2385165e+00   6.5921841e-01   6.6490422e-01   2.5754918e+00   3.7426706e+00   3.3847459e+00   2.0694783e+00   2.4025223e+00   2.6504137e+00   2.7545728e+00   1.0615001e+00   6.6088746e-01   3.6004327e+00   2.7931630e+00   8.0657240e-01   6.5707461e-01   2.1375322e+00   2.3259892e+00   9.9684590e-01
   6.7836008e-01   2.9639777e-01   1.1759141e+00   2.1624012e+00   2.7583679e+00   3.9719720e+00   4.9463371e+00   5.4862669e+00   5.7447293e+00   5.7854307e+00   5.6603988e+00   5.4077967e+00   5.2000249e+00   5.0525669e+00   4.7226686e+00   3.9929552e+00   3.0222939e+00   2.2582898e+00   6.3020550e-01   5.5601942e-01   1.3058982e+00   2.0561628e+00   4.0090146e+00   3.4712995e+00   3.4156540e+00   2.8940653e+00   2.0546341e+00   1.2020342e+00   8.7097992e-01   3.7530256e+00   2.8243600e+00   1.1643364e+00   8.5807385e-01   1.5068588e+00   1.8340843e+00   1.3580906e+00
   9.5782185e-01   6.3873577e-01   8.1547570e-01   1.5313681e+00   2.0941231e+00   2.6976490e+00   3.5577950e+00   4.0845332e+00   4.3612900e+00   4.4931993e+00   4.5961123e+00   4.7729778e+00   5.0161939e+00   5.2162971e+00   5.1957374e+00   4.8870196e+00   4.3323336e+00   3.0821998e+00   4.8652974e-01   5.7407212e-01   1.0349509e+00   1.2801336e+00   3.3005817e+00   4.9860263e+00   4.8738623e+00   4.0633421e+00   2.2983987e+00   1.1749605e+00   8.7393606e-01   3.9349880e+00   2.8761127e+00   1.7529963e+00   1.7729681e+00   2.1214325e+00   2.3034930e+00   1.8440588e+00
   2.1254227e+00   1.3298727e+00   8.0128604e-01   7.1623111e-01   2.0003242e+00   1.6879135e+00   2.1274576e+00   2.5210638e+00   2.8315477e+00   3.1241324e+00   3.5627315e+00   4.2606392e+00   4.9431829e+00   5.4476829e+00   5.7305279e+00   5.7895203e+00   5.5833397e+00   4.6815348e+00   7.7422172e-01   4.9935859e-01   8.5031170e-01   1.1219337e+00   2.9017501e+00   5.8517952e+00   5.8656921e+00   5.1285467e+00   3.2275529e+00   1.2831559e+00   7.1769392e-01   2.9537127e+00   3.0430057e+00   2.6106837e+00   2.9063444e+00   3.3744287e+00   3.5544901e+00   3.1595998e+00
   3.6938429e+00   2.8429918e+00   1.6298676e+00   4.9658743e-01   1.2931405e+00   1.8235259e+00   1.7782650e+00   2.0421932e+00   2.4507022e+00   2.8535280e+00   3.3898811e+00   4.1361771e+00   4.8362508e+00   5.4365354e+00   5.9330959e+00   6.2489614e+00   6.3649597e+00   6.2018623e+00   1.5840951e+00   3.7635633e-01   6.5921909e-01   1.3382314e+00   4.1504169e+00   6.0222054e+00   6.3545151e+00   5.9416823e+00   4.3530860e+00   1.0559052e+00   6.2047774e-01   1.8263543e+00   2.6738276e+00   3.2823944e+00   3.9438441e+00   4.6483335e+00   5.0057721e+00   4.6334724e+00
   4.7413592e+00   3.4575889e+00   2.3195288e+00   1.4747308e+00   1.7965467e+00   2.9252186e+00   2.7098100e+00   2.7985311e+00   3.0223384e+00   3.1801317e+00   3.4063556e+00   3.8403401e+00   4.3692408e+00   4.9437642e+00   5.5083346e+00   5.9676809e+00   6.3135476e+00   6.5163546e+00   3.4836764e+00   4.6016538e-01   6.5699852e-01   1.2861789e+00   4.0648217e+00   5.6823564e+00   6.2927752e+00   6.4381523e+00   5.4107571e+00   8.3478177e-01   7.6683062e-01   1.2178781e+00   1.2338057e+00   3.3346255e+00   4.7319632e+00   5.5264831e+00   6.0332980e+00   5.8593640e+00
   4.9633865e+00   3.4143324e+00   1.6923339e+00   1.6506174e+00   3.2211578e+00   3.8105655e+00   3.5889461e+00   3.6090248e+00   3.6027226e+00   3.4806728e+00   3.3259192e+00   3.3932734e+00   3.7305641e+00   4.2215896e+00   4.7235351e+00   5.1814494e+00   5.6110029e+00   6.0695281e+00   4.5995073e+00   6.3239813e-01   7.4507737e-01   1.0297717e+00   3.1264930e+00   4.9096932e+00   5.6516280e+00   6.3204460e+00   6.2058496e+00   1.0955904e+00   9.6445608e-01   1.1028303e+00   1.2191148e+00   3.7462800e+00   5.0507159e+00   5.7467780e+00   6.2310982e+00   6.1072187e+00
   4.7123475e+00   2.8947241e+00   1.3683636e+00   1.5953692e+00   3.1686535e+00   3.8791668e+00   3.7178736e+00   3.7315245e+00   3.5925128e+00   3.3625016e+00   3.0151460e+00   2.7682877e+00   2.8739350e+00   3.1833262e+00   3.5542789e+00   3.9079664e+00   4.3452311e+00   4.9926291e+00   4.6745863e+00   8.9523429e-01   8.4816748e-01   9.6630007e-01   3.2377601e+00   3.6923580e+00   4.3921905e+00   5.4598122e+00   6.4934168e+00   1.4616737e+00   1.0703230e+00   1.5670630e+00   1.9300388e+00   3.9790738e+00   4.6366153e+00   5.1348295e+00   5.5792065e+00   5.6466336e+00
   4.2040191e+00   2.0505183e+00   1.6445954e+00   1.8857269e+00   1.7803729e+00   2.6559858e+00   2.7600055e+00   2.8129556e+00   2.6895738e+00   2.5082672e+00   2.2471898e+00   1.9420735e+00   1.8776836e+00   1.9781178e+00   2.1282918e+00   2.2558064e+00   2.5729322e+00   3.5193484e+00   4.6495132e+00   9.8001623e-01   1.0094813e+00   1.1342831e+00   2.8197687e+00   2.2447889e+00   2.5479960e+00   3.6700976e+00   6.1955137e+00   2.1314478e+00   9.2178500e-01   2.1459041e+00   2.0924137e+00   3.2184503e+00   3.4049239e+00   3.5481076e+00   3.8574729e+00   4.3431916e+00
   3.6266453e+00   1.3207802e+00   1.4527636e+00   1.4799043e+00   4.5105919e-01   1.0012298e+00   1.2434692e+00   1.3353646e+00   1.2549310e+00   1.1725339e+00   1.0982995e+00   9.4163203e-01   8.8000876e-01   8.7774241e-01   8.0497706e-01   6.4392149e-01   8.5869145e-01   2.0612597e+00   4.1120267e+00   7.5401735e-01   9.7334784e-01   1.5719136e+00   2.1069064e+00   9.5550168e-01   6.7264181e-01   1.5899233e+00   4.4440055e+00   2.7372875e+00   5.9478599e-01   1.7229674e+00   2.3242917e+00   2.0454040e+00   1.7476804e+00   1.5353030e+00   1.6470927e+00   2.5650043e+00
   2.8679080e+00   5.5973184e-01   4.9856550e-01   7.5197244e-01   4.4811258e-01   3.9642954e-01   3.5366598e-01   5.4935777e-01   7.9797959e-01   8.4460777e-01   7.8801465e-01   7.0786726e-01   7.8545558e-01   9.9642062e-01   1.2463760e+00   1.4212900e+00   1.5276845e+00   1.7446835e+00   2.9014175e+00   6.7588788e-01   9.2108047e-01   1.3594136e+00   1.0887156e+00   1.3394533e+00   1.7784950e+00   1.8379910e+00   2.3218968e+00   2.3805580e+00   2.5894260e-01   8.0673635e-01   7.9802561e-01   7.4669600e-01   9.3960649e-01   1.4395424e+00   1.6869870e+00   1.7985988e+00
   3.1161557e+00   7.9361558e-01   8.2971179e-01   9.8539102e-01   6.4262563e-01   9.5008385e-01   1.1346974e+00   1.6532354e+00   2.1370640e+00   2.2606702e+00   2.2311614e+00   2.1302872e+00   2.1450164e+00   2.2981892e+00   2.5688527e+00   2.8323456e+00   3.0155256e+00   2.8797483e+00   2.4073162e+00   8.9532197e-01   6.3141382e-01   1.2504283e+00   1.7373300e+00   2.8261142e+00   3.5008968e+00   3.7537668e+00   3.2039371e+00   2.0546744e+00   1.3280096e+00   1.3396102e+00   1.3564963e+00   2.1226444e+00   3.1690078e+00   3.8810887e+00   4.1597562e+00   3.7780132e+00
   4.8920536e+00   2.0176222e+00   2.0959430e+00   1.3682154e+00   1.1716466e+00   1.7675285e+00   2.2661064e+00   2.8786683e+00   3.2849910e+00   3.3699944e+00   3.5277739e+00   3.5968189e+00   3.6374025e+00   3.7436764e+00   3.9341986e+00   4.1747813e+00   4.3333936e+00   4.1984205e+00   3.1807652e+00   1.8785055e+00   1.7606444e+00   2.6824718e+00   3.5018971e+00   4.3806028e+00   4.9340363e+00   5.2882419e+00   5.1538439e+00   4.2171402e+00   3.2267923e+00   3.0914767e+00   3.3809328e+00   4.3354974e+00   5.2824283e+00   6.0427785e+00   6.4039154e+00   6.1501508e+00
   6.6810039e+00   5.6220706e+00   4.6906951e+00   2.9116021e+00   1.9703283e+00   3.1346545e+00   3.4708390e+00   2.6656553e+00   3.5290298e+00   3.9346518e+00   4.1746447e+00   4.4721496e+00   4.6252437e+00   4.7208102e+00   4.8427685e+00   4.9642154e+00   4.9987901e+00   4.9355643e+00   3.8490553e+00   2.8027484e+00   3.3380279e+00   4.1805921e+00   4.7956474e+00   5.2721685e+00   5.5547177e+00   5.8120798e+00   5.9305176e+00   5.8242762e+00   5.5357116e+00   5.2868174e+00   5.4990799e+00   6.1263446e+00   6.4960779e+00   6.9983405e+00   7.2632818e+00   7.2463827e+00
   6.8046341e+00   6.5442834e+00   6.0031462e+00   5.3247576e+00   4.5711751e+00   4.3113685e+00   4.2711964e+00   2.9370475e+00   3.4227955e+00   3.9857900e+00   4.3428760e+00   4.7140741e+00   4.8877754e+00   5.0352292e+00   5.1529078e+00   5.1946449e+00   5.1621561e+00   5.1057863e+00   3.9960287e+00   3.4080331e+00   4.3994145e+00   4.9037218e+00   5.2092838e+00   5.2854362e+00   5.3022099e+00   5.4369826e+00   5.5958962e+00   5.8190136e+00   6.0340018e+00   6.1595607e+00   6.3384953e+00   6.6393557e+00   6.4359760e+00   6.6447191e+00   6.7574673e+00   6.7336345e+00
   4.7915707e+00   5.2676239e+00   5.3356662e+00   5.0722179e+00   4.6769767e+00   4.4158578e+00   4.2440400e+00   4.0914292e+00   3.7727976e+00   3.8200953e+00   4.0082374e+00   4.1332989e+00   4.1808386e+00   4.3479018e+00   4.4560184e+00   4.4941363e+00   4.4579186e+00   4.4249592e+00   3.9098723e+00   2.9896336e+00   4.2973852e+00   4.2389622e+00   4.4108543e+00   4.2466283e+00   4.0394545e+00   4.0261774e+00   4.1540818e+00   4.4434195e+00   4.7726560e+00   5.0329952e+00   5.2002988e+00   5.1962633e+00   4.7508759e+00   4.7733669e+00   4.6656408e+00   4.3660655e+00
   1.5418981e+00   1.8554344e+00   2.5119219e+00   2.8068886e+00   2.9477873e+00   3.0321772e+00   2.9646969e+00   2.7898560e+00   2.7466061e+00   2.8273206e+00   2.8665061e+00   2.7287145e+00   2.6691051e+00   2.6957223e+00   2.6610787e+00   2.6380615e+00   2.6144502e+00   2.6403244e+00   2.7816696e+00   2.6762807e+00   2.5188234e+00   2.5914624e+00   2.7301946e+00   2.4497821e+00   2.1357396e+00   1.9070358e+00   1.8211771e+00   1.8825295e+00   2.0368721e+00   2.1316669e+00   2.0718231e+00   2.0814309e+00   1.9758949e+00   1.9809117e+00   1.7487444e+00   1.5169888e+00
   5.0704150e+00   2.4897013e+00   1.2400160e+00   8.6897296e-01   8.7025899e-01   1.0068672e+00   1.0053484e+00   1.0883362e+00   1.1528424e+00   1.2260929e+00   1.1538230e+00   1.1000742e+00   9.5069665e-01   8.6382312e-01   7.7556336e-01   7.5059688e-01   6.7025232e-01   6.1169899e-01   6.5049160e-01   6.3483059e-01   7.4017435e-01   8.4643275e-01   8.4290922e-01   7.7857482e-01   7.3293561e-01   1.1573253e+00   2.5881209e+00   3.4013140e+00   3.9017539e+00   5.4384027e+00   6.5764494e+00   7.2848997e+00   5.5964704e+00   5.8555288e+00   7.2072287e+00   7.4915357e+00
   9.5677185e+00   7.2792454e+00   5.5065222e+00   4.6395121e+00   5.1450844e+00   5.3325911e+00   4.5173082e+00   4.3175073e+00   4.4361558e+00   4.4648123e+00   4.2596045e+00   4.2381606e+00   4.1850085e+00   4.0777082e+00   3.8619537e+00   3.9087722e+00   4.0617814e+00   4.2599211e+00   3.9848459e+00   3.6550126e+00   3.6074674e+00   3.8096638e+00   4.1965504e+00   4.5540304e+00   4.2134290e+00   5.5939760e+00   8.6429529e+00   9.5978794e+00   8.0954027e+00   6.4174223e+00   5.3516798e+00   5.2735224e+00   5.5519428e+00   5.5813832e+00   6.0687304e+00   9.3346920e+00
