  0.3220  0.3405  0.3352  0.3325  0.2951  0.2948  0.3224  0.3908  0.4117  0.4140  0.4449  0.4566  0.4604  0.4028  0.3173  0.2887  0.2566  0.2456  0.3125  0.3561  0.3289  0.3126  0.3499  0.3226  0.3377  0.3807  0.3069  0.3017  0.4445  0.4466  0.4171  0.3677  0.3850  0.3243  0.2939  0.2871
  0.2479  0.2920  0.2922  0.2948  0.2390  0.1888  0.1784  0.1611  0.1607  0.1320  0.1286  0.1248  0.1506  0.1273  0.1325  0.1445  0.1543  0.1643  0.1666  0.2256  0.3369  0.1821  0.2379  0.1900  0.2051  0.1270  0.0815  0.1171  0.1355  0.1815  0.1798  0.1474  0.1591  0.1606  0.1608  0.2053
  0.2519  0.2391  0.2777  0.2617  0.2689  0.1767  0.1220  0.0850  0.0964  0.1169  0.1077  0.0859  0.0950  0.1171  0.1138  0.1216  0.1274  0.1338  0.1384  0.1735  0.2498  0.1070  0.0730  0.0700  0.0703  0.0768  0.0920  0.1136  0.1145  0.1178  0.1219  0.1273  0.1353  0.1657  0.1951  0.2067
  0.1790  0.2086  0.2143  0.2063  0.1593  0.0866  0.0776  0.0670  0.0672  0.0681  0.0683  0.0673  0.0667  0.0935  0.1109  0.1401  0.1266  0.1238  0.1304  0.1320  0.1139  0.0666  0.0668  0.0674  0.0668  0.1011  0.1245  0.1302  0.1199  0.1227  0.1467  0.1765  0.2390  0.2981  0.2096  0.1460
  0.1494  0.1874  0.1661  0.1281  0.0700  0.0641  0.0651  0.0653  0.0653  0.0653  0.0650  0.0643  0.0633  0.0703  0.1147  0.1452  0.1523  0.1200  0.1246  0.1239  0.0737  0.0630  0.0637  0.0639  0.0630  0.0874  0.1147  0.1207  0.1512  0.2181  0.2945  0.3555  0.3704  0.3630  0.2770  0.2335
  0.3575  0.1422  0.1319  0.0937  0.0606  0.0621  0.0625  0.0623  0.0621  0.0618  0.0614  0.0604  0.0597  0.0676  0.1273  0.1271  0.1390  0.1275  0.1256  0.0833  0.0657  0.0602  0.0602  0.0604  0.0598  0.0834  0.0942  0.1188  0.1809  0.2216  0.2220  0.3679  0.3669  0.2959  0.3561  0.3727
  0.2755  0.1301  0.0966  0.0717  0.0602  0.0589  0.0589  0.0587  0.0584  0.0582  0.0578  0.0573  0.0570  0.0645  0.1251  0.1279  0.1285  0.1245  0.1169  0.0602  0.0574  0.0574  0.0574  0.0576  0.0577  0.0957  0.0591  0.0883  0.1215  0.1459  0.2355  0.3582  0.3532  0.3148  0.3465  0.3171
  0.1291  0.1202  0.0689  0.0630  0.0558  0.0556  0.0557  0.0557  0.0557  0.0556  0.0554  0.0554  0.0553  0.0565  0.1338  0.1419  0.1179  0.1143  0.0963  0.0548  0.0548  0.0549  0.0551  0.0553  0.0558  0.0918  0.1307  0.0556  0.0699  0.2414  0.3193  0.3583  0.3560  0.3147  0.2678  0.2338
  0.1128  0.1085  0.0571  0.0537  0.0535  0.0533  0.0535  0.0537  0.0537  0.0534  0.0532  0.0537  0.0539  0.0546  0.1537  0.2051  0.1179  0.1028  0.0719  0.0522  0.0527  0.0529  0.0531  0.0529  0.0536  0.2507  0.3461  0.2176  0.1557  0.3177  0.3554  0.3552  0.3554  0.2940  0.1728  0.1301
  0.1094  0.1005  0.0554  0.0525  0.0525  0.0518  0.0519  0.0524  0.0524  0.0518  0.0516  0.0523  0.0528  0.0531  0.0895  0.1285  0.1212  0.0690  0.0788  0.0508  0.0515  0.0518  0.0517  0.0514  0.1145  0.3372  0.3549  0.3547  0.3550  0.3550  0.3550  0.3551  0.3508  0.1926  0.1528  0.1267
  0.1040  0.0882  0.0502  0.0510  0.0506  0.0497  0.0500  0.0508  0.0508  0.0500  0.0498  0.0508  0.0516  0.0514  0.0504  0.0926  0.0901  0.0664  0.1300  0.0493  0.0502  0.0506  0.0503  0.0498  0.2550  0.3548  0.3544  0.3550  0.3550  0.3550  0.3550  0.3122  0.2960  0.1740  0.1315  0.1099
  0.1063  0.0624  0.0490  0.0498  0.0492  0.0483  0.0486  0.0497  0.0497  0.0486  0.0484  0.0496  0.0505  0.0501  0.0488  0.0726  0.0860  0.1185  0.0939  0.0481  0.0492  0.0498  0.0494  0.0486  0.2581  0.3547  0.3543  0.3550  0.3550  0.3550  0.3550  0.2432  0.1039  0.1572  0.1132  0.1074
  0.0941  0.0479  0.0480  0.0490  0.0482  0.0472  0.0475  0.0487  0.0487  0.0475  0.0472  0.0484  0.0495  0.0488  0.0476  0.0521  0.1040  0.1626  0.0474  0.0471  0.0483  0.0493  0.0486  0.0476  0.2000  0.2731  0.2731  0.3499  0.3524  0.3496  0.3498  0.2031  0.0529  0.1212  0.1152  0.1085
  0.0964  0.0472  0.0537  0.0483  0.0472  0.0461  0.0464  0.0478  0.0478  0.0464  0.0461  0.0472  0.0485  0.0475  0.0464  0.0469  0.0579  0.1740  0.0464  0.0463  0.0474  0.0488  0.0479  0.0468  0.1102  0.1516  0.1677  0.1994  0.2516  0.2150  0.3276  0.0610  0.0469  0.1098  0.0750  0.0957
  0.1012  0.0474  0.0700  0.0479  0.0465  0.0454  0.0456  0.0472  0.0472  0.0456  0.0454  0.0465  0.0479  0.0467  0.0456  0.0460  0.0478  0.1039  0.0564  0.1487  0.0764  0.0483  0.0473  0.0463  0.0963  0.1186  0.1191  0.1324  0.1624  0.1486  0.3061  0.0562  0.0460  0.1513  0.0601  0.0774
  0.0906  0.0450  0.0676  0.0475  0.0460  0.0449  0.0452  0.0468  0.0468  0.0453  0.0451  0.0461  0.0476  0.0462  0.0452  0.0455  0.0471  0.0473  0.0813  0.1677  0.1693  0.0478  0.0465  0.0456  0.0730  0.1128  0.1134  0.1178  0.1380  0.1812  0.3544  0.0651  0.0453  0.1277  0.0504  0.0579
  0.0698  0.0709  0.0466  0.0473  0.0457  0.0446  0.0448  0.0466  0.0466  0.0450  0.0447  0.0458  0.0474  0.0458  0.0447  0.0451  0.0467  0.0468  0.0835  0.1128  0.2228  0.0542  0.0458  0.0449  0.0459  0.0869  0.0724  0.1140  0.1395  0.3206  0.2422  0.0465  0.0449  0.0479  0.0466  0.0545
  0.0957  0.0913  0.0456  0.0472  0.0455  0.0444  0.0446  0.0463  0.0464  0.0447  0.0444  0.0454  0.0471  0.0454  0.0444  0.0448  0.0467  0.0468  0.0843  0.1121  0.1604  0.0959  0.0455  0.0446  0.0449  0.0467  0.0507  0.1117  0.1555  0.3407  0.1436  0.0456  0.0446  0.0450  0.0467  0.0636
  0.0959  0.1004  0.0520  0.0472  0.0455  0.0444  0.0446  0.0464  0.0464  0.0446  0.0443  0.0453  0.0470  0.0453  0.0445  0.0449  0.0468  0.0468  0.0883  0.1120  0.1177  0.1187  0.0485  0.0445  0.0448  0.0469  0.0504  0.1098  0.1882  0.3424  0.0850  0.0456  0.0445  0.0450  0.0468  0.0480
  0.0881  0.0597  0.0477  0.0481  0.0457  0.0447  0.0449  0.0466  0.0466  0.0449  0.0445  0.0455  0.0472  0.0456  0.0448  0.0454  0.0472  0.0501  0.1061  0.1148  0.1161  0.1209  0.0776  0.0448  0.0451  0.0471  0.0506  0.1101  0.1799  0.3141  0.0474  0.0458  0.0448  0.0452  0.0469  0.0467
  0.0607  0.0659  0.0461  0.0757  0.0473  0.0451  0.0455  0.0471  0.0471  0.0454  0.0450  0.0460  0.0475  0.0461  0.0452  0.0458  0.0478  0.0477  0.0863  0.1153  0.1159  0.1175  0.1650  0.0452  0.0457  0.0476  0.0474  0.0912  0.1517  0.2299  0.0477  0.0462  0.0451  0.0456  0.0472  0.0470
  0.0458  0.0455  0.0465  0.0917  0.0615  0.0457  0.0461  0.0476  0.0476  0.0460  0.0455  0.0465  0.0478  0.0465  0.0456  0.0461  0.0481  0.0481  0.0829  0.1164  0.1142  0.1208  0.1623  0.0458  0.0463  0.0480  0.0479  0.0904  0.1147  0.1624  0.0483  0.0467  0.0455  0.0459  0.0475  0.0474
  0.0466  0.0462  0.0472  0.0795  0.1173  0.0464  0.0467  0.0483  0.0483  0.0467  0.0463  0.0472  0.0483  0.0471  0.0461  0.0466  0.0484  0.0485  0.0689  0.1105  0.1134  0.1166  0.1167  0.0465  0.0470  0.0485  0.0571  0.1343  0.1127  0.1221  0.0644  0.0504  0.0461  0.0465  0.0480  0.0480
  0.0478  0.0473  0.0579  0.0929  0.1033  0.0473  0.0477  0.0490  0.0491  0.0478  0.0474  0.0483  0.0490  0.0480  0.0470  0.0475  0.0490  0.0491  0.0486  0.1117  0.1151  0.1115  0.0755  0.0475  0.0480  0.0493  0.0594  0.1440  0.1114  0.1036  0.0943  0.0523  0.0471  0.0475  0.0489  0.0491
  0.0490  0.0484  0.1258  0.1839  0.0913  0.0484  0.0488  0.0498  0.0499  0.0489  0.0486  0.0495  0.0498  0.0490  0.0481  0.0485  0.0497  0.0498  0.0503  0.1641  0.1198  0.1118  0.0537  0.0488  0.0491  0.0502  0.0506  0.0940  0.1113  0.0838  0.0784  0.0495  0.0483  0.0487  0.0500  0.0502
  0.0503  0.0811  0.2143  0.2165  0.0888  0.0505  0.0501  0.0509  0.0509  0.0501  0.0498  0.0506  0.0508  0.0501  0.0493  0.0496  0.0506  0.0507  0.0514  0.1728  0.1434  0.0956  0.0524  0.0503  0.0504  0.0512  0.0513  0.1184  0.1071  0.0670  0.0885  0.0510  0.0499  0.0502  0.0512  0.0514
  0.0518  0.1643  0.2477  0.2418  0.1440  0.0654  0.0520  0.0525  0.0524  0.0518  0.0515  0.0521  0.0521  0.0516  0.0509  0.0512  0.0518  0.0520  0.0522  0.1277  0.1262  0.0704  0.0533  0.0524  0.0523  0.0526  0.0526  0.1612  0.1062  0.0619  0.0530  0.0528  0.0520  0.0522  0.0527  0.0528
  0.0532  0.1574  0.2213  0.2827  0.1512  0.0639  0.0536  0.0539  0.0539  0.0535  0.0533  0.0536  0.0535  0.0532  0.0526  0.0528  0.0530  0.0532  0.0531  0.1201  0.1238  0.0615  0.0547  0.0542  0.0540  0.0539  0.0539  0.0849  0.0998  0.0575  0.0542  0.0544  0.0539  0.0540  0.0542  0.0541
  0.0554  0.1262  0.2096  0.2830  0.1663  0.0648  0.0561  0.0560  0.0560  0.0560  0.0560  0.0559  0.0558  0.0556  0.0554  0.0553  0.0552  0.0552  0.0550  0.1469  0.1146  0.0560  0.0563  0.0563  0.0562  0.0559  0.0559  0.0562  0.0563  0.0561  0.0560  0.0563  0.0563  0.0564  0.0563  0.0561
  0.0578  0.1093  0.1182  0.1777  0.1300  0.0662  0.0590  0.0587  0.0585  0.0587  0.0588  0.0586  0.0584  0.0584  0.0584  0.0582  0.0578  0.0577  0.0593  0.1829  0.0872  0.0578  0.0582  0.0586  0.0586  0.0582  0.0581  0.0582  0.0585  0.0583  0.0582  0.0585  0.0587  0.0584  0.0582  0.0582
  0.0609  0.0607  0.0606  0.0856  0.0978  0.0617  0.0618  0.0740  0.0655  0.0619  0.0623  0.0619  0.0615  0.0615  0.0618  0.0615  0.0611  0.0610  0.0669  0.1471  0.0608  0.0603  0.0613  0.0618  0.0617  0.0612  0.0611  0.0613  0.0615  0.0611  0.0608  0.0612  0.0615  0.0611  0.0605  0.0608
  0.0646  0.0647  0.0643  0.0642  0.0648  0.0651  0.0650  0.0762  0.0682  0.0652  0.0658  0.0654  0.0650  0.0651  0.0654  0.0652  0.0649  0.0648  0.0766  0.1146  0.0642  0.0636  0.0649  0.0654  0.0654  0.0649  0.0648  0.0649  0.0649  0.0643  0.0640  0.0644  0.0648  0.0647  0.0639  0.0641
  0.0683  0.0683  0.0681  0.0678  0.0678  0.0679  0.0681  0.0681  0.0679  0.0684  0.0688  0.0688  0.0687  0.0687  0.0687  0.0687  0.0685  0.0685  0.0745  0.0937  0.0682  0.0676  0.0681  0.0686  0.0687  0.0685  0.0685  0.0685  0.0684  0.0681  0.0678  0.0680  0.0682  0.0682  0.0677  0.0680
  0.0713  0.0714  0.0715  0.0712  0.0710  0.0710  0.0714  0.0715  0.0715  0.0717  0.0721  0.0724  0.0725  0.0725  0.0723  0.0723  0.0723  0.0722  0.0720  0.0721  0.0718  0.0713  0.0713  0.0716  0.0718  0.0719  0.0719  0.0718  0.0718  0.0717  0.0716  0.0714  0.0712  0.0713  0.0713  0.0713
  0.3868  0.1206  0.1550  0.1764  0.0861  0.0753  0.0980  0.0904  0.0761  0.0758  0.0762  0.0764  0.0765  0.0765  0.0765  0.0764  0.0761  0.0757  0.0754  0.2822  0.0893  0.0781  0.0767  0.0783  0.0780  0.0763  0.1727  0.1816  0.1920  0.2370  0.3843  0.4519  0.2447  0.2364  0.2776  0.4683
  0.7060  0.5122  0.6691  0.5875  0.4819  0.6049  0.6190  0.3577  0.3098  0.3075  0.3201  0.3900  0.4831  0.4952  0.4643  0.4198  0.4035  0.4251  0.3913  0.6227  0.4374  0.4194  0.4090  0.4935  0.5121  0.6658  0.7539  0.7886  0.7907  0.7999  0.7999  0.7999  0.7935  0.7999  0.7999  0.7977
