   0.0000000e+00
   9.1783743e-02
   0.0000000e+00
   0.0000000e+00
   9.6116858e-03
   0.0000000e+00
   4.9253702e-02
   2.3516527e-02
   1.8679406e-02
   1.9580940e-02
   1.4268622e-02
   9.0874652e-03
   9.3276387e-03
   7.6597114e-03
   9.3453513e-03
   5.2183228e-03
   5.6278223e-03
   7.1536440e-03
   2.0951436e-02
   0.0000000e+00
   8.6584927e-03
   9.1559460e-04
  -1.4071525e-04
   1.7629618e-03
  -2.1895424e-02
  -0.0000000e+00
   0.0000000e+00
   0.0000000e+00
   0.0000000e+00
   0.0000000e+00
   0.0000000e+00
   0.0000000e+00
   0.0000000e+00
   0.0000000e+00
   0.0000000e+00
   0.0000000e+00
   6.8697654e-02
   2.1144325e-02
  -1.0866519e-04
  -2.6234210e-03
  -6.9674658e-04
   2.7001056e-04
   3.5952790e-03
   4.8262114e-03
   5.2307844e-03
   5.3184167e-03
   6.1562425e-03
   4.7840388e-03
   3.6508145e-03
   1.7586711e-03
   3.1848864e-03
   2.3807851e-03
   1.6693175e-03
  -7.5472234e-04
  -2.7547630e-03
  -1.6456379e-03
   1.9028506e-03
   3.1183586e-03
   4.2718570e-03
   3.6052477e-03
   4.9621860e-04
  -2.7791858e-03
   1.7247879e-03
   6.0940440e-03
   4.3898307e-03
  -9.5400835e-04
   1.0018927e-02
   0.0000000e+00
   2.6609223e-02
   1.1454601e-02
   8.2062376e-03
   0.0000000e+00
  -1.0624268e-02
  -1.8584127e-02
  -2.1649715e-02
  -1.7902507e-02
  -1.1501742e-02
  -4.3328041e-03
  -6.5009360e-04
  -9.8930241e-04
  -1.0758965e-04
   2.0422428e-03
   3.1012490e-03
  -4.8067898e-04
  -4.8503201e-03
  -6.7667942e-03
  -6.2422785e-03
  -5.6609777e-03
  -7.2059408e-03
  -9.6211918e-03
  -9.9265046e-03
  -3.6422320e-03
  -4.7488823e-03
  -7.3064049e-04
   4.0859003e-03
   4.2173611e-03
   1.6939839e-03
  -1.0547752e-03
  -3.2113949e-03
  -3.6891885e-03
  -1.4799298e-03
   3.1610769e-03
   9.6211256e-03
   1.5982363e-02
   1.6712727e-02
   1.5961103e-02
   5.6982506e-03
  -1.6402962e-03
  -4.0520340e-02
  -4.0681168e-02
  -3.5077319e-02
  -2.4041656e-02
  -1.3639299e-02
  -6.1479989e-03
  -5.2553294e-03
  -2.1535186e-03
   3.4271713e-04
  -2.8637174e-04
  -2.6740895e-03
  -1.0288140e-02
  -1.5656527e-02
  -1.5954712e-02
  -1.4967982e-02
  -1.3849068e-02
  -1.4571490e-02
  -1.8911371e-02
  -2.1113436e-02
  -0.0000000e+00
  -1.5577703e-02
  -5.9181242e-03
   2.7360325e-03
   2.3371382e-03
  -2.8328253e-03
  -8.4024277e-03
  -1.4302696e-02
  -1.7544879e-02
  -1.4772406e-02
  -8.3179818e-03
   2.0015691e-03
   9.2141991e-03
   8.6443434e-03
   1.1981515e-02
  -7.2888294e-03
  -2.8672516e-02
  -4.8520353e-02
  -4.0514171e-02
  -3.0101247e-02
  -2.0472795e-02
  -6.5650632e-03
  -3.1437348e-03
  -4.6522416e-03
  -3.8672133e-04
   2.4145993e-05
  -4.0935189e-03
  -8.6326730e-03
  -1.7738646e-02
  -2.1824058e-02
  -2.0250229e-02
  -1.7605275e-02
  -1.5192840e-02
  -1.5347987e-02
  -2.0828173e-02
   0.0000000e+00
  -0.0000000e+00
  -1.8768173e-02
  -7.5226109e-03
  -3.1653207e-04
  -1.9271660e-03
  -7.9884222e-03
  -1.4250559e-02
  -2.2208218e-02
  -2.5294775e-02
  -2.1977242e-02
  -1.5362479e-02
  -3.6279692e-03
   6.0583763e-03
   6.6400487e-03
   8.1536518e-03
  -2.0632319e-02
  -4.4676550e-02
  -3.8408055e-02
  -2.6329650e-02
  -1.7160023e-02
   0.0000000e+00
   0.0000000e+00
   1.0019005e-03
  -9.8695131e-05
  -2.5788917e-03
  -5.1008615e-03
  -8.1852130e-03
  -1.3126991e-02
  -1.9554251e-02
  -2.0132692e-02
  -1.7994203e-02
  -1.4884972e-02
  -1.2222932e-02
  -1.2280264e-02
  -1.4581227e-02
   0.0000000e+00
  -0.0000000e+00
  -1.5558774e-02
  -5.8626913e-03
  -1.9814966e-03
  -5.1767112e-03
  -9.7295061e-03
  -1.5713887e-02
  -2.1958833e-02
  -2.2016486e-02
  -1.7233297e-02
  -1.0931324e-02
  -1.0023118e-03
   7.0046823e-03
   6.5318378e-03
  -4.6353455e-03
  -3.0775854e-02
  -4.1886921e-02
  -1.1921114e-02
  -0.0000000e+00
  -0.0000000e+00
   0.0000000e+00
   0.0000000e+00
   5.7048299e-03
   3.8813925e-03
   1.6349014e-03
  -3.8469699e-03
  -8.8002943e-03
  -1.3198200e-02
  -1.5632138e-02
  -1.4767417e-02
  -1.3388871e-02
  -1.1119789e-02
  -8.4002400e-03
  -7.6642330e-03
  -4.7871107e-03
  -1.0173238e-02
  -0.0000000e+00
  -1.2831088e-02
  -4.8456998e-03
  -3.9033566e-03
  -6.6682873e-03
  -8.9859599e-03
  -1.2225838e-02
  -1.2405070e-02
  -8.0993492e-03
  -4.0395940e-03
   5.6257838e-04
   6.0555944e-03
   6.7367703e-03
  -6.8412919e-04
  -1.5817458e-02
  -2.6640022e-02
  -2.3931853e-02
   2.2121787e-02
   0.0000000e+00
   0.0000000e+00
   0.0000000e+00
   0.0000000e+00
   7.9277409e-03
   2.2948673e-03
  -8.2377329e-04
  -4.7858274e-03
  -6.2821382e-03
  -7.7643460e-03
  -9.1383317e-03
  -9.7714895e-03
  -9.5367681e-03
  -7.7449786e-03
  -5.0769621e-03
  -2.5136307e-03
   8.7770866e-03
   8.6123329e-03
   0.0000000e+00
  -0.0000000e+00
  -7.3602311e-03
  -7.6282872e-03
  -7.4432800e-03
  -6.4424742e-03
  -2.9887402e-03
   8.7923119e-03
   3.4147804e-04
   4.6291557e-04
   3.0735007e-04
   9.4057404e-04
  -4.2920769e-03
  -9.6444972e-03
  -1.2800720e-02
  -1.1656110e-02
   1.1078082e-03
   4.3074956e-02
   0.0000000e+00
   0.0000000e+00
   0.0000000e+00
   0.0000000e+00
   4.7255401e-03
  -4.3584374e-04
  -1.1996090e-03
  -1.3939680e-03
  -9.3495031e-04
  -1.5546633e-03
  -3.8680674e-03
  -5.9942030e-03
  -6.6584907e-03
  -5.0975415e-03
  -1.9906082e-03
   2.5328479e-03
   2.1564774e-02
   3.2576437e-02
   0.0000000e+00
  -0.0000000e+00
  -1.0738802e-02
  -9.2967972e-03
  -5.1759100e-03
  -1.0919569e-03
   9.2110541e-03
   3.2678291e-02
   0.0000000e+00
   0.0000000e+00
   1.3582774e-03
  -9.8758226e-04
  -5.2525313e-03
  -4.7633322e-03
  -2.6284778e-03
   2.1909319e-03
   2.0693082e-02
   4.3858477e-02
   0.0000000e+00
   0.0000000e+00
   0.0000000e+00
   0.0000000e+00
   7.3360340e-03
   4.3838527e-03
   4.7042929e-03
   5.5583883e-03
   6.5776813e-03
   5.0648465e-03
   1.3019266e-03
  -2.1667473e-03
  -3.1720931e-03
  -1.2548774e-03
   2.7922080e-03
   1.0115338e-02
   3.3738747e-02
   5.1367164e-02
   0.0000000e+00
   0.0000000e+00
  -1.6504989e-02
  -1.1286665e-02
  -6.1387726e-04
   7.1398257e-03
   2.6587583e-02
   5.7680655e-02
   0.0000000e+00
   0.0000000e+00
   7.1029129e-03
  -8.2656475e-04
   1.9237143e-03
   4.9969410e-03
   8.3050467e-03
   1.5519207e-02
   3.5158776e-02
   3.4571766e-02
   2.1096240e-02
   0.0000000e+00
   0.0000000e+00
   1.6955007e-02
   1.2786010e-02
   1.0067248e-02
   9.8285237e-03
   1.0385501e-02
   1.0844751e-02
   7.8511881e-03
   3.1566443e-03
  -2.1259736e-04
  -6.5084611e-04
   1.8379593e-03
   7.0689237e-03
   1.6564462e-02
   3.8988590e-02
   5.2144999e-02
   0.0000000e+00
   0.0000000e+00
  -0.0000000e+00
  -1.1051761e-02
   3.1285691e-03
   1.3837310e-02
   4.0822338e-02
   7.2593856e-02
   0.0000000e+00
   0.0000000e+00
   9.3197364e-03
   9.8765371e-04
   7.4337744e-03
   1.0294658e-02
   1.4906500e-02
   2.3485523e-02
   3.8243182e-02
   3.2482587e-02
   1.8498393e-02
   0.0000000e+00
   0.0000000e+00
   2.0527567e-02
   1.6371202e-02
   1.3876836e-02
   1.3019432e-02
   1.3103077e-02
   1.1940698e-02
   7.5323018e-03
   3.0944180e-03
   8.8644709e-04
   1.7653641e-03
   5.4121749e-03
   1.2201190e-02
   2.3550492e-02
   4.2285766e-02
   4.0165335e-02
   0.0000000e+00
   0.0000000e+00
  -0.0000000e+00
  -6.4773549e-03
   8.2565360e-03
   2.2439420e-02
   5.1523760e-02
   6.7936465e-02
   0.0000000e+00
   0.0000000e+00
   0.0000000e+00
   3.4889051e-03
   1.0653271e-02
   1.4460981e-02
   2.1574948e-02
   2.9927688e-02
   3.7829690e-02
   3.2291271e-02
   1.8805390e-02
   1.3940532e-02
   0.0000000e+00
   2.0612304e-02
   1.6024241e-02
   1.3330061e-02
   1.1675075e-02
   1.1352308e-02
   9.1364514e-03
   4.8667388e-03
   1.9319771e-03
   1.7432516e-03
   4.4710138e-03
   9.6366033e-03
   1.8031124e-02
   3.0737808e-02
   4.7512528e-02
   2.9085134e-02
   0.0000000e+00
   0.0000000e+00
   0.0000000e+00
   2.6828500e-03
   1.5496178e-02
   3.1696774e-02
   5.7672244e-02
   7.1211323e-02
   0.0000000e+00
   0.0000000e+00
   0.0000000e+00
   0.0000000e+00
   1.3091325e-02
   1.7704090e-02
   2.6496504e-02
   3.3575997e-02
   3.6962289e-02
   3.1937275e-02
   2.1084363e-02
   1.4259146e-02
   0.0000000e+00
   0.0000000e+00
   1.1452536e-02
   8.0747288e-03
   6.6254190e-03
   6.7932396e-03
   5.3061428e-03
   2.5429341e-03
   1.6223980e-03
   3.5769464e-03
   7.9945903e-03
   1.4704917e-02
   2.4465246e-02
   3.8028836e-02
   4.5571625e-02
   0.0000000e+00
   0.0000000e+00
   0.0000000e+00
   0.0000000e+00
   1.1114840e-02
   2.3834445e-02
   3.9461095e-02
   5.7208762e-02
   6.0581900e-02
   0.0000000e+00
   0.0000000e+00
  -0.0000000e+00
   1.7044865e-02
   1.5725613e-02
   1.9895921e-02
   2.8647218e-02
   3.4280542e-02
   3.5573326e-02
   2.6032386e-02
   1.8915583e-02
   8.6767584e-03
   0.0000000e+00
   1.1719264e-02
   2.5125945e-03
   1.3042157e-04
   2.3327731e-04
   1.5827018e-03
   1.7555292e-03
   1.2509720e-03
   2.6481652e-03
   6.7855115e-03
   1.3155838e-02
   2.0904709e-02
   3.0276394e-02
   4.1195534e-02
   4.4762878e-02
   0.0000000e+00
   0.0000000e+00
   0.0000000e+00
   0.0000000e+00
   0.0000000e+00
   3.1542696e-02
   4.2801026e-02
   4.7913812e-02
   2.6719401e-02
   0.0000000e+00
   0.0000000e+00
  -0.0000000e+00
   1.2473755e-02
   1.8225297e-02
   2.1334089e-02
   2.8309954e-02
   3.0808907e-02
   2.8271418e-02
   0.0000000e+00
   8.5557119e-03
   1.2673275e-05
   1.0647031e-02
   4.9677840e-03
  -5.2489154e-03
  -6.9457013e-03
  -7.2686384e-03
  -6.4979559e-03
  -5.2464730e-03
  -3.3148560e-03
   8.9432608e-04
   8.1998408e-03
   1.6516104e-02
   2.4346199e-02
   3.1699862e-02
   3.6514059e-02
   3.5075255e-02
   0.0000000e+00
   0.0000000e+00
   0.0000000e+00
   0.0000000e+00
   0.0000000e+00
   3.4630816e-02
   3.9762318e-02
   3.5243422e-02
   1.8092675e-02
   0.0000000e+00
   0.0000000e+00
  -0.0000000e+00
   1.1159913e-02
   1.7334951e-02
   2.0038296e-02
   2.5082894e-02
   2.4783665e-02
   2.3218565e-02
   0.0000000e+00
   1.5058404e-03
  -2.8550697e-03
   4.1513601e-03
  -3.2896963e-03
  -9.9048670e-03
  -1.2909747e-02
  -1.4971911e-02
  -1.5746100e-02
  -1.4768654e-02
  -1.1380938e-02
  -4.9935663e-03
   4.0097302e-03
   1.2755122e-02
   2.0555843e-02
   2.6559755e-02
   2.7424559e-02
   2.3717005e-02
   0.0000000e+00
   0.0000000e+00
   0.0000000e+00
   0.0000000e+00
   3.1897848e-02
   3.1345472e-02
   3.1968534e-02
   2.3468370e-02
   1.3088802e-02
   0.0000000e+00
   0.0000000e+00
  -0.0000000e+00
   2.5580297e-03
   1.1798907e-02
   1.4641170e-02
   1.9105073e-02
   1.7414141e-02
   1.4713442e-02
   0.0000000e+00
  -0.0000000e+00
  -2.5339468e-03
   3.6516324e-05
  -5.2829728e-03
  -8.4194754e-03
  -1.0921486e-02
  -1.3032923e-02
  -1.4149446e-02
  -1.3534745e-02
  -1.0463406e-02
  -5.1086716e-03
   1.5979145e-03
   7.6344996e-03
   1.2893323e-02
   1.7150475e-02
   1.8028499e-02
   8.5185355e-03
   0.0000000e+00
   0.0000000e+00
   0.0000000e+00
   0.0000000e+00
   2.5397120e-02
   2.3083863e-02
   2.1986828e-02
   1.4424714e-02
   6.6085487e-03
   0.0000000e+00
   0.0000000e+00
  -0.0000000e+00
  -6.3010442e-03
   4.5684943e-03
   8.1002880e-03
   1.3730181e-02
   1.0801555e-02
   7.9467669e-03
   0.0000000e+00
  -0.0000000e+00
  -3.1626274e-03
  -1.8818188e-03
  -2.5656535e-03
  -2.5266439e-03
  -2.6912060e-03
  -3.1888982e-03
  -3.6353886e-03
  -3.1324407e-03
  -6.5377422e-04
   4.0520248e-03
   1.0764511e-02
   1.6623407e-02
   1.9262040e-02
   1.6286874e-02
   9.2155438e-03
   1.4281961e-03
   0.0000000e+00
   0.0000000e+00
   0.0000000e+00
   6.3801053e-03
   1.7093517e-02
   1.5815077e-02
   1.4793759e-02
   1.0270864e-02
   5.1476035e-03
   0.0000000e+00
   0.0000000e+00
   0.0000000e+00
  -9.4251005e-03
   2.8631000e-04
   2.6499477e-03
   1.2393741e-02
   9.8912496e-03
   0.0000000e+00
  -2.3298137e-03
   1.0156798e-03
  -5.1808595e-03
  -6.7096585e-03
  -9.2448639e-03
  -1.1430739e-02
  -1.3094787e-02
  -1.3924679e-02
  -1.3881902e-02
  -1.2237843e-02
  -8.5405512e-03
  -2.5523277e-03
   5.9533156e-03
   1.3462604e-02
   1.4562441e-02
   6.5613473e-03
  -3.8683405e-03
  -3.5991326e-03
   0.0000000e+00
   0.0000000e+00
  -0.0000000e+00
  -6.4373305e-03
  -5.4960942e-04
   6.0334322e-03
   1.0582580e-02
   0.0000000e+00
   0.0000000e+00
   0.0000000e+00
   0.0000000e+00
   0.0000000e+00
  -0.0000000e+00
  -5.2452828e-03
  -2.9783672e-03
   1.9010540e-02
   1.1601068e-02
  -2.0525106e-03
  -0.0000000e+00
  -5.8379781e-04
  -8.1326620e-03
  -1.0826610e-02
  -1.5873350e-02
  -2.1170665e-02
  -2.6337763e-02
  -3.0213706e-02
  -3.2423429e-02
  -3.2399289e-02
  -3.0142048e-02
  -2.5556555e-02
  -1.7485015e-02
  -6.6153128e-03
   6.3726481e-04
  -2.4249617e-03
  -1.2115036e-02
  -1.3108441e-02
   0.0000000e+00
   0.0000000e+00
  -1.9337670e-02
  -1.9243978e-02
  -1.8674612e-02
  -5.3704422e-03
   0.0000000e+00
   0.0000000e+00
   0.0000000e+00
   0.0000000e+00
   0.0000000e+00
   0.0000000e+00
  -0.0000000e+00
  -6.9955969e-03
  -8.6417012e-03
   3.6801655e-02
   2.2834065e-02
  -2.0525106e-03
   0.0000000e+00
   1.0492218e-03
  -7.6559022e-03
  -1.0985827e-02
  -1.6089527e-02
  -2.2058491e-02
  -2.8700976e-02
  -3.4469966e-02
  -3.9038822e-02
  -4.2268824e-02
  -4.3930691e-02
  -4.3588702e-02
  -3.9043922e-02
  -2.7161485e-02
  -1.0912816e-02
  -4.8514819e-03
  -1.1361874e-02
  -3.1995440e-02
  -2.3109309e-03
  -0.0000000e+00
  -1.9892143e-02
  -2.6907969e-02
  -3.2242749e-02
  -2.4815288e-02
   0.0000000e+00
   0.0000000e+00
   0.0000000e+00
   0.0000000e+00
   0.0000000e+00
   0.0000000e+00
   0.0000000e+00
  -1.6714768e-03
  -1.0734651e-02
   0.0000000e+00
   3.5368299e-02
   0.0000000e+00
  -0.0000000e+00
  -4.7740072e-03
  -9.3397515e-03
  -9.1916742e-03
  -1.1308678e-02
  -1.5788265e-02
  -2.1991182e-02
  -2.7890481e-02
  -3.2751713e-02
  -3.6898386e-02
  -4.0758777e-02
  -4.4409215e-02
  -4.5298915e-02
  -3.6976960e-02
  -1.7156165e-02
  -4.4455973e-03
  -8.0324303e-03
  -0.0000000e+00
  -3.7587676e-03
  -9.7725485e-03
  -1.6781097e-02
  -2.7164359e-02
  -4.1654624e-02
  -4.4557515e-02
   0.0000000e+00
   0.0000000e+00
   0.0000000e+00
   0.0000000e+00
   0.0000000e+00
   0.0000000e+00
   0.0000000e+00
   7.3777568e-03
  -1.0760739e-02
   0.0000000e+00
   0.0000000e+00
   0.0000000e+00
  -0.0000000e+00
  -1.3840207e-02
  -1.4408924e-02
  -1.0227916e-02
  -7.9652369e-03
  -9.4700875e-03
  -1.4614039e-02
  -2.0445535e-02
  -2.5145436e-02
  -2.8572267e-02
  -3.1862285e-02
  -3.6396999e-02
  -4.1015774e-02
  -3.7644062e-02
  -1.9718045e-02
  -2.2289023e-03
   0.0000000e+00
  -0.0000000e+00
  -7.2016576e-03
  -7.7800038e-03
  -1.1931131e-02
  -2.2907704e-02
  -4.3756716e-02
  -5.7774395e-02
   0.0000000e+00
   0.0000000e+00
   0.0000000e+00
   0.0000000e+00
   0.0000000e+00
   0.0000000e+00
   0.0000000e+00
   0.0000000e+00
  -0.0000000e+00
   0.0000000e+00
   0.0000000e+00
   0.0000000e+00
  -0.0000000e+00
  -2.4196501e-02
  -1.7600628e-02
  -1.3691599e-02
  -7.8365067e-03
  -5.3211059e-03
  -7.6754256e-03
  -1.2822293e-02
  -1.7545726e-02
  -2.0725692e-02
  -2.3538571e-02
  -2.8432516e-02
  -3.6151964e-02
  -3.7940741e-02
  -2.0851786e-02
   0.0000000e+00
  -8.1243833e-03
  -9.8065045e-03
  -6.5436698e-03
  -6.1660111e-03
  -7.7962410e-03
  -1.6010711e-02
  -3.6997613e-02
  -5.9492803e-02
   0.0000000e+00
   0.0000000e+00
   0.0000000e+00
   0.0000000e+00
   0.0000000e+00
   0.0000000e+00
   0.0000000e+00
   0.0000000e+00
   0.0000000e+00
   0.0000000e+00
   0.0000000e+00
   0.0000000e+00
   0.0000000e+00
  -0.0000000e+00
  -1.8374786e-02
  -1.2859886e-02
  -6.8003335e-03
  -3.1683566e-03
  -2.9489007e-03
  -6.3469647e-03
  -1.0687324e-02
  -1.3681419e-02
  -1.6828895e-02
  -2.3045998e-02
  -3.4532882e-02
  -4.0684998e-02
  -2.4482973e-02
   0.0000000e+00
   4.0166290e-03
  -5.6991745e-03
  -3.4278878e-03
  -4.1950843e-03
  -4.7332565e-03
  -9.0009822e-03
  -2.4127465e-02
  -4.7500455e-02
   0.0000000e+00
   0.0000000e+00
   0.0000000e+00
   0.0000000e+00
   0.0000000e+00
   0.0000000e+00
   0.0000000e+00
   0.0000000e+00
   0.0000000e+00
   0.0000000e+00
   0.0000000e+00
   0.0000000e+00
   0.0000000e+00
  -0.0000000e+00
  -2.3803264e-02
  -9.2217242e-03
  -1.1633469e-03
   1.5314823e-03
   1.4174288e-03
  -9.6785562e-04
  -4.7671539e-03
  -7.3784390e-03
  -1.0767401e-02
  -1.8597657e-02
  -3.4746263e-02
  -4.3813490e-02
  -2.1704040e-02
   0.0000000e+00
   0.0000000e+00
  -5.6371052e-03
   6.1236910e-04
  -6.6557451e-04
  -1.7930008e-03
  -3.7991118e-03
  -1.3577815e-02
  -3.4240901e-02
   0.0000000e+00
   0.0000000e+00
   0.0000000e+00
   0.0000000e+00
   0.0000000e+00
   0.0000000e+00
   0.0000000e+00
   0.0000000e+00
   0.0000000e+00
   0.0000000e+00
   0.0000000e+00
   0.0000000e+00
   0.0000000e+00
  -0.0000000e+00
  -3.2553487e-02
  -1.2744368e-02
   2.7883379e-03
   9.6137598e-03
   9.3949679e-03
   7.3828823e-03
   4.6527009e-03
   2.5367583e-03
  -5.6619733e-04
  -9.7946273e-03
  -3.4122586e-02
  -4.3864909e-02
   0.0000000e+00
   0.0000000e+00
   0.0000000e+00
   0.0000000e+00
   3.4159410e-03
   3.5777101e-03
   3.1086903e-03
   2.3114050e-03
  -3.8464037e-03
  -2.3187799e-02
  -3.5593376e-02
   0.0000000e+00
   0.0000000e+00
  -0.0000000e+00
  -0.0000000e+00
   0.0000000e+00
   0.0000000e+00
   0.0000000e+00
   0.0000000e+00
   0.0000000e+00
   0.0000000e+00
   0.0000000e+00
   0.0000000e+00
  -0.0000000e+00
  -3.8872428e-02
  -1.6946722e-02
  -2.5794214e-03
   1.1376528e-02
   1.3619330e-02
   1.2803547e-02
   1.1902982e-02
   1.0662752e-02
   9.0239028e-03
   6.7788642e-04
  -3.0493483e-02
  -4.3298761e-02
   0.0000000e+00
   0.0000000e+00
   0.0000000e+00
   0.0000000e+00
   0.0000000e+00
   5.4033923e-03
   6.5281582e-03
   6.6664275e-03
   2.1030572e-03
  -1.6002268e-02
  -3.1181003e-02
  -0.0000000e+00
  -0.0000000e+00
  -0.0000000e+00
  -0.0000000e+00
   0.0000000e+00
   0.0000000e+00
   0.0000000e+00
   0.0000000e+00
   0.0000000e+00
   0.0000000e+00
   0.0000000e+00
   0.0000000e+00
   0.0000000e+00
  -0.0000000e+00
  -1.8819489e-02
  -6.0973265e-03
   1.2734377e-02
   1.7315259e-02
   1.7254617e-02
   1.7208301e-02
   1.6865676e-02
   1.7562749e-02
   1.2710335e-02
  -1.8045885e-02
  -3.7823338e-02
   0.0000000e+00
   0.0000000e+00
   0.0000000e+00
   0.0000000e+00
   0.0000000e+00
   5.7188724e-03
   8.4798783e-03
   9.8103443e-03
   6.4085359e-03
  -8.3847549e-03
  -2.2296215e-02
  -0.0000000e+00
  -0.0000000e+00
   0.0000000e+00
   0.0000000e+00
   0.0000000e+00
   0.0000000e+00
   0.0000000e+00
   0.0000000e+00
   0.0000000e+00
   0.0000000e+00
   0.0000000e+00
   0.0000000e+00
   0.0000000e+00
  -0.0000000e+00
  -2.9329059e-02
  -1.0946579e-02
   7.5304839e-03
   1.4438455e-02
   1.6226819e-02
   1.6302411e-02
   1.7066391e-02
   1.9945084e-02
   1.9597074e-02
   1.5081224e-03
  -8.1669148e-03
   0.0000000e+00
   0.0000000e+00
   0.0000000e+00
   0.0000000e+00
   0.0000000e+00
   5.5488495e-03
   7.7282181e-03
   9.7975601e-03
   6.9350813e-03
  -2.0515556e-03
  -8.4613743e-03
  -0.0000000e+00
  -0.0000000e+00
   0.0000000e+00
   0.0000000e+00
   0.0000000e+00
   0.0000000e+00
   0.0000000e+00
   0.0000000e+00
   0.0000000e+00
   0.0000000e+00
   0.0000000e+00
   0.0000000e+00
   0.0000000e+00
   0.0000000e+00
  -0.0000000e+00
  -2.3067683e-02
  -7.7348328e-03
  -1.8038290e-04
   4.1086180e-03
   5.3357843e-03
   7.9655265e-03
   1.5322828e-02
   2.1331153e-02
   1.4333230e-02
   7.1328128e-03
   0.0000000e+00
   0.0000000e+00
   0.0000000e+00
   0.0000000e+00
   0.0000000e+00
  -0.0000000e+00
   4.3515552e-04
   5.8203035e-03
   5.2178772e-03
   1.7645170e-03
  -1.5949233e-03
   0.0000000e+00
   0.0000000e+00
   0.0000000e+00
   0.0000000e+00
   0.0000000e+00
   0.0000000e+00
   0.0000000e+00
   0.0000000e+00
   0.0000000e+00
   0.0000000e+00
   0.0000000e+00
   0.0000000e+00
   0.0000000e+00
   0.0000000e+00
  -0.0000000e+00
  -3.1196361e-02
  -1.6782590e-02
  -2.3104696e-02
  -1.8902696e-02
  -1.6425880e-02
  -7.4240307e-03
   2.5880837e-03
   1.7921213e-02
   2.5899361e-02
   0.0000000e+00
   0.0000000e+00
   0.0000000e+00
   0.0000000e+00
   0.0000000e+00
   0.0000000e+00
   0.0000000e+00
  -0.0000000e+00
  -2.0767946e-03
   1.9827689e-03
   2.7347519e-03
   4.6821072e-03
   0.0000000e+00
   0.0000000e+00
   0.0000000e+00
   0.0000000e+00
   0.0000000e+00
   0.0000000e+00
   0.0000000e+00
   0.0000000e+00
   0.0000000e+00
   0.0000000e+00
   0.0000000e+00
   0.0000000e+00
   0.0000000e+00
   0.0000000e+00
  -0.0000000e+00
  -0.0000000e+00
   0.0000000e+00
  -3.4726418e-02
  -4.6793148e-02
  -3.7415138e-02
   0.0000000e+00
  -0.0000000e+00
   1.2728842e-02
   2.6927439e-02
   0.0000000e+00
   0.0000000e+00
   0.0000000e+00
   0.0000000e+00
   0.0000000e+00
   0.0000000e+00
  -0.0000000e+00
  -0.0000000e+00
  -1.2058790e-02
  -3.3896541e-03
  -3.7835720e-03
   1.8696269e-03
   1.3326130e-02
   0.0000000e+00
   0.0000000e+00
   0.0000000e+00
   0.0000000e+00
   0.0000000e+00
   0.0000000e+00
   0.0000000e+00
   0.0000000e+00
   0.0000000e+00
   0.0000000e+00
   0.0000000e+00
   0.0000000e+00
   0.0000000e+00
   0.0000000e+00
   0.0000000e+00
   0.0000000e+00
   0.0000000e+00
   0.0000000e+00
   0.0000000e+00
   0.0000000e+00
   0.0000000e+00
   0.0000000e+00
   0.0000000e+00
   0.0000000e+00
   0.0000000e+00
   0.0000000e+00
   0.0000000e+00
   0.0000000e+00
   0.0000000e+00
  -0.0000000e+00
  -0.0000000e+00
   0.0000000e+00
  -0.0000000e+00
  -3.3702567e-02
  -2.2163983e-02
  -1.5015803e-02
   2.3298464e-03
   0.0000000e+00
  -0.0000000e+00
  -0.0000000e+00
   0.0000000e+00
   0.0000000e+00
   0.0000000e+00
   0.0000000e+00
   0.0000000e+00
   0.0000000e+00
   0.0000000e+00
   0.0000000e+00
   0.0000000e+00
   0.0000000e+00
   0.0000000e+00
   0.0000000e+00
   0.0000000e+00
   0.0000000e+00
  -0.0000000e+00
  -0.0000000e+00
  -0.0000000e+00
  -0.0000000e+00
  -0.0000000e+00
  -0.0000000e+00
  -0.0000000e+00
  -0.0000000e+00
  -0.0000000e+00
  -0.0000000e+00
  -0.0000000e+00
  -0.0000000e+00
  -0.0000000e+00
  -0.0000000e+00
  -0.0000000e+00
  -0.0000000e+00
  -3.3202379e-02
  -2.2629341e-02
  -1.1630911e-02
  -2.7911962e-03
  -3.1873188e-03
  -3.1976078e-03
  -2.1862750e-03
  -5.1429806e-06
   8.6204782e-04
   2.5021971e-03
   0.0000000e+00
   0.0000000e+00
