  3.502066e-01
  1.809363e-01
  1.429734e-01
  1.274791e-01
  1.384207e-01
  1.406229e-01
  1.269458e-01
  1.197799e-01
  1.330108e-01
  1.385800e-01
  1.357408e-01
  1.260405e-01
  1.145634e-01
  8.714165e-02
  7.976954e-02
  8.030017e-02
  7.502401e-02
  7.218320e-02
  7.109680e-02
  6.920596e-02
  6.762532e-02
  6.477648e-02
  6.526901e-02
  6.501158e-02
  6.805311e-02
  7.384878e-02
  7.837083e-02
  7.683102e-02
  7.591830e-02
  7.123182e-02
  6.597792e-02
  6.689833e-02
  6.914751e-02
  7.170126e-02
  1.564372e-01
  5.675527e-01
