   0.0000000e+00
   1.7322587e-01
   0.0000000e+00
   0.0000000e+00
   2.2916026e-02
   0.0000000e+00
   1.0068913e-01
   6.1811039e-02
   3.1830755e-02
   3.3940928e-02
   2.7901604e-02
   1.8502180e-02
   0.0000000e+00
   0.0000000e+00
   1.4588448e-02
   3.3315909e-03
   4.9130760e-03
   9.4155945e-03
   2.9838093e-02
   0.0000000e+00
   1.9760256e-02
   3.3211567e-03
  -8.9574846e-03
  -3.5610451e-03
   1.4203611e-03
  -0.0000000e+00
  -0.0000000e+00
   0.0000000e+00
   0.0000000e+00
   0.0000000e+00
   0.0000000e+00
   0.0000000e+00
   0.0000000e+00
   0.0000000e+00
   0.0000000e+00
   0.0000000e+00
   1.5928063e-01
   8.3409820e-02
   2.4340752e-02
   2.1177513e-02
   9.3667171e-03
   2.8523808e-03
   1.0216837e-02
   1.3100635e-02
   9.4982954e-03
   1.0176647e-02
   9.3913944e-03
   8.1823592e-03
   6.8846013e-03
   6.1843742e-03
   5.8086638e-03
   6.7134714e-03
   4.3529770e-03
   4.0391330e-03
   2.7557411e-03
  -3.6047364e-03
   3.3609155e-03
   5.0466093e-03
   3.3303637e-03
   3.1236889e-03
   5.8800971e-04
  -7.6977933e-03
  -2.8159015e-03
   3.9689508e-03
   4.6032714e-03
  -4.3000225e-03
  -1.2475890e-02
   0.0000000e+00
   4.0009605e-02
   1.5932796e-02
  -1.6416627e-03
   0.0000000e+00
   2.3166303e-02
   7.1182558e-03
  -5.3587863e-03
  -9.8936052e-03
  -8.3719967e-03
  -4.6296944e-03
   1.5253080e-04
   1.9489083e-03
   1.9778810e-03
   2.9756675e-03
   4.3796864e-03
   4.2902250e-03
   1.3759045e-03
  -1.2780980e-03
  -2.1784897e-03
  -8.7456208e-04
  -1.5377114e-03
  -3.4904385e-03
  -4.9181053e-03
  -4.8187218e-03
  -1.3725490e-03
  -1.1837500e-04
   2.7617114e-03
   4.6975440e-03
   3.4180363e-03
   1.7393379e-03
   4.7269615e-04
   2.1971699e-03
   3.4566214e-03
   3.3993241e-03
   5.4929593e-03
   1.8624279e-02
   2.6238702e-02
   1.8731605e-02
   1.0830233e-02
   1.2193205e-02
  -2.3189881e-02
  -3.1123672e-02
  -3.2351758e-02
  -2.7351771e-02
  -1.8704893e-02
  -9.4381738e-03
  -3.5394647e-03
  -3.4462158e-03
  -2.0698044e-03
   1.2094767e-05
   8.6975266e-04
  -2.2886051e-03
  -8.2786912e-03
  -1.1187105e-02
  -1.1377690e-02
  -1.0552188e-02
  -1.0987450e-02
  -1.2980871e-02
  -1.6108372e-02
  -8.9114825e-03
  -7.9188440e-03
  -8.1469761e-03
   9.7392866e-04
   4.3455809e-03
   1.8185675e-03
  -2.3472738e-03
  -6.9140960e-03
  -1.0445250e-02
  -1.0569976e-02
  -5.8292774e-03
   1.6552667e-03
   9.3861036e-03
   1.2113555e-02
   1.3530950e-02
   8.5683400e-03
  -1.0131021e-02
  -4.5027189e-02
  -4.6434227e-02
  -3.9330009e-02
  -2.8732073e-02
  -1.5805101e-02
  -6.8656020e-03
  -4.4659930e-03
  -5.9107026e-03
   2.2225756e-03
   4.0937652e-04
  -3.1413368e-03
  -9.8874820e-03
  -1.8119320e-02
  -1.9556815e-02
  -1.8076178e-02
  -1.6208541e-02
  -1.5300409e-02
  -1.7706050e-02
  -2.2930859e-02
  -0.0000000e+00
  -1.5201201e-02
  -1.4417462e-02
  -1.9179255e-03
   1.8284064e-03
  -2.5105469e-03
  -8.4527982e-03
  -1.5452141e-02
  -2.1683583e-02
  -2.1595642e-02
  -1.6720740e-02
  -7.6512941e-03
   4.1194926e-03
   6.9235861e-03
   1.0443492e-02
   1.8784243e-03
  -2.8401241e-02
  -4.6957461e-02
  -3.9743933e-02
  -2.7660223e-02
  -2.2790579e-02
  -0.0000000e+00
  -6.9008585e-04
  -1.5829159e-03
  -5.3543838e-03
  -4.3110567e-03
  -4.4076624e-03
  -8.2830628e-03
  -1.5593254e-02
  -2.1676577e-02
  -2.1010668e-02
  -1.8201405e-02
  -1.5150879e-02
  -1.3755953e-02
  -1.6288843e-02
  -1.8173400e-02
   0.0000000e+00
  -1.7262749e-02
  -1.2738509e-02
  -3.3640094e-03
  -1.5053568e-03
  -6.8827980e-03
  -1.1886096e-02
  -1.9770191e-02
  -2.5278163e-02
  -2.3697528e-02
  -1.8207140e-02
  -9.8065545e-03
   2.5254483e-03
   6.1066046e-03
   8.4961289e-03
  -1.1004015e-02
  -3.9780560e-02
  -3.0543682e-02
  -0.0000000e+00
  -0.0000000e+00
  -0.0000000e+00
   0.0000000e+00
   3.6191523e-03
   2.1303110e-03
   1.9745690e-03
  -1.9808738e-03
  -6.7458451e-03
  -1.0768944e-02
  -1.6690020e-02
  -1.8363722e-02
  -1.6733343e-02
  -1.4400710e-02
  -1.1581568e-02
  -1.0106717e-02
  -1.1059177e-02
  -7.8591054e-03
   0.0000000e+00
  -1.5268524e-02
  -9.0679247e-03
  -3.1201334e-03
  -3.8680958e-03
  -8.1247566e-03
  -1.1743292e-02
  -1.7038131e-02
  -1.7889122e-02
  -1.3931606e-02
  -7.3985849e-03
  -1.8156463e-03
   6.9016409e-03
   6.4192764e-03
  -1.0487951e-03
  -2.1863911e-02
  -3.4706693e-02
  -1.7028107e-03
   0.0000000e+00
   0.0000000e+00
   0.0000000e+00
   0.0000000e+00
   9.7190984e-03
   5.8370901e-03
   3.0182414e-03
  -1.6301021e-03
  -6.9337935e-03
  -9.3515031e-03
  -1.2033400e-02
  -1.2262534e-02
  -1.1783664e-02
  -1.0370500e-02
  -7.8657549e-03
  -5.7939151e-03
  -4.0054033e-03
   2.2279282e-03
   0.0000000e+00
  -0.0000000e+00
  -8.6706440e-03
  -5.7805460e-03
  -6.3858046e-03
  -7.8260852e-03
  -8.5038589e-03
  -6.4717322e-03
  -1.5850473e-03
  -1.9676285e-03
   1.6136633e-03
   2.5391457e-03
   4.0572062e-03
  -2.8967201e-03
  -1.1777468e-02
  -1.8996505e-02
  -1.7382583e-02
   2.4871552e-02
   0.0000000e+00
   0.0000000e+00
   0.0000000e+00
   0.0000000e+00
   9.2214286e-03
   2.1942563e-03
  -7.2216755e-04
  -2.6183093e-03
  -3.8702446e-03
  -3.9034209e-03
  -5.5681719e-03
  -7.2390111e-03
  -8.1065195e-03
  -7.4555008e-03
  -5.0692465e-03
  -2.1058950e-03
   4.2166812e-03
   2.2303903e-02
   0.0000000e+00
   0.0000000e+00
  -8.9314392e-03
  -9.1288835e-03
  -7.4052545e-03
  -5.5071088e-03
  -1.8089050e-03
   1.1347057e-02
   2.3077958e-02
  -0.0000000e+00
   1.2308549e-03
   7.2219328e-04
  -3.1667496e-03
  -7.4147959e-03
  -8.1088608e-03
  -7.0325057e-03
   1.2772058e-03
   4.1674001e-02
   0.0000000e+00
   0.0000000e+00
   0.0000000e+00
   0.0000000e+00
   7.7029221e-03
   2.1731984e-03
   1.1130047e-03
   1.7488035e-03
   2.4283505e-03
   2.9707020e-03
   5.4430962e-04
  -2.5921632e-03
  -4.7029876e-03
  -4.3198173e-03
  -1.5940128e-03
   2.4606704e-03
   1.3728058e-02
   4.0690405e-02
   0.0000000e+00
   0.0000000e+00
  -1.1509545e-02
  -1.4132121e-02
  -5.9457365e-03
  -2.7484895e-04
   7.9123080e-03
   3.3263456e-02
   0.0000000e+00
   0.0000000e+00
   2.6367798e-03
   2.8099534e-03
  -2.7282429e-03
  -8.0611533e-04
   1.8324344e-03
   5.2254549e-03
   1.7195435e-02
   4.2547341e-02
   2.9011549e-02
   0.0000000e+00
   0.0000000e+00
   1.5158743e-02
   1.2320432e-02
   7.8790327e-03
   7.1266782e-03
   7.5610294e-03
   8.5072610e-03
   8.3252080e-03
   4.5312848e-03
   3.8385649e-04
  -1.9362037e-03
  -1.1560124e-03
   2.2331753e-03
   7.8299800e-03
   2.2260362e-02
   4.8610434e-02
   0.0000000e+00
   0.0000000e+00
  -0.0000000e+00
  -1.9536267e-02
  -3.2081457e-03
   5.0808008e-03
   1.7823275e-02
   5.4918516e-02
   0.0000000e+00
   0.0000000e+00
   9.3031445e-03
   4.4801318e-03
   1.8699989e-03
   6.2763370e-03
   9.4099471e-03
   1.4287304e-02
   2.7440622e-02
   3.9031688e-02
   2.4746863e-02
   0.0000000e+00
   0.0000000e+00
   1.7512457e-02
   1.7838795e-02
   1.3501571e-02
   1.2257687e-02
   1.2080166e-02
   1.2471679e-02
   1.0533436e-02
   5.4888735e-03
   1.5990005e-03
   1.9864136e-04
   1.9159935e-03
   6.3953991e-03
   1.3891340e-02
   2.9603684e-02
   4.7059898e-02
   0.0000000e+00
   0.0000000e+00
   0.0000000e+00
  -1.9298866e-02
   7.8722264e-04
   1.0996174e-02
   2.8911341e-02
   6.5727510e-02
   0.0000000e+00
   0.0000000e+00
   0.0000000e+00
   2.6093205e-03
   5.9818421e-03
   1.0843476e-02
   1.5346351e-02
   2.2268191e-02
   3.3267502e-02
   3.6570210e-02
   2.5114389e-02
   1.2863769e-02
   0.0000000e+00
   2.1644711e-02
   1.9123398e-02
   1.5269186e-02
   1.3686250e-02
   1.2990784e-02
   1.2418132e-02
   9.0702400e-03
   4.1864314e-03
   1.5191529e-03
   1.6183861e-03
   4.7787740e-03
   1.0447145e-02
   1.9501258e-02
   3.5824940e-02
   4.1089335e-02
   0.0000000e+00
   0.0000000e+00
   0.0000000e+00
  -1.1562887e-02
   5.7252552e-03
   1.7681602e-02
   3.8069494e-02
   6.6888065e-02
   0.0000000e+00
   0.0000000e+00
   0.0000000e+00
   0.0000000e+00
   9.3064916e-03
   1.3537182e-02
   1.9871458e-02
   2.7804378e-02
   3.5550307e-02
   3.5100259e-02
   2.7377309e-02
   1.4026539e-02
   1.5732694e-02
   0.0000000e+00
   1.6884929e-02
   1.2414446e-02
   9.9697327e-03
   9.1409246e-03
   8.3806803e-03
   5.3185308e-03
   2.1129288e-03
   1.6924993e-03
   3.9488249e-03
   9.0448624e-03
   1.6314646e-02
   2.6939265e-02
   4.3840799e-02
   4.9015404e-02
   0.0000000e+00
   0.0000000e+00
   0.0000000e+00
   1.4761938e-03
   1.3926186e-02
   2.7100677e-02
   4.6347551e-02
   6.5797418e-02
   0.0000000e+00
   0.0000000e+00
   0.0000000e+00
  -1.4357351e-02
   1.4322982e-02
   1.6024800e-02
   2.3473887e-02
   3.1314533e-02
   3.6189288e-02
   3.0517153e-02
   2.6931180e-02
   1.4595473e-02
   0.0000000e+00
   1.8127950e-02
   9.7486302e-03
   5.0703394e-03
   3.1585705e-03
   3.6626586e-03
   3.9878194e-03
   2.5840243e-03
   1.6339880e-03
   3.3922573e-03
   7.4923364e-03
   1.4373905e-02
   2.2683579e-02
   3.3522844e-02
   4.6476442e-02
   0.0000000e+00
   0.0000000e+00
   0.0000000e+00
   0.0000000e+00
   0.0000000e+00
   2.2501828e-02
   3.5007041e-02
   4.8559062e-02
   4.8783451e-02
   0.0000000e+00
   0.0000000e+00
   0.0000000e+00
  -6.8523775e-03
   1.8258176e-02
   1.7954851e-02
   2.4981156e-02
   3.1262621e-02
   3.3311702e-02
   2.5402567e-02
   2.1441589e-02
   8.0270264e-03
   2.7555118e-03
   1.6401693e-02
   8.3989440e-04
  -2.4070551e-03
  -3.2035902e-03
  -2.1502241e-03
  -9.4484299e-04
  -4.7552597e-04
   1.0518201e-03
   5.0760289e-03
   1.1459352e-02
   1.9593759e-02
   2.7370328e-02
   3.5719287e-02
   4.1248403e-02
   0.0000000e+00
   0.0000000e+00
   0.0000000e+00
   0.0000000e+00
   0.0000000e+00
   2.9610161e-02
   3.8168892e-02
   4.4368174e-02
   3.1295270e-02
   0.0000000e+00
   0.0000000e+00
   0.0000000e+00
  -1.2012916e-03
   1.9159326e-02
   1.9012742e-02
   2.4595760e-02
   2.8435234e-02
   2.6954057e-02
   0.0000000e+00
   7.1115113e-03
  -6.1351547e-04
   7.9189323e-04
   7.1954695e-03
  -6.1828597e-03
  -8.9644557e-03
  -1.0731964e-02
  -1.1378847e-02
  -1.0733096e-02
  -8.9886384e-03
  -4.7777304e-03
   2.2559639e-03
   1.1042790e-02
   1.9870695e-02
   2.7117826e-02
   3.2362070e-02
   3.1892667e-02
   0.0000000e+00
   0.0000000e+00
   0.0000000e+00
   0.0000000e+00
   2.9729564e-02
   3.2983411e-02
   3.6027674e-02
   3.5529867e-02
   2.2242009e-02
   0.0000000e+00
   0.0000000e+00
   0.0000000e+00
  -4.2388897e-03
   1.4001108e-02
   1.6305570e-02
   2.0560779e-02
   2.2930825e-02
   2.0058414e-02
   0.0000000e+00
   0.0000000e+00
  -3.4842573e-03
   1.5899773e-04
  -9.0219441e-04
  -8.5907159e-03
  -1.1792617e-02
  -1.4591127e-02
  -1.6570598e-02
  -1.6871409e-02
  -1.4982497e-02
  -9.7290715e-03
  -2.3837214e-03
   5.5366429e-03
   1.3132181e-02
   1.9114954e-02
   2.2233455e-02
   1.8200278e-02
   0.0000000e+00
   0.0000000e+00
   0.0000000e+00
   0.0000000e+00
   2.6228276e-02
   2.8108826e-02
   2.7087297e-02
   2.3480680e-02
   1.1917932e-02
   0.0000000e+00
   0.0000000e+00
   0.0000000e+00
  -8.8340720e-03
   4.2792042e-03
   9.0605160e-03
   1.3284980e-02
   1.5859667e-02
   1.0608667e-02
   0.0000000e+00
   0.0000000e+00
  -2.3037722e-03
  -1.2732889e-03
  -2.2175885e-03
  -4.0575634e-03
  -5.0408244e-03
  -6.3229473e-03
  -7.5742435e-03
  -7.9268068e-03
  -6.6352268e-03
  -2.7990276e-03
   2.6689279e-03
   8.6052706e-03
   1.3678681e-02
   1.6353341e-02
   1.5969252e-02
   9.1130445e-03
   0.0000000e+00
   0.0000000e+00
   0.0000000e+00
   4.6458947e-03
   1.8462413e-02
   2.0362027e-02
   1.8888777e-02
   1.5942641e-02
   7.5878656e-03
   0.0000000e+00
   0.0000000e+00
   0.0000000e+00
  -1.1322855e-02
  -2.3067223e-03
   3.8886452e-03
   8.7178806e-03
   1.3141138e-02
   6.7557614e-03
   0.0000000e+00
   0.0000000e+00
  -1.3139813e-03
  -4.3208690e-03
  -4.3527415e-03
  -5.1262413e-03
  -5.4377637e-03
  -5.6025085e-03
  -5.5899487e-03
  -5.0272451e-03
  -2.9453059e-03
   1.6007083e-03
   8.2507073e-03
   1.5695916e-02
   1.9867380e-02
   1.7005173e-02
   8.1736213e-03
   5.7711843e-04
  -0.0000000e+00
   0.0000000e+00
   0.0000000e+00
  -5.2912570e-03
   8.1879041e-03
   1.0977100e-02
   1.2219929e-02
   0.0000000e+00
   0.0000000e+00
   0.0000000e+00
   0.0000000e+00
   0.0000000e+00
  -0.0000000e+00
  -5.7665796e-03
  -9.0564053e-04
   5.7560935e-03
   1.4249042e-02
   5.3735193e-03
  -0.0000000e+00
  -1.5636009e-03
   7.1407064e-04
  -7.8685854e-03
  -1.1310142e-02
  -1.5642336e-02
  -1.9496230e-02
  -2.2529585e-02
  -2.4290472e-02
  -2.4139851e-02
  -2.1932395e-02
  -1.7170426e-02
  -1.0150926e-02
  -9.9684740e-04
   6.6634752e-03
   4.8759449e-03
  -4.2895144e-03
  -1.0010639e-02
  -0.0000000e+00
   0.0000000e+00
  -1.9538525e-02
  -1.5943287e-02
  -1.2941696e-02
  -6.2743607e-03
   5.4261338e-03
   0.0000000e+00
   0.0000000e+00
   0.0000000e+00
   0.0000000e+00
   0.0000000e+00
  -0.0000000e+00
  -7.3238724e-03
  -7.4767675e-03
   1.0267361e-02
   2.6502814e-02
   4.9511884e-03
  -0.0000000e+00
   2.7974859e-04
  -3.3524577e-03
  -9.2835245e-03
  -1.4029109e-02
  -1.9995939e-02
  -2.6122501e-02
  -3.1899057e-02
  -3.6647920e-02
  -3.9319761e-02
  -4.0146980e-02
  -3.8828298e-02
  -3.4665760e-02
  -2.5699511e-02
  -1.1563450e-02
  -3.8165879e-03
  -7.0721954e-03
  -1.7065171e-02
  -2.9660377e-02
   0.0000000e+00
  -1.8716165e-02
  -2.1822352e-02
  -2.6808038e-02
  -2.1387089e-02
  -0.0000000e+00
   0.0000000e+00
   0.0000000e+00
   0.0000000e+00
   0.0000000e+00
   0.0000000e+00
   0.0000000e+00
   2.7431827e-03
  -1.0644397e-02
  -0.0000000e+00
   4.0465156e-02
   2.1299198e-02
   0.0000000e+00
   2.0730728e-04
  -7.9146825e-03
  -8.4465720e-03
  -1.1820911e-02
  -1.6781885e-02
  -2.2813849e-02
  -2.9028988e-02
  -3.4728132e-02
  -3.8999137e-02
  -4.2479213e-02
  -4.5238566e-02
  -4.5564611e-02
  -4.0164653e-02
  -2.3903826e-02
  -6.6217333e-03
  -6.5509882e-03
  -0.0000000e+00
  -1.6646637e-02
  -4.7849147e-03
  -1.5635500e-02
  -2.2978444e-02
  -3.2932755e-02
  -3.6913391e-02
  -0.0000000e+00
   0.0000000e+00
   0.0000000e+00
   0.0000000e+00
   0.0000000e+00
   0.0000000e+00
   0.0000000e+00
   1.4429721e-02
  -9.3590701e-03
  -0.0000000e+00
   0.0000000e+00
   0.0000000e+00
  -0.0000000e+00
  -1.1398419e-02
  -1.1305919e-02
  -1.0290932e-02
  -8.8888900e-03
  -1.0652655e-02
  -1.5399772e-02
  -2.1326849e-02
  -2.7006013e-02
  -3.1012747e-02
  -3.4555513e-02
  -3.8743153e-02
  -4.2800149e-02
  -4.2501450e-02
  -2.9281197e-02
  -8.3517974e-03
  -0.0000000e+00
  -0.0000000e+00
  -1.0938966e-02
  -6.1520264e-03
  -1.1693741e-02
  -1.8962130e-02
  -3.3527255e-02
  -5.0685655e-02
  -0.0000000e+00
   0.0000000e+00
   0.0000000e+00
   0.0000000e+00
   0.0000000e+00
   0.0000000e+00
   0.0000000e+00
   0.0000000e+00
  -0.0000000e+00
  -0.0000000e+00
   0.0000000e+00
   0.0000000e+00
   0.0000000e+00
  -2.1307847e-02
  -1.7688103e-02
  -1.5261045e-02
  -9.6437940e-03
  -6.4902157e-03
  -8.1747761e-03
  -1.3147776e-02
  -1.8831417e-02
  -2.2593573e-02
  -2.5322068e-02
  -2.9037114e-02
  -3.4889724e-02
  -3.9501876e-02
  -3.0941963e-02
  -1.4123324e-02
  -1.1298320e-02
  -1.1586659e-02
  -9.0050058e-03
  -6.4954758e-03
  -7.7341469e-03
  -1.3108228e-02
  -2.7799835e-02
  -5.5028107e-02
  -0.0000000e+00
   0.0000000e+00
   0.0000000e+00
   0.0000000e+00
   0.0000000e+00
   0.0000000e+00
   0.0000000e+00
   0.0000000e+00
   0.0000000e+00
   0.0000000e+00
   0.0000000e+00
   0.0000000e+00
   0.0000000e+00
  -0.0000000e+00
  -2.3143254e-02
  -1.6689545e-02
  -1.0992447e-02
  -5.6370767e-03
  -4.2758710e-03
  -7.0722736e-03
  -1.2268194e-02
  -1.5987385e-02
  -1.8655833e-02
  -2.2603499e-02
  -3.0176828e-02
  -3.8739100e-02
  -3.2564860e-02
  -0.0000000e+00
  -2.1575424e-03
  -2.8148651e-03
  -5.7322807e-03
  -5.2642715e-03
  -5.5717700e-03
  -8.4471609e-03
  -1.9320896e-02
  -4.6927936e-02
  -0.0000000e+00
   0.0000000e+00
   0.0000000e+00
   0.0000000e+00
   0.0000000e+00
   0.0000000e+00
   0.0000000e+00
   0.0000000e+00
   0.0000000e+00
   0.0000000e+00
   0.0000000e+00
   0.0000000e+00
   0.0000000e+00
   0.0000000e+00
  -2.7955300e-02
  -1.4427941e-02
  -7.3054787e-03
  -2.2549966e-03
  -6.6938470e-04
  -1.7807218e-03
  -5.7780875e-03
  -9.1399987e-03
  -1.1731603e-02
  -1.6616855e-02
  -2.7293811e-02
  -4.0614961e-02
  -3.3246844e-02
  -0.0000000e+00
   0.0000000e+00
  -3.0424182e-04
  -1.6514219e-03
  -1.5545800e-03
  -3.0370633e-03
  -4.1298163e-03
  -1.0063796e-02
  -3.0618459e-02
  -4.3113674e-02
   0.0000000e+00
   0.0000000e+00
   0.0000000e+00
   0.0000000e+00
   0.0000000e+00
   0.0000000e+00
   0.0000000e+00
   0.0000000e+00
   0.0000000e+00
   0.0000000e+00
   0.0000000e+00
   0.0000000e+00
   0.0000000e+00
  -3.2618970e-02
  -1.8614486e-02
  -3.0918410e-03
   5.2490523e-03
   5.9696613e-03
   4.4750851e-03
   1.3804437e-03
  -1.6493003e-03
  -3.9331284e-03
  -9.4762044e-03
  -2.3812233e-02
  -4.2984549e-02
  -4.0930609e-02
   0.0000000e+00
   0.0000000e+00
   0.0000000e+00
   2.4037361e-03
   2.5929643e-03
   8.6037326e-04
   1.7944339e-04
  -2.8719869e-03
  -1.7434223e-02
  -3.5577007e-02
   0.0000000e+00
   0.0000000e+00
   0.0000000e+00
   0.0000000e+00
   0.0000000e+00
   0.0000000e+00
   0.0000000e+00
   0.0000000e+00
   0.0000000e+00
   0.0000000e+00
   0.0000000e+00
   0.0000000e+00
   0.0000000e+00
  -2.9589659e-02
  -2.4840730e-02
  -1.0155547e-02
   7.5014872e-03
   1.1861963e-02
   1.0987727e-02
   9.5273852e-03
   7.4296854e-03
   5.9821294e-03
   9.1114244e-04
  -1.6498575e-02
  -4.3501258e-02
  -0.0000000e+00
   0.0000000e+00
   0.0000000e+00
   0.0000000e+00
   0.0000000e+00
   4.1839899e-03
   4.5442893e-03
   4.9675656e-03
   3.3417731e-03
  -8.4628705e-03
  -2.9215391e-02
   0.0000000e+00
   0.0000000e+00
  -0.0000000e+00
  -0.0000000e+00
   0.0000000e+00
   0.0000000e+00
   0.0000000e+00
   0.0000000e+00
   0.0000000e+00
   0.0000000e+00
   0.0000000e+00
   0.0000000e+00
   0.0000000e+00
  -0.0000000e+00
  -3.4187793e-02
  -1.4840473e-02
   6.3707661e-03
   1.4956414e-02
   1.5353968e-02
   1.5198602e-02
   1.4476882e-02
   1.4412916e-02
   1.1648999e-02
  -5.4043334e-03
  -3.9579362e-02
   0.0000000e+00
   0.0000000e+00
   0.0000000e+00
   0.0000000e+00
   0.0000000e+00
   5.3730913e-03
   6.6641890e-03
   8.4591973e-03
   7.7496516e-03
  -1.8256702e-03
  -2.2581154e-02
   0.0000000e+00
  -0.0000000e+00
  -0.0000000e+00
   0.0000000e+00
   0.0000000e+00
   0.0000000e+00
   0.0000000e+00
   0.0000000e+00
   0.0000000e+00
   0.0000000e+00
   0.0000000e+00
   0.0000000e+00
   0.0000000e+00
  -0.0000000e+00
  -4.2087174e-02
  -1.8135271e-02
   4.3825665e-03
   1.5522969e-02
   1.7706066e-02
   1.7779769e-02
   1.7673770e-02
   1.8685911e-02
   1.9406084e-02
   8.2651107e-03
  -1.8404929e-02
   0.0000000e+00
   0.0000000e+00
   0.0000000e+00
   0.0000000e+00
   0.0000000e+00
   4.1861225e-03
   7.0658641e-03
   9.9421581e-03
   9.4872322e-03
   2.5292507e-03
  -1.2338257e-02
   0.0000000e+00
  -0.0000000e+00
  -0.0000000e+00
   0.0000000e+00
   0.0000000e+00
   0.0000000e+00
   0.0000000e+00
   0.0000000e+00
   0.0000000e+00
   0.0000000e+00
   0.0000000e+00
   0.0000000e+00
   0.0000000e+00
   0.0000000e+00
  -0.0000000e+00
  -2.8079653e-02
  -6.1118850e-03
   5.5060836e-03
   1.0575066e-02
   1.2319250e-02
   1.2810990e-02
   1.5827045e-02
   2.0929441e-02
   1.7083859e-02
   3.6393713e-03
   0.0000000e+00
   0.0000000e+00
   0.0000000e+00
   0.0000000e+00
   0.0000000e+00
   0.0000000e+00
   2.7608055e-03
   7.5198338e-03
   7.8091817e-03
   3.5659897e-03
  -3.0053448e-03
  -0.0000000e+00
   0.0000000e+00
   0.0000000e+00
   0.0000000e+00
   0.0000000e+00
   0.0000000e+00
   0.0000000e+00
   0.0000000e+00
   0.0000000e+00
   0.0000000e+00
   0.0000000e+00
   0.0000000e+00
   0.0000000e+00
   0.0000000e+00
  -0.0000000e+00
  -3.9483089e-02
  -1.8200875e-02
  -1.3340670e-02
  -8.3147603e-03
  -5.1696383e-03
  -3.1081126e-03
   3.3451827e-03
   1.6072959e-02
   2.1128172e-02
   0.0000000e+00
   0.0000000e+00
   0.0000000e+00
   0.0000000e+00
   0.0000000e+00
   0.0000000e+00
   0.0000000e+00
  -0.0000000e+00
  -1.2873643e-03
   3.5999290e-03
   3.0808596e-03
   2.0637472e-03
   0.0000000e+00
   0.0000000e+00
   0.0000000e+00
   0.0000000e+00
   0.0000000e+00
   0.0000000e+00
   0.0000000e+00
   0.0000000e+00
   0.0000000e+00
   0.0000000e+00
   0.0000000e+00
   0.0000000e+00
   0.0000000e+00
   0.0000000e+00
   0.0000000e+00
  -0.0000000e+00
  -0.0000000e+00
  -3.3583716e-02
  -3.1811401e-02
  -3.0895447e-02
  -0.0000000e+00
  -0.0000000e+00
   8.7299324e-03
   2.2026948e-02
   0.0000000e+00
   0.0000000e+00
   0.0000000e+00
   0.0000000e+00
   0.0000000e+00
   0.0000000e+00
   0.0000000e+00
  -0.0000000e+00
  -1.4487609e-02
  -2.3330783e-03
   1.4691324e-03
   3.4557196e-03
   1.0543468e-02
   1.7456512e-02
   0.0000000e+00
   0.0000000e+00
   0.0000000e+00
   0.0000000e+00
   0.0000000e+00
   0.0000000e+00
   0.0000000e+00
   0.0000000e+00
   0.0000000e+00
   0.0000000e+00
   0.0000000e+00
   0.0000000e+00
   0.0000000e+00
   0.0000000e+00
   0.0000000e+00
  -0.0000000e+00
  -0.0000000e+00
  -0.0000000e+00
  -0.0000000e+00
   0.0000000e+00
   0.0000000e+00
   0.0000000e+00
   0.0000000e+00
   0.0000000e+00
   0.0000000e+00
   0.0000000e+00
   0.0000000e+00
   0.0000000e+00
   0.0000000e+00
  -0.0000000e+00
  -0.0000000e+00
  -0.0000000e+00
  -1.3366028e-02
  -1.2919162e-02
  -8.9170141e-03
   1.2672439e-02
   0.0000000e+00
   0.0000000e+00
   0.0000000e+00
   0.0000000e+00
   0.0000000e+00
   0.0000000e+00
   0.0000000e+00
   0.0000000e+00
   0.0000000e+00
   0.0000000e+00
   0.0000000e+00
   0.0000000e+00
   0.0000000e+00
   0.0000000e+00
   0.0000000e+00
  -0.0000000e+00
  -0.0000000e+00
  -0.0000000e+00
  -0.0000000e+00
  -0.0000000e+00
  -0.0000000e+00
  -0.0000000e+00
  -0.0000000e+00
   0.0000000e+00
   0.0000000e+00
   0.0000000e+00
   0.0000000e+00
  -0.0000000e+00
  -0.0000000e+00
  -0.0000000e+00
   0.0000000e+00
   0.0000000e+00
  -0.0000000e+00
  -4.0045504e-02
  -3.0350095e-02
  -1.4670577e-02
  -2.5133703e-03
  -2.2124940e-03
  -4.5479622e-03
  -2.7643603e-03
  -2.9412334e-03
  -2.5913496e-03
   0.0000000e+00
   0.0000000e+00
   0.0000000e+00
