   0.0000000e+00
  -9.0852690e-02
   0.0000000e+00
  -0.0000000e+00
  -8.8719326e-02
   0.0000000e+00
  -1.0482552e-01
  -8.1061008e-02
  -9.6033661e-02
  -1.0140102e-01
  -8.6431423e-02
  -9.6476595e-02
   0.0000000e+00
   0.0000000e+00
  -8.1692472e-02
  -1.0313611e-01
  -1.1335282e-01
  -6.5758689e-02
  -8.9456816e-02
  -0.0000000e+00
  -7.8371032e-02
  -8.8428656e-02
  -1.1458424e-01
  -7.1741182e-02
  -8.9238254e-02
  -0.0000000e+00
  -0.0000000e+00
   0.0000000e+00
   0.0000000e+00
   0.0000000e+00
   0.0000000e+00
   0.0000000e+00
   0.0000000e+00
   0.0000000e+00
   0.0000000e+00
   0.0000000e+00
  -4.1738097e-02
  -4.4978821e-02
  -1.8711487e-02
  -2.9498449e-02
  -1.4881736e-02
   1.7315241e-03
   1.5461340e-03
  -3.0569963e-03
  -1.6703749e-03
  -4.2478573e-03
  -6.3768709e-03
  -5.9055962e-03
  -5.4971495e-03
  -6.6719673e-03
  -1.1264171e-02
  -1.2563115e-02
  -1.3730546e-02
  -1.5516991e-02
  -1.4044072e-02
   9.2083235e-03
  -1.0556933e-02
  -9.8129082e-03
  -1.4138143e-02
  -1.6532210e-02
  -1.6917420e-02
  -2.0542881e-02
  -2.7109982e-02
  -3.9760176e-02
  -4.8289909e-02
  -8.5697724e-02
  -1.1263570e-01
   0.0000000e+00
  -6.5316259e-02
  -9.2281215e-02
  -1.4929591e-01
   0.0000000e+00
  -2.7622551e-02
  -2.2696063e-04
   1.5616028e-02
   2.5501272e-02
   3.4687273e-02
   3.9646268e-02
   3.8938533e-02
   3.6043324e-02
   3.4891024e-02
   3.5772409e-02
   3.5703216e-02
   3.3268660e-02
   3.1879097e-02
   3.1307761e-02
   3.0122058e-02
   2.9424146e-02
   2.7783189e-02
   2.6688913e-02
   2.7160772e-02
   3.0079045e-02
   2.7279112e-02
   2.9965719e-02
   2.9951189e-02
   2.4277661e-02
   1.7651008e-02
   1.1363165e-02
   4.0242225e-03
   1.7602574e-04
  -1.2292535e-03
  -1.1023793e-02
  -1.1436383e-02
  -2.1198877e-02
  -1.6298721e-02
  -2.6159216e-02
  -4.4411656e-02
  -4.8366292e-02
   5.2400560e-02
   6.4457953e-02
   7.1900107e-02
   7.2789593e-02
   7.1728602e-02
   7.2094247e-02
   7.0323779e-02
   6.5082796e-02
   6.0606308e-02
   6.2723555e-02
   6.6687785e-02
   6.7002505e-02
   6.5732061e-02
   6.7458138e-02
   6.7991085e-02
   6.7878454e-02
   6.6506162e-02
   6.5175779e-02
   6.4270160e-02
   5.4465746e-02
   5.6419779e-02
   5.6420305e-02
   6.5319687e-02
   6.1590388e-02
   5.5897609e-02
   5.3837694e-02
   5.5051371e-02
   5.9318137e-02
   6.5435283e-02
   7.1162879e-02
   7.3503687e-02
   7.0940323e-02
   6.2216692e-02
   6.2033676e-02
   5.7927880e-02
   4.7266617e-02
   1.1101798e-01
   1.1096917e-01
   1.0614076e-01
   9.8227546e-02
   8.8552944e-02
   7.9741538e-02
   7.8812636e-02
   7.5850179e-02
   6.5478009e-02
   7.0160992e-02
   7.9185583e-02
   8.6716831e-02
   8.7784812e-02
   9.0504654e-02
   9.2611223e-02
   9.2858888e-02
   9.0529412e-02
   8.7599859e-02
   8.3472759e-02
   0.0000000e+00
   6.5944433e-02
   7.5928569e-02
   8.8774867e-02
   9.0428650e-02
   8.8851437e-02
   9.0882502e-02
   9.3347602e-02
   9.7828567e-02
   1.0383773e-01
   1.0958980e-01
   1.1690782e-01
   1.2421195e-01
   1.1601020e-01
   1.2040581e-01
   1.2403016e-01
   1.1286567e-01
   1.2935239e-01
   1.1522475e-01
   9.6507650e-02
   9.1615836e-02
   0.0000000e+00
   5.9651796e-02
   6.4921751e-02
   6.0873009e-02
   6.0490740e-02
   6.7621894e-02
   7.5849770e-02
   8.3806564e-02
   8.6643246e-02
   8.9293797e-02
   9.1754560e-02
   9.2994023e-02
   9.1832984e-02
   8.8183206e-02
   8.1129310e-02
   0.0000000e+00
   5.0688305e-02
   7.1893132e-02
   8.9232091e-02
   9.8725650e-02
   1.0371759e-01
   1.0866421e-01
   1.1028368e-01
   1.0991784e-01
   1.0940134e-01
   1.0840958e-01
   1.1489369e-01
   1.3031462e-01
   1.3337169e-01
   1.4582449e-01
   1.5124881e-01
   1.4187074e-01
   1.1014323e-01
   0.0000000e+00
   0.0000000e+00
   0.0000000e+00
   0.0000000e+00
   3.5613174e-02
   4.2525239e-02
   4.7426921e-02
   5.6693957e-02
   6.0073324e-02
   6.3971691e-02
   6.7022316e-02
   6.8146832e-02
   7.0153393e-02
   7.3901579e-02
   7.7541649e-02
   7.8510441e-02
   7.4453972e-02
   6.5418696e-02
   0.0000000e+00
   3.1680862e-02
   4.9711972e-02
   6.9426872e-02
   8.6424537e-02
   9.6356697e-02
   1.0293130e-01
   1.0090207e-01
   9.1119424e-02
   8.1266813e-02
   7.4912868e-02
   7.9748228e-02
   9.9829063e-02
   1.1726630e-01
   1.3457079e-01
   1.3848744e-01
   1.2795722e-01
   6.8065660e-02
   0.0000000e+00
   0.0000000e+00
   0.0000000e+00
   0.0000000e+00
   1.5871042e-02
   2.1252136e-02
   3.2213431e-02
   4.1585844e-02
   4.5255950e-02
   4.6618797e-02
   4.4860087e-02
   4.3902075e-02
   4.5434225e-02
   4.9405888e-02
   5.3976865e-02
   5.6897338e-02
   5.2836947e-02
   3.7378760e-02
   0.0000000e+00
   0.0000000e+00
   2.2579234e-02
   4.0313687e-02
   6.0471356e-02
   7.2283781e-02
   7.7089190e-02
   6.8459697e-02
   4.8177061e-02
   4.1006073e-02
   3.8581174e-02
   3.9550911e-02
   5.8188397e-02
   8.0287568e-02
   9.5374834e-02
   9.8000482e-02
   8.7738425e-02
   2.9312477e-02
   0.0000000e+00
   0.0000000e+00
   0.0000000e+00
   0.0000000e+00
   8.6603217e-03
   1.1029629e-02
   1.8266186e-02
   2.4717283e-02
   2.6540041e-02
   2.6149355e-02
   2.3612736e-02
   2.2650028e-02
   2.4012621e-02
   2.7628230e-02
   3.1563587e-02
   3.3889972e-02
   2.9773621e-02
   1.4802133e-02
   0.0000000e+00
   0.0000000e+00
  -1.9089823e-03
   1.2112715e-02
   3.1521760e-02
   4.1345570e-02
   4.2799562e-02
   2.8482372e-02
   1.0937173e-02
   0.0000000e+00
   1.1402436e-02
   1.0022313e-02
   2.1181652e-02
   3.7437405e-02
   4.7588307e-02
   5.0063819e-02
   4.2580936e-02
   2.7722699e-04
   0.0000000e+00
   0.0000000e+00
   0.0000000e+00
   0.0000000e+00
  -1.7936198e-03
  -1.8141430e-03
  -7.2538998e-04
   1.5178840e-03
   2.8877705e-03
   3.1072968e-03
   2.4383196e-03
   2.3113000e-03
   3.5489497e-03
   5.8298977e-03
   8.3511341e-03
   9.3519408e-03
   5.3927484e-03
  -1.6367741e-03
   0.0000000e+00
   0.0000000e+00
  -1.7014740e-02
  -8.9800898e-03
   4.6907044e-03
   9.9635152e-03
   8.0949655e-03
  -8.2552340e-03
  -0.0000000e+00
   0.0000000e+00
  -1.3925426e-02
  -1.6456172e-02
  -1.1844185e-02
  -3.9585368e-03
   2.7787557e-03
   5.5571464e-03
   1.6153463e-03
  -1.6245965e-02
  -4.6991271e-03
   0.0000000e+00
   0.0000000e+00
  -3.4655355e-02
  -2.0942109e-02
  -2.0705951e-02
  -2.1927662e-02
  -2.0651041e-02
  -1.8733183e-02
  -1.6735958e-02
  -1.4695754e-02
  -1.3740353e-02
  -1.3423732e-02
  -1.3468483e-02
  -1.2987472e-02
  -1.3534018e-02
  -1.6347880e-02
  -1.0595158e-02
   0.0000000e+00
   0.0000000e+00
  -0.0000000e+00
  -2.0381058e-02
  -1.4956586e-02
  -1.4603342e-02
  -1.9789612e-02
  -3.3564072e-02
  -0.0000000e+00
   0.0000000e+00
  -2.7929423e-02
  -2.8317970e-02
  -3.2554820e-02
  -3.2123446e-02
  -2.8982207e-02
  -2.7555017e-02
  -2.7826559e-02
  -3.0255139e-02
  -1.4490760e-02
   0.0000000e+00
   0.0000000e+00
  -3.8127596e-02
  -3.7199486e-02
  -3.6983024e-02
  -3.8416211e-02
  -3.6652643e-02
  -3.3571627e-02
  -2.9547412e-02
  -2.6095556e-02
  -2.5766497e-02
  -2.7367348e-02
  -2.9880363e-02
  -3.2125905e-02
  -3.4459084e-02
  -3.5350960e-02
  -1.6996228e-02
   0.0000000e+00
   0.0000000e+00
   0.0000000e+00
  -2.8973587e-02
  -3.1002924e-02
  -3.5414562e-02
  -4.2558566e-02
  -4.0497910e-02
  -0.0000000e+00
   0.0000000e+00
  -0.0000000e+00
  -3.1219292e-02
  -4.2022962e-02
  -4.8330531e-02
  -5.0450228e-02
  -5.1783558e-02
  -4.8038609e-02
  -3.9397005e-02
  -2.0889137e-02
  -1.6105653e-02
   0.0000000e+00
  -4.5089945e-02
  -4.1421469e-02
  -4.1187894e-02
  -4.2418592e-02
  -4.0818036e-02
  -3.7156552e-02
  -3.3077195e-02
  -3.1289045e-02
  -3.3170734e-02
  -3.7106812e-02
  -4.1718252e-02
  -4.5890342e-02
  -4.8869729e-02
  -4.7531802e-02
  -2.6660930e-02
   0.0000000e+00
   0.0000000e+00
   0.0000000e+00
  -3.6730437e-02
  -4.3524105e-02
  -5.0152943e-02
  -5.4364383e-02
  -4.0336471e-02
  -0.0000000e+00
   0.0000000e+00
  -0.0000000e+00
  -0.0000000e+00
  -4.2544782e-02
  -5.3291168e-02
  -5.9477247e-02
  -6.2739961e-02
  -5.7478886e-02
  -4.3556739e-02
  -2.5230967e-02
  -2.2235382e-02
  -2.7437045e-02
  -0.0000000e+00
  -3.5902243e-02
  -3.4636803e-02
  -3.5205934e-02
  -3.5109702e-02
  -3.3532247e-02
  -3.2495055e-02
  -3.4973945e-02
  -4.0217955e-02
  -4.6757359e-02
  -5.3270318e-02
  -5.8050521e-02
  -5.9836406e-02
  -5.5768397e-02
  -3.9523925e-02
   0.0000000e+00
   0.0000000e+00
   0.0000000e+00
  -4.7720000e-02
  -5.5537198e-02
  -6.1658375e-02
  -5.7885967e-02
  -3.4021447e-02
   0.0000000e+00
   0.0000000e+00
   0.0000000e+00
  -6.2694293e-03
  -3.7911239e-02
  -5.0681572e-02
  -5.9188362e-02
  -6.3645460e-02
  -5.9465431e-02
  -3.8285468e-02
  -2.1881226e-02
  -1.5709667e-02
  -0.0000000e+00
  -1.5656891e-02
  -2.4140693e-02
  -2.2951119e-02
  -2.4213184e-02
  -2.6930142e-02
  -2.8851589e-02
  -3.1872861e-02
  -3.8520150e-02
  -4.6736788e-02
  -5.4749601e-02
  -6.1271515e-02
  -6.3912168e-02
  -6.1868429e-02
  -5.0300792e-02
  -0.0000000e+00
   0.0000000e+00
   0.0000000e+00
   0.0000000e+00
  -0.0000000e+00
  -6.0419098e-02
  -6.3603975e-02
  -5.0996397e-02
  -1.5355176e-02
   0.0000000e+00
   0.0000000e+00
   0.0000000e+00
  -1.6033256e-02
  -3.0786995e-02
  -4.2604148e-02
  -5.0680041e-02
  -5.4488100e-02
  -5.1378388e-02
  -3.0059117e-02
  -1.5267399e-02
  -6.2192124e-03
  -1.3743981e-04
  -1.6823115e-02
  -1.4589388e-02
  -1.5062670e-02
  -1.7628880e-02
  -2.1624552e-02
  -2.5552573e-02
  -3.1006107e-02
  -4.0409751e-02
  -5.0732978e-02
  -5.9079446e-02
  -6.3251883e-02
  -6.1817084e-02
  -5.4258037e-02
  -3.5195343e-02
  -0.0000000e+00
   0.0000000e+00
   0.0000000e+00
   0.0000000e+00
   0.0000000e+00
  -5.7029478e-02
  -5.5658206e-02
  -3.8134944e-02
  -4.4223266e-03
   0.0000000e+00
   0.0000000e+00
   0.0000000e+00
  -2.5998194e-02
  -2.6576512e-02
  -3.2792654e-02
  -3.7976280e-02
  -3.9748996e-02
  -3.7439767e-02
  -0.0000000e+00
  -4.1051772e-03
  -2.2667004e-03
  -1.0199870e-02
  -1.6629674e-02
  -1.3074319e-02
  -1.7348949e-02
  -2.0960545e-02
  -2.4061037e-02
  -2.7231412e-02
  -3.1777356e-02
  -3.9476339e-02
  -4.8060112e-02
  -5.4420397e-02
  -5.5658568e-02
  -5.0421145e-02
  -3.8279854e-02
  -1.9396193e-02
  -0.0000000e+00
   0.0000000e+00
   0.0000000e+00
   0.0000000e+00
  -3.7843525e-02
  -4.5372602e-02
  -4.0404733e-02
  -2.2806821e-02
  -1.2303449e-03
   0.0000000e+00
   0.0000000e+00
   0.0000000e+00
  -2.7343056e-02
  -1.8947588e-02
  -1.9413766e-02
  -2.0455774e-02
  -2.1027990e-02
  -1.9170610e-02
   0.0000000e+00
   0.0000000e+00
  -6.4592697e-03
  -1.3322026e-02
  -1.7155208e-02
  -2.3014119e-02
  -3.1126838e-02
  -3.6143843e-02
  -3.8859695e-02
  -3.9917714e-02
  -4.0161472e-02
  -4.0460739e-02
  -4.1448890e-02
  -4.2317290e-02
  -4.0265080e-02
  -3.2743616e-02
  -1.9628163e-02
  -2.5809948e-03
   0.0000000e+00
   0.0000000e+00
   0.0000000e+00
   0.0000000e+00
  -3.4927219e-02
  -2.6072843e-02
  -2.0376626e-02
  -7.4133174e-03
   5.3402860e-03
   0.0000000e+00
   0.0000000e+00
   0.0000000e+00
  -2.4939198e-02
  -1.0585016e-02
  -5.4452545e-03
  -1.5500780e-03
  -1.4550184e-03
  -3.1339382e-04
   0.0000000e+00
   0.0000000e+00
  -9.5998880e-03
  -1.5340904e-02
  -2.1747582e-02
  -3.1081066e-02
  -3.8376838e-02
  -4.2609092e-02
  -4.4680290e-02
  -4.4835225e-02
  -4.3245319e-02
  -4.0288553e-02
  -3.7650920e-02
  -3.5679985e-02
  -3.1936716e-02
  -2.3866344e-02
  -1.0949406e-02
   4.0732068e-03
   0.0000000e+00
   0.0000000e+00
   0.0000000e+00
  -3.8955998e-02
  -2.8579505e-02
  -1.0237253e-02
  -3.8804251e-03
   5.2832477e-03
   1.1880023e-02
   0.0000000e+00
   0.0000000e+00
   0.0000000e+00
  -2.1858605e-02
  -7.9795429e-03
   1.1541399e-03
   1.0668494e-02
   1.0705681e-02
   6.8335132e-03
   0.0000000e+00
   0.0000000e+00
  -1.1697277e-02
  -1.9439529e-02
  -2.8371369e-02
  -3.7411769e-02
  -4.3267621e-02
  -4.6263592e-02
  -4.7469160e-02
  -4.7273322e-02
  -4.5336669e-02
  -4.1297701e-02
  -3.6441526e-02
  -3.2237217e-02
  -2.7176676e-02
  -1.9096066e-02
  -8.3388976e-03
   3.2694865e-03
   0.0000000e+00
   0.0000000e+00
   0.0000000e+00
  -4.4662000e-02
  -2.4894661e-02
  -8.8011961e-04
   9.7410289e-03
   0.0000000e+00
   0.0000000e+00
   0.0000000e+00
   0.0000000e+00
   0.0000000e+00
  -0.0000000e+00
  -6.7715895e-03
   4.3395330e-03
   2.1734084e-02
   2.0466498e-02
   9.3964197e-03
  -0.0000000e+00
  -4.2358639e-03
  -1.0508350e-02
  -2.9927179e-02
  -4.2229682e-02
  -5.4313030e-02
  -6.2717162e-02
  -6.7090146e-02
  -6.7562453e-02
  -6.4471789e-02
  -5.8273152e-02
  -4.9029585e-02
  -3.8474515e-02
  -2.8054018e-02
  -1.9439464e-02
  -1.5039685e-02
  -1.3835914e-02
  -6.6427304e-03
  -0.0000000e+00
   0.0000000e+00
  -6.2714844e-02
  -5.2610262e-02
  -2.8686410e-02
   1.7499407e-03
   1.8182375e-02
   0.0000000e+00
   0.0000000e+00
   0.0000000e+00
   0.0000000e+00
   0.0000000e+00
  -0.0000000e+00
  -3.2146333e-03
   6.5068128e-03
   2.3633751e-02
   3.1639825e-02
   1.3203705e-02
  -0.0000000e+00
  -1.1886435e-02
  -1.4291483e-02
  -4.1271406e-02
  -5.5609845e-02
  -7.0855416e-02
  -8.2765803e-02
  -9.0970784e-02
  -9.4591297e-02
  -9.2878371e-02
  -8.6597979e-02
  -7.5328201e-02
  -6.0054529e-02
  -4.0801406e-02
  -2.1645173e-02
  -1.4847871e-02
  -1.9802341e-02
  -2.2795475e-02
  -4.0402659e-02
   0.0000000e+00
  -6.2833136e-02
  -5.6978222e-02
  -3.7215475e-02
  -3.5531148e-03
   0.0000000e+00
   0.0000000e+00
   0.0000000e+00
   0.0000000e+00
   0.0000000e+00
   0.0000000e+00
   0.0000000e+00
   3.9065937e-03
   1.0275494e-02
   0.0000000e+00
   3.9077287e-02
   2.7327970e-02
   0.0000000e+00
  -2.3290324e-02
  -4.3446452e-02
  -4.7246018e-02
  -6.0006939e-02
  -7.4992567e-02
  -8.7691531e-02
  -9.7309992e-02
  -1.0312160e-01
  -1.0434029e-01
  -1.0153601e-01
  -9.3377098e-02
  -7.8378081e-02
  -5.4630268e-02
  -2.5471134e-02
  -1.1916224e-02
  -1.6226687e-02
  -0.0000000e+00
  -7.5760742e-02
  -6.6185176e-02
  -6.1467694e-02
  -5.8685478e-02
  -4.6394743e-02
  -1.7639907e-02
   0.0000000e+00
   0.0000000e+00
   0.0000000e+00
   0.0000000e+00
   0.0000000e+00
   0.0000000e+00
   0.0000000e+00
   1.3890684e-02
   2.1333836e-02
   0.0000000e+00
   0.0000000e+00
   0.0000000e+00
  -0.0000000e+00
  -3.8773605e-02
  -4.6338556e-02
  -4.9620533e-02
  -5.6382377e-02
  -6.7949198e-02
  -7.9735553e-02
  -8.9301772e-02
  -9.5368192e-02
  -9.7590524e-02
  -9.6708104e-02
  -9.1546737e-02
  -7.9200035e-02
  -5.5531915e-02
  -2.2363624e-02
  -5.0783527e-03
  -0.0000000e+00
  -0.0000000e+00
  -7.0322646e-02
  -5.8921929e-02
  -5.5848546e-02
  -5.5756469e-02
  -5.4893784e-02
  -3.9477915e-02
  -0.0000000e+00
   0.0000000e+00
   0.0000000e+00
   0.0000000e+00
   0.0000000e+00
   0.0000000e+00
   0.0000000e+00
   0.0000000e+00
   0.0000000e+00
   0.0000000e+00
   0.0000000e+00
   0.0000000e+00
   0.0000000e+00
  -5.6213661e-02
  -5.3003326e-02
  -5.0517887e-02
  -4.9231615e-02
  -5.4585628e-02
  -6.3547917e-02
  -7.2150394e-02
  -7.7838428e-02
  -8.0038771e-02
  -7.9755284e-02
  -7.6321758e-02
  -6.6697024e-02
  -4.5700639e-02
  -1.4163609e-02
  -9.2833495e-04
  -4.2522740e-02
  -5.2014112e-02
  -5.2989421e-02
  -4.6067294e-02
  -4.4478521e-02
  -4.8232898e-02
  -5.7103880e-02
  -5.9561394e-02
  -0.0000000e+00
   0.0000000e+00
   0.0000000e+00
   0.0000000e+00
   0.0000000e+00
   0.0000000e+00
   0.0000000e+00
   0.0000000e+00
   0.0000000e+00
   0.0000000e+00
   0.0000000e+00
   0.0000000e+00
   0.0000000e+00
  -0.0000000e+00
  -5.3622287e-02
  -4.4202387e-02
  -3.9346244e-02
  -4.0843949e-02
  -4.6131406e-02
  -5.2164923e-02
  -5.6669816e-02
  -5.8646947e-02
  -5.9235148e-02
  -5.7789773e-02
  -5.0996408e-02
  -3.3058871e-02
  -4.4863680e-03
   0.0000000e+00
  -3.6915163e-02
  -3.5648753e-02
  -3.5101566e-02
  -3.3535264e-02
  -3.3263642e-02
  -3.8255319e-02
  -4.9580287e-02
  -6.2298395e-02
  -0.0000000e+00
   0.0000000e+00
   0.0000000e+00
   0.0000000e+00
   0.0000000e+00
   0.0000000e+00
   0.0000000e+00
   0.0000000e+00
   0.0000000e+00
   0.0000000e+00
   0.0000000e+00
   0.0000000e+00
   0.0000000e+00
   0.0000000e+00
  -3.7821083e-02
  -2.1645050e-02
  -1.5889177e-02
  -1.8729921e-02
  -2.2428765e-02
  -2.5358352e-02
  -2.7736459e-02
  -2.9321943e-02
  -3.1324107e-02
  -3.3269513e-02
  -3.0721903e-02
  -1.5981434e-02
   4.8116753e-03
   0.0000000e+00
  -0.0000000e+00
  -1.9452111e-02
  -1.3820894e-02
  -1.5960623e-02
  -1.9056703e-02
  -2.3972978e-02
  -3.3496104e-02
  -4.7500288e-02
  -4.4166470e-02
   0.0000000e+00
   0.0000000e+00
   0.0000000e+00
   0.0000000e+00
   0.0000000e+00
   0.0000000e+00
   0.0000000e+00
   0.0000000e+00
   0.0000000e+00
   0.0000000e+00
   0.0000000e+00
   0.0000000e+00
   0.0000000e+00
  -6.4929105e-03
   1.0713844e-02
   1.8040964e-02
   1.2153928e-02
   7.7969236e-03
   6.3326904e-03
   5.8146548e-03
   4.3643955e-03
   8.8300987e-04
  -4.6999482e-03
  -7.4831052e-03
   4.1382182e-03
   1.6577734e-02
   0.0000000e+00
   0.0000000e+00
   0.0000000e+00
   7.5966073e-03
   3.8956073e-03
  -2.2621728e-03
  -7.5502591e-03
  -1.5065546e-02
  -2.4921443e-02
  -2.1659377e-02
   0.0000000e+00
   0.0000000e+00
   0.0000000e+00
   0.0000000e+00
   0.0000000e+00
   0.0000000e+00
   0.0000000e+00
   0.0000000e+00
   0.0000000e+00
   0.0000000e+00
   0.0000000e+00
   0.0000000e+00
   0.0000000e+00
   1.4037882e-02
   3.2467210e-02
   4.0858135e-02
   4.2268626e-02
   4.2267483e-02
   4.3593399e-02
   4.5059130e-02
   4.3972917e-02
   3.9809193e-02
   3.0968498e-02
   2.1125816e-02
   2.5282258e-02
   0.0000000e+00
   0.0000000e+00
   0.0000000e+00
   0.0000000e+00
   0.0000000e+00
   2.2655683e-02
   1.6873663e-02
   1.1199839e-02
   5.0378591e-03
  -1.9031740e-03
  -2.0958918e-03
   0.0000000e+00
   0.0000000e+00
   0.0000000e+00
   0.0000000e+00
   0.0000000e+00
   0.0000000e+00
   0.0000000e+00
   0.0000000e+00
   0.0000000e+00
   0.0000000e+00
   0.0000000e+00
   0.0000000e+00
   0.0000000e+00
   0.0000000e+00
   4.3546374e-02
   5.0372806e-02
   6.0846712e-02
   6.7910849e-02
   7.3286682e-02
   7.6508701e-02
   7.6220824e-02
   7.3118843e-02
   6.3473575e-02
   4.7243083e-02
   3.5627910e-02
   0.0000000e+00
   0.0000000e+00
   0.0000000e+00
   0.0000000e+00
   0.0000000e+00
   3.5689799e-02
   3.1850487e-02
   2.6705079e-02
   2.3072708e-02
   1.8251104e-02
   1.4465390e-02
   0.0000000e+00
   0.0000000e+00
   0.0000000e+00
   0.0000000e+00
   0.0000000e+00
   0.0000000e+00
   0.0000000e+00
   0.0000000e+00
   0.0000000e+00
   0.0000000e+00
   0.0000000e+00
   0.0000000e+00
   0.0000000e+00
   0.0000000e+00
   2.8119754e-02
   4.8644159e-02
   5.9027314e-02
   7.0963562e-02
   8.0569834e-02
   8.6028010e-02
   8.8285416e-02
   8.7011896e-02
   7.7991605e-02
   6.0183041e-02
   3.6803973e-02
   0.0000000e+00
   0.0000000e+00
   0.0000000e+00
   0.0000000e+00
   0.0000000e+00
   3.6845494e-02
   3.6448622e-02
   3.4558672e-02
   3.5112046e-02
   3.4601025e-02
   2.5490918e-02
   0.0000000e+00
   0.0000000e+00
   0.0000000e+00
   0.0000000e+00
   0.0000000e+00
   0.0000000e+00
   0.0000000e+00
   0.0000000e+00
   0.0000000e+00
   0.0000000e+00
   0.0000000e+00
   0.0000000e+00
   0.0000000e+00
   0.0000000e+00
   0.0000000e+00
   2.1119017e-02
   2.7651088e-02
   4.0207582e-02
   5.3895265e-02
   6.3738465e-02
   7.0151470e-02
   7.2560742e-02
   6.7122251e-02
   5.3482098e-02
   3.6779698e-02
   0.0000000e+00
   0.0000000e+00
   0.0000000e+00
   0.0000000e+00
   0.0000000e+00
   0.0000000e+00
   2.6945475e-02
   3.1780031e-02
   3.7439227e-02
   4.1888017e-02
   3.4639119e-02
   0.0000000e+00
   0.0000000e+00
   0.0000000e+00
   0.0000000e+00
   0.0000000e+00
   0.0000000e+00
   0.0000000e+00
   0.0000000e+00
   0.0000000e+00
   0.0000000e+00
   0.0000000e+00
   0.0000000e+00
   0.0000000e+00
   0.0000000e+00
   0.0000000e+00
  -5.2522702e-03
  -9.8572991e-03
  -5.2718083e-03
   4.7921160e-03
   1.7364209e-02
   2.8174607e-02
   3.7409528e-02
   3.9284564e-02
   3.1776819e-02
   0.0000000e+00
   0.0000000e+00
   0.0000000e+00
   0.0000000e+00
   0.0000000e+00
   0.0000000e+00
   0.0000000e+00
   0.0000000e+00
   2.3498317e-02
   3.4449521e-02
   4.2025408e-02
   3.7820995e-02
   0.0000000e+00
   0.0000000e+00
   0.0000000e+00
   0.0000000e+00
   0.0000000e+00
   0.0000000e+00
   0.0000000e+00
   0.0000000e+00
   0.0000000e+00
   0.0000000e+00
   0.0000000e+00
   0.0000000e+00
   0.0000000e+00
   0.0000000e+00
   0.0000000e+00
  -0.0000000e+00
  -0.0000000e+00
  -3.5342626e-02
  -3.8615566e-02
  -2.6283640e-02
  -0.0000000e+00
   0.0000000e+00
   6.9043343e-03
   5.7805366e-03
   0.0000000e+00
   0.0000000e+00
   0.0000000e+00
   0.0000000e+00
   0.0000000e+00
   0.0000000e+00
   0.0000000e+00
   0.0000000e+00
   1.7890814e-02
   2.6028456e-02
   2.9957311e-02
   2.5854117e-02
   9.3303433e-03
   5.4501856e-03
   0.0000000e+00
   0.0000000e+00
   0.0000000e+00
   0.0000000e+00
   0.0000000e+00
   0.0000000e+00
   0.0000000e+00
   0.0000000e+00
   0.0000000e+00
   0.0000000e+00
   0.0000000e+00
   0.0000000e+00
   0.0000000e+00
   0.0000000e+00
   0.0000000e+00
  -0.0000000e+00
  -0.0000000e+00
  -0.0000000e+00
  -0.0000000e+00
   0.0000000e+00
  -0.0000000e+00
  -0.0000000e+00
   0.0000000e+00
   0.0000000e+00
   0.0000000e+00
   0.0000000e+00
   0.0000000e+00
   0.0000000e+00
   0.0000000e+00
   0.0000000e+00
   0.0000000e+00
  -0.0000000e+00
  -1.7530568e-02
  -1.2211753e-02
  -6.3979593e-04
   4.0628544e-03
   0.0000000e+00
   0.0000000e+00
   0.0000000e+00
   0.0000000e+00
   0.0000000e+00
   0.0000000e+00
   0.0000000e+00
   0.0000000e+00
   0.0000000e+00
   0.0000000e+00
   0.0000000e+00
   0.0000000e+00
   0.0000000e+00
   0.0000000e+00
   0.0000000e+00
  -0.0000000e+00
  -0.0000000e+00
  -0.0000000e+00
  -0.0000000e+00
  -0.0000000e+00
  -0.0000000e+00
  -0.0000000e+00
  -0.0000000e+00
   0.0000000e+00
   0.0000000e+00
   0.0000000e+00
   0.0000000e+00
   0.0000000e+00
   0.0000000e+00
   0.0000000e+00
   0.0000000e+00
   0.0000000e+00
  -0.0000000e+00
  -1.9093007e-02
  -1.2064178e-02
  -1.3295281e-02
  -2.1495392e-02
  -1.9129457e-02
  -1.0726421e-02
  -9.7911336e-03
  -1.0717520e-02
  -1.1586660e-02
   0.0000000e+00
   0.0000000e+00
   0.0000000e+00
