  4.922716e-01
  2.945861e-01
  2.114528e-01
  1.598957e-01
  1.519407e-01
  1.378596e-01
  1.246241e-01
  1.185748e-01
  1.319381e-01
  1.364359e-01
  1.117343e-01
  1.068546e-01
  9.261226e-02
  7.295096e-02
  6.954334e-02
  6.991715e-02
  6.850678e-02
  7.359380e-02
  7.432409e-02
  7.030407e-02
  6.809522e-02
  6.392798e-02
  6.481108e-02
  7.180008e-02
  7.581745e-02
  8.133290e-02
  8.275465e-02
  8.501210e-02
  6.864709e-02
  6.507856e-02
  6.405488e-02
  6.632158e-02
  6.823014e-02
  1.059684e-01
  3.780260e-01
  7.388075e-01
