  0.4006  0.4340  0.4391  0.4393  0.4217  0.4864  0.5236  0.5189  0.5313  0.5204  0.5238  0.5461  0.5371  0.5064  0.5013  0.5132  0.4305  0.3949  0.4808  0.4838  0.5874  0.7439  0.7364  0.5583  0.4965  0.4376  0.3453  0.3734  0.4713  0.5203  0.5254  0.5314  0.4898  0.4478  0.4201  0.4037
  0.3176  0.3346  0.3313  0.3384  0.3318  0.2992  0.3061  0.3121  0.3238  0.3054  0.2157  0.2231  0.2415  0.2293  0.2296  0.2666  0.3036  0.3546  0.3401  0.3997  0.4106  0.6561  0.5020  0.3411  0.2059  0.1270  0.0859  0.1502  0.1857  0.2439  0.2698  0.2905  0.2952  0.2680  0.2630  0.3058
  0.2659  0.3044  0.3140  0.3170  0.3475  0.2915  0.3086  0.2922  0.2480  0.1961  0.1901  0.1156  0.1688  0.1867  0.1586  0.1694  0.2860  0.4165  0.2994  0.3427  0.3152  0.1675  0.0771  0.0698  0.0703  0.0784  0.0960  0.1171  0.1312  0.1306  0.1372  0.1467  0.1644  0.1977  0.2382  0.2558
  0.2312  0.2855  0.2926  0.2945  0.2794  0.1762  0.1318  0.0786  0.0707  0.0680  0.0694  0.0672  0.0778  0.1479  0.1605  0.1695  0.1945  0.2187  0.1715  0.1844  0.1915  0.0742  0.0668  0.0674  0.0669  0.1108  0.0913  0.1348  0.1485  0.1500  0.1641  0.1608  0.2314  0.2969  0.2372  0.1938
  0.2102  0.2462  0.2573  0.2437  0.1260  0.0693  0.0662  0.0646  0.0648  0.0649  0.0649  0.0642  0.0632  0.1055  0.1827  0.2185  0.2075  0.1525  0.1426  0.1095  0.0911  0.0629  0.0636  0.0641  0.0633  0.0734  0.1236  0.1319  0.1423  0.1943  0.1991  0.2207  0.3222  0.3536  0.3125  0.3270
  0.3581  0.1855  0.1750  0.1475  0.0645  0.0615  0.0619  0.0618  0.0616  0.0616  0.0614  0.0606  0.0597  0.0999  0.1979  0.1575  0.1856  0.1546  0.1345  0.0947  0.0603  0.0602  0.0603  0.0606  0.0598  0.0883  0.0985  0.1072  0.1192  0.0674  0.1417  0.2272  0.3605  0.2876  0.3523  0.3667
  0.2768  0.1419  0.1192  0.0640  0.0587  0.0583  0.0586  0.0584  0.0582  0.0581  0.0578  0.0574  0.0571  0.0980  0.2071  0.1617  0.1460  0.1372  0.1045  0.0581  0.0573  0.0571  0.0573  0.0577  0.0574  0.1156  0.0756  0.0603  0.0891  0.1231  0.1677  0.2340  0.3264  0.2802  0.3511  0.3394
  0.1636  0.1410  0.0756  0.0935  0.0603  0.0555  0.0557  0.0556  0.0555  0.0553  0.0552  0.0554  0.0554  0.0802  0.2023  0.1387  0.1372  0.1300  0.0780  0.0547  0.0546  0.0546  0.0551  0.0555  0.0557  0.0976  0.0910  0.0559  0.0599  0.1446  0.2549  0.2814  0.2718  0.3595  0.3236  0.2545
  0.1287  0.1264  0.0662  0.0540  0.0536  0.0532  0.0534  0.0536  0.0535  0.0532  0.0531  0.0536  0.0539  0.0550  0.2179  0.2141  0.1361  0.1030  0.0530  0.0523  0.0526  0.0528  0.0533  0.0533  0.0536  0.1779  0.2344  0.1628  0.2304  0.2421  0.3513  0.3200  0.3565  0.2666  0.2699  0.1846
  0.1171  0.1189  0.0631  0.0521  0.0521  0.0517  0.0519  0.0523  0.0523  0.0517  0.0515  0.0523  0.0528  0.0535  0.0967  0.2153  0.1288  0.0634  0.0514  0.0509  0.0515  0.0518  0.0520  0.0517  0.1144  0.2298  0.2962  0.2698  0.3546  0.3550  0.3550  0.2672  0.3552  0.2786  0.2045  0.1444
  0.1097  0.0921  0.0507  0.0509  0.0507  0.0500  0.0502  0.0509  0.0509  0.0500  0.0498  0.0508  0.0516  0.0515  0.0508  0.1021  0.0946  0.0506  0.0497  0.0495  0.0502  0.0507  0.0506  0.0502  0.1261  0.2171  0.2020  0.2791  0.3529  0.2454  0.3550  0.1334  0.1607  0.2681  0.1553  0.1186
  0.1115  0.0616  0.0492  0.0501  0.0496  0.0487  0.0489  0.0498  0.0498  0.0487  0.0485  0.0496  0.0505  0.0501  0.0490  0.1132  0.1180  0.0794  0.0485  0.0482  0.0492  0.0498  0.0495  0.0489  0.1362  0.1646  0.1593  0.2099  0.3447  0.3002  0.3548  0.2976  0.0555  0.1669  0.1152  0.1218
  0.1103  0.0472  0.0482  0.0494  0.0486  0.0475  0.0477  0.0489  0.0488  0.0475  0.0473  0.0484  0.0495  0.0489  0.0478  0.0599  0.1418  0.0919  0.0474  0.0472  0.0483  0.0492  0.0486  0.0477  0.1282  0.1356  0.1312  0.1695  0.2867  0.3048  0.2557  0.2026  0.0478  0.1251  0.0904  0.0887
  0.1268  0.0504  0.0473  0.0486  0.0474  0.0463  0.0465  0.0479  0.0478  0.0464  0.0462  0.0473  0.0486  0.0476  0.0466  0.0472  0.0595  0.0863  0.0466  0.0462  0.0474  0.0486  0.0478  0.0467  0.1284  0.1304  0.1243  0.1292  0.1533  0.1618  0.1677  0.0607  0.0463  0.1404  0.0620  0.0536
  0.0818  0.0476  0.0466  0.0480  0.0466  0.0455  0.0458  0.0473  0.0472  0.0457  0.0455  0.0465  0.0479  0.0468  0.0457  0.0462  0.0480  0.0753  0.0731  0.0964  0.0468  0.0482  0.0473  0.0463  0.0923  0.1232  0.1192  0.1223  0.1240  0.1361  0.2010  0.0557  0.0455  0.1115  0.0605  0.0502
  0.0611  0.0450  0.0638  0.0476  0.0461  0.0450  0.0453  0.0469  0.0469  0.0453  0.0451  0.0461  0.0476  0.0462  0.0452  0.0455  0.0471  0.0572  0.1081  0.1588  0.0588  0.0476  0.0466  0.0457  0.0681  0.1176  0.1161  0.1167  0.1200  0.1306  0.2463  0.0567  0.0450  0.0608  0.0500  0.0502
  0.0654  0.0720  0.0467  0.0473  0.0457  0.0447  0.0449  0.0467  0.0467  0.0451  0.0448  0.0458  0.0474  0.0458  0.0449  0.0452  0.0467  0.0470  0.0906  0.1392  0.1364  0.0472  0.0459  0.0451  0.0463  0.0693  0.0735  0.1142  0.1157  0.2015  0.2354  0.0461  0.0447  0.0450  0.0467  0.0507
  0.0654  0.0938  0.0457  0.0472  0.0455  0.0444  0.0446  0.0464  0.0465  0.0447  0.0445  0.0455  0.0472  0.0455  0.0446  0.0450  0.0468  0.0480  0.0990  0.1689  0.2839  0.0471  0.0456  0.0448  0.0452  0.0470  0.0509  0.1125  0.1140  0.2603  0.2063  0.0456  0.0446  0.0450  0.0467  0.0507
  0.0806  0.1009  0.0524  0.0743  0.0481  0.0444  0.0446  0.0464  0.0465  0.0447  0.0444  0.0454  0.0471  0.0455  0.0446  0.0450  0.0468  0.0502  0.1121  0.1742  0.3107  0.1095  0.0456  0.0447  0.0450  0.0470  0.0509  0.1107  0.1126  0.2450  0.0830  0.0456  0.0446  0.0450  0.0467  0.0507
  0.0531  0.0554  0.0478  0.0714  0.0694  0.0447  0.0449  0.0467  0.0467  0.0450  0.0447  0.0456  0.0472  0.0457  0.0449  0.0454  0.0472  0.0507  0.1159  0.1725  0.2206  0.1592  0.1033  0.0450  0.0454  0.0472  0.0477  0.0935  0.1172  0.1893  0.0475  0.0459  0.0448  0.0452  0.0469  0.0474
  0.0454  0.0450  0.0461  0.0639  0.0846  0.0452  0.0455  0.0471  0.0471  0.0455  0.0451  0.0461  0.0475  0.0461  0.0453  0.0458  0.0478  0.0502  0.1101  0.1685  0.1619  0.1613  0.1267  0.0454  0.0459  0.0477  0.0474  0.0908  0.1183  0.1589  0.0479  0.0463  0.0452  0.0456  0.0471  0.0470
  0.0459  0.0455  0.0468  0.0672  0.0467  0.0458  0.0460  0.0476  0.0476  0.0460  0.0456  0.0466  0.0479  0.0466  0.0456  0.0462  0.0481  0.0483  0.0934  0.1469  0.1319  0.1632  0.1001  0.0458  0.0465  0.0482  0.0480  0.0906  0.1160  0.1287  0.0485  0.0468  0.0456  0.0460  0.0475  0.0475
  0.0467  0.0463  0.0772  0.1187  0.0760  0.0464  0.0467  0.0482  0.0482  0.0468  0.0464  0.0473  0.0484  0.0472  0.0462  0.0467  0.0484  0.0485  0.0889  0.1165  0.1242  0.1436  0.0558  0.0464  0.0471  0.0488  0.0487  0.0930  0.1163  0.1152  0.0685  0.0512  0.0462  0.0465  0.0481  0.0481
  0.0477  0.0537  0.1577  0.1972  0.1219  0.0473  0.0476  0.0489  0.0490  0.0478  0.0475  0.0484  0.0491  0.0482  0.0472  0.0476  0.0490  0.0490  0.0854  0.1199  0.1207  0.1228  0.0538  0.0474  0.0480  0.0495  0.0496  0.1058  0.1170  0.1085  0.1056  0.0533  0.0472  0.0476  0.0490  0.0492
  0.0489  0.1092  0.2067  0.2068  0.1649  0.0485  0.0487  0.0496  0.0498  0.0488  0.0486  0.0495  0.0499  0.0492  0.0482  0.0486  0.0498  0.0500  0.0493  0.1189  0.1186  0.1049  0.0520  0.0486  0.0490  0.0503  0.0502  0.1524  0.1194  0.0874  0.1025  0.0528  0.0484  0.0488  0.0500  0.0503
  0.0502  0.1563  0.2250  0.2489  0.1867  0.0645  0.0500  0.0507  0.0507  0.0500  0.0498  0.0506  0.0509  0.0503  0.0494  0.0498  0.0508  0.0509  0.0506  0.1200  0.1118  0.0757  0.0513  0.0501  0.0503  0.0513  0.0512  0.2008  0.1404  0.0842  0.1007  0.0510  0.0500  0.0503  0.0512  0.0514
  0.0520  0.1614  0.2441  0.2851  0.2106  0.0667  0.0519  0.0523  0.0523  0.0518  0.0515  0.0521  0.0521  0.0517  0.0510  0.0513  0.0519  0.0521  0.0656  0.1445  0.1209  0.0662  0.0531  0.0522  0.0521  0.0526  0.0526  0.1406  0.1578  0.0630  0.0530  0.0528  0.0522  0.0524  0.0528  0.0529
  0.0536  0.1512  0.1997  0.2183  0.1984  0.0633  0.0535  0.0537  0.0536  0.0536  0.0533  0.0536  0.0536  0.0533  0.0527  0.0529  0.0532  0.0533  0.0859  0.2712  0.1510  0.0539  0.0545  0.0540  0.0538  0.0539  0.0539  0.1404  0.1802  0.0579  0.0542  0.0542  0.0540  0.0542  0.0543  0.0542
  0.0559  0.0556  0.0559  0.0877  0.1631  0.0635  0.0564  0.0624  0.0557  0.0561  0.0560  0.0561  0.0559  0.0558  0.0555  0.0555  0.0554  0.0555  0.0763  0.3066  0.0894  0.0555  0.0560  0.0561  0.0561  0.0560  0.0560  0.0560  0.0561  0.0562  0.0561  0.0564  0.0563  0.0563  0.0562  0.0560
  0.0582  0.0581  0.0580  0.0579  0.0757  0.0587  0.0587  0.0734  0.0578  0.0586  0.0589  0.0587  0.0584  0.0584  0.0584  0.0583  0.0580  0.0580  0.0771  0.2427  0.0658  0.0577  0.0582  0.0584  0.0584  0.0582  0.0583  0.0584  0.0585  0.0584  0.0584  0.0586  0.0587  0.0584  0.0581  0.0581
  0.0613  0.0613  0.0610  0.0610  0.0685  0.0617  0.0716  0.0630  0.0609  0.0617  0.0620  0.0616  0.0613  0.0613  0.0616  0.0615  0.0611  0.0611  0.0815  0.1224  0.0606  0.0605  0.0612  0.0616  0.0614  0.0610  0.0611  0.0614  0.0617  0.0613  0.0612  0.0614  0.0616  0.0611  0.0607  0.0609
  0.0649  0.0650  0.0644  0.0642  0.0645  0.0646  0.0645  0.0639  0.0642  0.0650  0.0653  0.0649  0.0645  0.0647  0.0650  0.0648  0.0644  0.0645  0.0890  0.1028  0.0641  0.0638  0.0645  0.0649  0.0649  0.0644  0.0645  0.0649  0.0649  0.0645  0.0643  0.0646  0.0649  0.0646  0.0641  0.0643
  0.0683  0.0682  0.0679  0.0675  0.0676  0.0676  0.0675  0.0673  0.0675  0.0681  0.0683  0.0682  0.0679  0.0680  0.0682  0.0681  0.0679  0.0680  0.0778  0.0704  0.0677  0.0673  0.0678  0.0682  0.0682  0.0678  0.0678  0.0680  0.0680  0.0678  0.0676  0.0678  0.0682  0.0683  0.0678  0.0679
  0.0708  0.0752  0.0845  0.0755  0.0750  0.0866  0.1049  0.1201  0.1073  0.0880  0.0784  0.0747  0.0737  0.0733  0.0726  0.0719  0.0717  0.0717  0.0714  0.0791  0.1102  0.1335  0.1515  0.1701  0.1712  0.1552  0.1324  0.1158  0.1108  0.1177  0.1347  0.1537  0.1703  0.1601  0.1196  0.0816
  0.4599  0.5111  0.5329  0.4842  0.4103  0.3991  0.3682  0.3655  0.3427  0.3056  0.2717  0.2501  0.2412  0.2312  0.2191  0.2143  0.2135  0.2074  0.2387  0.4470  0.3483  0.3760  0.3937  0.3985  0.3901  0.3775  0.3595  0.3579  0.3776  0.4571  0.5085  0.5839  0.5033  0.4737  0.5046  0.4852
  0.7981  0.7977  0.7974  0.7972  0.7970  0.7968  0.7547  0.6547  0.6492  0.6497  0.6461  0.6456  0.6820  0.6954  0.6943  0.6925  0.6943  0.6932  0.7336  0.7657  0.6407  0.6525  0.6719  0.7126  0.7497  0.7845  0.7852  0.7862  0.7884  0.7988  0.7986  0.7984  0.7984  0.7987  0.7988  0.7987
