   0.0000000e+00
   0.0000000e+00
   0.0000000e+00
   0.0000000e+00
   0.0000000e+00
   0.0000000e+00
   0.0000000e+00
   0.0000000e+00
   0.0000000e+00
   0.0000000e+00
   0.0000000e+00
   0.0000000e+00
   0.0000000e+00
   0.0000000e+00
   0.0000000e+00
   0.0000000e+00
   0.0000000e+00
   0.0000000e+00
   0.0000000e+00
   0.0000000e+00
  -5.8761148e-03
  -1.3296699e-02
  -1.3910715e-02
   0.0000000e+00
   0.0000000e+00
   0.0000000e+00
   0.0000000e+00
   0.0000000e+00
   0.0000000e+00
   0.0000000e+00
   0.0000000e+00
   0.0000000e+00
   0.0000000e+00
   0.0000000e+00
   0.0000000e+00
   0.0000000e+00
   0.0000000e+00
   0.0000000e+00
   0.0000000e+00
   0.0000000e+00
   9.8571269e-03
   1.7305292e-02
   9.6182602e-03
   7.3647883e-03
   5.7088482e-03
   3.9037457e-03
   4.8620169e-05
  -2.2352958e-03
  -2.9585513e-03
  -2.8651229e-03
  -1.8894367e-03
   1.2298640e-03
   1.4233506e-03
   5.0198609e-03
  -9.4623805e-04
   0.0000000e+00
  -5.9552200e-04
  -5.0506759e-03
  -5.0570222e-03
  -4.5603663e-03
  -7.3995243e-03
  -1.4347968e-02
  -2.7894101e-02
  -3.6760638e-02
  -4.1796428e-02
  -2.5356344e-02
  -3.2060864e-02
   0.0000000e+00
  -2.7965750e-02
  -2.5690569e-02
  -3.2870228e-02
   0.0000000e+00
  -9.3250924e-03
  -4.1973937e-03
   5.3578328e-03
   1.3323227e-02
   2.0843715e-02
   2.6459627e-02
   2.9448895e-02
   3.1517424e-02
   3.0665513e-02
   2.6060748e-02
   2.1135176e-02
   1.8250654e-02
   1.7295655e-02
   1.7642334e-02
   1.9204533e-02
   2.0025948e-02
   2.0822059e-02
   2.2247946e-02
   2.0864111e-02
   2.2130375e-02
   2.6327189e-02
   2.9324923e-02
   2.7004031e-02
   2.2556340e-02
   1.8628562e-02
   1.3481253e-02
   9.0401154e-03
   6.0194151e-03
   4.7922246e-03
   4.6247076e-03
   4.7442057e-03
   5.7989789e-03
  -7.5300125e-04
  -3.3169629e-03
  -5.1951902e-03
  -9.6713738e-03
   3.0028584e-02
   3.3102490e-02
   3.5742566e-02
   3.9708334e-02
   4.4556960e-02
   4.7367353e-02
   4.8123771e-02
   5.0858624e-02
   5.6681678e-02
   5.3141602e-02
   4.8359018e-02
   4.5552570e-02
   4.5940964e-02
   4.7178287e-02
   4.9891803e-02
   5.1571344e-02
   5.2490309e-02
   5.5942703e-02
   5.9204570e-02
   5.6002187e-02
   5.1519670e-02
   5.7280634e-02
   6.0056083e-02
   5.7178073e-02
   5.3001651e-02
   5.0229710e-02
   4.8570722e-02
   5.0026899e-02
   5.2702326e-02
   5.5008702e-02
   5.5902173e-02
   5.3949688e-02
   4.7750961e-02
   4.1352368e-02
   3.5502210e-02
   3.0025218e-02
   7.9662122e-02
   7.8926295e-02
   7.5678349e-02
   7.2280005e-02
   7.0658997e-02
   6.7994580e-02
   6.7208096e-02
   6.4407766e-02
   7.7170692e-02
   7.5026378e-02
   7.4714974e-02
   7.5574063e-02
   7.8874305e-02
   8.1683598e-02
   8.5093610e-02
   8.6584166e-02
   8.6348318e-02
   8.6835220e-02
   8.7265678e-02
   6.9349732e-02
   6.8026967e-02
   8.2251184e-02
   8.9522995e-02
   9.2269666e-02
   9.0070263e-02
   8.9505702e-02
   8.9936741e-02
   9.1785759e-02
   9.4638743e-02
   9.4440952e-02
   9.7413078e-02
   9.9941030e-02
   9.4786897e-02
   8.9137673e-02
   8.4484145e-02
   8.1363603e-02
   1.1557108e-01
   1.0810485e-01
   9.7735215e-02
   8.9560923e-02
   8.3057226e-02
   7.1716188e-02
   7.1921630e-02
   6.4448074e-02
   7.9978509e-02
   8.0907492e-02
   8.6509106e-02
   9.1446508e-02
   9.5229346e-02
   9.7384814e-02
   9.9782902e-02
   1.0077740e-01
   9.9968816e-02
   9.5853638e-02
   8.3700304e-02
   5.0263207e-02
   6.1367534e-02
   8.7038149e-02
   1.0033590e-01
   1.1244246e-01
   1.1557304e-01
   1.1749267e-01
   1.1702569e-01
   1.1560802e-01
   1.1297317e-01
   1.0461156e-01
   1.0827245e-01
   1.1835114e-01
   1.2353951e-01
   1.2628321e-01
   1.2424365e-01
   1.2114088e-01
   1.2210409e-01
   1.0687933e-01
   9.1462947e-02
   8.1546768e-02
   7.5086172e-02
   5.5668160e-02
   5.9563293e-02
   6.0649216e-02
   7.1057402e-02
   7.6623917e-02
   8.3379894e-02
   8.6367071e-02
   8.7679550e-02
   8.7873027e-02
   8.8967279e-02
   9.0293609e-02
   8.9892112e-02
   8.3951861e-02
   6.8380989e-02
   0.0000000e+00
   4.4550892e-02
   6.7473397e-02
   8.5189179e-02
   1.0419717e-01
   1.1314003e-01
   1.1862687e-01
   1.1574776e-01
   1.0870654e-01
   9.8548897e-02
   8.2156330e-02
   8.3848558e-02
   1.0134630e-01
   1.1783864e-01
   1.3065103e-01
   1.3529280e-01
   1.3201366e-01
   9.6015591e-02
   7.4856728e-02
   5.9502717e-02
   5.4614116e-02
   0.0000000e+00
   3.2208571e-02
   3.8599274e-02
   4.2244952e-02
   5.7967037e-02
   6.3203685e-02
   6.5471485e-02
   6.4138412e-02
   6.2613100e-02
   6.1983000e-02
   6.3243598e-02
   6.5773792e-02
   6.7249097e-02
   6.0924929e-02
   4.3445610e-02
   0.0000000e+00
   2.2616127e-02
   3.6719508e-02
   5.3695705e-02
   7.4913874e-02
   8.6494823e-02
   9.1406018e-02
   8.4972620e-02
   6.9467931e-02
   6.3080452e-02
   5.1422548e-02
   4.7118710e-02
   6.4363293e-02
   8.6976424e-02
   1.0315773e-01
   1.1148925e-01
   1.0908099e-01
   5.2778494e-02
   0.0000000e+00
   0.0000000e+00
   0.0000000e+00
   0.0000000e+00
   9.0159200e-03
   1.3455268e-02
   2.3134695e-02
   3.6286511e-02
   3.7887134e-02
   3.7597109e-02
   3.5830304e-02
   3.4917060e-02
   3.5027098e-02
   3.6676560e-02
   3.9525826e-02
   4.1217614e-02
   3.5083488e-02
   2.0742282e-02
   0.0000000e+00
   0.0000000e+00
   7.7425963e-03
   2.2239132e-02
   4.1294202e-02
   5.0932288e-02
   5.3336982e-02
   4.2832933e-02
   2.8129372e-02
   0.0000000e+00
   2.5033966e-02
   1.8279877e-02
   2.7895786e-02
   4.6500303e-02
   6.0014103e-02
   6.7654267e-02
   6.6035889e-02
   7.9571605e-03
   0.0000000e+00
   0.0000000e+00
   0.0000000e+00
   0.0000000e+00
  -5.3550113e-03
  -4.7965022e-03
   2.9143684e-03
   7.6002665e-03
   6.8222298e-03
   6.9209556e-03
   7.1178693e-03
   8.0222990e-03
   8.8409455e-03
   1.0713717e-02
   1.3112097e-02
   1.3417973e-02
   7.6824739e-03
   3.4533185e-03
   0.0000000e+00
   0.0000000e+00
  -1.3468203e-02
  -3.2180182e-03
   1.0737702e-02
   1.6297093e-02
   1.5723959e-02
   2.1669292e-03
  -1.1478463e-02
   0.0000000e+00
  -9.2861488e-03
  -1.0593126e-02
  -4.8543112e-03
   4.5096781e-03
   1.3665849e-02
   1.9836064e-02
   1.8247426e-02
  -2.4441973e-02
  -0.0000000e+00
   0.0000000e+00
   0.0000000e+00
   0.0000000e+00
  -2.1561388e-02
  -2.3459096e-02
  -2.2479139e-02
  -2.1352960e-02
  -2.0505746e-02
  -1.8196449e-02
  -1.5530013e-02
  -1.3514331e-02
  -1.2248048e-02
  -1.1213752e-02
  -1.0897934e-02
  -1.2665763e-02
  -1.6273871e-02
  -7.2133926e-03
   0.0000000e+00
   0.0000000e+00
  -2.6750191e-02
  -1.9208740e-02
  -1.2317467e-02
  -1.0909531e-02
  -1.5027320e-02
  -2.9103469e-02
  -0.0000000e+00
   0.0000000e+00
  -2.6968704e-02
  -2.6505049e-02
  -3.0954964e-02
  -2.8356459e-02
  -2.3232670e-02
  -1.9657047e-02
  -2.1533431e-02
  -4.3553278e-02
  -2.8048512e-02
   0.0000000e+00
   0.0000000e+00
   0.0000000e+00
  -4.3589460e-02
  -4.4646289e-02
  -4.5998834e-02
  -4.3091409e-02
  -3.8813237e-02
  -3.3912458e-02
  -2.9570220e-02
  -2.7597262e-02
  -2.8110193e-02
  -3.0460710e-02
  -3.3172973e-02
  -3.6867395e-02
  -3.8253225e-02
  -2.1853998e-02
   0.0000000e+00
   0.0000000e+00
  -0.0000000e+00
  -2.8428308e-02
  -3.0899065e-02
  -3.4009956e-02
  -4.1540857e-02
  -5.0373334e-02
  -0.0000000e+00
   0.0000000e+00
  -0.0000000e+00
  -3.3642311e-02
  -4.6695295e-02
  -5.1925935e-02
  -5.2541010e-02
  -5.2547585e-02
  -5.2538432e-02
  -4.9503073e-02
  -2.3370825e-02
   0.0000000e+00
   0.0000000e+00
   0.0000000e+00
  -5.3613629e-02
  -5.3846836e-02
  -5.3402610e-02
  -4.8491977e-02
  -4.2742860e-02
  -3.7502114e-02
  -3.4340486e-02
  -3.4929283e-02
  -3.8738940e-02
  -4.4595715e-02
  -4.9699746e-02
  -5.4060131e-02
  -5.4736890e-02
  -3.3817836e-02
   0.0000000e+00
   0.0000000e+00
   0.0000000e+00
  -3.5835897e-02
  -4.4805683e-02
  -5.1109694e-02
  -5.8393013e-02
  -5.0711729e-02
  -0.0000000e+00
   0.0000000e+00
  -0.0000000e+00
  -0.0000000e+00
  -5.0240020e-02
  -6.2383663e-02
  -6.8516232e-02
  -7.1376823e-02
  -6.8216532e-02
  -4.9941439e-02
  -2.0630662e-02
  -1.2416637e-02
   0.0000000e+00
  -5.8898977e-02
  -5.1876158e-02
  -4.7767192e-02
  -4.5538828e-02
  -4.1753542e-02
  -3.7907276e-02
  -3.5937656e-02
  -3.7464797e-02
  -4.2649060e-02
  -5.0040577e-02
  -5.8194198e-02
  -6.4111933e-02
  -6.6800423e-02
  -6.1779547e-02
  -0.0000000e+00
   0.0000000e+00
   0.0000000e+00
   0.0000000e+00
  -4.5180062e-02
  -5.8784347e-02
  -6.5678276e-02
  -6.5674283e-02
  -3.7439797e-02
  -0.0000000e+00
   0.0000000e+00
   0.0000000e+00
  -4.1270446e-03
  -4.6499684e-02
  -6.2912427e-02
  -7.3787481e-02
  -7.8668296e-02
  -7.2640136e-02
  -4.4581849e-02
  -2.2196084e-02
  -2.0685238e-02
  -4.3189849e-02
  -5.0465904e-02
  -3.7154675e-02
  -3.1241264e-02
  -3.0227261e-02
  -3.0937536e-02
  -3.1388085e-02
  -3.3964958e-02
  -4.1063443e-02
  -5.0275054e-02
  -5.9599247e-02
  -6.7157924e-02
  -7.0247523e-02
  -6.7841113e-02
  -4.5692023e-02
  -0.0000000e+00
   0.0000000e+00
   0.0000000e+00
   0.0000000e+00
  -5.2527316e-02
  -6.6514574e-02
  -6.9513500e-02
  -5.8958143e-02
  -2.4662539e-02
  -0.0000000e+00
   0.0000000e+00
   0.0000000e+00
  -1.5969381e-02
  -3.8652038e-02
  -5.3719826e-02
  -6.5646403e-02
  -7.0546553e-02
  -6.4288296e-02
  -3.2346770e-02
  -2.0591512e-02
  -2.7589019e-02
  -3.5936719e-02
  -0.0000000e+00
  -2.2107808e-02
  -1.8737635e-02
  -1.9918436e-02
  -2.2960056e-02
  -2.6461381e-02
  -3.2546107e-02
  -4.3416366e-02
  -5.5057231e-02
  -6.4064577e-02
  -6.8493746e-02
  -6.6570893e-02
  -5.6414891e-02
  -3.2249876e-02
  -0.0000000e+00
   0.0000000e+00
   0.0000000e+00
   0.0000000e+00
  -5.5108974e-02
  -6.4687721e-02
  -6.1686426e-02
  -4.4379253e-02
  -1.3247829e-02
  -0.0000000e+00
   0.0000000e+00
   0.0000000e+00
  -2.6057311e-02
  -3.1696871e-02
  -3.9338071e-02
  -4.8662834e-02
  -5.2003812e-02
  -4.6733882e-02
  -1.6279047e-02
  -1.3690013e-02
  -2.0218617e-02
  -1.9508299e-02
  -2.1372426e-02
  -1.7360222e-02
  -2.0643510e-02
  -2.3931755e-02
  -2.6871966e-02
  -3.0201966e-02
  -3.5260756e-02
  -4.3657687e-02
  -5.2352466e-02
  -5.8023486e-02
  -5.8591805e-02
  -5.2124180e-02
  -3.6665041e-02
  -1.3994377e-02
   0.0000000e+00
   0.0000000e+00
   0.0000000e+00
   0.0000000e+00
  -4.9955239e-02
  -5.2642219e-02
  -4.4609260e-02
  -2.5762748e-02
  -1.8758668e-03
   0.0000000e+00
   0.0000000e+00
   0.0000000e+00
  -2.5227368e-02
  -2.0113774e-02
  -2.1264136e-02
  -2.6119417e-02
  -2.7399775e-02
  -2.3633153e-02
   0.0000000e+00
   0.0000000e+00
  -8.4917016e-03
  -7.6678405e-03
  -2.6941830e-02
  -2.9213229e-02
  -3.7282931e-02
  -4.2107396e-02
  -4.5073986e-02
  -4.6412277e-02
  -4.6033781e-02
  -4.4777650e-02
  -4.3870545e-02
  -4.2828724e-02
  -3.9157052e-02
  -3.0911542e-02
  -1.5853511e-02
   2.5939195e-03
   0.0000000e+00
   0.0000000e+00
   0.0000000e+00
  -5.4487200e-02
  -4.0949875e-02
  -3.2140311e-02
  -2.3108402e-02
  -7.4705565e-03
   6.3553774e-03
   0.0000000e+00
   0.0000000e+00
   0.0000000e+00
  -2.2880540e-02
  -9.4621573e-03
  -4.4582379e-03
  -3.7573734e-03
  -3.3460716e-03
  -1.7738296e-03
   9.2814124e-03
   0.0000000e+00
  -8.4990561e-03
  -2.1651020e-02
  -3.5293326e-02
  -3.7211668e-02
  -4.3960895e-02
  -4.8014544e-02
  -5.0461173e-02
  -5.0781347e-02
  -4.8529442e-02
  -4.3980204e-02
  -3.9160900e-02
  -3.4550939e-02
  -2.8111733e-02
  -1.8568181e-02
  -4.5359838e-03
   7.0742673e-03
   0.0000000e+00
   0.0000000e+00
   0.0000000e+00
  -5.5243708e-02
  -3.7144616e-02
  -1.7623194e-02
  -7.4681127e-03
   5.7299612e-03
   1.3522721e-02
   0.0000000e+00
   0.0000000e+00
   0.0000000e+00
  -2.1509044e-02
  -7.0266314e-03
   2.3709775e-03
   7.9583544e-03
   1.0626631e-02
   1.0205892e-02
   7.8386075e-03
   0.0000000e+00
  -1.3090144e-02
  -2.7067817e-02
  -3.6362313e-02
  -3.9648679e-02
  -4.4739141e-02
  -4.8363125e-02
  -5.0892553e-02
  -5.1733702e-02
  -5.0211175e-02
  -4.5480201e-02
  -3.8762296e-02
  -3.1459186e-02
  -2.1519287e-02
  -9.6317843e-03
   6.3161303e-04
   5.7481942e-03
   0.0000000e+00
   0.0000000e+00
   0.0000000e+00
  -5.3612419e-02
  -3.2383766e-02
  -8.8893093e-03
   5.9390803e-03
   1.7264059e-02
   2.0963029e-02
   0.0000000e+00
   0.0000000e+00
   0.0000000e+00
  -0.0000000e+00
  -6.4465421e-03
   4.0633381e-03
   1.3773925e-02
   1.8614063e-02
   1.4718742e-02
   1.9104245e-03
  -6.1513502e-04
  -2.2499503e-02
  -3.3039138e-02
  -4.2925213e-02
  -5.1710449e-02
  -5.9375010e-02
  -6.4174816e-02
  -6.6170610e-02
  -6.4816035e-02
  -6.0020864e-02
  -5.1426165e-02
  -4.0186595e-02
  -2.7927525e-02
  -1.5394488e-02
  -6.2848274e-03
  -2.2471081e-03
  -2.4692502e-03
   0.0000000e+00
   0.0000000e+00
  -5.6309477e-02
  -5.2127272e-02
  -3.3459239e-02
  -4.6705436e-03
   1.4361777e-02
   0.0000000e+00
   0.0000000e+00
   0.0000000e+00
   0.0000000e+00
   0.0000000e+00
  -0.0000000e+00
   6.9005441e-06
   4.6169995e-03
   1.9240428e-02
   2.6399635e-02
   1.5702839e-02
  -2.3307845e-05
  -7.2100012e-03
  -2.8129654e-02
  -3.9201938e-02
  -5.2738789e-02
  -6.7251094e-02
  -7.9619437e-02
  -8.8099942e-02
  -9.2612512e-02
  -9.2150398e-02
  -8.6973630e-02
  -7.6407515e-02
  -6.0250752e-02
  -3.9106566e-02
  -1.7964650e-02
  -9.7638275e-03
  -7.2778980e-03
  -8.7697861e-03
   0.0000000e+00
   0.0000000e+00
  -5.6419434e-02
  -5.3185489e-02
  -3.8291935e-02
  -7.5094686e-03
   1.8170084e-02
   0.0000000e+00
   0.0000000e+00
   0.0000000e+00
   0.0000000e+00
   0.0000000e+00
   0.0000000e+00
   6.5452605e-03
   8.8809617e-03
   2.1853805e-02
   3.5350050e-02
   1.9903878e-02
   0.0000000e+00
  -1.3476058e-02
  -2.5950972e-02
  -3.8962007e-02
  -5.4287776e-02
  -7.2310798e-02
  -8.7601796e-02
  -9.7916812e-02
  -1.0354644e-01
  -1.0477536e-01
  -1.0209887e-01
  -9.3537107e-02
  -7.6687969e-02
  -5.0342038e-02
  -1.8797869e-02
  -9.3281390e-03
  -1.3342965e-02
  -0.0000000e+00
  -6.7033618e-02
  -6.8264477e-02
  -5.8982570e-02
  -5.7128776e-02
  -4.6105646e-02
  -1.7005324e-02
   0.0000000e+00
   0.0000000e+00
   0.0000000e+00
   0.0000000e+00
   0.0000000e+00
   0.0000000e+00
   0.0000000e+00
   1.3912946e-02
   1.9215049e-02
   0.0000000e+00
   4.1807741e-02
   2.7587309e-02
  -0.0000000e+00
  -2.5652826e-02
  -2.4338420e-02
  -3.2625131e-02
  -4.6856049e-02
  -6.6475570e-02
  -8.3539424e-02
  -9.4128862e-02
  -9.8351210e-02
  -9.8768170e-02
  -9.7198471e-02
  -9.1256283e-02
  -7.6328730e-02
  -5.0040647e-02
  -1.5620190e-02
  -2.8417013e-03
  -0.0000000e+00
  -5.1269658e-02
  -6.5134421e-02
  -6.4842694e-02
  -5.8551028e-02
  -5.9265193e-02
  -5.5584420e-02
  -3.4263909e-02
  -0.0000000e+00
   0.0000000e+00
   0.0000000e+00
   0.0000000e+00
   0.0000000e+00
   0.0000000e+00
   0.0000000e+00
   2.5374077e-02
   3.2731228e-02
   0.0000000e+00
   4.2503077e-02
   3.5804992e-02
  -0.0000000e+00
  -3.8565948e-02
  -2.9512547e-02
  -2.8184859e-02
  -3.6422882e-02
  -5.2419309e-02
  -6.8488821e-02
  -7.8819789e-02
  -8.2337901e-02
  -8.1723563e-02
  -8.0268838e-02
  -7.6562755e-02
  -6.3985988e-02
  -3.9333902e-02
  -9.2631187e-03
   0.0000000e+00
   0.0000000e+00
  -5.2191228e-02
  -5.5140901e-02
  -5.2787211e-02
  -5.0715957e-02
  -5.5732697e-02
  -6.0121614e-02
  -5.3028151e-02
  -0.0000000e+00
   0.0000000e+00
   0.0000000e+00
   0.0000000e+00
   0.0000000e+00
   0.0000000e+00
   0.0000000e+00
   0.0000000e+00
   3.8099969e-02
   0.0000000e+00
   0.0000000e+00
   0.0000000e+00
   0.0000000e+00
  -0.0000000e+00
  -3.7464127e-02
  -2.9585745e-02
  -3.1473249e-02
  -4.0168587e-02
  -5.1063113e-02
  -5.9241690e-02
  -6.2171198e-02
  -6.1550643e-02
  -6.0810246e-02
  -5.9231617e-02
  -4.9170069e-02
  -2.5243649e-02
   4.2475882e-04
   0.0000000e+00
  -3.8123474e-02
  -4.3707715e-02
  -4.2270530e-02
  -4.0849339e-02
  -4.1041795e-02
  -4.7318894e-02
  -5.5344485e-02
  -5.9699673e-02
  -5.6615397e-02
   0.0000000e+00
   0.0000000e+00
   0.0000000e+00
   0.0000000e+00
   0.0000000e+00
   0.0000000e+00
   0.0000000e+00
   2.7015818e-02
   0.0000000e+00
   0.0000000e+00
   0.0000000e+00
   0.0000000e+00
   0.0000000e+00
  -3.8442179e-02
  -2.9736031e-02
  -2.4611291e-02
  -2.7298876e-02
  -3.1187875e-02
  -3.4360718e-02
  -3.5119172e-02
  -3.4678015e-02
  -3.5268723e-02
  -3.6670755e-02
  -3.0755805e-02
  -6.2302269e-03
   1.1688546e-02
   0.0000000e+00
  -0.0000000e+00
  -2.9865065e-02
  -2.5311979e-02
  -2.5121531e-02
  -2.7515319e-02
  -3.2316904e-02
  -4.0339916e-02
  -4.9372898e-02
  -4.4127215e-02
   0.0000000e+00
   0.0000000e+00
   0.0000000e+00
   0.0000000e+00
   0.0000000e+00
   0.0000000e+00
   0.0000000e+00
   0.0000000e+00
   0.0000000e+00
   0.0000000e+00
   0.0000000e+00
   0.0000000e+00
   0.0000000e+00
  -2.9908121e-02
  -2.5011409e-02
  -1.0338476e-02
  -8.2586268e-03
  -7.8839809e-03
  -7.3794369e-03
  -5.2557918e-03
  -4.3846350e-03
  -6.2321280e-03
  -1.0944850e-02
  -1.0356474e-02
   1.1755912e-02
   0.0000000e+00
   0.0000000e+00
   0.0000000e+00
   0.0000000e+00
  -3.8250882e-03
  -6.7960233e-03
  -1.0538647e-02
  -1.3337200e-02
  -1.8747140e-02
  -2.7220367e-02
  -2.4478354e-02
   0.0000000e+00
   0.0000000e+00
   0.0000000e+00
   0.0000000e+00
   0.0000000e+00
   0.0000000e+00
   0.0000000e+00
   0.0000000e+00
   0.0000000e+00
   0.0000000e+00
   0.0000000e+00
   0.0000000e+00
   0.0000000e+00
  -1.2257319e-02
  -0.0000000e+00
   1.3196329e-02
   1.6552651e-02
   2.0261310e-02
   2.3896752e-02
   2.8780255e-02
   3.0925151e-02
   2.8691266e-02
   2.0830695e-02
   1.3740581e-02
   1.9701815e-02
   0.0000000e+00
   0.0000000e+00
   0.0000000e+00
   0.0000000e+00
   1.4161511e-02
   1.3560344e-02
   9.8994905e-03
   9.5064649e-03
   8.2248719e-03
   2.2481363e-03
   1.2012960e-04
   0.0000000e+00
   0.0000000e+00
   0.0000000e+00
   0.0000000e+00
   0.0000000e+00
   0.0000000e+00
   0.0000000e+00
   0.0000000e+00
   0.0000000e+00
   0.0000000e+00
   0.0000000e+00
   0.0000000e+00
   0.0000000e+00
   0.0000000e+00
   1.3992818e-02
   3.9257358e-02
   3.5725184e-02
   4.2963619e-02
   5.0262425e-02
   5.6531683e-02
   5.9958361e-02
   5.9261706e-02
   5.0545290e-02
   3.5157773e-02
   2.7434013e-02
   0.0000000e+00
   0.0000000e+00
   0.0000000e+00
   0.0000000e+00
   0.0000000e+00
   2.8604621e-02
   2.7347270e-02
   3.0072894e-02
   3.3193097e-02
   3.0764872e-02
   2.4667069e-02
   0.0000000e+00
   0.0000000e+00
   0.0000000e+00
   0.0000000e+00
   0.0000000e+00
   0.0000000e+00
   0.0000000e+00
   0.0000000e+00
   0.0000000e+00
   0.0000000e+00
   0.0000000e+00
   0.0000000e+00
   0.0000000e+00
   0.0000000e+00
   2.6485053e-02
   4.6029174e-02
   4.1364495e-02
   5.1321629e-02
   6.1286233e-02
   6.8476841e-02
   7.3129669e-02
   7.4452192e-02
   6.7220032e-02
   4.8563171e-02
   0.0000000e+00
   0.0000000e+00
   0.0000000e+00
   0.0000000e+00
   0.0000000e+00
   0.0000000e+00
   3.2496289e-02
   3.6762670e-02
   4.3915566e-02
   5.1621463e-02
   5.2880805e-02
   4.3055739e-02
   0.0000000e+00
   0.0000000e+00
   0.0000000e+00
   0.0000000e+00
  -0.0000000e+00
  -0.0000000e+00
  -0.0000000e+00
   0.0000000e+00
   0.0000000e+00
   0.0000000e+00
   0.0000000e+00
   0.0000000e+00
   0.0000000e+00
   0.0000000e+00
   0.0000000e+00
   2.6265533e-02
   2.8125860e-02
   3.5086512e-02
   4.6881430e-02
   5.6835487e-02
   6.4457983e-02
   6.8263374e-02
   6.3790977e-02
   4.8311597e-02
   0.0000000e+00
   0.0000000e+00
   0.0000000e+00
   0.0000000e+00
   0.0000000e+00
   0.0000000e+00
   0.0000000e+00
   3.3695666e-02
   4.3746831e-02
   5.6917720e-02
   6.2242966e-02
   5.3562642e-02
   4.1242832e-02
   0.0000000e+00
   0.0000000e+00
   0.0000000e+00
  -0.0000000e+00
  -0.0000000e+00
  -0.0000000e+00
   0.0000000e+00
   0.0000000e+00
   0.0000000e+00
   0.0000000e+00
   0.0000000e+00
   0.0000000e+00
   0.0000000e+00
   0.0000000e+00
   5.0734942e-03
   1.0279846e-03
  -3.3476064e-03
   8.5376938e-03
   2.3810257e-02
   3.6443081e-02
   4.3924498e-02
   4.3355169e-02
   3.3904570e-02
   0.0000000e+00
   0.0000000e+00
   0.0000000e+00
   0.0000000e+00
   0.0000000e+00
   0.0000000e+00
   0.0000000e+00
   2.4615922e-02
   3.7332337e-02
   5.1982974e-02
   5.8010683e-02
   5.1483849e-02
   0.0000000e+00
   0.0000000e+00
   0.0000000e+00
   0.0000000e+00
   0.0000000e+00
   0.0000000e+00
   0.0000000e+00
   0.0000000e+00
   0.0000000e+00
   0.0000000e+00
   0.0000000e+00
   0.0000000e+00
   0.0000000e+00
   0.0000000e+00
   0.0000000e+00
  -0.0000000e+00
  -0.0000000e+00
  -3.7703366e-02
  -3.2355312e-02
  -1.4047051e-02
   3.9577883e-03
   0.0000000e+00
   1.2792261e-02
   0.0000000e+00
   0.0000000e+00
   0.0000000e+00
   0.0000000e+00
   0.0000000e+00
   0.0000000e+00
   0.0000000e+00
   0.0000000e+00
   1.0741673e-02
   2.4765723e-02
   3.0733189e-02
   2.9422292e-02
   2.4601776e-02
   5.6401063e-03
   3.0882479e-03
   0.0000000e+00
   0.0000000e+00
   0.0000000e+00
   0.0000000e+00
   0.0000000e+00
   0.0000000e+00
   0.0000000e+00
   0.0000000e+00
   0.0000000e+00
   0.0000000e+00
   0.0000000e+00
   0.0000000e+00
   0.0000000e+00
   0.0000000e+00
   0.0000000e+00
  -0.0000000e+00
  -0.0000000e+00
  -0.0000000e+00
  -0.0000000e+00
   0.0000000e+00
  -0.0000000e+00
   0.0000000e+00
   0.0000000e+00
   0.0000000e+00
   0.0000000e+00
   0.0000000e+00
   0.0000000e+00
   0.0000000e+00
  -5.4480747e-03
   5.1618426e-04
  -0.0000000e+00
  -4.0658017e-02
  -3.6552142e-02
  -1.7236605e-02
  -4.6369733e-03
   3.0729859e-03
   0.0000000e+00
   0.0000000e+00
   0.0000000e+00
   0.0000000e+00
   0.0000000e+00
   0.0000000e+00
   0.0000000e+00
   0.0000000e+00
   0.0000000e+00
   0.0000000e+00
  -9.7924297e-03
  -1.0773252e-02
  -1.0345052e-02
   0.0000000e+00
  -1.2269595e-02
  -1.5485810e-02
  -2.0793645e-02
  -2.8022120e-02
  -3.8836461e-02
  -3.9713599e-02
  -3.5356194e-02
  -3.3317761e-02
  -1.9100681e-02
  -2.8851827e-03
   4.1303277e-03
   3.8968406e-03
   0.0000000e+00
  -1.9544939e-03
   7.6951392e-03
   0.0000000e+00
   0.0000000e+00
   0.0000000e+00
  -0.0000000e+00
  -2.2375858e-02
  -2.0507175e-02
  -2.0278238e-02
  -2.8227477e-02
  -2.2668781e-02
  -1.0774960e-02
  -6.5420347e-03
  -8.0473242e-03
  -8.5523265e-03
  -1.4697704e-02
  -1.3396403e-02
   0.0000000e+00
