   0.0000000e+00
   0.0000000e+00
   0.0000000e+00
   0.0000000e+00
   0.0000000e+00
   0.0000000e+00
   0.0000000e+00
   0.0000000e+00
   0.0000000e+00
   0.0000000e+00
   0.0000000e+00
   0.0000000e+00
   0.0000000e+00
   0.0000000e+00
   0.0000000e+00
   0.0000000e+00
   0.0000000e+00
   0.0000000e+00
   0.0000000e+00
   0.0000000e+00
   5.3840702e-03
   4.2446770e-03
  -1.7366536e-04
   0.0000000e+00
   0.0000000e+00
   0.0000000e+00
   0.0000000e+00
   0.0000000e+00
   0.0000000e+00
   0.0000000e+00
   0.0000000e+00
   0.0000000e+00
   0.0000000e+00
   0.0000000e+00
   0.0000000e+00
   0.0000000e+00
   0.0000000e+00
   0.0000000e+00
   0.0000000e+00
   0.0000000e+00
  -5.4023232e-03
  -4.6155929e-04
   1.0536569e-02
   2.0907637e-02
   1.2129212e-02
   1.2337299e-02
   1.0716228e-02
   5.3056394e-03
   3.5984303e-03
   4.2140182e-03
   5.2346330e-03
   6.2771129e-03
   5.3471021e-03
   6.1279180e-03
  -1.0139701e-02
   0.0000000e+00
   1.0440717e-02
   2.0154112e-03
   3.0914323e-03
   6.6061006e-03
   4.8823834e-03
   3.2818677e-03
  -2.1551903e-03
  -2.7807163e-03
  -9.2755605e-03
  -6.0212136e-03
  -1.2256395e-02
   0.0000000e+00
   1.9162140e-02
   1.3520948e-02
   8.5594178e-03
   0.0000000e+00
   5.5458116e-03
  -4.1688853e-03
  -1.0497279e-02
  -1.0400663e-02
  -6.9394747e-03
   1.7997390e-04
   5.8731467e-03
   1.1629676e-02
   1.6658304e-02
   1.7660452e-02
   1.3443642e-02
   7.8956690e-03
   4.4132056e-03
   2.4364043e-03
   2.8151739e-03
   3.5025368e-03
   4.3700659e-03
   5.4057585e-03
   1.9380922e-03
  -2.5201937e-03
  -1.8993448e-03
   2.1052619e-03
   6.0756095e-03
   8.8554854e-03
   1.0102546e-02
   6.7282473e-03
   5.2716734e-04
  -4.5985085e-03
  -7.4317646e-03
  -6.6685951e-03
  -4.3566353e-03
   4.5672579e-03
   1.3731954e-02
   1.4800395e-02
   1.4194617e-02
   1.0687244e-02
  -8.1742201e-03
  -1.7081227e-02
  -2.1881036e-02
  -2.1394459e-02
  -1.4617114e-02
  -4.6567041e-03
   2.3825776e-03
   8.4863240e-03
   1.6816549e-02
   1.6397608e-02
   9.9118836e-03
   2.0467886e-03
  -2.6072517e-03
  -5.7810899e-03
  -5.3866208e-03
  -4.2755389e-03
  -3.8703913e-03
  -4.5628687e-03
  -8.1347073e-03
  -9.3696209e-03
  -7.8890696e-03
  -1.9617791e-03
   5.3134141e-03
   8.9523802e-03
   8.0851027e-03
   2.3339679e-03
  -7.0524062e-03
  -1.4783148e-02
  -1.7869173e-02
  -1.5118821e-02
  -7.7251741e-03
   3.4737859e-03
   1.2631607e-02
   1.4994272e-02
   1.2938420e-02
   3.6284169e-03
  -2.0623332e-02
  -2.8720208e-02
  -3.1960372e-02
  -2.8018996e-02
  -1.8244181e-02
  -8.4844856e-03
  -8.6418435e-04
   6.5440079e-03
   1.6769217e-02
   1.2887788e-02
   3.3043751e-03
  -7.0869904e-03
  -1.3294622e-02
  -1.7514225e-02
  -1.6811742e-02
  -1.3973791e-02
  -1.2524289e-02
  -1.6272306e-02
  -3.0895703e-02
  -1.0420116e-02
  -1.6761318e-02
  -9.1403006e-03
   3.0186548e-04
   5.3848317e-03
   2.9715698e-03
  -4.5807674e-03
  -1.6758520e-02
  -2.5865166e-02
  -2.7487427e-02
  -2.2844199e-02
  -1.2975324e-02
   1.1118923e-03
   1.1450142e-02
   1.3818748e-02
   8.0112685e-03
  -7.3945522e-03
  -2.7541167e-02
  -3.2962657e-02
  -3.3095348e-02
  -2.6507946e-02
  -1.8591751e-02
  -7.0051859e-03
  -2.4322094e-03
   3.9451918e-03
   1.8562151e-02
   7.4208091e-03
  -6.0887246e-03
  -1.6301846e-02
  -2.1601816e-02
  -2.4768171e-02
  -2.2685059e-02
  -1.8210800e-02
  -1.5166162e-02
  -1.9113415e-02
  -3.3940594e-02
  -1.6086398e-02
  -2.0030735e-02
  -1.1686744e-02
  -3.6082378e-03
   2.3595823e-03
  -1.7354659e-03
  -1.1449087e-02
  -2.3786227e-02
  -2.9723447e-02
  -2.7186484e-02
  -2.1180942e-02
  -1.0580673e-02
   3.8001030e-03
   1.1634271e-02
   1.0974612e-02
  -9.7169069e-04
  -1.7142225e-02
  -2.6259301e-02
  -2.6681464e-02
  -2.5439449e-02
  -1.9121356e-02
  -1.5963388e-02
  -4.6899035e-03
  -2.4961213e-04
  -3.7226317e-04
   1.7037529e-02
  -2.7723969e-03
  -1.3893801e-02
  -1.9692324e-02
  -2.2258226e-02
  -2.3559084e-02
  -2.0531181e-02
  -1.5292580e-02
  -1.2129520e-02
  -1.3518239e-02
  -2.2012876e-02
  -0.0000000e+00
  -1.6619658e-02
  -8.9709852e-03
  -3.2316982e-03
   6.2462001e-05
  -7.6460028e-03
  -1.6181642e-02
  -2.3252638e-02
  -2.2565881e-02
  -1.5122922e-02
  -7.1164663e-03
  -5.7141206e-05
   9.6066445e-03
   1.0778526e-02
   4.3913233e-03
  -8.7982351e-03
  -2.0333769e-02
  -1.4368247e-02
  -1.0178447e-02
  -1.2637103e-02
  -8.1059513e-03
   0.0000000e+00
   3.2934500e-03
   4.3791430e-03
   3.9345841e-03
   2.7547600e-03
  -1.0192789e-02
  -1.3485095e-02
  -1.5015245e-02
  -1.6270801e-02
  -1.6914260e-02
  -1.4550085e-02
  -9.9437262e-03
  -6.9843433e-03
  -3.8624620e-03
  -2.9115386e-03
   0.0000000e+00
  -1.2760535e-02
  -7.8716278e-03
  -4.5277616e-03
  -5.7739438e-03
  -1.0795157e-02
  -1.3082952e-02
  -1.1711228e-02
  -5.5638401e-03
   7.6461048e-04
   5.4135690e-03
   5.1675512e-03
   7.8025707e-03
   2.5319306e-03
  -4.0347837e-03
  -1.0736432e-02
  -1.5476433e-02
   5.8903131e-03
   0.0000000e+00
  -0.0000000e+00
   0.0000000e+00
   0.0000000e+00
   1.1565690e-02
   9.4508156e-03
   6.9321047e-03
  -5.6602049e-04
  -6.0643153e-03
  -5.7256166e-03
  -6.9711399e-03
  -9.2234276e-03
  -1.0837667e-02
  -9.4336616e-03
  -5.7745581e-03
  -2.1025864e-03
   6.9381213e-03
   2.0506065e-02
   0.0000000e+00
  -0.0000000e+00
  -7.4181478e-03
  -7.8749862e-03
  -7.9001114e-03
  -6.7163631e-03
  -4.3711299e-03
   5.2261082e-03
   1.6513558e-02
   0.0000000e+00
   3.8311522e-03
   3.1141362e-03
  -5.9759510e-05
  -3.9921789e-03
  -5.0713425e-03
  -5.5819568e-03
  -4.3673641e-03
   2.9513495e-02
   0.0000000e+00
   0.0000000e+00
   0.0000000e+00
   0.0000000e+00
   1.2292614e-02
   8.9835869e-03
   6.2413504e-03
   1.5114944e-03
   2.8617159e-03
   3.2421083e-03
   7.0488290e-04
  -2.9570134e-03
  -5.4592709e-03
  -5.0339098e-03
  -1.6667144e-03
   3.4615167e-03
   1.8381070e-02
   3.8756572e-02
   0.0000000e+00
   0.0000000e+00
  -9.6524277e-03
  -1.2191432e-02
  -5.5400152e-03
  -5.8927858e-04
   5.1723383e-03
   2.5227033e-02
   4.9665891e-02
   0.0000000e+00
   6.0954541e-03
   4.4633104e-03
  -3.7872377e-03
  -5.2138005e-04
   1.5243656e-03
   3.7368806e-03
   1.0197630e-02
   4.6899939e-02
   0.0000000e+00
   0.0000000e+00
   0.0000000e+00
   0.0000000e+00
   1.4566670e-02
   1.1518041e-02
   9.7799255e-03
   9.9689607e-03
   1.1005798e-02
   1.0037651e-02
   5.7677226e-03
   1.1799909e-03
  -2.0333105e-03
  -1.7460693e-03
   2.4989212e-03
   9.7519513e-03
   2.7577186e-02
   3.4285750e-02
   0.0000000e+00
   0.0000000e+00
  -1.4443682e-02
  -1.6045511e-02
  -1.8425131e-03
   4.5318449e-03
   1.4130987e-02
   4.5665707e-02
   0.0000000e+00
   0.0000000e+00
   1.0956472e-02
   5.3327876e-03
   4.2306486e-04
   7.3311813e-03
   9.4142592e-03
   1.3217771e-02
   2.4083905e-02
   5.4323398e-02
   5.4824151e-02
   0.0000000e+00
   0.0000000e+00
   0.0000000e+00
   2.2764307e-02
   1.9315893e-02
   1.7463630e-02
   1.7084951e-02
   1.5777029e-02
   1.3052261e-02
   7.1062231e-03
   2.1007552e-03
  -5.5802718e-04
   1.3995519e-03
   7.3122680e-03
   1.7193859e-02
   3.6164619e-02
   3.7081037e-02
   0.0000000e+00
   0.0000000e+00
  -0.0000000e+00
  -1.6400533e-02
   1.8397013e-03
   9.7405268e-03
   2.4721634e-02
   6.5604120e-02
   0.0000000e+00
   0.0000000e+00
   0.0000000e+00
   6.7726406e-03
   6.9555234e-03
   1.4442049e-02
   1.7415401e-02
   2.3405872e-02
   3.6709879e-02
   5.2565809e-02
   3.6015196e-02
   0.0000000e+00
   0.0000000e+00
   0.0000000e+00
   2.8762903e-02
   2.3860916e-02
   2.0295167e-02
   1.8174263e-02
   1.5535990e-02
   1.1292428e-02
   4.9124165e-03
   1.0633856e-03
   5.7602907e-04
   4.7602467e-03
   1.2472846e-02
   2.4920927e-02
   4.5045428e-02
   3.6781729e-02
   0.0000000e+00
   0.0000000e+00
   0.0000000e+00
  -9.2917780e-03
   5.7320236e-03
   1.6063776e-02
   3.5691045e-02
   7.1516052e-02
   0.0000000e+00
   0.0000000e+00
   0.0000000e+00
   0.0000000e+00
   1.4290322e-02
   1.9253574e-02
   2.4018127e-02
   3.2151591e-02
   4.4693585e-02
   4.7033217e-02
   2.3120335e-02
   1.9026185e-03
   0.0000000e+00
   3.2100809e-02
   2.9880080e-02
   2.1490173e-02
   1.5952772e-02
   1.3445942e-02
   1.0723607e-02
   6.4773080e-03
   1.8678940e-03
   1.0162012e-03
   3.7026098e-03
   1.0351471e-02
   2.0270167e-02
   3.5006832e-02
   5.8043841e-02
   0.0000000e+00
   0.0000000e+00
   0.0000000e+00
   0.0000000e+00
   7.7854850e-04
   1.2954907e-02
   2.6259992e-02
   4.6624616e-02
   6.3445374e-02
   0.0000000e+00
   0.0000000e+00
   0.0000000e+00
  -1.0677287e-02
   2.1651320e-02
   2.3325149e-02
   3.0289039e-02
   4.0022425e-02
   4.8627540e-02
   4.0679600e-02
   2.0118998e-02
   5.2365400e-03
   1.4316992e-02
   2.5636749e-02
   2.0571303e-02
   1.0909815e-02
   6.0695177e-03
   5.6058830e-03
   4.5718639e-03
   2.3017679e-03
   8.5388619e-04
   2.9933685e-03
   8.4578861e-03
   1.7202161e-02
   2.8237261e-02
   4.3453664e-02
   5.3922385e-02
   0.0000000e+00
   0.0000000e+00
   0.0000000e+00
   0.0000000e+00
   9.5383292e-03
   2.1919247e-02
   3.5698976e-02
   5.0661009e-02
   5.1593684e-02
   0.0000000e+00
   0.0000000e+00
   0.0000000e+00
  -3.1832217e-03
   2.5580808e-02
   2.5756046e-02
   3.3125423e-02
   4.1962989e-02
   4.6078447e-02
   3.1866938e-02
   1.7030042e-02
   1.0737934e-02
   1.6447666e-02
   0.0000000e+00
   7.0776972e-03
  -8.5006509e-04
  -3.5501309e-03
  -3.0390450e-03
  -2.5335068e-03
  -2.1550725e-03
  -1.4720131e-04
   5.2076792e-03
   1.3421003e-02
   2.3209298e-02
   3.3343241e-02
   4.4457693e-02
   4.5005365e-02
   0.0000000e+00
   0.0000000e+00
   0.0000000e+00
   0.0000000e+00
   2.0361692e-02
   2.9160259e-02
   4.0223740e-02
   4.7845252e-02
   3.9167870e-02
   0.0000000e+00
   0.0000000e+00
   0.0000000e+00
   3.3535585e-03
   2.4692958e-02
   2.5833346e-02
   3.1510122e-02
   3.7729595e-02
   3.8077660e-02
   1.9115171e-02
   1.0803589e-02
   9.8817298e-03
   1.3074962e-02
  -1.2268067e-03
  -4.7861757e-03
  -1.0540490e-02
  -1.2853274e-02
  -1.3546824e-02
  -1.3455085e-02
  -1.1553571e-02
  -5.8837878e-03
   3.3304051e-03
   1.3891181e-02
   2.4268756e-02
   3.3015843e-02
   3.7715606e-02
   3.0641705e-02
   0.0000000e+00
   0.0000000e+00
   0.0000000e+00
   0.0000000e+00
   2.9819856e-02
   3.1908836e-02
   3.8312290e-02
   3.9522145e-02
   2.5666688e-02
   0.0000000e+00
   0.0000000e+00
   0.0000000e+00
   1.5279893e-03
   1.6392455e-02
   2.1462284e-02
   2.5084523e-02
   2.8269364e-02
   2.4516943e-02
   0.0000000e+00
   0.0000000e+00
   4.0362749e-03
   2.9933145e-03
  -6.0753422e-05
  -8.2580652e-03
  -1.3583340e-02
  -1.6122989e-02
  -1.7981179e-02
  -1.8520131e-02
  -1.6264770e-02
  -9.8358691e-03
  -8.5543596e-04
   8.8293646e-03
   1.8454678e-02
   2.5666345e-02
   2.6386216e-02
   1.3661196e-02
   0.0000000e+00
   0.0000000e+00
   0.0000000e+00
   8.1630447e-03
   2.4647427e-02
   2.6393253e-02
   2.9812014e-02
   2.7906595e-02
   1.6652147e-02
   0.0000000e+00
   0.0000000e+00
   0.0000000e+00
  -1.7001222e-03
   2.2184784e-03
   1.1829926e-02
   1.4727009e-02
   1.6943924e-02
   1.4347025e-02
   4.3189495e-03
   0.0000000e+00
   1.1790737e-04
  -1.2095529e-03
   2.8544292e-03
  -1.9613425e-03
  -3.6862246e-03
  -5.2688569e-03
  -6.8563684e-03
  -7.6873153e-03
  -6.6622957e-03
  -2.8127544e-03
   3.1804594e-03
   1.0162187e-02
   1.7695285e-02
   2.3229454e-02
   1.9810889e-02
   6.9031523e-03
   0.0000000e+00
   0.0000000e+00
   0.0000000e+00
  -1.4027860e-04
   1.8251237e-02
   2.1373395e-02
   2.4614289e-02
   2.1451540e-02
   1.0729510e-02
   0.0000000e+00
   0.0000000e+00
   0.0000000e+00
  -7.9338595e-03
  -7.3320232e-03
   4.2996248e-03
   7.6615461e-03
   1.0260796e-02
   7.7015435e-03
   2.8514557e-03
   0.0000000e+00
   6.1535866e-05
  -1.2890520e-03
   1.4959418e-03
   2.8957447e-04
  -4.2618383e-04
  -1.2042368e-03
  -2.1820485e-03
  -2.6406596e-03
  -1.6436848e-03
   2.0387136e-03
   8.1462781e-03
   1.5271942e-02
   2.0651615e-02
   1.9779830e-02
   9.9168273e-03
   4.2070745e-04
  -0.0000000e+00
   0.0000000e+00
   0.0000000e+00
   6.1601338e-05
   1.2487671e-02
   1.5543435e-02
   1.8993876e-02
   1.7434269e-02
   1.0558968e-02
   0.0000000e+00
   0.0000000e+00
   0.0000000e+00
  -0.0000000e+00
  -1.3829939e-02
  -2.0009447e-03
   2.5232270e-03
   6.7905834e-03
   4.0565670e-03
  -3.5600056e-03
  -9.6644060e-04
  -1.3148919e-03
  -3.7268335e-03
  -6.9443658e-03
  -1.1597175e-02
  -1.5348040e-02
  -1.8098639e-02
  -2.0005317e-02
  -2.0568667e-02
  -1.9701276e-02
  -1.6571544e-02
  -1.0981976e-02
  -3.2273671e-03
   3.0690236e-03
   2.0786764e-03
  -2.4438596e-03
  -6.2234718e-03
  -0.0000000e+00
   0.0000000e+00
  -8.8142234e-03
  -6.8236673e-03
  -6.9155572e-03
  -4.0468411e-03
   5.5863786e-03
   0.0000000e+00
   0.0000000e+00
   0.0000000e+00
   0.0000000e+00
   0.0000000e+00
  -0.0000000e+00
  -1.7574306e-02
  -9.9739879e-03
  -1.9032109e-03
   8.3214387e-03
   3.5574672e-03
  -8.3220288e-03
   8.8916734e-04
   9.7500730e-05
  -4.9859560e-03
  -1.0676680e-02
  -1.7638927e-02
  -2.4260299e-02
  -2.9898876e-02
  -3.4382675e-02
  -3.7192091e-02
  -3.8640689e-02
  -3.8635440e-02
  -3.5466969e-02
  -2.6925860e-02
  -1.4185837e-02
  -8.2448432e-03
  -8.8915434e-03
  -6.6581726e-03
   0.0000000e+00
   0.0000000e+00
  -7.7681853e-03
  -1.4748837e-02
  -2.1276748e-02
  -1.9950354e-02
  -4.3692999e-03
   0.0000000e+00
   0.0000000e+00
   0.0000000e+00
   0.0000000e+00
   0.0000000e+00
   0.0000000e+00
  -5.7924135e-03
  -1.4208739e-02
  -9.8433206e-03
   1.8816228e-02
   9.8642918e-03
   0.0000000e+00
   4.9153495e-03
   2.7656511e-03
  -2.0681003e-03
  -7.2206142e-03
  -1.4352327e-02
  -2.2265887e-02
  -2.9341789e-02
  -3.4666855e-02
  -3.8305551e-02
  -4.1600261e-02
  -4.4969179e-02
  -4.5933418e-02
  -4.0332094e-02
  -2.3679180e-02
  -8.5005257e-03
  -1.3466350e-02
  -0.0000000e+00
  -1.1069547e-02
  -4.1643808e-05
  -7.8822682e-03
  -1.8843142e-02
  -2.8407510e-02
  -3.2858893e-02
  -0.0000000e+00
   0.0000000e+00
   0.0000000e+00
   0.0000000e+00
   0.0000000e+00
   0.0000000e+00
   0.0000000e+00
   6.4494498e-03
  -1.1763286e-02
  -0.0000000e+00
   2.3202231e-02
   1.7447139e-02
  -0.0000000e+00
  -2.6597021e-03
   3.5128903e-03
   1.7470711e-03
  -4.0545047e-04
  -6.1855707e-03
  -1.4900004e-02
  -2.3191057e-02
  -2.8549373e-02
  -3.0988656e-02
  -3.3648342e-02
  -3.8413834e-02
  -4.3185899e-02
  -4.3096151e-02
  -3.0147808e-02
  -6.7243934e-03
  -0.0000000e+00
  -1.6498924e-02
  -1.0488128e-02
  -1.2626960e-03
  -6.9993758e-03
  -1.7293658e-02
  -3.1017926e-02
  -4.5064669e-02
  -0.0000000e+00
   0.0000000e+00
   0.0000000e+00
   0.0000000e+00
   0.0000000e+00
   0.0000000e+00
   0.0000000e+00
   2.1812113e-02
  -5.3396747e-03
  -0.0000000e+00
   2.7215324e-02
   2.6014124e-02
  -0.0000000e+00
  -1.5960967e-02
  -4.5572957e-03
   1.8745111e-04
   3.3596344e-03
   2.7397920e-03
  -4.9103843e-03
  -1.4213827e-02
  -2.0944614e-02
  -2.2975786e-02
  -2.4134090e-02
  -2.8816091e-02
  -3.6162551e-02
  -4.0579747e-02
  -3.3287056e-02
  -0.0000000e+00
   0.0000000e+00
  -9.4787464e-03
  -9.0366136e-03
  -1.9715598e-03
  -3.2102866e-03
  -1.2283582e-02
  -2.8760657e-02
  -5.2353758e-02
  -0.0000000e+00
   0.0000000e+00
   0.0000000e+00
   0.0000000e+00
   0.0000000e+00
   0.0000000e+00
   0.0000000e+00
   0.0000000e+00
   5.0317052e-03
  -0.0000000e+00
   0.0000000e+00
   0.0000000e+00
   0.0000000e+00
  -0.0000000e+00
  -1.7942317e-02
  -5.3918459e-03
   7.6880609e-04
   5.9320126e-03
   2.0989545e-03
  -6.4909779e-03
  -1.4367484e-02
  -1.7096518e-02
  -1.7850995e-02
  -2.2789894e-02
  -3.3037059e-02
  -4.0309135e-02
  -3.2740314e-02
  -0.0000000e+00
  -5.9132894e-04
  -9.0406806e-03
  -6.1984952e-03
  -1.9972767e-03
  -5.2051217e-04
  -7.2195581e-03
  -2.3262236e-02
  -5.0802611e-02
  -6.3348278e-02
   0.0000000e+00
   0.0000000e+00
   0.0000000e+00
   0.0000000e+00
   0.0000000e+00
   0.0000000e+00
   0.0000000e+00
   4.1717851e-03
   0.0000000e+00
   0.0000000e+00
   0.0000000e+00
   0.0000000e+00
   0.0000000e+00
  -3.0081404e-02
  -1.3339079e-02
  -1.9478977e-03
   6.3870346e-03
   6.2024674e-03
  -2.9853419e-04
  -8.0540506e-03
  -1.1323997e-02
  -1.2188049e-02
  -1.7606476e-02
  -3.2664969e-02
  -4.4285471e-02
  -3.3541252e-02
  -0.0000000e+00
   0.0000000e+00
  -7.8811124e-03
  -5.6596084e-03
   1.1254471e-04
   2.0487769e-03
  -1.4770016e-03
  -1.4894646e-02
  -4.0794669e-02
  -5.8686786e-02
   0.0000000e+00
   0.0000000e+00
   0.0000000e+00
   0.0000000e+00
   0.0000000e+00
   0.0000000e+00
   0.0000000e+00
  -0.0000000e+00
   0.0000000e+00
   0.0000000e+00
   0.0000000e+00
   0.0000000e+00
   0.0000000e+00
  -3.7766904e-02
  -2.2297718e-02
  -6.4203646e-03
   9.0854391e-03
   1.0489000e-02
   4.8154863e-03
  -2.4528282e-03
  -5.4673296e-03
  -6.1742342e-03
  -1.1805318e-02
  -3.2213125e-02
  -4.9303439e-02
  -0.0000000e+00
   0.0000000e+00
   0.0000000e+00
   0.0000000e+00
  -6.1286821e-03
   2.5662042e-03
   5.0200978e-03
   3.5529742e-03
  -6.3243932e-03
  -2.9346004e-02
  -5.2045232e-02
   0.0000000e+00
   0.0000000e+00
   0.0000000e+00
   0.0000000e+00
   0.0000000e+00
   0.0000000e+00
   0.0000000e+00
   0.0000000e+00
   0.0000000e+00
   0.0000000e+00
   0.0000000e+00
   0.0000000e+00
   0.0000000e+00
  -3.2521624e-02
  -0.0000000e+00
  -1.3571101e-02
   9.3403067e-03
   1.4114695e-02
   9.5687788e-03
   2.8984961e-03
   8.2646962e-04
   1.2932763e-03
  -3.2418498e-03
  -2.8060682e-02
  -5.3588121e-02
   0.0000000e+00
   0.0000000e+00
   0.0000000e+00
   0.0000000e+00
  -5.3148536e-03
   1.8106966e-03
   6.3510751e-03
   6.0744607e-03
   5.7063892e-04
  -1.7482955e-02
  -4.1683648e-02
   0.0000000e+00
   0.0000000e+00
  -0.0000000e+00
  -0.0000000e+00
  -0.0000000e+00
   0.0000000e+00
   0.0000000e+00
   0.0000000e+00
   0.0000000e+00
   0.0000000e+00
   0.0000000e+00
   0.0000000e+00
   0.0000000e+00
   0.0000000e+00
  -3.0217947e-02
  -2.1553015e-02
   6.5248054e-03
   1.4545391e-02
   1.1650849e-02
   6.0943314e-03
   4.8895547e-03
   7.2974418e-03
   5.8313929e-03
  -1.8343396e-02
  -4.7835845e-02
   0.0000000e+00
   0.0000000e+00
   0.0000000e+00
   0.0000000e+00
  -0.0000000e+00
   7.5551379e-04
   5.4255715e-03
   4.9174380e-03
   1.9153726e-03
  -9.5021473e-03
  -3.0684107e-02
   0.0000000e+00
  -0.0000000e+00
  -0.0000000e+00
  -0.0000000e+00
   0.0000000e+00
   0.0000000e+00
   0.0000000e+00
   0.0000000e+00
   0.0000000e+00
   0.0000000e+00
   0.0000000e+00
   0.0000000e+00
   0.0000000e+00
   0.0000000e+00
  -3.2326545e-02
  -2.4497027e-02
   1.1228018e-03
   1.2181893e-02
   1.1527009e-02
   7.1845176e-03
   5.9189214e-03
   9.7330026e-03
   1.3032321e-02
  -1.6000592e-03
  -0.0000000e+00
   0.0000000e+00
   0.0000000e+00
   0.0000000e+00
   0.0000000e+00
  -0.0000000e+00
   5.1667644e-04
   4.8317900e-03
   3.3246798e-03
  -9.0988068e-04
  -6.6839270e-03
  -1.7293041e-02
   0.0000000e+00
  -0.0000000e+00
  -0.0000000e+00
   0.0000000e+00
  -0.0000000e+00
   0.0000000e+00
   0.0000000e+00
   0.0000000e+00
   0.0000000e+00
   0.0000000e+00
   0.0000000e+00
   0.0000000e+00
   0.0000000e+00
   0.0000000e+00
  -0.0000000e+00
  -2.5482982e-02
  -3.1363289e-03
   6.7135716e-03
   6.9612400e-03
   3.3644573e-03
   2.2224500e-03
   7.6510748e-03
   1.5974715e-02
   1.1905726e-02
   0.0000000e+00
   0.0000000e+00
   0.0000000e+00
   0.0000000e+00
   0.0000000e+00
   0.0000000e+00
   0.0000000e+00
   2.2918561e-03
  -6.8543034e-04
  -4.1496428e-03
  -7.1425261e-03
  -5.4851874e-03
   1.2246269e-03
   0.0000000e+00
   0.0000000e+00
   0.0000000e+00
  -0.0000000e+00
   0.0000000e+00
   0.0000000e+00
   0.0000000e+00
   0.0000000e+00
   0.0000000e+00
   0.0000000e+00
   0.0000000e+00
   0.0000000e+00
   0.0000000e+00
   0.0000000e+00
  -3.2965245e-02
  -9.0717831e-03
  -8.8439196e-03
  -8.1965327e-03
  -1.1382718e-02
  -1.0773244e-02
  -1.3391070e-03
   1.3959991e-02
   1.9773350e-02
   0.0000000e+00
   0.0000000e+00
   0.0000000e+00
   0.0000000e+00
   0.0000000e+00
   0.0000000e+00
   0.0000000e+00
  -1.5865844e-02
  -1.0663718e-02
  -7.5810040e-03
  -6.9653393e-03
  -4.2914087e-04
   0.0000000e+00
   0.0000000e+00
   0.0000000e+00
   0.0000000e+00
   0.0000000e+00
   0.0000000e+00
   0.0000000e+00
   0.0000000e+00
   0.0000000e+00
   0.0000000e+00
   0.0000000e+00
   0.0000000e+00
   0.0000000e+00
   0.0000000e+00
   0.0000000e+00
  -0.0000000e+00
  -0.0000000e+00
  -2.7832804e-02
  -3.0936146e-02
  -3.6797207e-02
  -2.8854320e-02
  -7.7681277e-03
   9.9651031e-03
   0.0000000e+00
   0.0000000e+00
   0.0000000e+00
   0.0000000e+00
   0.0000000e+00
  -0.0000000e+00
  -0.0000000e+00
   0.0000000e+00
  -3.7586528e-02
  -2.4935071e-02
  -1.2707798e-02
  -1.0115309e-02
  -1.1363693e-03
   1.2414348e-02
   1.5824549e-02
   0.0000000e+00
   0.0000000e+00
   0.0000000e+00
   0.0000000e+00
   0.0000000e+00
   0.0000000e+00
   0.0000000e+00
   0.0000000e+00
   0.0000000e+00
   0.0000000e+00
   0.0000000e+00
   0.0000000e+00
   0.0000000e+00
   0.0000000e+00
   0.0000000e+00
  -0.0000000e+00
  -0.0000000e+00
  -5.0311972e-02
  -0.0000000e+00
   0.0000000e+00
   0.0000000e+00
   0.0000000e+00
   0.0000000e+00
   0.0000000e+00
   0.0000000e+00
   0.0000000e+00
  -0.0000000e+00
  -0.0000000e+00
  -2.3421554e-02
  -2.2909707e-02
  -0.0000000e+00
  -3.7621632e-02
  -4.7855079e-02
  -2.8127084e-02
  -7.2379877e-03
   1.7085806e-02
   0.0000000e+00
   0.0000000e+00
   0.0000000e+00
   0.0000000e+00
   0.0000000e+00
   0.0000000e+00
   0.0000000e+00
   0.0000000e+00
   0.0000000e+00
   0.0000000e+00
   9.1950990e-03
   1.3659903e-02
   1.5560747e-02
   0.0000000e+00
   8.4774735e-04
  -3.7834662e-03
  -7.4559858e-03
  -1.8689600e-02
  -1.9760149e-02
  -1.2721920e-02
  -1.1407169e-02
  -1.2631199e-02
  -1.0198523e-02
  -1.1588281e-02
  -1.6254496e-02
  -1.7670083e-02
   0.0000000e+00
  -8.2847715e-03
  -9.7145956e-03
  -0.0000000e+00
   0.0000000e+00
   0.0000000e+00
  -0.0000000e+00
  -7.1637991e-02
  -4.2339649e-02
  -1.7451378e-02
  -2.9395703e-03
   1.6977601e-03
  -3.8114903e-03
  -7.4666942e-03
  -1.0108064e-02
  -9.9728068e-03
  -6.3497480e-03
  -2.5382488e-03
   0.0000000e+00
