   0.0000000e+00
   0.0000000e+00
   0.0000000e+00
   0.0000000e+00
   0.0000000e+00
   0.0000000e+00
   0.0000000e+00
   1.8774297e-02
   1.0807791e-02
   1.0822958e-02
   7.4111421e-03
  -7.7303321e-04
   0.0000000e+00
   0.0000000e+00
   0.0000000e+00
   0.0000000e+00
   0.0000000e+00
  -0.0000000e+00
   0.0000000e+00
   0.0000000e+00
   9.0063554e-03
  -2.2001314e-04
   5.2280849e-03
   0.0000000e+00
   0.0000000e+00
   0.0000000e+00
   0.0000000e+00
   0.0000000e+00
   0.0000000e+00
   0.0000000e+00
   0.0000000e+00
   0.0000000e+00
   0.0000000e+00
   0.0000000e+00
   0.0000000e+00
   0.0000000e+00
   3.5935909e-03
  -6.7596176e-03
  -9.4112010e-03
  -6.8836530e-03
  -3.0182073e-03
   2.9100439e-03
   9.7550446e-03
   1.3100745e-02
   1.5102069e-02
   1.3831289e-02
   1.0668750e-02
   6.2808627e-03
   4.2589428e-03
   4.0980028e-03
   5.0369590e-03
   5.5411626e-03
   6.9393725e-03
   1.7180047e-03
  -1.0528140e-03
   2.6001409e-03
   1.9219128e-03
   3.3676634e-03
   6.0503283e-03
   8.1692981e-03
   6.8917942e-03
   2.8120161e-03
  -2.1808880e-03
  -5.4703178e-03
  -6.6103221e-03
  -7.3895521e-03
  -1.0162100e-03
   1.3144137e-02
   1.5133851e-02
   1.2879199e-02
   1.1590354e-02
   1.0823561e-02
  -5.5366862e-03
  -1.2891098e-02
  -1.5626667e-02
  -1.3470749e-02
  -6.2483377e-03
   2.1435022e-03
   7.9415720e-03
   1.4505940e-02
   1.8719099e-02
   1.5284237e-02
   8.6639365e-03
   3.3052790e-03
  -3.7480815e-05
  -9.5168239e-04
  -2.9800931e-04
   4.9315969e-04
   1.2234567e-03
   5.9280440e-04
  -3.6071211e-03
  -5.2866698e-03
  -1.7878952e-03
   4.4173812e-03
   8.4061790e-03
   1.0318438e-02
   8.2020378e-03
   1.6323351e-03
  -5.6814272e-03
  -1.0763697e-02
  -1.1427236e-02
  -7.8620296e-03
   1.2267259e-04
   9.2073670e-03
   1.4608998e-02
   1.5335068e-02
   1.1958569e-02
   4.4998429e-03
  -1.9961771e-02
  -2.6337504e-02
  -2.7666314e-02
  -2.1822285e-02
  -1.2002420e-02
  -3.3076676e-03
   3.4986779e-03
   1.2017347e-02
   1.6999712e-02
   1.1076747e-02
   2.1079341e-03
  -5.0201598e-03
  -1.0262663e-02
  -1.1854976e-02
  -1.0353005e-02
  -8.8934684e-03
  -9.2999656e-03
  -1.5632873e-02
  -1.1293093e-02
  -1.2359905e-02
  -1.1128467e-02
  -4.3788517e-04
   5.5704103e-03
   7.2776023e-03
   2.4941596e-03
  -6.3617160e-03
  -1.7004326e-02
  -2.3136014e-02
  -2.2337688e-02
  -1.6207630e-02
  -4.5476425e-03
   7.9908120e-03
   1.3594657e-02
   1.3686406e-02
   5.3947615e-03
  -8.5916743e-03
  -2.9044311e-02
  -3.3807494e-02
  -3.1997893e-02
  -2.3402732e-02
  -1.2994738e-02
  -4.7697630e-03
   2.5163037e-03
   1.2066411e-02
   1.6267860e-02
   4.4849068e-03
  -7.1972143e-03
  -1.5401262e-02
  -2.0853546e-02
  -2.2258839e-02
  -1.9280633e-02
  -1.5697295e-02
  -1.5968319e-02
  -2.7779875e-02
  -5.1659140e-03
  -1.6590403e-02
  -1.6693678e-02
  -5.7669566e-03
   1.1107279e-03
   3.6167023e-03
  -3.4429862e-03
  -1.4176101e-02
  -2.5782421e-02
  -2.9989941e-02
  -2.6646161e-02
  -1.9331774e-02
  -5.3633936e-03
   7.8294370e-03
   1.2790719e-02
   9.9283373e-03
  -4.4045923e-03
  -1.9540722e-02
  -3.0277260e-02
  -3.1251129e-02
  -2.7639793e-02
  -2.0092582e-02
  -9.6357918e-03
  -3.0360592e-03
  -2.5248983e-03
   1.3410517e-02
   1.2798978e-02
  -4.8211746e-03
  -1.5468830e-02
  -2.0896764e-02
  -2.4512583e-02
  -2.4215604e-02
  -1.9975557e-02
  -1.5291979e-02
  -1.4846776e-02
  -2.3330878e-02
   0.0000000e+00
  -1.7848000e-02
  -1.5419748e-02
  -6.8261637e-03
  -6.2515996e-04
   7.2748681e-05
  -9.7601541e-03
  -2.0023836e-02
  -2.7288973e-02
  -2.5557797e-02
  -1.8805135e-02
  -1.1857327e-02
   1.0246428e-03
   1.0259722e-02
   1.0830290e-02
   2.2533952e-03
  -1.3237407e-02
  -2.4352399e-02
  -2.0900767e-02
  -1.9957624e-02
  -1.7563341e-02
  -1.1645468e-02
  -2.8090815e-03
   8.3091971e-04
   1.0248208e-03
   1.4365637e-02
  -1.5407422e-04
  -1.2594677e-02
  -1.7182648e-02
  -1.9097051e-02
  -2.0570330e-02
  -1.9591730e-02
  -1.5385036e-02
  -1.0477893e-02
  -9.5739085e-03
  -1.1507096e-02
   0.0000000e+00
  -0.0000000e+00
  -1.2033182e-02
  -5.3566918e-03
  -1.8439288e-03
  -5.8993902e-03
  -1.3447943e-02
  -1.8214226e-02
  -1.7995518e-02
  -1.0519274e-02
  -1.2396843e-03
   2.6240938e-03
   9.3071470e-03
   1.0475544e-02
   4.8240675e-03
  -5.1780595e-03
  -1.5410624e-02
  -2.1235986e-02
  -3.4974424e-04
  -7.7428594e-03
  -4.1366010e-03
  -7.2380574e-03
   0.0000000e+00
   8.4796362e-03
   7.1375788e-03
   4.6462249e-03
  -6.3151112e-03
  -9.4388025e-03
  -1.0277551e-02
  -1.1545570e-02
  -1.3262583e-02
  -1.3045622e-02
  -9.9283047e-03
  -5.6750895e-03
  -2.5530017e-03
   7.0201852e-03
   0.0000000e+00
  -0.0000000e+00
  -1.0004878e-02
  -6.1740223e-03
  -6.5504794e-03
  -8.7557109e-03
  -9.0842564e-03
  -7.1344740e-03
   2.2920417e-03
   5.0133779e-04
   5.6289524e-03
   1.7091668e-03
   4.6918341e-03
  -4.1886114e-04
  -4.2635817e-03
  -7.5339018e-03
  -9.9471190e-03
  -8.7991459e-03
   2.5289262e-02
   0.0000000e+00
   0.0000000e+00
   0.0000000e+00
   0.0000000e+00
   1.1232048e-02
   8.5544959e-03
   3.5384106e-03
  -3.0395151e-03
  -1.6981708e-03
  -2.2540388e-03
  -4.7177211e-03
  -7.6312972e-03
  -8.1586251e-03
  -5.9485752e-03
  -1.8596465e-03
   4.1604862e-03
   2.3831613e-02
   0.0000000e+00
   0.0000000e+00
  -0.0000000e+00
  -9.0138726e-03
  -8.8910982e-03
  -5.6728348e-03
  -2.3065293e-03
   4.7599627e-03
   2.6817836e-02
   0.0000000e+00
   0.0000000e+00
   3.5991839e-03
   1.4188935e-03
  -4.2781271e-03
  -3.1804650e-03
  -2.2182562e-03
  -5.8206602e-04
   6.9837696e-03
   5.0033540e-02
   0.0000000e+00
   0.0000000e+00
   0.0000000e+00
   0.0000000e+00
   1.1256847e-02
   8.4613571e-03
   5.8443821e-03
   7.0828721e-03
   7.9831146e-03
   6.1476440e-03
   1.8941719e-03
  -2.0159776e-03
  -3.6078072e-03
  -1.6259222e-03
   3.4682923e-03
   1.3182730e-02
   3.6561474e-02
   1.9064280e-02
   0.0000000e+00
   0.0000000e+00
  -1.4838526e-02
  -8.7123886e-03
  -1.9593994e-04
   5.5859778e-03
   1.9881483e-02
   5.2135993e-02
   0.0000000e+00
   0.0000000e+00
   8.8985230e-03
  -1.4879021e-03
   9.3251700e-04
   4.9218023e-03
   7.4031744e-03
   1.2557916e-02
   2.7275117e-02
   5.7453136e-02
   0.0000000e+00
   0.0000000e+00
   0.0000000e+00
   0.0000000e+00
   1.6359854e-02
   1.4165008e-02
   1.3501409e-02
   1.4171325e-02
   1.3180166e-02
   9.8913498e-03
   4.4558598e-03
   6.0159058e-05
  -1.3342024e-03
   1.6665582e-03
   8.4316069e-03
   2.0667452e-02
   4.0378515e-02
   2.4607887e-02
   0.0000000e+00
   0.0000000e+00
  -2.0406515e-02
  -7.4387304e-03
   3.3441773e-03
   1.1615094e-02
   3.3527009e-02
   6.9508594e-02
   0.0000000e+00
   0.0000000e+00
   1.3155823e-02
  -2.2109859e-04
   8.6293882e-03
   1.1649349e-02
   1.5152985e-02
   2.2866348e-02
   4.0430695e-02
   5.2540449e-02
   2.5474701e-02
   0.0000000e+00
   0.0000000e+00
   0.0000000e+00
   2.4368692e-02
   2.0579064e-02
   1.8852241e-02
   1.7455762e-02
   1.4588237e-02
   9.5568812e-03
   3.6790147e-03
   2.2756400e-04
   8.8915753e-04
   5.8175363e-03
   1.4868858e-02
   3.0291589e-02
   4.4907987e-02
   2.4882023e-02
   0.0000000e+00
   0.0000000e+00
  -0.0000000e+00
  -3.9632176e-03
   7.5826235e-03
   1.9953320e-02
   4.8994739e-02
   8.0257009e-02
   0.0000000e+00
   0.0000000e+00
   0.0000000e+00
   7.3178603e-03
   1.4825159e-02
   1.8259322e-02
   2.4134083e-02
   3.3831406e-02
   4.8782472e-02
   4.0567316e-02
   1.7144326e-02
   0.0000000e+00
   0.0000000e+00
   3.2425895e-02
   2.6988987e-02
   2.0890445e-02
   1.7464155e-02
   1.5117443e-02
   1.1253275e-02
   5.8828634e-03
   1.5267733e-03
   8.9707586e-04
   4.2654444e-03
   1.1230541e-02
   2.2767821e-02
   4.1101653e-02
   5.0229939e-02
   0.0000000e+00
   0.0000000e+00
   0.0000000e+00
  -0.0000000e+00
   2.4232173e-03
   1.4165310e-02
   3.0445714e-02
   5.8241859e-02
   6.7815948e-02
   0.0000000e+00
   0.0000000e+00
   0.0000000e+00
   0.0000000e+00
   1.9829499e-02
   2.3716867e-02
   3.2155961e-02
   4.2364605e-02
   5.0704811e-02
   3.5372011e-02
   1.0097049e-02
   0.0000000e+00
   0.0000000e+00
   3.0944860e-02
   2.2078209e-02
   1.3959320e-02
   1.0841179e-02
   9.4244359e-03
   6.3237995e-03
   2.5242954e-03
   9.3231589e-04
   3.3308906e-03
   9.0650097e-03
   1.7890681e-02
   3.1181749e-02
   5.0648220e-02
   5.9778714e-02
   0.0000000e+00
   0.0000000e+00
   0.0000000e+00
   0.0000000e+00
   9.8613035e-03
   2.2924449e-02
   3.9978698e-02
   5.8568474e-02
   5.2368802e-02
   0.0000000e+00
   0.0000000e+00
  -0.0000000e+00
   2.5501307e-02
   2.3304293e-02
   2.7552323e-02
   3.7245113e-02
   4.5893006e-02
   4.8251189e-02
   2.8523454e-02
   1.0139939e-02
   9.4935073e-03
   2.0348094e-02
   1.9422766e-02
   8.8798637e-03
   1.9080461e-03
   9.7883353e-04
   1.4999063e-03
   8.9219096e-04
   2.2580681e-04
   1.8876002e-03
   7.4309646e-03
   1.5554256e-02
   2.5323071e-02
   3.8066391e-02
   5.0934091e-02
   4.0100558e-02
   0.0000000e+00
   0.0000000e+00
   0.0000000e+00
   0.0000000e+00
   1.9701626e-02
   3.1942490e-02
   4.5193013e-02
   5.1656976e-02
   3.7974128e-02
   0.0000000e+00
   0.0000000e+00
  -0.0000000e+00
   1.7131207e-02
   2.5294853e-02
   2.8807260e-02
   3.7104338e-02
   4.2578064e-02
   4.1023705e-02
   1.9334035e-02
   1.1144840e-02
   1.4094517e-02
   0.0000000e+00
   0.0000000e+00
  -4.0352303e-03
  -8.2670813e-03
  -8.9489706e-03
  -8.6503187e-03
  -7.7698063e-03
  -5.2299495e-03
   4.7071109e-04
   9.8541612e-03
   1.9721327e-02
   2.9201610e-02
   3.8473167e-02
   4.1561525e-02
   3.5376664e-02
   0.0000000e+00
   0.0000000e+00
   0.0000000e+00
   0.0000000e+00
   2.7757136e-02
   3.5931837e-02
   4.2943105e-02
   4.0695280e-02
   2.3966202e-02
   0.0000000e+00
   0.0000000e+00
  -0.0000000e+00
   1.4203935e-02
   2.2686476e-02
   2.5785077e-02
   3.1296089e-02
   3.2786712e-02
   2.8343314e-02
   1.3249162e-02
   8.2508054e-03
   8.6043977e-03
   0.0000000e+00
  -3.9414298e-03
  -1.1469337e-02
  -1.5230929e-02
  -1.7031275e-02
  -1.8026296e-02
  -1.7181573e-02
  -1.2840749e-02
  -4.5491583e-03
   6.5531177e-03
   1.7056713e-02
   2.6322715e-02
   3.2307755e-02
   2.7746586e-02
   1.6679477e-02
   0.0000000e+00
   0.0000000e+00
   0.0000000e+00
   0.0000000e+00
   2.9937772e-02
   3.2789122e-02
   3.5024144e-02
   2.8783949e-02
   1.6336861e-02
   0.0000000e+00
   0.0000000e+00
   0.0000000e+00
   2.6632720e-03
   1.4743475e-02
   1.8373169e-02
   2.1925762e-02
   2.1444514e-02
   1.8889842e-02
   0.0000000e+00
   0.0000000e+00
   1.2299984e-03
   1.2138367e-03
  -2.2352961e-03
  -9.0932602e-03
  -1.1580591e-02
  -1.3453464e-02
  -1.4797003e-02
  -1.4346465e-02
  -1.0934945e-02
  -4.7378590e-03
   3.2875390e-03
   1.1100879e-02
   1.8749084e-02
   2.4272201e-02
   1.7011842e-02
   6.3856344e-03
   0.0000000e+00
   0.0000000e+00
   0.0000000e+00
   1.3248189e-02
   2.2218502e-02
   2.4880352e-02
   2.6311415e-02
   1.9242381e-02
   9.6041633e-03
   0.0000000e+00
   0.0000000e+00
   0.0000000e+00
  -6.0519923e-03
   4.6664182e-03
   9.6784418e-03
   1.2856362e-02
   1.2806329e-02
   9.8184894e-03
   3.8778887e-03
   0.0000000e+00
  -1.7984641e-03
   1.2848843e-03
   2.7268023e-03
   1.4702078e-03
   4.9158046e-04
  -7.1253311e-04
  -1.9028656e-03
  -2.1533766e-03
  -2.6754837e-04
   4.1667847e-03
   1.1048237e-02
   1.8060466e-02
   2.3569171e-02
   2.1161630e-02
   8.2730781e-03
   1.2054863e-03
   0.0000000e+00
   0.0000000e+00
  -0.0000000e+00
   1.0084710e-02
   1.8626563e-02
   2.2079890e-02
   2.2205500e-02
   1.4183518e-02
   7.0271301e-03
   0.0000000e+00
   0.0000000e+00
   0.0000000e+00
  -1.6209282e-02
  -3.6039194e-03
   2.7299620e-03
   6.5903283e-03
   7.0005167e-03
   3.7362590e-03
  -5.1081256e-04
   1.9247438e-03
  -2.1955419e-03
  -2.0365859e-03
  -3.9362409e-03
  -6.2386678e-03
  -7.9279412e-03
  -9.1949971e-03
  -9.9670365e-03
  -9.6063279e-03
  -7.2584492e-03
  -2.4887980e-03
   4.8703481e-03
   1.1466699e-02
   1.3316886e-02
   7.0682946e-03
  -1.3202820e-03
  -2.4741662e-03
   0.0000000e+00
   0.0000000e+00
  -0.0000000e+00
   1.9519537e-03
   3.5535006e-03
   9.6546719e-03
   1.7246095e-02
   1.3129958e-02
   0.0000000e+00
   0.0000000e+00
   0.0000000e+00
   0.0000000e+00
  -0.0000000e+00
  -1.0606172e-02
  -3.3764846e-03
   4.0890398e-03
   5.6743561e-03
   1.4888629e-03
  -4.5389714e-03
   6.1078388e-04
  -3.1380871e-03
  -7.1477103e-03
  -1.2551304e-02
  -1.8199716e-02
  -2.3161270e-02
  -2.6706627e-02
  -2.9051840e-02
  -2.9846070e-02
  -2.8952351e-02
  -2.5869748e-02
  -1.8936239e-02
  -9.5277932e-03
  -3.6152580e-03
  -5.2312724e-03
  -5.9913534e-03
  -7.0161945e-03
   0.0000000e+00
  -0.0000000e+00
  -9.2218540e-03
  -1.2121083e-02
  -1.4815853e-02
  -4.1630166e-03
   0.0000000e+00
   0.0000000e+00
   0.0000000e+00
   0.0000000e+00
   0.0000000e+00
   0.0000000e+00
  -0.0000000e+00
  -1.2730221e-02
  -9.3216207e-03
   7.9892791e-03
   1.0384683e-02
   2.7506957e-03
  -4.6593841e-04
   4.2327224e-03
  -1.1378058e-03
  -6.8797600e-03
  -1.3173056e-02
  -2.0376874e-02
  -2.7784860e-02
  -3.3451844e-02
  -3.7744157e-02
  -4.0959958e-02
  -4.3186896e-02
  -4.3854080e-02
  -3.9651401e-02
  -2.7637459e-02
  -1.2589082e-02
  -1.0939292e-02
  -8.9045644e-03
  -1.6788637e-02
  -0.0000000e+00
  -4.2302372e-03
  -1.2508259e-02
  -2.1873504e-02
  -2.7731786e-02
  -2.1588792e-02
   0.0000000e+00
   0.0000000e+00
   0.0000000e+00
   0.0000000e+00
   0.0000000e+00
   0.0000000e+00
  -0.0000000e+00
  -3.3050862e-03
  -1.4859069e-02
   1.9648705e-02
   1.9545797e-02
   9.6287522e-03
  -0.0000000e+00
   4.4942829e-03
   2.0644350e-03
  -1.4492070e-03
  -6.4540557e-03
  -1.4046988e-02
  -2.2911567e-02
  -2.9292179e-02
  -3.3158660e-02
  -3.6266334e-02
  -4.0096562e-02
  -4.4437595e-02
  -4.5663483e-02
  -3.7164886e-02
  -1.6043991e-02
  -8.8375957e-03
  -1.8991597e-02
  -0.0000000e+00
  -3.8903819e-03
  -2.5257792e-03
  -1.3132762e-02
  -2.4707276e-02
  -3.6598779e-02
  -4.0165588e-02
   0.0000000e+00
   0.0000000e+00
   0.0000000e+00
   0.0000000e+00
   0.0000000e+00
   0.0000000e+00
   0.0000000e+00
   7.1051614e-03
  -1.7516510e-02
   0.0000000e+00
   2.5362145e-02
   1.4194387e-02
  -0.0000000e+00
  -4.2542997e-03
   1.6871698e-03
   2.2779526e-03
   9.9380512e-04
  -5.4133874e-03
  -1.5164974e-02
  -2.2627542e-02
  -2.6282374e-02
  -2.7858512e-02
  -3.0972052e-02
  -3.6650050e-02
  -4.1858606e-02
  -3.9027940e-02
  -2.2827974e-02
  -7.8526816e-04
  -0.0000000e+00
  -1.2536395e-02
  -4.4675432e-03
  -2.4068020e-03
  -9.3019567e-03
  -2.2526305e-02
  -4.0662814e-02
  -5.2527177e-02
   0.0000000e+00
   0.0000000e+00
   0.0000000e+00
   0.0000000e+00
   0.0000000e+00
   0.0000000e+00
   0.0000000e+00
   1.4165912e-02
  -1.1348852e-02
   0.0000000e+00
   2.6357516e-02
   0.0000000e+00
  -0.0000000e+00
  -1.9669346e-02
  -4.9257535e-03
  -2.5744572e-05
   4.6446440e-03
   3.0338350e-03
  -5.8299280e-03
  -1.4490580e-02
  -1.9289834e-02
  -2.0325361e-02
  -2.2565048e-02
  -2.9510140e-02
  -3.8257908e-02
  -3.8870636e-02
  -2.8124512e-02
   0.0000000e+00
  -7.4486830e-03
  -9.5046973e-03
  -4.8121014e-03
  -8.8314782e-04
  -4.5928084e-03
  -1.7359475e-02
  -3.8874153e-02
  -5.9373814e-02
   0.0000000e+00
   0.0000000e+00
   0.0000000e+00
   0.0000000e+00
   0.0000000e+00
   0.0000000e+00
   0.0000000e+00
   0.0000000e+00
   2.7951177e-05
   0.0000000e+00
   0.0000000e+00
   0.0000000e+00
   0.0000000e+00
  -0.0000000e+00
  -1.6115341e-02
  -5.1258062e-03
   3.0423221e-03
   6.6723842e-03
   1.0256090e-03
  -7.2246953e-03
  -1.2934478e-02
  -1.4356988e-02
  -1.6377052e-02
  -2.5348214e-02
  -3.9207507e-02
  -3.9458781e-02
  -2.6879619e-02
   0.0000000e+00
  -2.5186805e-03
  -8.4684454e-03
  -2.8338956e-03
   3.8681598e-04
  -4.2076415e-04
  -1.0490880e-02
  -3.1309169e-02
  -5.6014997e-02
   0.0000000e+00
   0.0000000e+00
   0.0000000e+00
   0.0000000e+00
   0.0000000e+00
   0.0000000e+00
   0.0000000e+00
  -9.0967816e-04
   0.0000000e+00
   0.0000000e+00
   0.0000000e+00
   0.0000000e+00
   0.0000000e+00
  -0.0000000e+00
  -2.8642112e-02
  -1.0296311e-02
   3.6173258e-03
   8.9006172e-03
   5.1556923e-03
  -2.1300199e-03
  -7.7941995e-03
  -9.4287246e-03
  -1.1408560e-02
  -2.2185322e-02
  -4.3309059e-02
  -4.0389140e-02
  -3.0213114e-02
   0.0000000e+00
   0.0000000e+00
  -1.0430050e-02
  -1.1354327e-03
   2.7356872e-03
   3.0051644e-03
  -3.9939154e-03
  -2.2221383e-02
  -5.0054442e-02
   0.0000000e+00
   0.0000000e+00
   0.0000000e+00
   0.0000000e+00
   0.0000000e+00
   0.0000000e+00
   0.0000000e+00
   0.0000000e+00
   0.0000000e+00
   0.0000000e+00
   0.0000000e+00
   0.0000000e+00
   0.0000000e+00
  -0.0000000e+00
  -3.3029016e-02
  -1.7647434e-02
   1.1549008e-03
   1.2732439e-02
   1.0868017e-02
   3.9636628e-03
  -1.1059649e-03
  -1.9618752e-03
  -3.3473424e-03
  -1.5454882e-02
  -4.7611844e-02
  -4.7558267e-02
   0.0000000e+00
   0.0000000e+00
   0.0000000e+00
  -0.0000000e+00
  -2.2923977e-03
   5.1282337e-03
   6.3262014e-03
   2.9832304e-03
  -1.0483558e-02
  -3.6656447e-02
  -5.0621937e-02
   0.0000000e+00
   0.0000000e+00
  -0.0000000e+00
  -0.0000000e+00
   0.0000000e+00
   0.0000000e+00
   0.0000000e+00
   0.0000000e+00
   0.0000000e+00
   0.0000000e+00
   0.0000000e+00
   0.0000000e+00
  -0.0000000e+00
  -3.1961565e-02
  -0.0000000e+00
  -3.5311559e-03
   1.3619338e-02
   1.3683785e-02
   7.5763236e-03
   3.2507274e-03
   3.8164740e-03
   4.1534994e-03
  -6.4920080e-03
  -4.4190097e-02
  -5.1428689e-02
   0.0000000e+00
   0.0000000e+00
   0.0000000e+00
   0.0000000e+00
  -1.9592673e-03
   4.7488365e-03
   6.3458630e-03
   4.6485853e-03
  -3.7383449e-03
  -2.5434205e-02
  -4.1793745e-02
  -0.0000000e+00
  -0.0000000e+00
  -0.0000000e+00
  -0.0000000e+00
   0.0000000e+00
   0.0000000e+00
   0.0000000e+00
   0.0000000e+00
   0.0000000e+00
   0.0000000e+00
   0.0000000e+00
   0.0000000e+00
   0.0000000e+00
  -0.0000000e+00
  -2.9749839e-02
  -1.1443196e-02
   1.0168264e-02
   1.3443362e-02
   9.2021590e-03
   5.6763040e-03
   7.2463420e-03
   1.0632899e-02
   5.5155214e-03
  -2.6906371e-02
   0.0000000e+00
   0.0000000e+00
   0.0000000e+00
   0.0000000e+00
   0.0000000e+00
  -0.0000000e+00
   3.0830959e-03
   5.2947244e-03
   2.1738033e-03
  -2.2028207e-03
  -1.5555956e-02
  -2.8465835e-02
  -0.0000000e+00
  -0.0000000e+00
  -0.0000000e+00
   0.0000000e+00
   0.0000000e+00
   0.0000000e+00
   0.0000000e+00
   0.0000000e+00
   0.0000000e+00
   0.0000000e+00
   0.0000000e+00
   0.0000000e+00
   0.0000000e+00
  -0.0000000e+00
  -2.8029941e-02
  -1.2608699e-02
   6.7607532e-03
   1.1280259e-02
   8.3183209e-03
   4.8183980e-03
   6.6557862e-03
   1.2867251e-02
   1.4169292e-02
  -4.0648822e-03
   0.0000000e+00
   0.0000000e+00
   0.0000000e+00
   0.0000000e+00
   0.0000000e+00
  -0.0000000e+00
   3.8480911e-03
   3.6706037e-03
  -3.2230059e-04
  -4.4541392e-03
  -9.9073201e-03
  -7.1060103e-03
  -3.5601174e-03
  -0.0000000e+00
   0.0000000e+00
  -0.0000000e+00
  -0.0000000e+00
   0.0000000e+00
   0.0000000e+00
   0.0000000e+00
   0.0000000e+00
   0.0000000e+00
   0.0000000e+00
   0.0000000e+00
   0.0000000e+00
   0.0000000e+00
  -0.0000000e+00
  -1.9043500e-02
  -5.1178625e-04
   1.5017257e-03
  -6.2153483e-04
  -3.3849676e-03
  -2.4523925e-05
   9.8870164e-03
   1.8254412e-02
   1.3696697e-02
   0.0000000e+00
   0.0000000e+00
   0.0000000e+00
   0.0000000e+00
   0.0000000e+00
   0.0000000e+00
   0.0000000e+00
  -5.6672731e-03
  -4.9341646e-03
  -6.9046887e-03
  -6.1357894e-03
   1.5604051e-03
   1.9652423e-03
   0.0000000e+00
   0.0000000e+00
   0.0000000e+00
   0.0000000e+00
   0.0000000e+00
   0.0000000e+00
   0.0000000e+00
   0.0000000e+00
   0.0000000e+00
   0.0000000e+00
   0.0000000e+00
   0.0000000e+00
   0.0000000e+00
  -0.0000000e+00
  -2.1186166e-02
  -2.1502890e-02
  -1.8176962e-02
  -2.1841829e-02
  -2.3489492e-02
  -1.4740927e-02
   1.9647354e-03
   1.8250148e-02
   2.3944092e-02
   0.0000000e+00
   0.0000000e+00
   0.0000000e+00
   0.0000000e+00
   0.0000000e+00
   0.0000000e+00
  -0.0000000e+00
  -2.4254701e-02
  -1.1847702e-02
  -8.4873499e-03
  -4.7601820e-03
   5.4550219e-03
   0.0000000e+00
   1.2380677e-02
   0.0000000e+00
   0.0000000e+00
   0.0000000e+00
   0.0000000e+00
   0.0000000e+00
   0.0000000e+00
   0.0000000e+00
   0.0000000e+00
   0.0000000e+00
   0.0000000e+00
   0.0000000e+00
   0.0000000e+00
  -0.0000000e+00
  -0.0000000e+00
   0.0000000e+00
  -3.1837932e-02
  -4.6441471e-02
  -4.3536403e-02
  -2.9166007e-02
   0.0000000e+00
   1.3242994e-02
   0.0000000e+00
   0.0000000e+00
   0.0000000e+00
   0.0000000e+00
  -0.0000000e+00
  -0.0000000e+00
  -0.0000000e+00
  -3.1899428e-02
  -3.2561699e-02
  -2.7652791e-02
  -1.9678652e-02
  -1.7591305e-02
   9.7431626e-05
   1.9952541e-02
   1.2380677e-02
   0.0000000e+00
   0.0000000e+00
   0.0000000e+00
   0.0000000e+00
   0.0000000e+00
   0.0000000e+00
   0.0000000e+00
   0.0000000e+00
   0.0000000e+00
   0.0000000e+00
   0.0000000e+00
   0.0000000e+00
   0.0000000e+00
   0.0000000e+00
   0.0000000e+00
   0.0000000e+00
  -0.0000000e+00
  -0.0000000e+00
   0.0000000e+00
   0.0000000e+00
  -0.0000000e+00
   0.0000000e+00
   0.0000000e+00
   0.0000000e+00
   0.0000000e+00
   0.0000000e+00
  -0.0000000e+00
  -0.0000000e+00
  -1.9895743e-02
   7.9035437e-04
  -0.0000000e+00
  -6.4360343e-02
  -7.1707174e-02
  -3.6936272e-02
  -1.6036537e-02
   3.1870533e-03
   0.0000000e+00
  -0.0000000e+00
  -0.0000000e+00
  -0.0000000e+00
  -0.0000000e+00
   0.0000000e+00
   0.0000000e+00
   0.0000000e+00
   0.0000000e+00
   0.0000000e+00
   1.1992314e-02
   1.3331639e-02
   1.2283643e-02
   1.2166420e-02
   6.0968802e-03
   1.8112757e-03
  -1.8475151e-03
  -7.8031443e-03
  -3.9240307e-03
  -4.6772870e-03
  -7.4152945e-03
  -7.6512736e-03
  -9.3172080e-03
  -9.1220267e-03
  -1.1367387e-02
  -7.7633981e-03
  -8.4660268e-03
  -8.6035982e-03
  -1.0479767e-03
  -0.0000000e+00
  -0.0000000e+00
  -0.0000000e+00
  -0.0000000e+00
  -4.7843497e-02
  -3.1992319e-02
  -1.5014055e-02
  -5.4817277e-03
  -3.9188465e-03
  -5.8015362e-03
  -6.3154562e-03
  -7.5670969e-03
  -7.5474412e-03
  -3.7126846e-03
   2.1671498e-03
   0.0000000e+00
