   2.3863146e-01
  -1.6835298e-01
  -4.7125810e-01
  -5.5499268e-01
  -1.0703611e+00
  -1.0676758e+00
  -7.4462123e-02
  -1.6527510e-01
  -6.8395913e-01
  -6.7539561e-01
  -7.1424156e-01
  -9.0125513e-01
  -1.0663431e+00
  -9.0442669e-01
  -8.2525957e-01
  -9.8712319e-01
  -1.0021515e+00
  -8.4649098e-01
  -7.1536994e-01
  -3.5990369e-01
  -4.6431100e-01
  -6.7418951e-01
  -6.4874554e-01
  -6.5140510e-01
  -7.8268009e-01
  -8.8859153e-01
  -9.2516124e-01
  -9.7576392e-01
  -8.7276268e-01
  -3.4053561e-01
  -1.2038209e-01
  -3.3843279e-01
  -6.8575895e-01
  -9.9193507e-01
  -4.5346487e-01
   2.4386449e-01
  -1.2860645e+00
  -1.0411266e+00
  -7.5791699e-01
  -4.0097180e-01
  -6.1057851e-02
   2.4901042e-02
   2.1955085e-01
   4.1956753e-01
   4.3641007e-01
   3.2659233e-01
   1.4660594e-01
   1.9129500e-02
  -5.9379525e-02
  -6.9914699e-02
  -5.0210007e-02
   2.1576541e-02
   2.6810855e-02
   1.1749279e-01
  -2.7077526e-01
  -3.1101763e-01
   3.0459568e-02
   9.8210573e-02
   4.1959219e-02
  -5.1555783e-02
  -2.4295977e-01
  -5.6650800e-01
  -9.5824325e-01
  -1.2486727e+00
  -1.5642724e+00
  -1.6884376e+00
  -1.7760800e+00
  -1.6115487e+00
  -1.1854454e+00
  -1.4823625e+00
  -2.0014729e+00
  -1.7881459e+00
   3.2695556e-01
   4.9496636e-01
   7.6172411e-01
   1.1237715e+00
   1.4380733e+00
   1.6458703e+00
   1.7379521e+00
   1.8997451e+00
   2.0463538e+00
   1.9171628e+00
   1.6875435e+00
   1.5294333e+00
   1.4705182e+00
   1.4693345e+00
   1.5595930e+00
   1.6438544e+00
   1.7171487e+00
   1.8489017e+00
   1.9308050e+00
   1.7386482e+00
   1.7893782e+00
   1.9591103e+00
   1.8954146e+00
   1.6520326e+00
   1.4552755e+00
   1.2967103e+00
   1.1987118e+00
   1.2037002e+00
   1.2628237e+00
   1.3335919e+00
   1.2962799e+00
   1.1486701e+00
   9.2129660e-01
   7.1443278e-01
   4.9482682e-01
   2.8932095e-01
   2.8250074e+00
   2.9037685e+00
   2.9149928e+00
   2.9447227e+00
   3.0165389e+00
   3.0816398e+00
   3.1018691e+00
   3.2000701e+00
   3.5942900e+00
   3.4310610e+00
   3.2800126e+00
   3.1636379e+00
   3.2316103e+00
   3.3268752e+00
   3.4751956e+00
   3.5872912e+00
   3.6390424e+00
   3.7582209e+00
   3.5769088e+00
   3.7315209e+00
   3.5932586e+00
   3.8510246e+00
   3.9466109e+00
   3.8230689e+00
   3.6191802e+00
   3.5464108e+00
   3.5214911e+00
   3.6189148e+00
   3.7857683e+00
   3.9235373e+00
   4.0168972e+00
   3.9056389e+00
   3.5296953e+00
   3.2268455e+00
   3.0054181e+00
   2.8335593e+00
   5.0451021e+00
   4.9301472e+00
   4.6767693e+00
   4.4285231e+00
   4.2831287e+00
   3.9971538e+00
   3.7982574e+00
   3.6925721e+00
   4.3045721e+00
   4.2092929e+00
   4.2973986e+00
   4.4218707e+00
   4.6004357e+00
   4.7491651e+00
   4.8923192e+00
   4.9764628e+00
   5.0064797e+00
   4.9710412e+00
   3.7442195e+00
   3.7476501e+00
   4.1659346e+00
   4.9406300e+00
   5.2053695e+00
   5.3792958e+00
   5.3261666e+00
   5.3134365e+00
   5.3566995e+00
   5.4271297e+00
   5.5157299e+00
   5.4428530e+00
   5.5628042e+00
   5.6915145e+00
   5.5283885e+00
   5.3638458e+00
   5.2056212e+00
   5.1370931e+00
   6.2138307e+00
   5.7956093e+00
   5.2487357e+00
   4.8392855e+00
   3.4021623e+00
   3.9592373e+00
   3.3111016e+00
   3.4495563e+00
   4.2918928e+00
   4.3490816e+00
   4.6526263e+00
   4.8604200e+00
   4.9991041e+00
   5.0636480e+00
   5.1587713e+00
   5.2329980e+00
   5.2527693e+00
   5.1514185e+00
   3.6051552e+00
   3.3433072e+00
   3.7194478e+00
   4.7387639e+00
   5.2851094e+00
   5.7826618e+00
   5.9738371e+00
   6.1596240e+00
   6.1474241e+00
   6.0440610e+00
   5.7850326e+00
   5.2679470e+00
   5.3797557e+00
   5.8212861e+00
   6.1471261e+00
   6.3958056e+00
   6.4746160e+00
   6.4485873e+00
   6.0232754e+00
   5.1468663e+00
   4.3782158e+00
   3.8968251e+00
   2.4737582e+00
   3.0748954e+00
   3.4289119e+00
   2.4193377e+00
   3.8997011e+00
   4.1571083e+00
   4.3776693e+00
   4.4397364e+00
   4.4487667e+00
   4.4575639e+00
   4.5369163e+00
   4.6712265e+00
   4.7616763e+00
   4.5959001e+00
   2.9076693e+00
   2.4953330e+00
   2.4330025e+00
   3.4683814e+00
   4.2640700e+00
   5.1038556e+00
   5.5716748e+00
   5.8791165e+00
   5.7924032e+00
   5.2591858e+00
   4.4833202e+00
   3.7752814e+00
   3.7846622e+00
   4.6051798e+00
   5.4591975e+00
   6.1025763e+00
   6.4774699e+00
   6.4642162e+00
   4.1897998e+00
   2.7824461e+00
   2.0806127e+00
   1.8213154e+00
   1.1366441e+00
   1.3615732e+00
   1.8154299e+00
   2.0183358e+00
   2.9892879e+00
   3.0420881e+00
   3.0609095e+00
   2.9974260e+00
   2.9821855e+00
   3.0332797e+00
   3.1805284e+00
   3.4077092e+00
   3.5978060e+00
   3.3620541e+00
   1.8305230e+00
   1.3870001e+00
   4.9052000e-01
   1.3291562e+00
   2.3815961e+00
   3.5086064e+00
   4.1601534e+00
   4.4492846e+00
   4.0544300e+00
   2.6937575e+00
   2.3175581e+00
   2.0698729e+00
   1.9811375e+00
   2.6695199e+00
   3.7620013e+00
   4.5338120e+00
   4.9859800e+00
   4.9475632e+00
   1.8035824e+00
   6.4908755e-01
   1.5024288e-01
   4.1230547e-01
   4.0848866e-01
   3.9380348e-01
   4.1792887e-01
   1.1097471e+00
   1.4920466e+00
   1.3911482e+00
   1.3492174e+00
   1.3196203e+00
   1.3724383e+00
   1.4825640e+00
   1.6958491e+00
   1.9359957e+00
   2.0676916e+00
   1.7621493e+00
   1.0380912e+00
   5.8780754e-01
  -5.8241975e-01
  -5.6734556e-01
   6.4171058e-01
   1.8312913e+00
   2.4099314e+00
   2.5553908e+00
   1.7534337e+00
   2.6299715e-01
   4.5818418e-01
   1.4898986e-01
   1.1675222e-01
   6.8149990e-01
   1.5831999e+00
   2.3246124e+00
   2.7759163e+00
   2.6593699e+00
  -1.0405810e+00
  -9.1307050e-01
  -1.0741525e+00
  -8.0432272e-01
  -5.0780028e-01
  -8.2537806e-01
  -1.1830351e+00
  -1.0236791e+00
  -9.1750187e-01
  -9.4740170e-01
  -8.5333693e-01
  -7.3799610e-01
  -5.8396631e-01
  -4.6366835e-01
  -3.3628526e-01
  -2.5401327e-01
  -3.5679796e-01
  -6.1029124e-01
   3.7487581e-01
   1.8381283e-02
  -7.7586818e-01
  -1.5909581e+00
  -1.1091759e+00
  -3.0886257e-01
  -7.5918593e-02
  -3.0656052e-01
  -1.2747600e+00
  -9.8967922e-01
  -1.4750414e-01
  -1.3555464e+00
  -2.0639322e+00
  -1.6334715e+00
  -1.2521259e+00
  -7.9867214e-01
  -5.3550291e-01
  -7.1043015e-01
  -2.7505569e+00
  -1.4876912e+00
  -1.7978700e+00
  -1.4123677e+00
  -1.1191767e+00
  -2.2100024e+00
  -2.7922006e+00
  -2.9149771e+00
  -2.7687459e+00
  -2.5466959e+00
  -2.2574854e+00
  -1.9937181e+00
  -1.8607889e+00
  -1.8635077e+00
  -1.9632387e+00
  -2.1265492e+00
  -2.3728247e+00
  -2.4202025e+00
  -1.1092253e+00
  -1.3844532e-01
  -9.6317655e-01
  -1.5806234e+00
  -2.1816230e+00
  -1.9478247e+00
  -2.1137090e+00
  -2.6235576e+00
  -3.2033808e+00
  -1.2688730e+00
  -5.3391844e-01
  -1.4576422e+00
  -2.3070383e+00
  -3.3196099e+00
  -3.2449670e+00
  -3.1820650e+00
  -3.1623058e+00
  -3.2036800e+00
  -3.8306777e+00
  -1.5683740e+00
  -1.8672435e+00
  -1.9330295e+00
  -2.0703611e+00
  -4.0485640e+00
  -4.1358767e+00
  -4.1998963e+00
  -3.9342704e+00
  -3.5465188e+00
  -3.1499763e+00
  -2.8988807e+00
  -2.9386742e+00
  -3.2089529e+00
  -3.6252573e+00
  -3.9750955e+00
  -4.2432804e+00
  -4.1444306e+00
  -1.9566015e+00
  -1.2690225e-01
  -8.9445847e-01
  -1.0454613e+00
  -2.8293314e+00
  -3.6175940e+00
  -4.0944157e+00
  -4.5690808e+00
  -4.0808644e+00
  -9.0302372e-01
  -1.0127382e+00
  -1.5233393e+00
  -1.8436716e+00
  -4.0212188e+00
  -4.7851100e+00
  -5.1239095e+00
  -5.2899590e+00
  -5.0617228e+00
  -4.1357388e+00
  -1.6535635e+00
  -1.2221545e+00
  -2.0992804e+00
  -3.3022714e+00
  -4.4334192e+00
  -4.2401710e+00
  -4.1540971e+00
  -3.8997803e+00
  -3.6207917e+00
  -3.4469347e+00
  -3.5082986e+00
  -3.8468316e+00
  -4.3628511e+00
  -4.9244404e+00
  -5.3126149e+00
  -5.4557838e+00
  -5.1538982e+00
  -1.6074858e+00
   6.3474670e-02
  -5.3885537e-01
  -1.2750655e+00
  -3.6469512e+00
  -4.9543266e+00
  -5.4350696e+00
  -5.4777031e+00
  -3.5635355e+00
  -1.5127189e-02
  -1.0116830e+00
  -9.5816845e-01
  -9.9233836e-01
  -3.8049858e+00
  -5.3694463e+00
  -5.9502959e+00
  -6.2002254e+00
  -5.7556424e+00
  -3.9531379e+00
  -2.0072584e+00
  -1.1152766e+00
  -2.1734431e+00
  -3.7398927e+00
  -3.7050054e+00
  -3.2995443e+00
  -3.2349300e+00
  -3.2374344e+00
  -3.2850034e+00
  -3.5143249e+00
  -4.0046034e+00
  -4.5988221e+00
  -5.2224889e+00
  -5.7704887e+00
  -6.0542202e+00
  -5.9545379e+00
  -4.9215412e+00
  -5.4128784e-01
  -5.6303330e-02
  -6.2476367e-01
  -1.7965461e+00
  -4.5812073e+00
  -5.7926836e+00
  -6.0401406e+00
  -5.4362783e+00
  -2.7780600e+00
   1.6084576e-01
  -7.6676100e-01
  -9.6299428e-01
  -9.2517966e-01
  -3.4791913e+00
  -5.0799427e+00
  -5.8256793e+00
  -6.1149073e+00
  -5.5633287e+00
  -3.2586181e+00
  -2.1907182e+00
  -2.3267415e+00
  -3.0423946e+00
  -4.0412641e+00
  -2.4721830e+00
  -2.1247609e+00
  -2.2608252e+00
  -2.5716124e+00
  -2.9213963e+00
  -3.4959092e+00
  -4.3784375e+00
  -5.1866493e+00
  -5.8009033e+00
  -6.1831398e+00
  -6.1914673e+00
  -5.6283169e+00
  -3.4292262e+00
   5.0148319e-02
  -5.2219081e-01
  -1.0062543e+00
  -2.2019265e+00
  -4.8356838e+00
  -6.0475955e+00
  -5.8924584e+00
  -4.6338043e+00
  -1.7883090e+00
   3.4461990e-01
  -4.6890530e-01
  -1.3336359e+00
  -2.4814067e+00
  -3.1395061e+00
  -4.0201750e+00
  -4.7787285e+00
  -5.0549951e+00
  -4.5589132e+00
  -2.0013466e+00
  -1.7234448e+00
  -2.3977215e+00
  -2.0218675e+00
  -8.8151878e-01
  -2.1157789e+00
  -2.2197521e+00
  -2.5302229e+00
  -2.7968845e+00
  -3.1061075e+00
  -3.6582007e+00
  -4.5287809e+00
  -5.3005748e+00
  -5.7468791e+00
  -5.8612356e+00
  -5.5223913e+00
  -4.4691472e+00
  -1.9470410e+00
  -1.4895236e-01
  -1.1286504e+00
  -1.6701663e+00
  -1.9535497e+00
  -4.2222624e+00
  -5.5051832e+00
  -4.9981546e+00
  -3.3493705e+00
  -5.7595134e-01
   9.4620848e-01
  -1.8351416e-01
  -1.7158175e+00
  -2.6984880e+00
  -2.2004716e+00
  -2.5354867e+00
  -3.0976946e+00
  -3.2615347e+00
  -2.8531044e+00
  -6.3795942e-01
  -6.9297266e-01
  -1.3915093e+00
  -6.2634152e-01
  -1.4158813e+00
  -3.0550294e+00
  -3.7171116e+00
  -4.1104536e+00
  -4.3155642e+00
  -4.4527273e+00
  -4.6309857e+00
  -4.9398117e+00
  -5.2332678e+00
  -5.3351250e+00
  -5.0963173e+00
  -4.3664002e+00
  -2.8742638e+00
  -1.9071755e-01
  -3.3603477e-01
  -1.4505476e+00
  -2.8829684e+00
  -2.1901932e+00
  -3.9939246e+00
  -4.3760061e+00
  -3.6677861e+00
  -1.8542681e+00
   5.6477439e-01
   1.1594929e+00
   5.8271889e-02
  -2.1308420e+00
  -2.4446971e+00
  -1.3376293e+00
  -1.1113521e+00
  -1.3189056e+00
  -1.3271047e+00
  -9.9682373e-01
   4.0368379e-01
   1.0010843e-01
  -8.2051846e-01
  -1.1143836e+00
  -3.7162307e+00
  -4.6452774e+00
  -5.4162439e+00
  -5.7982805e+00
  -5.9761593e+00
  -5.9753530e+00
  -5.8176148e+00
  -5.5479172e+00
  -5.2523707e+00
  -4.8934072e+00
  -4.2652807e+00
  -3.1858593e+00
  -1.3197659e+00
   1.0862449e+00
  -1.5404512e-01
  -1.4753000e+00
  -4.7818340e+00
  -4.4838552e+00
  -4.4239892e+00
  -2.9137443e+00
  -2.0646100e+00
  -2.4931692e-01
   1.4877383e+00
   9.6940935e-01
   3.0731865e-01
  -2.1447403e+00
  -2.2856340e+00
  -8.6048730e-01
  -4.8766659e-02
   2.8622451e-01
   4.9973559e-01
   6.4256261e-01
   1.0723324e+00
   1.5546509e-01
  -1.8822366e+00
  -3.5429900e+00
  -4.6448960e+00
  -4.9950823e+00
  -5.5064438e+00
  -5.8289387e+00
  -6.0376437e+00
  -6.1074111e+00
  -6.0055501e+00
  -5.6708835e+00
  -5.1519912e+00
  -4.4693813e+00
  -3.3869067e+00
  -1.9050279e+00
  -1.0446365e-01
   1.1166464e+00
   1.5141020e-01
  -1.2766528e+00
  -4.5721683e+00
  -5.7195490e+00
  -3.7175749e+00
  -1.4096965e+00
   1.2271000e-01
   1.6839759e+00
   2.4874274e+00
   8.9735384e-01
   4.1307549e-01
  -1.8428947e+00
  -2.0850346e+00
  -6.2040316e-01
   5.2102691e-01
   1.4711447e+00
   1.9028964e+00
   1.6509118e+00
   7.5098437e-01
   9.1406032e-02
  -2.0087190e+00
  -3.7611802e+00
  -4.4709773e+00
  -4.8956447e+00
  -5.3189626e+00
  -5.5906343e+00
  -5.7385559e+00
  -5.7323904e+00
  -5.5334940e+00
  -5.0592813e+00
  -4.3080049e+00
  -3.3463147e+00
  -2.0813665e+00
  -8.1425411e-01
  -1.9912491e-02
   4.4722840e-01
   3.0038390e-01
  -1.2826116e+00
  -3.7304950e+00
  -5.2530184e+00
  -3.2108114e+00
  -4.4580767e-01
   1.5697471e+00
   1.7251186e+00
   1.8673217e+00
   5.0653881e-01
   2.3428892e-01
  -1.0710515e+00
  -1.2975842e+00
  -2.4537756e-01
   6.7520523e-01
   1.9945782e+00
   2.3051856e+00
   1.6055480e+00
   4.7750753e-01
  -3.5424638e-01
  -1.7235063e+00
  -3.8130105e+00
  -4.6989722e+00
  -5.4706855e+00
  -6.1022582e+00
  -6.4838238e+00
  -6.6292968e+00
  -6.5142665e+00
  -6.1253753e+00
  -5.3503470e+00
  -4.1953835e+00
  -2.8232706e+00
  -1.5064700e+00
  -7.5028229e-01
  -6.3445145e-01
  -6.8344975e-01
  -1.3412216e-01
  -1.7453389e+00
  -4.7294493e+00
  -4.7357969e+00
  -2.8479035e+00
  -1.2509654e-01
   1.9144601e+00
   8.3528960e-01
   5.0827557e-01
   1.5620327e-01
   9.4575070e-02
  -3.6718869e-01
  -3.2910845e-01
   1.2020606e-01
   7.5298691e-01
   2.3013639e+00
   2.2528148e+00
   1.3587339e+00
   4.0588233e-01
  -7.9399419e-01
  -2.5552893e+00
  -3.7217720e+00
  -4.8799744e+00
  -6.0108809e+00
  -6.8735843e+00
  -7.4025979e+00
  -7.6646886e+00
  -7.6810346e+00
  -7.4547663e+00
  -6.8014288e+00
  -5.5410457e+00
  -3.7232530e+00
  -1.8034586e+00
  -1.0891323e+00
  -9.9797028e-01
  -1.5406168e+00
  -2.4560778e+00
  -3.1905746e+00
  -5.4246817e+00
  -4.4149418e+00
  -3.0037451e+00
  -5.6617492e-01
   1.3930953e+00
   4.7477958e-01
   7.2239392e-02
  -7.3422030e-02
  -1.5920445e-01
  -4.2220727e-01
  -7.6649594e-01
  -4.8116036e-02
   8.9319313e-01
   2.4557297e+00
   1.9372669e+00
   1.4419283e+00
   1.6305435e-01
  -1.2644032e+00
  -2.3298931e+00
  -3.3301928e+00
  -4.6053495e+00
  -5.9948602e+00
  -6.9838152e+00
  -7.5141139e+00
  -7.7211609e+00
  -7.7514305e+00
  -7.6240902e+00
  -7.1125770e+00
  -5.9664865e+00
  -4.1031156e+00
  -1.7314200e+00
  -8.4900248e-01
  -7.8540272e-01
  -2.3639805e+00
  -5.6864614e+00
  -6.0884442e+00
  -5.2500095e+00
  -4.8192248e+00
  -3.9634888e+00
  -1.8112197e+00
   4.1897276e-01
   1.9616436e-02
  -2.1443999e-01
  -3.7859303e-01
  -6.6593301e-01
  -6.8956113e-01
  -4.0740266e-01
   3.7136534e-01
   1.2447305e+00
   1.7216810e+00
   1.9251528e+00
   1.6190557e+00
  -1.9881897e-01
  -2.1303995e+00
  -2.1827991e+00
  -2.8195472e+00
  -3.9300668e+00
  -5.3907957e+00
  -6.4861460e+00
  -7.0374713e+00
  -7.1900334e+00
  -7.1663694e+00
  -7.0705500e+00
  -6.6768756e+00
  -5.6209908e+00
  -3.7753210e+00
  -1.3568661e+00
   1.4946471e-01
  -8.2507896e-01
  -4.0399570e+00
  -5.2243409e+00
  -5.2322354e+00
  -5.0405459e+00
  -5.1437817e+00
  -4.8576078e+00
  -3.2393994e+00
  -4.2082173e-01
  -3.7815481e-01
  -4.5219302e-01
  -8.6104864e-01
  -1.5100108e+00
  -9.8109895e-01
  -7.7650711e-02
   5.5490571e-01
   1.9213448e+00
   1.4169413e+00
   1.5603174e+00
   1.1733553e+00
  -6.6639826e-02
  -2.0493660e+00
  -2.2519233e+00
  -2.3999419e+00
  -3.0318742e+00
  -4.1441479e+00
  -5.1996388e+00
  -5.8324661e+00
  -6.0437407e+00
  -6.0294833e+00
  -5.9871516e+00
  -5.7605915e+00
  -4.8184209e+00
  -2.8689756e+00
  -4.5165241e-01
   3.0722502e-01
  -2.1938872e+00
  -4.7005119e+00
  -4.4276500e+00
  -4.3441682e+00
  -4.3944874e+00
  -4.8171020e+00
  -5.0463004e+00
  -4.4024777e+00
  -1.3886536e+00
  -7.3014915e-01
  -7.0992970e-01
  -1.1996309e+00
  -1.9360145e+00
  -1.4910666e+00
  -8.3690751e-01
   1.5734038e-01
   2.5742261e+00
   1.7330285e+00
   1.1499287e+00
   6.1200064e-01
  -3.8712040e-02
  -1.1004301e+00
  -2.3228905e+00
  -2.1509485e+00
  -2.2347281e+00
  -2.7465434e+00
  -3.3831341e+00
  -3.8803389e+00
  -4.1144848e+00
  -4.1730657e+00
  -4.2467098e+00
  -4.2481699e+00
  -3.5058753e+00
  -1.3246586e+00
   8.7600201e-01
   2.9516119e-01
  -2.2332919e+00
  -3.1873231e+00
  -2.9323728e+00
  -3.0612702e+00
  -3.2915390e+00
  -3.7581453e+00
  -4.2778172e+00
  -4.4228950e+00
  -2.3267632e+00
  -1.0413365e+00
  -8.8004291e-01
  -1.1825181e+00
  -1.2611198e+00
  -9.0226710e-01
  -8.4298760e-02
   5.2405071e-01
   2.5594397e+00
   2.4976389e+00
   8.3339518e-01
   4.4962555e-01
  -4.4873148e-01
  -7.8060538e-01
  -2.0150483e+00
  -1.9188508e+00
  -1.4067822e+00
  -1.5180806e+00
  -1.7712663e+00
  -1.9552724e+00
  -2.0275829e+00
  -2.0858109e+00
  -2.2460582e+00
  -2.4508996e+00
  -1.9828655e+00
   2.8974348e-01
   1.8191808e+00
  -5.0763261e-02
  -1.4146752e+00
  -1.1266350e+00
  -1.2410849e+00
  -1.5858738e+00
  -1.9760693e+00
  -2.3436606e+00
  -2.8582447e+00
  -3.3073647e+00
  -2.4102676e+00
  -7.6093906e-01
  -8.0569875e-01
  -8.5533100e-01
  -7.0115393e-01
  -2.4412660e-01
   9.2062467e-01
   3.3697107e-01
   1.5219233e+00
   1.9098060e+00
   1.0198781e+00
   1.0606544e+00
  -9.2682725e-01
  -8.1336027e-01
  -1.5334488e+00
  -1.1920059e+00
  -2.2718669e-01
  -1.8514138e-02
   8.5148737e-02
   2.0908689e-01
   4.0350547e-01
   4.6065995e-01
   3.0784252e-01
  -3.5763811e-02
   6.6183478e-02
   1.6669160e+00
   1.0746397e+00
   3.5191360e-01
  -2.1151355e-01
   2.2775370e-01
   6.2898660e-01
   2.4200541e-01
  -1.8463053e-01
  -3.6953849e-01
  -6.0585850e-01
  -1.0495603e+00
  -8.7593675e-01
   1.2482852e-01
  -2.1618818e-01
  -9.1029815e-02
   8.2407200e-01
   1.7307842e+00
   8.1308925e-01
   5.7790503e-03
   8.9034653e-01
  -4.8768442e-02
   2.5164475e+00
   1.8640845e+00
  -3.8247923e-01
  -3.9755639e-01
  -5.9643924e-01
  -2.8737778e-02
   9.1466892e-01
   1.0749507e+00
   1.3168333e+00
   1.6161523e+00
   1.9536674e+00
   2.1281531e+00
   2.0789030e+00
   1.7461884e+00
   1.4915654e+00
   1.7617562e+00
   5.6785631e-01
   6.1484806e-01
   1.6594896e-01
   4.3207425e-01
   1.1157029e+00
   1.4399375e+00
   1.0965843e+00
   1.0800832e+00
   1.1133331e+00
   8.6574441e-01
   8.4026088e-01
   6.8279517e-01
   6.0007846e-01
   8.0416443e-01
   1.2680242e+00
   1.0324105e+00
   4.5815295e-02
  -1.7661120e-01
   3.8207716e-01
   4.4837872e-01
   1.2425978e+00
   5.1607943e-01
   1.0452659e+00
   6.1839759e-01
   2.3932266e-01
   1.0637474e+00
   1.9691008e+00
   1.7930551e+00
   2.2666159e+00
   2.7429943e+00
   3.1311460e+00
   3.3913147e+00
   3.4963241e+00
   3.2284746e+00
   2.5600226e+00
   1.1187201e+00
   8.9559865e-01
   7.0828414e-01
  -1.0831361e-01
   3.8196063e-01
   9.9071127e-01
   1.9698222e+00
   2.0569997e+00
   2.2571316e+00
   2.4961369e+00
   2.4987535e+00
   1.9843942e+00
   5.1804417e-01
   1.1895469e+00
   1.2892175e+00
   6.2344022e-02
   4.3888144e-02
  -1.0092613e-01
  -1.4362975e+00
  -3.7628835e-01
   6.1323369e-01
  -2.7391821e-01
   6.5792072e-01
   1.2692494e+00
   1.1479536e+00
   7.5002110e-01
   1.0401909e+00
   1.8759291e+00
   1.9885728e+00
   2.4064324e+00
   2.9153414e+00
   3.3345268e+00
   3.6860127e+00
   3.9012132e+00
   3.6950884e+00
   2.9678150e+00
   1.0651621e+00
   8.5210574e-01
   5.9463532e-01
  -6.0854301e-02
   3.5267776e-01
   7.1422293e-01
   1.2492185e+00
   2.0861616e+00
   2.5632342e+00
   2.9996099e+00
   3.1681614e+00
   2.5332995e+00
   1.2421503e+00
   4.4042742e-01
   1.3436787e-01
  -2.8621560e-01
  -2.7132249e-01
  -6.8063649e-01
  -1.4565159e+00
  -6.1314929e-01
   1.1534572e-01
   1.1786476e-01
   4.8901743e-01
   1.1156297e+00
   8.9305587e-01
   6.9546566e-01
   5.7422018e-01
   9.6613235e-01
   1.0398388e+00
   1.2857728e+00
   1.8082131e+00
   2.3846807e+00
   2.9340601e+00
   3.2493127e+00
   3.1539460e+00
   2.6296887e+00
   7.3444006e-01
   9.0297116e-01
   3.9938223e-01
   8.3744576e-02
   4.2028610e-01
   6.4274693e-01
   6.7802326e-01
   9.4025857e-01
   2.1427028e+00
   2.8363770e+00
   3.1212631e+00
   2.7502913e+00
   1.5636251e+00
   2.6450601e-01
   1.1972111e-01
  -2.2677391e-01
  -4.5164130e-01
  -6.3233501e-01
  -1.2313894e-01
  -3.7341799e-02
   2.8461277e-01
   2.7586522e-01
   1.3119450e+00
   9.4520563e-01
   5.9622657e-01
   2.3060533e-01
   4.3678447e-01
   2.5856519e-01
  -4.5561036e-01
  -4.3214705e-01
  -1.7172903e-01
   5.2507925e-01
   1.1939340e+00
   1.6944010e+00
   1.8189551e+00
   8.4245883e-01
   8.7943941e-02
   8.0775595e-01
   1.1597287e-01
   1.3820662e-01
   5.8866972e-01
   3.6773776e-01
   3.7101033e-01
   6.2420672e-01
   1.5278408e+00
   2.1210337e+00
   2.2571924e+00
   1.8262112e+00
   2.7347893e-01
   9.0100214e-02
  -1.4615237e-01
  -1.3416794e-01
  -1.3954069e-02
   2.1739913e-01
   4.8089904e-01
   9.3232942e-01
   1.1680870e+00
   9.0829575e-01
   1.2387965e+00
   8.3817881e-01
   1.1506336e+00
   9.1570115e-01
   2.8267822e-01
  -9.7439539e-01
  -8.3158654e-01
  -1.1863291e+00
  -1.3111687e+00
  -8.7431985e-01
  -4.2226106e-01
  -4.5056334e-01
  -4.9583563e-01
  -6.7957437e-01
   3.6209860e-01
  -9.9316984e-03
  -4.1248422e-02
   1.9801489e-01
   3.0182901e-01
   8.7158039e-02
   2.6758513e-01
   4.5513023e-02
  -1.3398360e-01
  -7.9034485e-02
  -8.5628822e-02
   1.2844017e-02
  -5.7171855e-02
  -2.0768684e-01
  -8.9310981e-02
  -4.2477991e-02
   1.5708183e-01
   3.9045683e-01
   5.5142796e-01
   6.5160120e-01
   5.6150693e-01
   6.4309096e-01
   8.4713840e-01
   5.4415291e-01
   4.7533932e-01
  -1.6846974e-01
   7.1333214e-02
   6.1180896e-01
   7.4100368e-02
  -2.1815111e-01
  -2.1907339e-01
  -5.9640580e-01
  -8.2710137e-01
  -8.1719804e-01
  -6.6282493e-01
  -2.9667562e-01
  -1.6570139e-01
  -4.8819008e-01
   1.9097696e-03
   1.3277099e-01
   1.3411938e-01
  -2.2171928e-01
   2.2030535e-01
  -6.3326353e-01
  -9.5560915e-01
  -9.0832156e-01
  -1.5150907e+00
  -1.1945135e+00
  -8.0054450e-01
  -3.3226621e-01
  -2.0852139e-01
   1.0190925e-02
   1.7055814e-01
   2.8120088e-01
   3.3972999e-01
   5.2968180e-01
   2.8447577e-01
  -2.3684874e-02
   3.7307778e-01
  -4.6601948e-01
  -4.8372474e-01
  -4.6677297e-01
  -4.2158782e-01
  -4.6646348e-01
  -4.4092613e-01
  -4.8267049e-01
  -5.2037627e-01
  -6.8360597e-01
  -8.8968301e-01
  -8.4137481e-01
  -7.5834221e-01
  -6.8955117e-01
  -4.2269039e-01
  -3.3883929e-02
   1.3480930e-01
   5.8147989e-02
  -2.7122034e-02
   2.9916640e-03
  -5.9892118e-01
  -1.4938283e+00
   3.5461605e-01
   3.6965966e+00
   2.4821916e+00
   2.3890084e-01
  -5.0987333e-01
  -9.4784522e-01
  -1.0351088e+00
  -7.0506150e-01
  -5.5063260e-01
  -4.6704000e-01
  -5.0374055e-01
  -5.5633307e-01
  -5.9939277e-01
  -6.5478152e-01
  -5.5542153e-01
