  4.795710e-01
  3.897451e-01
  3.566891e-01
  3.343900e-01
  3.261457e-01
  3.132979e-01
  2.979215e-01
  2.876394e-01
  2.827611e-01
  2.760712e-01
  2.527288e-01
  2.429879e-01
  2.365276e-01
  2.331026e-01
  2.420133e-01
  2.596360e-01
  2.604022e-01
  2.420082e-01
  2.370740e-01
  2.482953e-01
  2.494506e-01
  2.404925e-01
  2.363360e-01
  2.340908e-01
  2.340634e-01
  2.382981e-01
  2.460439e-01
  2.582479e-01
  2.731264e-01
  2.972439e-01
  3.248574e-01
  3.482770e-01
  3.618130e-01
  3.747564e-01
  4.555500e-01
  6.021424e-01
