   0.0000000e+00
   0.0000000e+00
   0.0000000e+00
   0.0000000e+00
   0.0000000e+00
   0.0000000e+00
   0.0000000e+00
  -0.0000000e+00
  -0.0000000e+00
  -0.0000000e+00
  -0.0000000e+00
  -0.0000000e+00
  -0.0000000e+00
  -0.0000000e+00
  -0.0000000e+00
  -0.0000000e+00
  -0.0000000e+00
  -0.0000000e+00
   0.0000000e+00
  -0.0000000e+00
  -9.4839511e-03
  -1.1990259e-02
  -9.6721440e-03
  -0.0000000e+00
   0.0000000e+00
   0.0000000e+00
   0.0000000e+00
   0.0000000e+00
   0.0000000e+00
   0.0000000e+00
   0.0000000e+00
   0.0000000e+00
   0.0000000e+00
   0.0000000e+00
   0.0000000e+00
   0.0000000e+00
  -0.0000000e+00
  -0.0000000e+00
   0.0000000e+00
   0.0000000e+00
   1.7329970e-02
   2.0655725e-02
   1.8206041e-02
   1.8957516e-02
   1.6287616e-02
   1.1872372e-02
   8.2288748e-03
   6.2904209e-03
   5.6556882e-03
   6.4959666e-03
   7.6247463e-03
   9.0393145e-03
   1.0191718e-02
   9.7703263e-03
   9.4907475e-03
   0.0000000e+00
   1.1155095e-02
   1.0141737e-02
   6.7215762e-03
   3.7648259e-03
  -6.9773518e-04
  -8.7556118e-03
  -1.7091616e-02
  -2.2942490e-02
  -1.5318592e-02
  -1.6008965e-02
  -9.3062337e-03
  -1.5803792e-02
  -1.5756983e-02
  -1.9320732e-02
  -1.7727552e-02
  -0.0000000e+00
   9.2117582e-03
   1.4080212e-02
   2.0639783e-02
   2.8092442e-02
   3.4261331e-02
   3.7247714e-02
   3.9664175e-02
   4.3233749e-02
   4.1877162e-02
   3.6220532e-02
   3.1897034e-02
   3.0411333e-02
   3.0291094e-02
   3.1824570e-02
   3.3643872e-02
   3.4746327e-02
   3.6181014e-02
   3.9305072e-02
   3.9409582e-02
   3.6958173e-02
   4.2279568e-02
   4.5471113e-02
   4.2713724e-02
   3.8383447e-02
   3.3995166e-02
   3.0086640e-02
   2.8533541e-02
   2.9042691e-02
   3.0874344e-02
   3.1684697e-02
   3.0223269e-02
   2.7054068e-02
   2.2246467e-02
   1.6379867e-02
   1.0480593e-02
   6.4973049e-03
   5.5813614e-02
   5.6880783e-02
   5.6193404e-02
   5.7606749e-02
   5.8506671e-02
   5.9108034e-02
   5.7626683e-02
   6.4719886e-02
   6.8435386e-02
   6.4222589e-02
   6.1582334e-02
   6.1954696e-02
   6.4038202e-02
   6.6759095e-02
   6.9528714e-02
   7.0248216e-02
   7.1139716e-02
   7.6730102e-02
   6.9853117e-02
   6.5256357e-02
   6.5274984e-02
   7.4837796e-02
   7.5534575e-02
   7.3117428e-02
   7.0108272e-02
   6.9626115e-02
   7.0242167e-02
   7.3653787e-02
   7.5999580e-02
   7.7836804e-02
   7.9082608e-02
   7.5535081e-02
   6.7547493e-02
   6.2016107e-02
   5.7150811e-02
   5.4695036e-02
   9.8920591e-02
   9.3868293e-02
   8.6749561e-02
   8.1807442e-02
   7.5268336e-02
   7.2493702e-02
   6.7822493e-02
   7.2786510e-02
   8.0854356e-02
   8.0813229e-02
   8.4391244e-02
   8.8089049e-02
   9.1884047e-02
   9.4500527e-02
   9.6939482e-02
   9.7016186e-02
   9.5442846e-02
   9.1543391e-02
   7.4424233e-02
   6.0438188e-02
   7.7178672e-02
   9.5093802e-02
   1.0193518e-01
   1.0700835e-01
   1.0555267e-01
   1.0642978e-01
   1.0677405e-01
   1.0776357e-01
   1.0633343e-01
   1.0482115e-01
   1.1148984e-01
   1.1505822e-01
   1.1150016e-01
   1.0962851e-01
   1.0544148e-01
   1.0256742e-01
   1.1729244e-01
   1.0438485e-01
   9.2948427e-02
   8.5114651e-02
   6.7875856e-02
   6.6485007e-02
   6.0127964e-02
   7.0583119e-02
   7.7065458e-02
   8.3208745e-02
   8.9036311e-02
   9.2778889e-02
   9.4692735e-02
   9.5847275e-02
   9.7545056e-02
   9.7664876e-02
   9.5020313e-02
   8.3375213e-02
   0.0000000e+00
   0.0000000e+00
   6.6327479e-02
   8.8297290e-02
   1.0347379e-01
   1.1556664e-01
   1.1993967e-01
   1.2144840e-01
   1.1856931e-01
   1.1301703e-01
   1.0275976e-01
   9.4569137e-02
   1.0684648e-01
   1.1944123e-01
   1.2820401e-01
   1.3500645e-01
   1.3238707e-01
   1.2749205e-01
   1.0427821e-01
   8.5617915e-02
   7.3349290e-02
   6.8415164e-02
   4.2783074e-02
   4.7455214e-02
   5.3875332e-02
   6.4424336e-02
   6.8246543e-02
   7.5681619e-02
   7.7332705e-02
   7.7318273e-02
   7.6705873e-02
   7.6878585e-02
   7.8396544e-02
   8.0344245e-02
   7.8115471e-02
   6.3800380e-02
   0.0000000e+00
   0.0000000e+00
   4.3210320e-02
   6.2195249e-02
   8.2125165e-02
   9.8194420e-02
   1.0685791e-01
   1.0728583e-01
   9.9629313e-02
   8.6998373e-02
   7.4804462e-02
   6.0882010e-02
   7.4203134e-02
   9.4634533e-02
   1.1285096e-01
   1.2633501e-01
   1.2764218e-01
   1.2075806e-01
   6.5977073e-02
   5.3491950e-02
   3.9954666e-02
   5.9037120e-02
   0.0000000e+00
   2.0256348e-02
   2.7818076e-02
   4.2611657e-02
   4.9065486e-02
   5.1845804e-02
   5.0525700e-02
   4.8550721e-02
   4.7557227e-02
   4.8228377e-02
   5.0297365e-02
   5.3410243e-02
   5.2267739e-02
   3.7594553e-02
   0.0000000e+00
   0.0000000e+00
   1.6750403e-02
   2.7582360e-02
   4.7562653e-02
   6.3054547e-02
   7.1251124e-02
   6.9126575e-02
   5.3180233e-02
   5.2070990e-02
   4.6619167e-02
   3.2805461e-02
   3.7686210e-02
   5.6230747e-02
   7.4649990e-02
   8.7074414e-02
   8.9996573e-02
   8.2795426e-02
   2.5878380e-02
   0.0000000e+00
   0.0000000e+00
   0.0000000e+00
   0.0000000e+00
   2.1300274e-03
   9.6465088e-03
   2.1509962e-02
   2.4388384e-02
   2.4166383e-02
   2.3264743e-02
   2.2616399e-02
   2.2797668e-02
   2.3725111e-02
   2.6106581e-02
   2.8757816e-02
   2.7217291e-02
   1.5740041e-02
   0.0000000e+00
   0.0000000e+00
  -0.0000000e+00
   1.6846681e-03
   1.9500490e-02
   3.1440184e-02
   3.6430545e-02
   3.2072227e-02
   1.1742411e-02
   0.0000000e+00
   0.0000000e+00
   5.8671329e-03
   7.8752777e-03
   1.9610111e-02
   3.3077449e-02
   4.3234453e-02
   4.6435125e-02
   3.9813947e-02
  -1.3013641e-02
   0.0000000e+00
   0.0000000e+00
   0.0000000e+00
  -0.0000000e+00
  -1.4621295e-02
  -1.3186497e-02
  -9.4122440e-03
  -9.6964519e-03
  -9.1687851e-03
  -7.6662796e-03
  -6.0404739e-03
  -4.5342864e-03
  -3.1657983e-03
  -1.4693757e-03
  -7.9905329e-04
  -3.9446652e-03
  -5.2998904e-03
  -2.2908530e-03
   0.0000000e+00
   0.0000000e+00
  -1.9941356e-02
  -7.2032367e-03
  -1.2584188e-03
  -3.0381960e-04
  -8.2409643e-03
  -2.1002881e-02
   0.0000000e+00
  -0.0000000e+00
  -2.1907022e-02
  -2.0927770e-02
  -1.8358070e-02
  -1.2430775e-02
  -5.4962328e-03
  -3.6973548e-03
  -9.1031492e-03
  -2.9876612e-02
   0.0000000e+00
   0.0000000e+00
   0.0000000e+00
  -0.0000000e+00
  -3.2280475e-02
  -3.5019871e-02
  -3.4308515e-02
  -3.2278545e-02
  -2.9095950e-02
  -2.5227228e-02
  -2.2216717e-02
  -2.0631108e-02
  -2.0437242e-02
  -2.1093152e-02
  -2.2879396e-02
  -2.6553946e-02
  -2.1755327e-02
  -1.1049797e-02
   0.0000000e+00
   0.0000000e+00
  -2.7256053e-02
  -2.2146082e-02
  -2.1508478e-02
  -2.4436679e-02
  -3.5095222e-02
  -4.2681032e-02
   0.0000000e+00
   0.0000000e+00
  -0.0000000e+00
  -3.9523727e-02
  -4.0674843e-02
  -4.0227570e-02
  -3.6869861e-02
  -3.6636464e-02
  -3.8400657e-02
  -3.5318778e-02
  -1.7153268e-02
   0.0000000e+00
   0.0000000e+00
  -0.0000000e+00
  -4.9817614e-02
  -5.1875055e-02
  -4.9968846e-02
  -4.4875525e-02
  -3.9319821e-02
  -3.4260072e-02
  -3.1717829e-02
  -3.2348681e-02
  -3.5772361e-02
  -3.9930109e-02
  -4.4151500e-02
  -4.8003685e-02
  -3.9102029e-02
  -1.4993320e-02
   0.0000000e+00
   0.0000000e+00
  -0.0000000e+00
  -3.5268523e-02
  -4.0293757e-02
  -4.6783142e-02
  -5.5290736e-02
  -4.7180469e-02
   0.0000000e+00
   0.0000000e+00
  -0.0000000e+00
  -0.0000000e+00
  -5.3937953e-02
  -6.1028231e-02
  -6.2833518e-02
  -6.3426137e-02
  -5.7794560e-02
  -3.2775279e-02
  -1.5670059e-02
   0.0000000e+00
   0.0000000e+00
  -0.0000000e+00
  -5.3230815e-02
  -5.2121270e-02
  -4.8816811e-02
  -4.3472208e-02
  -3.8617227e-02
  -3.5985388e-02
  -3.6992274e-02
  -4.1729011e-02
  -4.8497040e-02
  -5.5262677e-02
  -6.0397904e-02
  -6.2870368e-02
  -5.2774612e-02
   0.0000000e+00
   0.0000000e+00
   0.0000000e+00
  -0.0000000e+00
  -4.7087580e-02
  -5.6242730e-02
  -6.2675752e-02
  -5.9820332e-02
  -3.1060228e-02
   0.0000000e+00
   0.0000000e+00
   0.0000000e+00
  -0.0000000e+00
  -5.6207705e-02
  -6.9368213e-02
  -7.5771078e-02
  -7.6368012e-02
  -6.4437076e-02
  -3.3148210e-02
  -1.5191650e-02
   0.0000000e+00
   0.0000000e+00
  -5.1286446e-02
  -4.3149404e-02
  -3.9659757e-02
  -3.8106181e-02
  -3.5936605e-02
  -3.4586541e-02
  -3.6457274e-02
  -4.2118300e-02
  -5.0437901e-02
  -5.8950461e-02
  -6.5854795e-02
  -6.9136485e-02
  -6.6643611e-02
  -4.7051895e-02
   0.0000000e+00
   0.0000000e+00
   0.0000000e+00
  -0.0000000e+00
  -5.6038611e-02
  -6.7074962e-02
  -6.8351589e-02
  -5.2120280e-02
  -1.8573558e-02
   0.0000000e+00
   0.0000000e+00
  -0.0000000e+00
  -3.8515009e-02
  -5.0766192e-02
  -6.6583134e-02
  -7.5400509e-02
  -7.5528815e-02
  -6.1842099e-02
  -2.8897246e-02
  -2.1178199e-02
  -2.9321185e-02
  -5.5295380e-02
  -3.6539054e-02
  -2.5783349e-02
  -2.3138611e-02
  -2.4983924e-02
  -2.7264040e-02
  -3.0576257e-02
  -3.7450004e-02
  -4.7749270e-02
  -5.8599487e-02
  -6.6390894e-02
  -7.0074625e-02
  -6.7403451e-02
  -5.3820524e-02
  -2.2945362e-02
   0.0000000e+00
   0.0000000e+00
   0.0000000e+00
  -0.0000000e+00
  -6.1049449e-02
  -6.8645254e-02
  -6.1336778e-02
  -3.6914598e-02
  -9.3119331e-03
   0.0000000e+00
   0.0000000e+00
  -0.0000000e+00
  -3.1127376e-02
  -3.9832607e-02
  -5.2946266e-02
  -6.1042525e-02
  -6.0726367e-02
  -4.9531024e-02
  -1.8433033e-02
  -1.9772515e-02
  -2.8068099e-02
   0.0000000e+00
  -0.0000000e+00
  -1.7339699e-02
  -1.8628340e-02
  -2.1485133e-02
  -2.4642572e-02
  -2.9685445e-02
  -3.7992779e-02
  -4.9123444e-02
  -5.9244424e-02
  -6.4029694e-02
  -6.3284352e-02
  -5.3831026e-02
  -3.4107674e-02
  -1.8195065e-02
   0.0000000e+00
   0.0000000e+00
   0.0000000e+00
   0.0000000e+00
  -5.6274844e-02
  -5.8021508e-02
  -4.4575635e-02
  -2.0393880e-02
  -3.0904675e-04
   0.0000000e+00
   0.0000000e+00
  -0.0000000e+00
  -2.7736943e-02
  -2.6037326e-02
  -3.3151668e-02
  -3.8312331e-02
  -3.7049543e-02
  -2.8910317e-02
  -1.2278563e-02
  -1.4604385e-02
  -1.4410472e-02
   0.0000000e+00
  -2.0573120e-02
  -2.5432268e-02
  -3.0864123e-02
  -3.4303650e-02
  -3.6944237e-02
  -3.9502028e-02
  -4.2490959e-02
  -4.6464492e-02
  -5.0204180e-02
  -5.0848216e-02
  -4.6726990e-02
  -3.4741003e-02
  -1.3896782e-02
  -8.8290521e-04
   0.0000000e+00
   0.0000000e+00
   0.0000000e+00
   0.0000000e+00
  -4.4613366e-02
  -4.0122382e-02
  -2.5786085e-02
  -6.1370619e-03
   5.5162214e-03
   0.0000000e+00
   0.0000000e+00
  -0.0000000e+00
  -2.0000098e-02
  -1.2230021e-02
  -1.3520977e-02
  -1.5346306e-02
  -1.4277963e-02
  -1.4439534e-02
   0.0000000e+00
  -0.0000000e+00
  -6.6118212e-03
  -3.5811260e-02
  -3.1434367e-02
  -3.8374863e-02
  -4.4899861e-02
  -4.8211159e-02
  -4.9843089e-02
  -4.8855403e-02
  -4.5821542e-02
  -4.2266215e-02
  -3.9084068e-02
  -3.5456281e-02
  -2.9400837e-02
  -1.8250145e-02
  -5.6260340e-04
   7.3057702e-03
   0.0000000e+00
   0.0000000e+00
   0.0000000e+00
  -4.9204302e-02
  -3.0287714e-02
  -2.1120134e-02
  -9.4436545e-03
   5.0427256e-03
   1.1202792e-02
   0.0000000e+00
   0.0000000e+00
  -0.0000000e+00
  -1.6650407e-02
  -3.2213748e-03
   1.0232179e-03
   3.1994184e-03
   3.7947823e-03
   5.5125675e-03
   8.8477718e-03
  -0.0000000e+00
  -1.5932564e-02
  -3.3009391e-02
  -3.6950565e-02
  -4.1326719e-02
  -4.6149345e-02
  -4.9002731e-02
  -5.0750726e-02
  -5.0334001e-02
  -4.7282839e-02
  -4.2026079e-02
  -3.5977490e-02
  -2.9359836e-02
  -1.9890807e-02
  -6.6928008e-03
   4.4229007e-03
   7.2567780e-03
   0.0000000e+00
   0.0000000e+00
  -0.0000000e+00
  -4.6000773e-02
  -2.1508361e-02
  -5.7833653e-03
   5.7546156e-03
   1.6945704e-02
   1.6151072e-02
   0.0000000e+00
   0.0000000e+00
   0.0000000e+00
  -0.0000000e+00
  -8.3366358e-04
   7.7240700e-03
   1.5027848e-02
   1.4786337e-02
   1.3502010e-02
   4.2953865e-03
  -1.1617050e-02
  -2.2965963e-02
  -3.5866734e-02
  -4.1527949e-02
  -4.7514211e-02
  -5.2839451e-02
  -5.5703782e-02
  -5.6856200e-02
  -5.5259019e-02
  -5.0691232e-02
  -4.3089006e-02
  -3.3363953e-02
  -2.3300294e-02
  -1.2131638e-02
  -2.1794646e-03
   6.0120272e-04
   5.1010545e-03
   0.0000000e+00
   0.0000000e+00
  -0.0000000e+00
  -4.4526234e-02
  -1.8747777e-02
   4.6737432e-03
   1.3935445e-02
   2.4147084e-02
   0.0000000e+00
   0.0000000e+00
   0.0000000e+00
   0.0000000e+00
  -0.0000000e+00
  -1.4144080e-04
   9.8282276e-03
   2.2309562e-02
   1.8997319e-02
   1.3898148e-02
   2.7658624e-04
  -9.9220913e-03
  -3.0967464e-02
  -4.2609736e-02
  -5.3613476e-02
  -6.4437211e-02
  -7.3126577e-02
  -7.7664346e-02
  -7.8598283e-02
  -7.4860632e-02
  -6.7133740e-02
  -5.5478111e-02
  -3.9482731e-02
  -2.3427377e-02
  -1.1337277e-02
  -5.5154925e-03
  -5.4595784e-03
  -1.5430196e-03
   0.0000000e+00
  -0.0000000e+00
  -5.5018520e-02
  -4.5348685e-02
  -2.1156171e-02
   1.0187898e-02
   0.0000000e+00
   0.0000000e+00
   0.0000000e+00
   0.0000000e+00
   0.0000000e+00
   0.0000000e+00
   0.0000000e+00
   3.0203604e-03
   1.2846576e-02
   2.8763219e-02
   2.4143090e-02
   1.3581293e-02
  -4.5004152e-03
  -1.8120640e-02
  -3.3422767e-02
  -4.7625944e-02
  -6.3026965e-02
  -7.8366756e-02
  -9.0911083e-02
  -9.8279960e-02
  -1.0147457e-01
  -9.9863097e-02
  -9.3304053e-02
  -8.0532663e-02
  -5.8473580e-02
  -3.1709619e-02
  -1.1813605e-02
  -1.1790460e-02
  -6.5362314e-03
  -5.4971260e-02
  -0.0000000e+00
  -5.7247139e-02
  -5.7436738e-02
  -4.9916875e-02
  -2.8596738e-02
   1.2728306e-03
   0.0000000e+00
   0.0000000e+00
   0.0000000e+00
   0.0000000e+00
   0.0000000e+00
   0.0000000e+00
   0.0000000e+00
   1.0919478e-02
   2.0158764e-02
   3.6836911e-02
   3.3009466e-02
   1.8485580e-02
  -0.0000000e+00
  -2.0900562e-02
  -2.9603880e-02
  -4.3187849e-02
  -6.0565393e-02
  -7.8796402e-02
  -9.3183279e-02
  -1.0044819e-01
  -1.0316935e-01
  -1.0284089e-01
  -9.8891146e-02
  -8.8356942e-02
  -6.6015281e-02
  -3.4374326e-02
  -6.4292694e-03
  -1.3240436e-02
  -1.7248484e-02
  -0.0000000e+00
  -7.3100798e-02
  -6.1185453e-02
  -5.9473656e-02
  -5.6520797e-02
  -4.1465938e-02
  -1.5470034e-02
   0.0000000e+00
   0.0000000e+00
   0.0000000e+00
   0.0000000e+00
   0.0000000e+00
   0.0000000e+00
   0.0000000e+00
   2.4895635e-02
   2.6878563e-02
   0.0000000e+00
   4.0136058e-02
   2.3661346e-02
  -0.0000000e+00
  -2.9557638e-02
  -2.6341466e-02
  -3.5055771e-02
  -5.0585561e-02
  -6.9223277e-02
  -8.4107161e-02
  -9.0760455e-02
  -9.2058823e-02
  -9.1075100e-02
  -8.8500604e-02
  -8.0259338e-02
  -5.9560284e-02
  -2.9374074e-02
  -3.8404545e-03
  -5.0616457e-03
  -0.0000000e+00
  -5.5928864e-02
  -6.3028544e-02
  -5.6612782e-02
  -5.6374963e-02
  -5.9673883e-02
  -5.4239079e-02
  -3.5333034e-02
   0.0000000e+00
   0.0000000e+00
   0.0000000e+00
   0.0000000e+00
   0.0000000e+00
   0.0000000e+00
   0.0000000e+00
   0.0000000e+00
   3.6515298e-02
   0.0000000e+00
   3.4980082e-02
   0.0000000e+00
  -0.0000000e+00
  -4.0078954e-02
  -2.9222928e-02
  -3.0200100e-02
  -3.8990580e-02
  -5.3052347e-02
  -6.5850951e-02
  -7.2094768e-02
  -7.2908252e-02
  -7.1719244e-02
  -7.0294693e-02
  -6.4595506e-02
  -4.5758508e-02
  -1.7907048e-02
   5.5877226e-04
   0.0000000e+00
  -0.0000000e+00
  -4.9248029e-02
  -4.8721887e-02
  -4.5856196e-02
  -4.8404399e-02
  -5.5996083e-02
  -6.0278125e-02
  -5.4197259e-02
   0.0000000e+00
   0.0000000e+00
   0.0000000e+00
   0.0000000e+00
   0.0000000e+00
   0.0000000e+00
   0.0000000e+00
   0.0000000e+00
   4.1304302e-02
   0.0000000e+00
   0.0000000e+00
   0.0000000e+00
   0.0000000e+00
  -0.0000000e+00
  -3.4481116e-02
  -2.8404541e-02
  -3.0710902e-02
  -3.7064329e-02
  -4.3891110e-02
  -4.7765266e-02
  -4.8035108e-02
  -4.7614198e-02
  -4.7926437e-02
  -4.5655027e-02
  -2.8891407e-02
  -1.6771981e-03
   8.1826410e-03
   0.0000000e+00
  -3.6034959e-02
  -3.4311350e-02
  -3.2978117e-02
  -3.3217479e-02
  -3.6491603e-02
  -4.4285893e-02
  -5.3155754e-02
  -5.4590787e-02
   0.0000000e+00
   0.0000000e+00
   0.0000000e+00
   0.0000000e+00
   0.0000000e+00
   0.0000000e+00
   0.0000000e+00
   1.7652539e-02
   0.0000000e+00
   0.0000000e+00
   0.0000000e+00
   0.0000000e+00
   0.0000000e+00
  -0.0000000e+00
  -3.4098580e-02
  -2.2711404e-02
  -1.9234534e-02
  -2.1156270e-02
  -2.2897743e-02
  -2.3373889e-02
  -2.2524565e-02
  -2.2791278e-02
  -2.4988811e-02
  -2.6362918e-02
  -1.2458256e-02
   1.4206977e-02
   1.1687877e-02
   0.0000000e+00
  -0.0000000e+00
  -2.0506706e-02
  -1.6627967e-02
  -1.9308144e-02
  -2.2350337e-02
  -2.8063308e-02
  -3.6746372e-02
  -4.1136462e-02
   0.0000000e+00
   0.0000000e+00
   0.0000000e+00
   0.0000000e+00
   0.0000000e+00
   0.0000000e+00
   0.0000000e+00
   0.0000000e+00
   0.0000000e+00
   0.0000000e+00
   0.0000000e+00
   0.0000000e+00
   0.0000000e+00
  -0.0000000e+00
  -2.0744010e-02
  -1.0686510e-02
   4.5821746e-03
   6.6271210e-03
   8.7506101e-03
   1.1775212e-02
   1.4873827e-02
   1.4547122e-02
   9.9368887e-03
   2.9626365e-03
   8.4961653e-03
   2.4024518e-02
   0.0000000e+00
   0.0000000e+00
   0.0000000e+00
   0.0000000e+00
   6.7517455e-03
   2.3739208e-03
  -5.9497310e-05
  -2.0135420e-03
  -7.4222381e-03
  -1.3390634e-02
  -8.9347636e-03
   0.0000000e+00
   0.0000000e+00
   0.0000000e+00
   0.0000000e+00
   0.0000000e+00
   0.0000000e+00
   0.0000000e+00
   0.0000000e+00
   0.0000000e+00
   0.0000000e+00
   0.0000000e+00
   0.0000000e+00
  -0.0000000e+00
  -6.8326475e-03
   0.0000000e+00
   2.6818365e-02
   2.9880267e-02
   3.5035212e-02
   4.0522567e-02
   4.5126878e-02
   4.5874082e-02
   4.0898870e-02
   2.9719796e-02
   2.3388653e-02
   2.4738186e-02
   0.0000000e+00
   0.0000000e+00
   0.0000000e+00
   0.0000000e+00
   2.2596124e-02
   2.0269848e-02
   1.8918285e-02
   2.0792786e-02
   1.8968893e-02
   1.3278549e-02
   1.3423970e-02
   0.0000000e+00
   0.0000000e+00
   0.0000000e+00
   0.0000000e+00
   0.0000000e+00
   0.0000000e+00
   0.0000000e+00
   0.0000000e+00
   0.0000000e+00
   0.0000000e+00
   0.0000000e+00
   0.0000000e+00
   0.0000000e+00
   0.0000000e+00
   4.2652794e-02
   4.1778482e-02
   4.4565551e-02
   5.4658152e-02
   6.2707707e-02
   6.7889497e-02
   7.0409656e-02
   6.7108311e-02
   5.4329660e-02
   3.4565402e-02
   0.0000000e+00
   0.0000000e+00
   0.0000000e+00
   0.0000000e+00
   0.0000000e+00
   0.0000000e+00
   3.3003155e-02
   3.5381202e-02
   4.2330083e-02
   4.4635877e-02
   4.0514491e-02
   3.0929988e-02
   0.0000000e+00
   0.0000000e+00
   0.0000000e+00
   0.0000000e+00
   0.0000000e+00
   0.0000000e+00
   0.0000000e+00
   0.0000000e+00
   0.0000000e+00
   0.0000000e+00
   0.0000000e+00
   0.0000000e+00
   0.0000000e+00
   0.0000000e+00
   3.7343162e-02
   3.7229919e-02
   4.1447729e-02
   5.2685745e-02
   6.1955258e-02
   6.8577670e-02
   7.3386729e-02
   7.2209501e-02
   6.0971186e-02
   4.0045659e-02
   0.0000000e+00
   0.0000000e+00
   0.0000000e+00
   0.0000000e+00
   0.0000000e+00
   0.0000000e+00
   3.5332725e-02
   3.9363531e-02
   5.1886324e-02
   5.8001175e-02
   5.6801245e-02
   4.2895362e-02
   0.0000000e+00
   0.0000000e+00
   0.0000000e+00
  -0.0000000e+00
  -0.0000000e+00
  -0.0000000e+00
   0.0000000e+00
   0.0000000e+00
   0.0000000e+00
   0.0000000e+00
   0.0000000e+00
   0.0000000e+00
   0.0000000e+00
   0.0000000e+00
   0.0000000e+00
   1.4522663e-02
   1.5553982e-02
   2.3748281e-02
   3.6137313e-02
   4.7712589e-02
   5.5827823e-02
   5.7695366e-02
   5.0202528e-02
   3.5036418e-02
   0.0000000e+00
   0.0000000e+00
   0.0000000e+00
   0.0000000e+00
   0.0000000e+00
   0.0000000e+00
   0.0000000e+00
   3.2282998e-02
   4.9885256e-02
   5.9601728e-02
   6.1251220e-02
   4.5747571e-02
   3.7045514e-02
   0.0000000e+00
   0.0000000e+00
   0.0000000e+00
   0.0000000e+00
  -0.0000000e+00
   0.0000000e+00
   0.0000000e+00
   0.0000000e+00
   0.0000000e+00
   0.0000000e+00
   0.0000000e+00
   0.0000000e+00
   0.0000000e+00
  -0.0000000e+00
  -1.6145157e-02
  -1.8709302e-02
  -2.0291105e-02
  -5.2676246e-03
   1.0956431e-02
   2.6631326e-02
   3.0031132e-02
   2.5879291e-02
   2.4025473e-02
   0.0000000e+00
   0.0000000e+00
   0.0000000e+00
   0.0000000e+00
   0.0000000e+00
   0.0000000e+00
   0.0000000e+00
   2.6555545e-02
   4.1355208e-02
   4.7526631e-02
   4.6419770e-02
   3.6254610e-02
   0.0000000e+00
   2.3111982e-04
   0.0000000e+00
   0.0000000e+00
   0.0000000e+00
   0.0000000e+00
   0.0000000e+00
   0.0000000e+00
   0.0000000e+00
   0.0000000e+00
   0.0000000e+00
   0.0000000e+00
   0.0000000e+00
   0.0000000e+00
  -0.0000000e+00
  -0.0000000e+00
   0.0000000e+00
  -4.6102493e-02
  -3.3679307e-02
  -2.0976587e-02
   3.5847986e-04
   0.0000000e+00
  -1.6080653e-03
   0.0000000e+00
   0.0000000e+00
   0.0000000e+00
   0.0000000e+00
   0.0000000e+00
   0.0000000e+00
  -0.0000000e+00
   2.2368638e-03
   9.2006133e-03
   5.5169202e-03
  -2.3079575e-03
   3.2243710e-03
   2.8119508e-03
   4.2498351e-03
   2.3111981e-04
   0.0000000e+00
   0.0000000e+00
   0.0000000e+00
   0.0000000e+00
   0.0000000e+00
   0.0000000e+00
   0.0000000e+00
   0.0000000e+00
   0.0000000e+00
   0.0000000e+00
   0.0000000e+00
   0.0000000e+00
   0.0000000e+00
   0.0000000e+00
   0.0000000e+00
   0.0000000e+00
  -0.0000000e+00
  -3.9613310e-02
   0.0000000e+00
   0.0000000e+00
  -0.0000000e+00
   0.0000000e+00
   0.0000000e+00
   0.0000000e+00
   0.0000000e+00
   0.0000000e+00
   0.0000000e+00
   0.0000000e+00
   4.8246422e-03
  -1.2709402e-02
  -0.0000000e+00
  -6.9260210e-02
  -4.0289931e-02
  -1.9715130e-02
  -8.2362048e-03
  -9.4507126e-03
   0.0000000e+00
  -0.0000000e+00
  -0.0000000e+00
  -0.0000000e+00
  -0.0000000e+00
   0.0000000e+00
   0.0000000e+00
   0.0000000e+00
   0.0000000e+00
  -1.7123327e-02
  -1.3861095e-02
  -1.2369130e-02
  -1.0491677e-02
  -8.8924662e-03
  -9.9785572e-03
  -1.1550581e-02
  -1.3724909e-02
  -2.0291449e-02
  -1.9472565e-02
  -1.7320916e-02
  -1.7508186e-02
  -9.4667704e-03
  -2.0355057e-04
   2.1302687e-03
   8.2163090e-04
  -7.9305315e-04
  -2.8788691e-03
   2.9998583e-03
  -1.9346787e-03
  -0.0000000e+00
  -0.0000000e+00
  -0.0000000e+00
  -3.0668338e-03
  -1.0349977e-02
  -1.9847046e-02
  -2.4952037e-02
  -2.2584132e-02
  -1.6887107e-02
  -1.1648902e-02
  -1.1808814e-02
  -1.1669005e-02
  -1.5144994e-02
  -1.6957202e-02
  -1.9468155e-02
  -1.9513129e-02
