   2.5349989e+00
   1.6919578e+00
   5.7670689e-01
   1.4121983e-02
  -7.8345668e-01
  -4.6500355e-01
   1.3748660e+00
   1.8016996e+00
   1.2749459e+00
   1.0787414e+00
   8.8444978e-01
   3.2766470e-01
   1.3016625e-01
   5.6880569e-01
   7.8338045e-01
   5.7912493e-01
   6.4195222e-01
   8.3940518e-01
   4.1804442e-01
   4.0260845e-01
   6.2462091e-01
   3.8460103e-01
   3.5047883e-01
   3.4174708e-01
  -1.6271301e-01
  -8.0279481e-01
  -1.3574171e+00
  -1.6196111e+00
  -1.2910734e+00
  -1.9811136e-01
  -9.9362344e-02
  -6.4369297e-01
  -4.4330135e-01
  -2.5212932e-01
   6.0329026e-01
   2.0786722e+00
   1.2301617e+00
   5.0837654e-01
   4.7929883e-02
   6.4447261e-02
   1.2038469e-01
   2.3161188e-01
   5.1521546e-01
   6.8486392e-01
   7.5338799e-01
   8.4344965e-01
   7.5426501e-01
   6.0270393e-01
   4.7521824e-01
   4.3808979e-01
   4.6653110e-01
   5.2692145e-01
   4.9768370e-01
   5.1657379e-01
  -7.2726868e-02
   1.0210548e-01
   3.5219118e-01
   2.6035386e-01
   4.2256877e-01
   5.6987125e-01
   6.2589121e-01
   5.5411494e-01
   3.5883570e-01
   2.8268373e-01
   1.1220974e-01
   3.5969147e-01
   1.5040706e-01
   9.0866834e-01
   1.4602823e+00
   1.0061876e+00
   8.4764779e-01
   1.2240667e+00
   7.5909831e-02
  -4.0114245e-01
  -6.7342609e-01
  -7.3179513e-01
  -5.4804713e-01
  -1.5500826e-01
   1.4515825e-01
   4.3148631e-01
   7.9693437e-01
   8.8533974e-01
   6.5456051e-01
   3.4611115e-01
   1.8691377e-01
   4.4450276e-02
   2.9820040e-02
   4.9902499e-02
   6.5369502e-02
   2.4443122e-02
  -1.7500277e-01
  -4.0153262e-01
  -2.8370801e-01
   3.9596457e-02
   3.8447219e-01
   5.7958603e-01
   6.3478070e-01
   4.4968835e-01
   7.0975587e-02
  -2.6511323e-01
  -4.6119153e-01
  -4.0457532e-01
  -1.1400605e-01
   3.5426110e-01
   7.8150856e-01
   9.4905442e-01
   9.1324365e-01
   5.7318127e-01
  -8.4876305e-01
  -1.2840919e+00
  -1.5146602e+00
  -1.4225729e+00
  -1.0433731e+00
  -5.9293574e-01
  -2.3819934e-01
   6.5724567e-02
   6.0072982e-01
   5.9150749e-01
   2.6638904e-01
  -1.6116250e-01
  -4.1782230e-01
  -6.2554544e-01
  -6.7129081e-01
  -6.0797316e-01
  -5.7082635e-01
  -7.0946342e-01
  -1.3609593e+00
  -1.0822529e+00
  -9.6028042e-01
  -4.5871085e-01
   8.9143753e-02
   3.6469755e-01
   3.1138024e-01
  -5.2490002e-03
  -5.3960729e-01
  -1.0097085e+00
  -1.2280936e+00
  -1.1066506e+00
  -6.4950156e-01
   1.8205840e-02
   5.2573800e-01
   6.7000192e-01
   5.0037879e-01
  -1.6006720e-01
  -1.4691114e+00
  -1.8421087e+00
  -1.9447703e+00
  -1.6664056e+00
  -1.2242553e+00
  -7.3420656e-01
  -4.2779329e-01
  -9.7377554e-02
   5.6057882e-01
   3.3690810e-01
  -1.8857905e-01
  -7.2463876e-01
  -1.0349879e+00
  -1.2475991e+00
  -1.2378528e+00
  -1.0755497e+00
  -9.4290525e-01
  -1.1474622e+00
  -2.1343648e+00
  -1.0531201e+00
  -1.4709603e+00
  -8.1161624e-01
  -2.6190490e-01
   5.1411673e-02
  -6.5062135e-02
  -4.9575859e-01
  -1.1370499e+00
  -1.6012362e+00
  -1.6957480e+00
  -1.4905872e+00
  -9.1719884e-01
  -1.2406849e-01
   3.5552561e-01
   4.1700801e-01
  -1.5263344e-02
  -8.4657264e-01
  -1.6633756e+00
  -1.8786004e+00
  -1.8176755e+00
  -1.4518213e+00
  -1.2319979e+00
  -6.0922036e-01
  -4.3352126e-01
  -3.6715137e-01
   7.2231333e-01
  -6.1412983e-03
  -6.3737903e-01
  -1.0836400e+00
  -1.3032700e+00
  -1.4259218e+00
  -1.3206551e+00
  -1.0870004e+00
  -9.1482061e-01
  -1.0444942e+00
  -1.8103474e+00
  -1.0882909e+00
  -1.5984961e+00
  -8.7690745e-01
  -3.7209543e-01
  -5.4697681e-02
  -3.4740652e-01
  -8.6024653e-01
  -1.4333851e+00
  -1.6642607e+00
  -1.5012808e+00
  -1.2043478e+00
  -6.5575649e-01
   7.8491998e-02
   3.4931978e-01
   1.5690475e-01
  -4.9585262e-01
  -1.2180099e+00
  -1.3434070e+00
  -1.2466819e+00
  -1.2783403e+00
  -8.5530663e-01
  -5.9535968e-01
  -3.1494540e-01
   2.8143007e-02
  -3.4274006e-01
   2.9878697e-01
  -5.3686297e-01
  -8.7199688e-01
  -1.0544972e+00
  -1.1574175e+00
  -1.2040659e+00
  -1.0777917e+00
  -8.2744431e-01
  -6.5382111e-01
  -5.6683016e-01
  -9.4086409e-01
  -6.6981131e-01
  -1.3705615e+00
  -7.7061552e-01
  -3.1074539e-01
  -1.7395318e-01
  -5.8914804e-01
  -9.4109535e-01
  -1.1968584e+00
  -1.0194551e+00
  -5.6562960e-01
  -2.0374605e-01
  -1.1775301e-02
   3.9114487e-01
   3.2170671e-01
  -1.0321715e-01
  -7.0347261e-01
  -1.1652876e+00
  -1.8367765e-01
   8.6078592e-02
  -4.4765198e-01
  -1.0292000e-02
  -6.6830218e-02
   2.0610850e-01
   4.1247268e-01
   2.1332479e-01
  -1.2869155e-01
  -5.7005524e-01
  -5.7394135e-01
  -6.3108081e-01
  -7.3999277e-01
  -8.3181357e-01
  -7.6129019e-01
  -5.4799091e-01
  -3.0828846e-01
   2.6229811e-01
   6.1223732e-01
  -3.1014279e-01
  -9.7744322e-01
  -8.0736633e-01
  -4.8612759e-01
  -4.4149548e-01
  -5.5015098e-01
  -5.9312916e-01
  -2.3618893e-01
   5.0428170e-01
   2.5666800e-01
  -8.8946782e-02
  -9.9234323e-02
   3.4992278e-02
  -1.1370157e-01
  -3.1479108e-01
  -5.6567818e-01
  -6.5852243e-01
   1.3716617e+00
   1.0748546e+00
   2.1569642e-01
   5.1879907e-01
   2.8889406e-01
   4.3669745e-01
   5.4916233e-01
   5.2673727e-01
  -7.8486204e-02
  -1.6672455e-01
  -9.1525547e-02
  -1.9480312e-01
  -4.0599686e-01
  -5.8891034e-01
  -5.7808375e-01
  -3.5878277e-01
   2.6600249e-02
   1.1531416e+00
   1.8266423e+00
   1.3215505e-02
  -2.5725222e-01
  -8.7409860e-01
  -8.1446874e-01
  -5.2684480e-01
  -3.2221332e-01
  -6.6011772e-02
   1.1580213e+00
   2.3372550e+00
   3.1712729e-01
  -1.1845233e-01
  -6.2732689e-02
  -3.0383578e-01
  -2.0483519e-01
  -1.5567334e-01
  -1.5965633e-01
   1.5666553e-01
   3.2105174e+00
   1.9151492e+00
   3.8448367e-01
   8.5442829e-01
   4.4136298e-01
   5.3879917e-01
   6.0022640e-01
   5.5612671e-01
   4.7495407e-01
   5.6299758e-01
   5.1053798e-01
   2.2510973e-01
  -1.4215958e-01
  -4.2060834e-01
  -4.2363700e-01
  -7.1398959e-02
   5.8464599e-01
   2.2350109e+00
   2.6996276e+00
   1.2677385e-01
  -1.0311558e-01
  -7.8764629e-01
  -1.3544843e+00
  -4.5567062e-01
   3.4962639e-02
   8.0595154e-01
   3.1704969e+00
   3.6814685e+00
  -2.1987236e-01
   2.9933814e-02
   8.7686285e-02
  -4.7502303e-01
   1.4951447e-01
   3.4463817e-01
   6.1710542e-01
   1.4706690e+00
   4.1316934e+00
   2.2455285e+00
   5.3475761e-01
   8.2603335e-01
   4.1240609e-01
   9.8177594e-01
   1.1018775e+00
   1.0519700e+00
   1.0858717e+00
   1.0160506e+00
   8.2085371e-01
   3.5319895e-01
  -1.0127011e-01
  -3.7771428e-01
  -2.6526019e-01
   2.6898655e-01
   1.1494027e+00
   2.8900433e+00
   3.2860382e+00
  -6.0499910e-02
  -1.3485207e-01
  -6.9880170e-01
  -1.7766784e+00
  -3.0364859e-01
   3.9844897e-01
   1.6533010e+00
   4.6772909e+00
   3.3221960e+00
  -4.5239523e-01
   4.9267599e-01
   1.9391267e-01
  -1.3856024e-01
   6.3187659e-01
   8.8464546e-01
   1.3812373e+00
   2.5158579e+00
   4.4584246e+00
   2.3808048e+00
   4.6784180e-01
   7.9661262e-01
   6.4977145e-01
   1.9316880e+00
   1.7235671e+00
   1.4803748e+00
   1.3754984e+00
   1.1698896e+00
   8.2253337e-01
   2.3321304e-01
  -1.9384444e-01
  -3.0781266e-01
   5.1687449e-02
   7.6100755e-01
   1.8526223e+00
   3.6600335e+00
   3.1626236e+00
  -5.4830515e-01
  -2.7231866e-01
  -5.0863135e-01
  -1.4767121e+00
   2.6973650e-02
   9.8708844e-01
   2.6579747e+00
   5.7309928e+00
   2.3764513e+00
  -3.2012907e-01
   6.1485356e-01
   3.3921757e-01
   4.4898334e-01
   1.1750406e+00
   1.5256951e+00
   2.2049401e+00
   3.3755407e+00
   4.2393785e+00
   2.4720554e+00
   1.9383100e-01
   4.4972304e-01
   1.1229366e+00
   2.3824072e+00
   1.8216100e+00
   1.3782952e+00
   1.1664426e+00
   9.1450220e-01
   5.1705426e-01
  -9.7140837e-03
  -2.1341127e-01
  -5.3676881e-02
   5.1023054e-01
   1.3479817e+00
   2.5817542e+00
   4.4359760e+00
   2.4631453e+00
  -6.7399788e-01
  -5.4292768e-01
  -4.7212228e-01
  -7.1642303e-01
   5.7282269e-01
   1.7511193e+00
   3.5599692e+00
   5.7589326e+00
   1.3229039e+00
  -3.1618565e-01
   3.5178617e-01
   1.2285772e-01
   1.2136087e+00
   1.6486107e+00
   2.0705924e+00
   2.8448443e+00
   3.8232965e+00
   3.8372521e+00
   2.3430305e+00
   1.3346645e-01
   3.4250093e-01
   1.5614669e+00
   2.0593238e+00
   1.2733241e+00
   7.7093339e-01
   6.4010882e-01
   4.6872884e-01
   1.6220394e-01
  -1.3089319e-01
  -5.2733980e-02
   3.4119055e-01
   1.0433582e+00
   1.9845587e+00
   3.3015845e+00
   5.1209669e+00
   1.0616815e+00
  -4.9306372e-01
  -4.1406620e-01
  -1.8863343e-01
   2.0476040e-01
   1.2788718e+00
   2.5417991e+00
   4.1689610e+00
   5.3413429e+00
   8.3017617e-01
  -3.4538078e-01
   7.6811165e-02
  -2.2975452e-01
   1.7838087e+00
   1.9767088e+00
   2.4594395e+00
   3.2195349e+00
   3.8760936e+00
   3.1935391e+00
   1.8500909e+00
   6.6454291e-01
   8.3252954e-01
   1.6433619e+00
   8.9941549e-01
   1.1035412e-01
  -2.4000460e-01
  -1.8635589e-01
  -1.7561753e-01
  -2.3449460e-01
  -1.6262271e-01
   2.2556096e-01
   8.5472959e-01
   1.6762350e+00
   2.6464748e+00
   3.9019649e+00
   4.5845995e+00
   2.7635294e-01
  -1.0954954e-01
  -2.0519635e-01
   2.2889422e-01
   1.2697960e+00
   2.1127245e+00
   3.2819822e+00
   4.4647121e+00
   4.6375532e+00
   6.5222806e-01
  -2.3558745e-01
   9.1256894e-02
   3.2391599e-01
   2.2152927e+00
   2.1632826e+00
   2.6125166e+00
   3.2326708e+00
   3.5393107e+00
   2.2767639e+00
   1.3118260e+00
   9.0269452e-01
   1.3126100e+00
   4.7375524e-01
  -3.5064709e-01
  -1.0594698e+00
  -1.2950745e+00
  -1.2846081e+00
  -1.2156353e+00
  -1.0238525e+00
  -5.2691156e-01
   2.6863602e-01
   1.1666081e+00
   2.0894904e+00
   3.0276005e+00
   3.9479342e+00
   3.3900928e+00
   2.6954880e-01
  -1.4976706e-01
  -4.9157855e-01
   1.7506599e-01
   1.8276726e+00
   2.7299805e+00
   3.6655142e+00
   4.3367763e+00
   3.6256645e+00
   4.1450393e-01
  -4.8370078e-02
   3.0539814e-01
   5.3287882e-01
   1.8252223e+00
   2.0715256e+00
   2.4338081e+00
   2.8654928e+00
   2.7437799e+00
   1.3254955e+00
   8.5900956e-01
   5.2247334e-01
   4.3784568e-01
  -1.9195718e-01
  -1.1940675e+00
  -1.8610477e+00
  -2.1103008e+00
  -2.2322309e+00
  -2.2304866e+00
  -1.9675490e+00
  -1.2493544e+00
  -2.1784453e-01
   8.8189900e-01
   1.9777347e+00
   2.9423783e+00
   3.5500543e+00
   2.1381681e+00
  -1.2463387e-02
  -2.4071564e-01
  -1.2489698e+00
  -5.5180043e-01
   1.9784631e+00
   2.8211441e+00
   3.5377438e+00
   3.8180614e+00
   2.5074289e+00
   2.4504091e-01
  -1.3399397e-01
   7.1004975e-01
   4.8476470e-01
   9.2433226e-01
   1.6167542e+00
   1.9731499e+00
   2.2730558e+00
   1.8469599e+00
   6.3812338e-01
   2.8155225e-01
  -8.2622474e-02
  -1.8402763e-01
  -1.1944953e-01
  -1.0137429e+00
  -1.3867458e+00
  -1.5953459e+00
  -1.7725079e+00
  -1.8487592e+00
  -1.7042294e+00
  -1.2021788e+00
  -4.2196430e-01
   4.9027282e-01
   1.5053735e+00
   2.4721894e+00
   2.9341754e+00
   1.0982454e+00
  -3.8644406e-02
  -3.4732156e-01
  -2.5120270e+00
  -1.4250333e+00
   1.7268365e+00
   2.3584325e+00
   3.1119553e+00
   3.1461910e+00
   1.5156978e+00
   1.3161905e-01
   1.6754659e-02
   1.1036583e+00
   9.1014506e-01
   3.8798223e-02
   8.9911295e-01
   1.3720774e+00
   1.6567092e+00
   1.1462687e+00
   4.5467711e-01
   9.3487721e-02
   1.1389391e-01
  -1.2322204e-01
   4.7732970e-01
   3.6260013e-01
   2.8553164e-01
   1.5638592e-01
  -5.7942874e-03
  -1.1875709e-01
  -7.2930864e-02
   2.7387884e-01
   9.2363001e-01
   1.7384805e+00
   2.5397693e+00
   2.8707298e+00
   1.9875317e+00
   2.4329038e-01
  -2.8286251e-01
  -6.1300253e-01
  -1.9455692e+00
  -4.3904153e-01
   1.4665455e+00
   2.1990976e+00
   2.8325163e+00
   2.4500458e+00
   1.0266613e+00
   5.3789378e-02
  -1.2927261e-01
   7.7879807e-01
   1.3821158e+00
  -4.9492344e-01
   1.6619986e-01
   6.5667389e-01
   9.9410993e-01
   5.5958008e-01
   1.5017086e-01
   2.5350735e-01
   1.6443135e-01
  -8.0002379e-04
  -3.4501404e-04
  -2.0775416e-01
  -3.7613699e-01
  -5.0380516e-01
  -6.0719782e-01
  -6.2303436e-01
  -4.9000609e-01
  -8.6805172e-02
   5.4925096e-01
   1.2556798e+00
   1.6582438e+00
   1.3342316e+00
   3.1648698e-01
  -5.2951318e-01
  -2.2334522e-01
  -7.8517085e-01
  -1.2978517e+00
  -2.6316592e-01
   2.4348822e-01
   5.5592310e-01
   1.4849036e+00
   1.4070250e+00
   8.7549013e-01
  -6.0504306e-02
  -1.7981297e-01
   4.4259477e-01
   1.1268631e+00
  -8.7064749e-01
  -6.1961490e-01
  -7.0179738e-03
   6.1789668e-01
   2.2300957e-01
  -2.1902061e-01
   3.0766264e-01
   2.4945846e-01
  -5.7070483e-02
  -5.2830380e-01
  -1.0540414e+00
  -1.4944499e+00
  -1.8382866e+00
  -2.0957944e+00
  -2.2331941e+00
  -2.2470536e+00
  -2.0682497e+00
  -1.6490597e+00
  -1.0356903e+00
  -4.8711097e-01
  -4.6423322e-01
  -7.1000797e-01
  -9.5572913e-01
  -4.2371887e-01
  -6.1517560e-01
  -6.6204953e-01
  -6.4205086e-01
  -1.0884883e+00
  -1.2060621e+00
   3.1145492e-01
   6.8754035e-01
   5.5110335e-01
  -8.2655534e-02
  -2.7446347e-01
  -1.6040266e-02
   8.5232550e-01
  -6.7141891e-01
  -1.3465464e+00
  -3.1453452e-01
   9.2328352e-01
   1.4529449e-01
   4.7011252e-02
   6.8901855e-01
   4.9337888e-01
   7.0542105e-02
  -4.6882135e-01
  -1.0697130e+00
  -1.6469713e+00
  -2.1444454e+00
  -2.5384152e+00
  -2.8396914e+00
  -3.1223016e+00
  -3.3870137e+00
  -3.4367397e+00
  -3.0507894e+00
  -2.0872269e+00
  -1.2131162e+00
  -1.1557617e+00
  -9.8796779e-01
  -1.4976585e+00
  -5.5551964e-01
  -3.5982007e-01
  -1.2352953e+00
  -2.0497651e+00
  -2.4658461e+00
  -1.6661680e-01
   3.3689490e-01
   4.0535262e-01
  -1.4528757e-01
  -5.3107810e-01
  -2.4148077e-01
  -5.5510595e-02
  -3.1000915e-01
  -1.7347336e+00
  -8.0581653e-01
   1.1582913e+00
   4.3852621e-01
   7.2381534e-02
   7.6757354e-01
   6.4644891e-01
   3.5174811e-01
   3.6108810e-02
  -5.2577811e-01
  -1.2014587e+00
  -1.7960988e+00
  -2.2025974e+00
  -2.4633629e+00
  -2.7799592e+00
  -3.2533104e+00
  -3.7088132e+00
  -3.7914610e+00
  -2.9635980e+00
  -1.0941285e+00
  -1.0192972e+00
  -9.0222788e-01
  -8.3544540e-01
   1.1383917e-01
  -4.7844666e-01
  -1.5229744e+00
  -2.6035404e+00
  -3.4987230e+00
  -1.1225166e+00
  -4.8009183e-02
   1.6808951e-01
  -1.7478997e-01
  -8.1256187e-01
  -2.2015689e-01
   5.1727986e-01
   3.1745315e-01
  -1.7776396e+00
  -8.5026824e-01
   1.2519729e+00
   8.0804795e-01
   2.4773379e-01
   3.8546780e-01
   5.1862866e-01
   4.6514001e-01
   5.3049845e-01
   1.6792975e-01
  -5.5789953e-01
  -1.2677729e+00
  -1.7499743e+00
  -1.9679245e+00
  -2.2049892e+00
  -2.7079747e+00
  -3.3727944e+00
  -3.8365426e+00
  -3.4884117e+00
  -5.1950473e-01
  -6.0726005e-01
  -6.0087764e-01
  -7.1349126e-01
  -6.2939171e-03
  -3.7230188e-01
  -1.3359032e+00
  -2.6949582e+00
  -4.1039467e+00
  -1.8513470e+00
  -4.5232803e-01
  -1.2347533e-01
  -3.1047162e-01
  -1.1124506e+00
  -6.4993930e-01
   1.3984017e-01
   9.1073036e-01
  -1.2207932e+00
  -1.0734562e+00
   8.2229459e-01
   1.0445843e+00
   3.8123164e-01
  -4.0405211e-01
  -7.6609373e-02
   2.4432084e-01
   6.5025598e-01
   8.0095786e-01
   2.5519329e-01
  -5.1511842e-01
  -1.1627016e+00
  -1.4498249e+00
  -1.6474770e+00
  -2.1825953e+00
  -3.0832467e+00
  -3.8507798e+00
  -3.6617374e+00
  -3.7108874e-01
  -2.6346344e-01
  -3.7177113e-01
  -4.6254858e-01
   1.9707549e-02
  -4.5482956e-02
  -8.6942941e-01
  -2.3545985e+00
  -4.2564678e+00
  -2.6241391e+00
  -8.2636440e-01
  -3.0618730e-01
  -5.1354980e-01
  -1.3166060e+00
  -1.9624701e+00
  -1.0526483e+00
  -3.0413878e-01
  -3.6254385e-01
  -6.5820020e-01
   1.3604507e-01
   1.0601666e+00
   5.7959580e-01
  -5.4578644e-01
  -1.0153490e+00
  -1.2407497e-01
   3.8662112e-01
   9.0585291e-01
   7.9001337e-01
   1.9568954e-01
  -5.0150263e-01
  -8.9007932e-01
  -1.1173975e+00
  -1.7115078e+00
  -2.9564769e+00
  -4.0032568e+00
  -3.3103089e+00
   5.4642100e-02
   7.6080662e-01
  -2.3665747e-01
  -7.3616631e-02
   1.9345607e-01
   2.6325095e-01
  -2.9853737e-01
  -1.6895710e+00
  -3.7848845e+00
  -3.6685176e+00
  -1.1726516e+00
  -4.2876595e-01
  -4.8404235e-01
  -1.1051595e+00
  -1.6175923e+00
  -1.5951589e+00
  -1.2432914e+00
  -1.8839066e-01
   7.6324612e-02
  -8.4819943e-02
   7.1366906e-01
   5.6884539e-01
  -2.9178765e-01
  -1.5571133e+00
  -7.5993007e-01
   1.2283678e-01
   8.2145429e-01
   9.2180860e-01
   5.6398624e-01
  -1.1259705e-02
  -3.9840955e-01
  -6.4742869e-01
  -1.2660840e+00
  -2.8394885e+00
  -4.2188835e+00
  -2.2169549e+00
   3.8207102e-01
   1.0819085e+00
  -2.5402881e-02
   6.4533520e-03
   4.6067619e-01
   5.0766069e-01
   1.6118370e-01
  -9.6963036e-01
  -3.0077398e+00
  -4.2021646e+00
  -1.0900187e+00
  -3.7010944e-01
  -4.8014021e-01
  -1.1202104e+00
  -1.2584940e+00
  -1.8879855e+00
  -1.3981225e+00
  -1.2152290e+00
   4.2982563e-01
   4.4044462e-01
   2.0418124e+00
   1.8466160e-01
  -3.9388040e-01
  -1.4920200e+00
  -1.2033843e+00
  -5.0204760e-01
   6.1718833e-01
   9.2252129e-01
   7.5875688e-01
   3.8734928e-01
   1.2329987e-01
  -7.6035157e-02
  -6.4287090e-01
  -2.4735210e+00
  -4.0665240e+00
  -3.3219954e-01
   5.8935332e-01
   8.0966562e-01
   3.6031920e-01
   2.3919582e-01
   5.9285671e-01
   7.0865113e-01
   5.0110322e-01
  -1.8326981e-01
  -1.8625507e+00
  -3.6190155e+00
  -7.6180518e-01
  -4.2142144e-01
  -5.1223254e-01
  -1.2017162e+00
  -2.8876367e-01
  -1.0596764e+00
  -9.3370110e-01
  -2.3833835e+00
  -2.7720433e-01
   1.6218123e+00
   1.2611479e+00
  -7.7268666e-02
  -2.8249347e-01
  -1.0520363e+00
  -8.0943336e-01
  -5.9201431e-01
   4.5389062e-01
   8.1752678e-01
   7.5565457e-01
   5.2814949e-01
   3.8492428e-01
   2.9139096e-01
  -1.2430887e-01
  -1.9264414e+00
  -2.9472287e+00
   1.8275981e-03
   2.9517856e-01
   6.7020279e-01
   3.3772188e-01
   2.8176924e-01
   5.8425814e-01
   7.1867710e-01
   5.0652110e-01
   1.1383960e-01
  -1.0450724e+00
  -2.8522488e+00
  -5.1244128e-01
  -1.2089529e-01
  -5.7425695e-01
  -7.5669372e-01
   1.2021066e-01
  -4.7304479e-02
  -4.9519059e-01
  -1.4943279e+00
   4.7537497e-01
   2.8966284e-01
  -1.2177726e+00
  -3.0944061e-02
  -2.8910077e-01
  -2.1567605e-01
  -1.0723449e+00
  -8.4515184e-01
   1.9338852e-01
   6.4948940e-01
   6.8343627e-01
   5.8019686e-01
   5.3112435e-01
   5.6832993e-01
   3.9659756e-01
  -9.8483312e-01
  -1.3781929e+00
   1.8179177e-01
   1.1215626e-01
   5.1688448e-02
   7.0770159e-02
  -3.3667248e-02
   4.3138060e-01
   6.6814941e-01
   4.3003508e-01
   8.0137298e-02
  -4.8327509e-01
  -1.7829278e+00
  -2.1735141e-01
  -3.9496779e-01
  -2.8984833e-01
  -1.4779371e-01
  -2.9047258e-02
   2.3080808e-01
  -4.4594505e-01
  -6.5893602e-01
   2.3489306e-03
  -1.1307880e+00
  -3.5320687e-01
  -2.1898803e-01
  -1.9350153e-01
  -1.8528968e-01
  -9.5113319e-01
  -8.4668255e-01
   4.6872314e-02
   4.6373513e-01
   5.4626602e-01
   5.1089442e-01
   5.1275373e-01
   6.7452389e-01
   7.9815310e-01
   3.0073514e-02
  -2.2678646e-01
   2.2212020e-01
  -4.8799759e-02
  -2.4707203e-01
  -3.0304539e-01
  -1.2802435e-01
   1.6799036e-01
   6.2358510e-01
   3.3691503e-01
  -3.9004609e-02
  -3.0634749e-01
  -7.4037483e-01
   1.7032394e-01
  -2.2466539e-01
  -1.4341526e-01
  -4.5282012e-03
  -4.9802339e-01
   3.8287293e-01
  -1.6872717e-01
  -1.0127113e+00
   2.4746785e-01
  -5.4276276e-01
  -8.4490806e-01
  -5.0035983e-01
  -4.8432899e-01
  -6.9042883e-01
  -3.7305051e-01
  -1.1513270e+00
  -3.4221398e-01
  -7.4213371e-02
   1.5450362e-02
   4.6827475e-02
   1.3604394e-01
   5.2033394e-01
   1.0005683e+00
   8.0797327e-01
   5.3977596e-01
   3.3190336e-01
  -6.8715312e-02
  -2.3304500e-01
  -4.8901194e-01
  -1.5751174e-01
  -3.6513807e-01
   1.4909304e-01
  -3.0056493e-02
  -2.3388589e-01
  -2.7654841e-01
  -6.6257760e-02
   9.0240088e-02
   5.1199144e-01
   8.9066848e-02
   9.7047414e-02
  -2.8444042e-01
   1.8872066e-01
   2.7881795e-01
  -2.3452775e-01
   1.8761748e-01
   3.6321630e-01
   2.3622349e-01
  -1.3478398e-01
  -5.1488376e-01
  -8.5217464e-01
  -8.5882663e-01
  -1.3220838e+00
  -4.6200153e-01
  -9.4349682e-01
  -9.4592363e-01
  -1.0004412e+00
  -7.8162496e-01
  -3.3367038e-02
   9.1578442e-01
   1.0917178e+00
   9.4200778e-01
   4.8052442e-01
  -8.5523078e-03
  -2.5825468e-01
  -7.7318734e-01
  -1.0561972e-01
  -3.7282884e-01
  -7.5397694e-01
  -7.4955796e-01
  -5.0660974e-01
  -3.2135811e-01
   1.6291043e-01
   6.1732644e-01
   4.2364866e-01
   2.5713803e-01
   1.9086869e-01
   1.1591698e-01
   1.5916313e-01
   3.6301851e-01
   3.4866536e-01
   5.7705150e-01
   1.1801646e+00
   6.6360277e-01
   4.6356869e-01
   3.2031748e-01
  -6.0537647e-02
  -4.0161940e-01
  -1.4635284e+00
  -9.1957390e-01
  -1.2146329e+00
  -1.7644790e+00
  -1.8708342e+00
  -1.0781130e+00
  -4.1368920e-01
   2.0398553e-01
   8.9283055e-01
   3.9748791e-01
   2.1887833e-01
   7.3788829e-02
  -5.5659187e-01
  -1.1068722e+00
  -3.8198605e-01
  -5.7546383e-01
  -1.4148518e+00
  -2.3033383e+00
  -1.0771463e+00
  -9.4421780e-01
  -2.6359561e-01
   6.7895502e-01
   9.6659398e-01
   1.5211727e-01
   1.6042827e-01
   1.5300913e-01
   5.8535635e-02
   1.5619753e-01
   4.8684947e-02
   3.9607063e-01
   8.0307329e-01
   6.5818787e-01
   3.3686711e-01
   9.8992102e-02
   5.9592438e-01
   5.9696626e-01
   1.0565911e-01
  -1.8712060e-01
  -9.9896255e-02
  -9.6858341e-01
  -1.5508870e+00
  -1.1266762e+00
  -3.1183973e-01
  -1.3450393e-02
   2.2008187e-01
   2.1694411e-01
   4.9437177e-03
  -3.5666831e-01
  -4.4934452e-01
  -8.0724484e-01
  -3.2815935e-01
  -8.6047542e-01
  -1.0810019e-01
   9.3291510e-02
  -3.5189645e+00
  -3.5757546e+00
  -2.1159093e+00
  -1.1605012e+00
   1.1404688e-01
   7.3924592e-01
   1.6047327e-01
  -1.2793350e-01
  -2.5701725e-01
  -3.0132316e-02
  -3.4093493e-01
  -1.2798437e-01
   7.1832007e-01
   8.4887326e-01
   3.1901294e-01
   3.5473603e-01
   6.0430264e-01
   5.7165223e-01
   4.1945294e-01
   2.8708252e-01
   8.4045827e-02
  -7.3578760e-02
  -3.3139825e-01
  -3.7665758e-01
  -3.8311532e-01
  -4.7045588e-01
  -5.9762245e-01
  -5.8909172e-01
  -4.9894950e-01
  -6.4514303e-01
  -6.8430442e-01
  -4.7821447e-01
  -3.8004622e-01
   2.9792678e-01
   2.2641037e+00
   3.0257080e+00
  -3.2693297e-01
  -2.4924054e+00
  -2.0762234e+00
  -1.6897546e+00
  -1.2011864e+00
  -4.9363148e-01
  -2.8110155e-01
  -4.3625867e-01
  -4.9116519e-01
  -5.6672788e-01
  -6.1906236e-01
  -4.8624465e-01
  -5.8969393e-02
   3.2981083e-01
