   7.1257925e-01
   6.2964845e-01
   4.0790215e-01
   5.5858243e-01
   4.4150305e-01
   3.7299764e-01
   8.3375400e-01
   1.0107694e+00
   8.3066511e-01
   8.5184169e-01
   7.7152324e-01
   4.6196276e-01
   4.8355821e-01
   6.9526881e-01
   8.8814974e-01
   7.7261770e-01
   7.3991477e-01
   6.3715523e-01
   3.8908011e-01
   3.3266485e-01
   4.0057862e-01
   6.0559177e-01
   8.1093723e-01
   6.2870055e-01
   2.9749727e-01
   1.2652448e-01
  -8.4694229e-02
  -1.6173932e-01
  -4.5493759e-02
  -6.5135239e-03
  -1.5282510e-01
  -7.5558707e-02
   1.5736870e-01
   1.5528686e-01
   2.3545858e-01
   4.7603497e-01
   2.3244692e-01
   2.8044197e-01
   5.4650033e-01
   7.1246046e-01
   7.9044163e-01
   9.0952426e-01
   1.0842129e+00
   8.3722681e-01
   5.6681240e-01
   4.4370538e-01
   4.9561399e-01
   5.3401577e-01
   5.8921683e-01
   6.7451370e-01
   7.0248061e-01
   5.8673364e-01
   4.3227232e-01
   1.0257044e-01
  -1.2995814e-01
   4.3500181e-02
  -7.2683595e-02
   3.3263907e-01
   6.1293107e-01
   6.7049336e-01
   3.3695564e-01
   1.0325357e-01
  -1.7076781e-01
  -2.8325671e-01
  -2.7655345e-01
  -6.0180351e-02
   2.2029847e-01
   7.3913735e-01
   8.7350869e-01
   7.5444531e-01
   5.3203171e-01
   3.3114812e-01
  -8.2741934e-01
  -4.8474970e-01
   1.4232786e-01
   7.5815640e-02
   1.4725246e-02
   8.8345170e-01
   7.0059001e-01
   2.3204383e-01
  -9.8234445e-02
  -1.1815141e-01
  -9.8870602e-04
   1.1589056e-01
   1.9077075e-01
   1.9051532e-01
   1.3660550e-01
   7.7959336e-02
  -7.7588223e-02
  -2.9094309e-01
  -6.2194622e-01
  -9.7331268e-01
  -4.9511445e-01
   1.6373196e-01
   5.7803625e-01
   5.8936745e-01
   3.2247102e-01
  -9.5553458e-02
  -5.4785740e-01
  -7.7766228e-01
  -7.6966304e-01
  -3.4425023e-01
   1.4426063e-01
   4.5831293e-01
   6.3337797e-01
   5.7117993e-01
   3.7439758e-01
  -2.0970824e-01
  -1.1025423e+00
  -5.9112829e-01
  -2.7317148e-01
  -1.3088816e-01
  -1.8678890e-01
   6.3314217e-01
   1.1451577e-01
  -3.4780923e-01
  -7.7280992e-01
  -5.5416638e-01
  -5.6089610e-01
  -5.1045465e-01
  -4.0338078e-01
  -4.7174895e-01
  -5.1703382e-01
  -5.5015916e-01
  -6.5490770e-01
  -8.0028391e-01
  -1.2128912e+00
  -1.8840169e+00
  -4.9803385e-01
  -1.6727246e-01
   3.1235841e-01
   2.7433348e-01
  -1.3827932e-01
  -7.0011926e-01
  -1.2372850e+00
  -1.4180980e+00
  -1.1777793e+00
  -6.1817461e-01
  -7.5821720e-02
   2.1356344e-01
   1.7750356e-01
  -5.9388071e-02
  -3.6777142e-01
  -1.1851039e+00
  -7.7200252e-01
  -4.6521878e-01
  -1.5749858e-01
  -3.1919655e-01
  -2.7095881e-01
   2.2821665e-01
  -3.8295972e-01
  -8.3376479e-01
  -8.7545222e-01
  -9.1580045e-01
  -1.0022888e+00
  -9.2092049e-01
  -8.4693444e-01
  -8.9664084e-01
  -8.5984337e-01
  -8.5287309e-01
  -9.0168530e-01
  -1.0020469e+00
  -1.2318150e+00
  -1.5602293e+00
  -5.4339802e-01
  -5.8166182e-01
  -6.7280427e-02
  -1.7299642e-01
  -6.5480959e-01
  -1.2362665e+00
  -1.6710470e+00
  -1.6648929e+00
  -1.2257522e+00
  -6.2965178e-01
  -1.5849170e-01
  -5.7557896e-03
  -2.1164483e-01
  -5.6825513e-01
  -8.4900433e-01
  -1.1436665e+00
  -1.7923983e-01
  -3.5519244e-01
  -9.0834124e-02
  -5.1115334e-01
  -1.2460733e-01
  -8.0620815e-02
  -7.1237942e-01
  -1.0936416e+00
  -1.0458586e+00
  -1.0707551e+00
  -1.1224415e+00
  -1.0397621e+00
  -9.6867752e-01
  -9.0678268e-01
  -8.2916217e-01
  -8.2407824e-01
  -8.6031007e-01
  -8.8371646e-01
  -6.2230004e-01
  -6.1194841e-01
  -2.7816437e-01
  -8.2297502e-01
  -4.0301483e-01
  -5.3648314e-01
  -9.4767784e-01
  -1.2985583e+00
  -1.3289595e+00
  -1.1924763e+00
  -8.0905114e-01
  -4.2446035e-01
   2.1769390e-02
   1.6132009e-02
  -3.6010536e-01
  -7.5127175e-01
  -9.0862035e-01
  -5.9406463e-01
   6.5338546e-01
   1.4508969e-01
  -2.9493412e-01
  -5.6184810e-01
  -4.5081896e-01
  -3.9920229e-01
  -1.0239007e+00
  -1.2246392e+00
  -1.1399410e+00
  -1.0545813e+00
  -9.8996669e-01
  -9.0474451e-01
  -8.0377585e-01
  -7.0255619e-01
  -6.6013432e-01
  -6.6830957e-01
  -7.0571214e-01
  -5.5343783e-01
   3.6949161e-01
   6.1402386e-01
  -2.6840746e-02
  -8.3174127e-01
  -6.4509457e-01
  -8.0903429e-01
  -9.3912226e-01
  -7.4105877e-01
   1.4026433e-01
  -3.5739496e-01
  -4.7218990e-01
  -1.7640999e-01
   5.0517529e-01
   2.4796519e-01
  -3.1438410e-01
  -6.7598230e-01
  -7.3221749e-01
  -8.4730171e-02
   1.0582795e+00
   1.2426099e+00
   1.7169100e-01
  -1.4533965e-01
  -4.6444395e-01
  -6.3839066e-01
  -1.0212892e+00
  -1.0241323e+00
  -8.8792461e-01
  -7.1501235e-01
  -6.1051017e-01
  -5.9326351e-01
  -5.0842583e-01
  -4.6801883e-01
  -4.5138001e-01
  -4.7040913e-01
  -4.3490914e-01
  -1.1049569e-02
   1.5899238e+00
   2.3233080e+00
   1.3848919e-01
  -2.1819599e-01
  -1.1476467e+00
  -1.1518209e+00
  -6.0051947e-01
   7.4870545e-01
   1.7265460e+00
  -9.6535455e-02
  -4.3720827e-01
   2.5794426e-01
   5.6301784e-01
   9.3795724e-02
  -3.4234083e-01
  -5.0811678e-01
  -3.8908765e-01
   2.9473498e-01
   1.3605962e+00
   1.5978072e+00
   1.2797995e+00
   5.1357913e-01
  -4.4496456e-01
  -5.6383741e-01
  -6.5365231e-01
  -5.5837166e-01
  -4.4440845e-01
  -2.9745388e-01
  -2.6670098e-01
  -3.1395552e-01
  -2.8857592e-01
  -2.8934088e-01
  -2.8848225e-01
  -2.9007587e-01
  -1.5312248e-01
   5.3745532e-01
   2.5776744e+00
   3.2551613e+00
   3.1254625e-01
  -1.2093250e-02
  -1.4959717e+00
  -1.5120752e+00
  -7.9793438e-02
   2.4414613e+00
   2.6040471e+00
   1.5200424e-01
  -2.0640004e-02
   4.7213927e-01
   2.5337300e-01
  -1.6404462e-01
  -2.9630703e-01
  -2.5366867e-01
   2.4977129e-02
   6.8810701e-01
   1.7729867e+00
   2.0159864e+00
   1.9440405e+00
   3.9063814e-01
  -4.7681101e-02
   9.3394876e-02
   4.8562020e-02
   6.9818124e-02
   8.7376036e-02
   1.4593458e-01
   7.3211864e-02
  -4.5254774e-02
  -9.1348961e-02
  -1.0881784e-01
  -1.1622170e-01
  -5.9010781e-02
   2.6078308e-01
   1.2545705e+00
   3.5298796e+00
   3.4210725e+00
  -1.0949850e-02
  -1.3788095e-01
  -1.1391324e+00
  -1.9452838e+00
   8.2063848e-01
   4.1594248e+00
   2.6651249e+00
   1.7120129e-01
   5.5973180e-02
   1.0922834e-01
  -1.0097877e-01
  -7.1149275e-02
   6.6870809e-02
   2.6249552e-01
   6.4762604e-01
   1.2448490e+00
   2.1443777e+00
   2.3920805e+00
   2.3888412e+00
   1.3438232e+00
   6.1671627e-01
   5.5546343e-01
   4.3703496e-01
   4.2111290e-01
   4.1045818e-01
   3.9574805e-01
   2.4180150e-01
   8.7743551e-02
   2.4271570e-03
  -1.6243799e-02
  -1.6549695e-03
   1.7001729e-01
   6.7000878e-01
   1.8505135e+00
   3.9767058e+00
   3.1737890e+00
  -2.5101796e-01
  -2.7645251e-01
  -5.7684374e-01
  -1.8105171e+00
   1.6193156e+00
   4.8132110e+00
   2.4365597e+00
   7.9684451e-02
   7.0318222e-02
  -3.1600225e-01
   5.4177530e-02
   3.2763773e-01
   5.0768912e-01
   7.8602612e-01
   1.2200162e+00
   1.7450848e+00
   2.4853747e+00
   2.6900325e+00
   2.5283353e+00
   1.6268805e+00
   9.4067013e-01
   7.3158634e-01
   6.3117999e-01
   6.3693202e-01
   5.9860212e-01
   4.6991840e-01
   2.4882494e-01
   7.2784185e-02
  -2.1613283e-02
   8.0082463e-03
   1.4502861e-01
   5.2249002e-01
   1.2480125e+00
   2.5932348e+00
   4.3648758e+00
   2.5869126e+00
  -5.9454489e-01
  -5.8287913e-01
  -4.7587356e-01
  -5.6452721e-01
   2.4065793e+00
   4.9776077e+00
   2.1886284e+00
  -2.4286926e-01
  -3.8505721e-01
  -1.5058760e-01
   4.4940707e-01
   9.1425216e-01
   9.8657215e-01
   1.3347548e+00
   1.8048429e+00
   2.2306590e+00
   2.6062768e+00
   2.6613429e+00
   2.3023272e+00
   1.4864802e+00
   8.7364095e-01
   6.4522171e-01
   6.1115021e-01
   6.1851424e-01
   5.0058776e-01
   2.6880336e-01
   4.4041697e-02
  -9.6619844e-02
  -9.2941493e-02
   6.8233877e-02
   4.1745290e-01
   9.9838048e-01
   1.9080682e+00
   3.2831421e+00
   4.5573721e+00
   1.2148489e+00
  -8.6988723e-01
  -6.2798357e-01
  -2.8263277e-01
   4.5957237e-01
   3.0090773e+00
   4.9082947e+00
   1.9488273e+00
  -4.3074083e-01
  -4.3333784e-01
   4.1698158e-01
   1.1827760e+00
   1.3708347e+00
   1.3262881e+00
   1.7005920e+00
   2.1912711e+00
   2.5146921e+00
   2.4661713e+00
   2.3166327e+00
   1.8283823e+00
   1.0797503e+00
   5.2603769e-01
   4.0095299e-01
   3.9154485e-01
   3.7496403e-01
   2.2663505e-01
   2.1490468e-02
  -9.6129626e-02
  -8.5009649e-02
   7.0592709e-02
   3.5579920e-01
   8.3256406e-01
   1.4864759e+00
   2.4070549e+00
   3.6340466e+00
   4.4721627e+00
   9.2616908e-02
  -8.2938844e-01
  -4.6135896e-01
  -6.7530267e-02
   1.3579838e+00
   3.3387821e+00
   4.6658235e+00
   1.7697198e+00
  -3.3674467e-01
  -2.3401207e-01
   1.0146581e+00
   1.4421403e+00
   1.6020958e+00
   1.4787818e+00
   1.9037793e+00
   2.3640141e+00
   2.5566182e+00
   1.9903320e+00
   1.6418983e+00
   1.0862663e+00
   4.3159160e-01
  -4.5595672e-03
  -5.4151509e-02
  -7.0576802e-02
  -7.2262540e-02
  -1.2073596e-01
  -1.4688733e-01
  -4.6427146e-02
   1.9294080e-01
   4.8580301e-01
   8.3420926e-01
   1.3041816e+00
   1.8909853e+00
   2.6059568e+00
   3.4259083e+00
   3.5231671e+00
  -1.3195542e-01
  -1.0258057e+00
  -4.4505668e-01
   1.6718976e-01
   1.8740791e+00
   3.4863079e+00
   4.1696339e+00
   1.7920656e+00
  -7.9057425e-02
  -1.8633591e-02
   1.6682950e+00
   1.2757261e+00
   1.6504941e+00
   1.4734409e+00
   1.9282490e+00
   2.3038793e+00
   2.2778873e+00
   1.3045009e+00
   8.4589505e-01
   3.6582139e-01
  -1.5068215e-01
  -5.2287745e-01
  -6.0128170e-01
  -6.9626641e-01
  -7.2897452e-01
  -7.0659798e-01
  -5.8781886e-01
  -3.0831474e-01
   1.0179643e-01
   4.9955487e-01
   8.6943489e-01
   1.2742226e+00
   1.7528049e+00
   2.2672734e+00
   2.6647568e+00
   1.9102187e+00
  -8.6316854e-02
  -1.9525255e+00
  -1.2739191e+00
  -2.4485578e-01
   1.6577544e+00
   3.5288322e+00
   3.8158195e+00
   1.3149812e+00
   6.0279567e-02
   3.3985025e-01
   2.6241088e+00
   1.0182543e+00
   2.0270209e+00
   1.5155834e+00
   1.9058623e+00
   1.9048587e+00
   1.6696291e+00
   9.2134011e-01
   3.4489283e-01
  -1.4739312e-01
  -5.4578155e-01
  -9.9646759e-01
  -1.1583148e+00
  -1.3735292e+00
  -1.5099251e+00
  -1.5516641e+00
  -1.4390701e+00
  -1.1188248e+00
  -6.3742536e-01
  -1.9216101e-01
   1.3572034e-01
   3.8228920e-01
   6.2748069e-01
   9.3620473e-01
   1.2711127e+00
   3.3893156e-01
   2.1737207e-02
  -2.0333052e+00
  -3.5675101e+00
  -1.3387318e+00
   2.0575032e+00
   3.3787966e+00
   3.3272564e+00
   5.0927287e-01
   1.3448082e-01
   7.1251786e-01
   2.8184972e+00
   8.4069932e-01
   1.6378808e+00
   6.9110930e-01
   1.9825169e+00
   1.5572159e+00
   1.0076734e+00
   7.8873530e-01
   3.9217453e-01
  -4.3772206e-01
  -5.5250722e-01
  -1.0383009e+00
  -1.0662322e+00
  -1.1721024e+00
  -1.2152424e+00
  -1.2015567e+00
  -1.0900842e+00
  -8.5693659e-01
  -5.2855491e-01
  -2.3770969e-01
  -1.0595448e-01
  -1.9035066e-01
  -3.5534226e-01
  -5.4723644e-01
  -8.4796162e-01
  -1.0411642e+00
   1.1653477e-01
  -1.8865075e+00
  -4.7271189e+00
  -1.7518708e+00
   2.4047424e+00
   2.7572891e+00
   2.8779863e+00
   2.7384582e-01
   2.3890416e-02
   5.2273488e-01
   1.6154622e+00
   8.3869376e-01
   8.4032770e-01
   2.5927481e-01
   1.6127822e+00
   1.8283124e+00
   7.1255735e-01
  -1.9110528e-01
   1.6056403e-01
  -1.6754639e-01
   1.8226244e-01
   4.7614792e-03
   1.5539848e-01
   3.4749167e-01
   5.4219889e-01
   7.0691374e-01
   8.4787263e-01
   1.0240108e+00
   1.2664296e+00
   1.4820197e+00
   1.4820815e+00
   1.0356324e+00
   2.5628951e-01
  -7.4109283e-01
  -2.1653993e+00
  -2.4147822e+00
  -4.9538490e-01
  -1.5144309e+00
  -3.3915230e+00
  -1.1645958e+00
   1.5967474e+00
   1.6445097e+00
   2.0872340e+00
   4.7696114e-01
  -1.6984583e-01
   2.0967095e-01
   4.5739556e-01
   7.9622110e-01
   9.1761399e-02
   4.3898515e-01
   8.3475776e-01
   2.0904181e+00
   9.3407089e-01
  -1.6119975e-01
   1.4450262e-01
  -1.3334113e-01
  -2.0042859e-01
  -7.2308376e-02
   8.4511250e-02
   3.2461491e-01
   5.3285033e-01
   6.6033667e-01
   7.2268826e-01
   7.8582543e-01
   9.2253089e-01
   1.0786943e+00
   1.1006562e+00
   7.1097612e-01
  -9.4127707e-02
  -1.1307015e+00
  -2.4602616e+00
  -3.1393266e+00
  -1.3050945e+00
  -1.8598897e+00
  -2.9741983e+00
  -1.9710264e+00
   1.7490399e-01
   9.5268005e-01
   1.1725723e+00
   7.4768990e-02
  -3.5020053e-01
  -1.2423010e-01
  -6.3448854e-02
   5.1533943e-01
  -5.2390057e-01
   3.5521179e-01
   4.7988433e-01
   1.2129182e+00
   1.4570677e+00
   2.0094070e-01
  -4.3006402e-01
  -3.8091224e-01
  -8.7702501e-01
  -8.4925544e-01
  -8.0925578e-01
  -6.8581992e-01
  -5.6355858e-01
  -5.2382296e-01
  -5.9618080e-01
  -7.3204148e-01
  -8.4312475e-01
  -8.5174078e-01
  -7.1259284e-01
  -4.3459484e-01
  -3.4635788e-01
  -7.8724027e-01
  -1.8939075e+00
  -2.8950164e+00
  -2.4927683e+00
  -2.3830142e+00
  -2.6148958e+00
  -2.9304335e+00
  -1.3750408e+00
   6.6149807e-01
   8.7287319e-01
  -6.5721609e-02
  -3.1600541e-01
  -2.4453451e-01
  -2.8313285e-01
  -1.1470675e-01
  -7.2158027e-01
   3.6471123e-01
   5.3626823e-01
   1.0840231e+00
   1.4509513e+00
   4.3628216e-01
  -5.2203673e-01
  -5.5399519e-01
  -1.0906185e+00
  -1.3018231e+00
  -1.5161222e+00
  -1.5027994e+00
  -1.4158732e+00
  -1.3681567e+00
  -1.4435695e+00
  -1.6789737e+00
  -2.0035155e+00
  -2.2399404e+00
  -2.2373908e+00
  -1.7643389e+00
  -8.5902917e-01
  -2.3672637e-01
  -6.6963184e-01
  -1.6964105e+00
  -1.3121362e+00
  -1.4396596e+00
  -2.4382284e+00
  -3.5980155e+00
  -3.1224484e+00
   7.2719626e-02
   6.7561954e-01
  -1.6531576e-01
  -3.7019148e-01
  -2.5612175e-01
  -3.8841709e-01
  -7.1189868e-01
  -1.3107269e+00
   4.9613032e-02
   3.7749648e-01
   5.0967914e-01
   1.5678033e+00
   2.8039530e-01
   1.6027401e-01
  -4.7121227e-01
  -1.0865116e+00
  -1.4167253e+00
  -1.7140899e+00
  -1.8114042e+00
  -1.7603308e+00
  -1.6962069e+00
  -1.6930133e+00
  -1.8923529e+00
  -2.2782662e+00
  -2.6607916e+00
  -2.8980422e+00
  -2.8014719e+00
  -2.0508425e+00
  -7.2936112e-01
   5.2956098e-01
  -8.0015498e-01
  -4.5418537e-01
  -8.2901007e-01
  -2.0942714e+00
  -3.7350242e+00
  -4.7289157e+00
  -9.8221207e-01
   2.7206665e-01
   4.1564554e-04
  -6.4287668e-01
  -3.7350199e-01
  -3.5146296e-01
  -1.3962574e+00
  -1.8634149e+00
  -6.0046387e-01
  -4.7824100e-01
  -7.7892691e-03
   1.2118084e+00
   3.9612094e-01
   7.0930433e-01
  -2.3483573e-01
  -8.9877433e-01
  -1.2945348e+00
  -1.6580191e+00
  -1.8405446e+00
  -1.8057172e+00
  -1.6675965e+00
  -1.5330634e+00
  -1.5639805e+00
  -1.8627348e+00
  -2.2880809e+00
  -2.7272058e+00
  -3.0438788e+00
  -2.7407899e+00
  -1.1183063e+00
   9.7093987e-01
   2.7959275e-01
  -1.1054617e-01
  -5.0578886e-01
  -1.6125889e+00
  -3.3879099e+00
  -5.4485168e+00
  -2.2324793e+00
  -5.5097580e-01
  -1.1958173e-01
  -1.0899636e+00
  -1.0847648e+00
  -5.7221156e-01
  -2.5468972e+00
  -2.2415795e+00
  -5.4652470e-01
  -8.3233976e-01
  -3.8583645e-01
   8.2584143e-01
   7.1053308e-01
   8.7404263e-01
   1.7933483e-01
  -5.3490204e-01
  -9.6978772e-01
  -1.3651344e+00
  -1.6016405e+00
  -1.6274467e+00
  -1.4409189e+00
  -1.1865512e+00
  -1.0003719e+00
  -1.1393573e+00
  -1.5682372e+00
  -2.1773801e+00
  -2.9108479e+00
  -3.1301014e+00
  -4.3205068e-01
   9.1503185e-01
   7.4091393e-01
   2.7946892e-01
  -9.3203619e-02
  -9.9277282e-01
  -2.5961709e+00
  -5.2202072e+00
  -3.4227288e+00
  -1.6096014e+00
  -5.4119509e-01
  -1.8307402e+00
  -2.4919658e+00
  -7.6301968e-01
  -2.9828060e+00
  -2.4054723e+00
  -1.1689018e+00
  -1.2002704e+00
  -6.7888814e-01
   4.7605601e-01
   7.1146542e-01
   7.9917276e-01
   8.1175715e-01
   4.0951259e-02
  -4.0290266e-01
  -7.8546196e-01
  -1.0263278e+00
  -1.1098059e+00
  -1.0074517e+00
  -8.0718112e-01
  -5.7100838e-01
  -5.6902641e-01
  -9.8545444e-01
  -1.7449907e+00
  -2.8388174e+00
  -3.2909477e+00
  -2.4836344e-01
   1.8509235e+00
   9.1407609e-01
   6.1963844e-01
   3.7665260e-01
  -3.4401068e-01
  -1.6678313e+00
  -4.1678872e+00
  -3.6585484e+00
  -9.9128234e-01
  -8.7990981e-01
  -1.9407648e+00
  -2.9472022e+00
  -4.0619543e-01
  -2.2101903e+00
  -2.2128119e+00
  -1.6560571e+00
  -1.1980249e+00
  -7.9230297e-01
   8.9062855e-02
   3.9041501e-01
   7.0515239e-01
   1.2559843e+00
   6.0720694e-01
   1.9899490e-01
  -1.4706863e-01
  -3.6330563e-01
  -4.3423638e-01
  -3.9386562e-01
  -3.1015560e-01
  -1.9512860e-01
  -2.1121258e-01
  -6.3448125e-01
  -1.5157416e+00
  -2.8686423e+00
  -3.0751469e+00
   2.1673051e-01
   2.2551320e+00
   9.2358005e-01
   1.0890324e+00
   8.8794172e-01
   2.3979262e-01
  -7.5068074e-01
  -2.9775519e+00
  -3.9178207e+00
  -3.0496728e-01
  -6.6257590e-01
  -1.2994096e+00
  -1.6383017e+00
  -3.7180391e-01
  -1.1687144e+00
  -1.8560047e+00
  -1.9549729e+00
  -1.2489791e+00
  -8.4016359e-01
  -1.7313227e-01
   2.7595606e-01
   6.7558032e-01
   1.1293031e+00
   8.3786124e-01
   6.1470145e-01
   4.3306535e-01
   2.9923603e-01
   2.8205585e-01
   3.6974019e-01
   4.1976282e-01
   4.0894398e-01
   2.4964094e-01
  -2.2065341e-01
  -1.2513523e+00
  -2.8592644e+00
  -1.7159419e+00
   2.9606625e-01
   1.4255042e+00
   9.7499269e-01
   1.5150235e+00
   1.4103959e+00
   8.9450419e-01
   2.3968020e-01
  -1.4037402e+00
  -2.9115710e+00
  -7.8862113e-01
  -4.8955294e-01
  -4.7313291e-01
   1.4469327e-01
   2.2627690e-01
  -4.3846676e-01
  -1.6032286e+00
  -1.3001848e+00
  -1.0263854e+00
  -6.7866808e-01
  -4.6615411e-02
   1.2301648e-01
   6.3371599e-01
   5.4110295e-01
   4.6537692e-01
   5.9200126e-01
   6.4244092e-01
   6.3909630e-01
   6.8983734e-01
   8.2333696e-01
   9.2083229e-01
   8.9029586e-01
   6.4314395e-01
   1.2378983e-01
  -1.0027534e+00
  -2.6963334e+00
  -7.0471994e-01
   3.9429778e-01
   8.5249633e-01
   6.9825301e-01
   1.2116185e+00
   1.5135192e+00
   1.2241666e+00
   8.2585973e-01
  -3.6234993e-01
  -1.9123951e+00
  -2.9812695e-02
  -4.8097041e-02
   3.8039527e-02
   1.9105208e-01
   1.0571659e-01
  -4.2042429e-01
  -1.2488427e+00
  -9.0076691e-01
  -3.7968828e-01
  -3.5632238e-01
   2.8240836e-01
   2.0503539e-01
   3.6621696e-01
   4.0036976e-01
   2.3583743e-01
   4.9463189e-01
   7.4468994e-01
   8.7256700e-01
   1.0424080e+00
   1.1959178e+00
   1.3226205e+00
   1.2934190e+00
   1.0302608e+00
   4.8470464e-01
  -6.2727988e-01
  -2.3127043e+00
   1.4717934e-01
   3.4990245e-01
   3.4623691e-01
   5.3439301e-01
   5.9447777e-01
   1.3829408e+00
   1.3640516e+00
   1.1906874e+00
   4.8817527e-01
  -6.6353565e-01
   3.4993805e-02
   2.0170930e-01
   1.2343918e-01
  -1.0343930e-01
   7.0008226e-02
  -2.2593578e-02
  -1.6863964e-01
  -1.6839373e-01
  -3.2678604e-01
   2.9022005e-01
   3.7545446e-01
   3.6142708e-01
   2.1943028e-01
   1.9182190e-01
  -1.0954306e-01
   2.2494161e-01
   5.1440251e-01
   7.6849124e-01
   1.0406442e+00
   1.2790132e+00
   1.4264184e+00
   1.4425138e+00
   1.2072805e+00
   7.3145506e-01
  -1.8045403e-01
  -1.3162102e+00
   3.0459214e-01
   2.5528440e-02
  -1.7751323e-01
  -1.2142499e-02
   3.1031778e-01
   6.4204198e-01
   1.2479565e+00
   1.1866608e+00
   7.8519118e-01
   4.5128634e-02
   8.6106986e-02
   8.9778870e-02
   3.2310579e-02
   2.7065303e-02
   2.1985574e-01
   6.4368661e-03
  -8.8699743e-02
   9.7870789e-03
  -2.7947872e-02
  -7.7851638e-02
   7.0557863e-02
  -2.0476396e-01
  -2.9953834e-01
   4.7791676e-02
  -7.3981237e-01
  -4.9090952e-01
  -2.2575853e-02
   3.5539904e-01
   7.2748956e-01
   1.0683434e+00
   1.2686250e+00
   1.3488975e+00
   1.2108441e+00
   8.6742228e-01
   2.4952184e-01
  -2.3173367e-01
   3.2962388e-01
  -2.6591748e-01
  -4.4321180e-01
  -3.1603354e-01
  -4.9725094e-02
   2.7071956e-01
   4.1923845e-01
   8.2723101e-01
   7.4471852e-01
   3.7707427e-01
   3.2681273e-01
   1.9795031e-01
   7.9944223e-02
  -7.7127796e-03
  -7.8902429e-02
  -4.7496367e-02
  -5.7956495e-02
  -1.2283205e-02
  -1.7214309e-01
  -8.4283118e-02
  -7.7309912e-02
  -3.1758176e-01
  -6.4586437e-01
  -3.9142910e-01
  -7.9699372e-01
  -1.1553456e+00
  -7.5727415e-01
  -3.5622310e-01
   1.3002686e-01
   5.0727940e-01
   8.1368177e-01
   9.9544132e-01
   9.7287095e-01
   8.2586818e-01
   4.7239742e-01
   4.6633151e-01
   3.4440370e-01
  -2.8044015e-01
  -3.9058825e-01
  -4.1512042e-01
  -2.4149340e-01
   2.2511967e-01
  -2.6075830e-01
   1.2460770e-01
   4.3331861e-01
   6.0542188e-01
   2.7401283e-01
   7.6385252e-02
   9.3315041e-02
   2.6496939e-02
  -1.5440032e-01
  -7.7877288e-02
   3.8068704e-03
   6.8534333e-03
  -9.3462994e-02
   2.7084386e-01
  -6.2962882e-02
   1.6037656e-01
  -2.6467431e-01
  -4.8206118e-01
  -1.7048846e+00
  -1.5062904e+00
  -9.6109837e-01
  -1.3245426e+00
  -7.5138986e-01
  -3.7367791e-01
  -3.3319943e-02
   2.5726342e-01
   4.3599209e-01
   6.7868149e-01
   5.1492119e-01
   5.8945680e-01
   1.4072119e-01
  -2.6078987e-01
  -3.8213089e-01
  -5.6733882e-01
  -1.8992358e-01
   1.2538689e-01
  -8.2345164e-01
   6.7876317e-02
  -4.5781079e-01
   1.6660254e-01
   7.2580457e-02
   4.2078868e-01
  -1.0557357e-01
  -1.1456285e-01
  -1.7339197e-01
  -1.0950597e-01
  -1.4130968e-01
  -3.7136652e-02
  -1.0031126e-01
   3.5908073e-02
  -8.5436255e-02
  -2.0007468e-01
  -2.5902402e-02
   2.4822609e-02
  -1.5420706e-01
  -7.6315826e-01
  -7.8238237e-01
  -7.5019917e-01
  -1.2859553e+00
  -1.5709475e+00
  -1.0939078e+00
  -4.0189913e-01
  -1.9773166e-01
   4.0491189e-02
   4.7462288e-01
   2.5358570e-01
  -1.3193521e-01
  -2.1265723e-02
  -3.9793095e-01
  -5.9380369e-01
  -5.6588203e-01
  -8.1270091e-02
  -6.1845224e-01
  -9.2545979e-02
   6.1092377e-01
  -1.9022606e-01
  -1.0045494e+00
   2.5988391e-01
   3.5682176e-01
  -9.4092013e-03
  -1.3317193e-01
  -4.2569665e-03
  -1.0378184e-01
  -1.9935805e-01
   2.2030025e-01
   2.5561079e-01
   1.2122639e-02
  -5.0996404e-02
   4.8696518e-02
   4.9479259e-03
  -1.3071239e-01
  -3.0271849e-01
  -8.1716478e-02
  -1.1552584e-01
  -4.5936546e-01
  -8.5726488e-01
  -6.6741335e-01
  -2.5294125e-01
  -2.1626538e-01
  -1.2723286e-01
   7.2520738e-03
  -7.7506013e-02
  -8.7855905e-02
  -1.1775728e-01
  -3.5688055e-01
  -5.5712754e-01
  -4.3994480e-01
  -3.6758122e-01
  -5.2304882e-01
  -2.2288956e-01
  -1.2617718e-01
   1.5022360e-01
   5.5494808e-02
  -3.0173315e-02
   2.3500310e-01
   2.2058794e-01
   2.2584443e-01
   2.2777903e-03
  -6.6940323e-02
  -1.0459585e-02
   1.6219124e-01
   2.2246745e-01
  -9.8199742e-03
