   0.0000000e+00
   1.2015203e-02
   0.0000000e+00
   3.9370418e-03
   1.3931584e-03
   0.0000000e+00
   0.0000000e+00
   1.3197140e-02
   9.8604175e-03
   1.0298476e-02
   8.0546205e-03
   0.0000000e+00
   0.0000000e+00
   0.0000000e+00
   1.1504620e-02
   1.0514043e-02
   1.0193949e-02
   1.2382272e-02
   0.0000000e+00
   3.4466835e-03
   2.7234930e-03
   5.5981466e-03
   6.3751216e-03
   2.6501972e-03
   0.0000000e+00
   0.0000000e+00
   0.0000000e+00
   0.0000000e+00
   0.0000000e+00
   0.0000000e+00
   0.0000000e+00
   0.0000000e+00
   0.0000000e+00
   0.0000000e+00
   0.0000000e+00
   0.0000000e+00
   1.0840861e-02
   5.5787490e-03
   5.8433715e-03
   9.7765684e-03
   8.7678833e-03
   1.0377782e-02
   1.5115024e-02
   1.3018078e-02
   7.1536656e-03
   6.0619097e-03
   5.4425588e-03
   3.7035528e-03
   6.6515224e-03
   9.6181174e-03
   1.2581978e-02
   8.8813044e-03
   6.8448415e-03
  -4.9394481e-05
  -4.8442605e-03
   3.7146839e-03
   1.1762889e-03
   3.1329801e-03
   6.8752361e-03
   4.4600307e-03
  -2.2554249e-04
  -2.4371535e-03
  -6.1131446e-03
  -7.9184315e-03
  -9.9163270e-03
  -8.6940642e-03
  -0.0000000e+00
   1.1008021e-02
   9.6284565e-03
   7.9418704e-03
   4.0541329e-03
   0.0000000e+00
  -2.7724724e-03
  -6.4022994e-04
   4.9444144e-03
   7.4158817e-03
   8.5485389e-03
   1.4117591e-02
   1.3753893e-02
   5.5979672e-03
   2.5212218e-04
  -5.6171504e-04
   1.1660156e-03
   3.4922534e-03
   5.1526291e-03
   6.4985352e-03
   6.6075097e-03
   5.4234916e-03
   2.4915708e-03
  -2.2711055e-03
  -7.1954931e-03
  -8.4731803e-03
  -5.8980244e-03
   7.3751548e-04
   5.6335158e-03
   5.8601405e-03
   2.2798960e-03
  -2.3407382e-03
  -7.6488126e-03
  -1.0526477e-02
  -1.1106555e-02
  -7.4876910e-03
  -4.2534005e-04
   7.0802741e-03
   1.0332085e-02
   9.5437586e-03
   6.3534426e-03
   2.5496936e-03
   0.0000000e+00
  -0.0000000e+00
   0.0000000e+00
   0.0000000e+00
   0.0000000e+00
   2.0719430e-02
   7.0343000e-03
  -3.1569507e-03
  -7.9576300e-03
  -3.4226457e-03
  -3.6808541e-03
  -2.9536912e-03
  -1.2492597e-03
  -1.9577122e-03
  -2.9157798e-03
  -3.5561875e-03
  -5.9137996e-03
  -9.0939039e-03
  -1.5990833e-02
  -0.0000000e+00
  -3.8061126e-03
   7.2278772e-04
   4.9582794e-03
   4.2086262e-03
  -1.0370931e-03
  -8.6102635e-03
  -1.5820954e-02
  -1.8562482e-02
  -1.6931426e-02
  -9.7081605e-03
  -1.2215007e-03
   4.7058342e-03
   6.4398651e-03
   4.5714676e-03
   1.0131670e-03
  -9.9567063e-03
   0.0000000e+00
   0.0000000e+00
   0.0000000e+00
   0.0000000e+00
   0.0000000e+00
   1.0508211e-02
   2.9105262e-04
  -1.1190195e-02
  -1.6602640e-02
  -1.4275568e-02
  -1.3217650e-02
  -1.2037401e-02
  -1.0196792e-02
  -1.2298029e-02
  -1.2355694e-02
  -1.1789639e-02
  -1.2885348e-02
  -1.5544200e-02
  -2.2716410e-02
  -0.0000000e+00
  -2.0218836e-03
  -3.0418555e-03
   1.7880530e-03
  -2.7654920e-04
  -7.8870123e-03
  -1.7373104e-02
  -2.5032114e-02
  -2.5142871e-02
  -1.8780233e-02
  -1.0064006e-02
  -2.0462677e-03
   1.9156241e-03
   4.9946352e-04
  -4.2184973e-03
  -9.9532362e-03
  -1.9338734e-02
   0.0000000e+00
   0.0000000e+00
   0.0000000e+00
   0.0000000e+00
   0.0000000e+00
   8.6073329e-03
  -5.1950694e-03
  -1.5722467e-02
  -1.6913766e-02
  -1.6649285e-02
  -1.8247118e-02
  -1.6907111e-02
  -1.6139442e-02
  -1.6660925e-02
  -1.5146103e-02
  -1.4418400e-02
  -1.4991167e-02
  -1.6696414e-02
  -1.7697548e-02
  -0.0000000e+00
  -0.0000000e+00
  -4.6894205e-03
  -1.1672941e-03
  -5.4701015e-03
  -1.4129620e-02
  -2.2768607e-02
  -2.7548690e-02
  -2.2851111e-02
  -1.3264793e-02
  -6.1822368e-03
  -8.1801312e-05
   5.7027319e-04
  -4.1873706e-03
  -1.0681592e-02
  -1.5251285e-02
  -1.6122526e-02
   3.5661391e-03
   0.0000000e+00
   0.0000000e+00
   0.0000000e+00
   3.1921719e-03
   3.9415164e-03
  -1.1449910e-02
  -1.8625490e-02
  -1.8730069e-02
  -1.8291082e-02
  -1.8298473e-02
  -1.7120939e-02
  -1.6051946e-02
  -1.4822928e-02
  -1.3347259e-02
  -1.3079280e-02
  -1.3711318e-02
  -1.3138482e-02
  -6.0938429e-03
   0.0000000e+00
   0.0000000e+00
  -6.7194922e-03
  -3.9253128e-03
  -9.9876039e-03
  -1.6670302e-02
  -1.9672666e-02
  -1.6576672e-02
  -0.0000000e+00
  -4.6158439e-03
  -1.2559227e-03
   5.4696263e-03
   2.6406276e-03
  -5.8372356e-03
  -1.2545086e-02
  -1.4770514e-02
  -7.9488240e-03
   7.1800939e-03
   9.4409138e-03
  -4.2863973e-03
  -0.0000000e+00
   2.5924230e-03
  -3.2062358e-03
  -1.5532927e-02
  -1.8527705e-02
  -1.6901480e-02
  -1.4751775e-02
  -1.3175836e-02
  -1.2524902e-02
  -1.1189748e-02
  -1.0343446e-02
  -9.6309362e-03
  -9.6883595e-03
  -9.5959958e-03
  -6.2634735e-03
   8.1432527e-03
   2.6795094e-02
   0.0000000e+00
  -0.0000000e+00
  -8.3980551e-03
  -1.3304058e-02
  -1.2870912e-02
  -4.6853847e-03
   8.6522591e-03
   0.0000000e+00
  -0.0000000e+00
   3.4492770e-03
   1.1759800e-02
   3.8984972e-03
  -5.9405318e-03
  -1.0623989e-02
  -1.0374678e-02
  -2.3368089e-03
   1.0532527e-02
   1.3186131e-02
   6.9183597e-03
   0.0000000e+00
   4.8816740e-04
  -7.4318028e-03
  -1.2797910e-02
  -1.2415928e-02
  -1.0290548e-02
  -7.6894495e-03
  -6.5926621e-03
  -6.7594647e-03
  -6.0800933e-03
  -5.7864371e-03
  -5.5012563e-03
  -5.6021144e-03
  -4.5061335e-03
   1.1119850e-03
   2.0372735e-02
   4.1219303e-02
   0.0000000e+00
  -0.0000000e+00
  -1.6126677e-02
  -1.5987163e-02
  -5.5412152e-03
   1.5861610e-02
   0.0000000e+00
   0.0000000e+00
  -0.0000000e+00
   6.1581657e-03
   8.3990641e-03
  -1.0609453e-03
  -6.0475883e-03
  -6.6348114e-03
  -3.8687335e-03
   3.0879590e-03
   1.4336001e-02
   1.6328186e-02
   1.6045100e-02
   0.0000000e+00
   3.6754610e-04
  -3.6142382e-03
  -4.7811447e-03
  -3.9633596e-03
  -2.6373863e-03
  -8.9578633e-04
  -7.9916004e-04
  -1.5788206e-03
  -1.6192405e-03
  -1.6212177e-03
  -1.7966112e-03
  -1.6881975e-03
   3.1759904e-04
   8.1804637e-03
   3.1415619e-02
   5.4781520e-02
   0.0000000e+00
   0.0000000e+00
  -1.9711380e-02
  -1.9303091e-02
   3.0500700e-03
   3.6217365e-02
   0.0000000e+00
   0.0000000e+00
   0.0000000e+00
   0.0000000e+00
   1.7443912e-03
  -2.3632941e-03
  -2.3185129e-03
  -3.8985247e-04
   3.3364932e-03
   9.1371825e-03
   1.8901391e-02
   2.0758355e-02
   2.0612915e-02
   1.0198098e-02
   4.5118824e-03
   2.7856205e-03
   1.7783509e-03
   2.1008253e-03
   2.8472024e-03
   3.8421727e-03
   3.0436623e-03
   1.7662566e-03
   1.1557282e-03
   9.1987953e-04
   5.3061673e-04
   1.3240986e-03
   4.7380598e-03
   1.5255243e-02
   3.9495966e-02
   5.4065580e-02
   0.0000000e+00
   0.0000000e+00
  -0.0000000e+00
  -2.0273836e-02
   1.1577778e-02
   4.7748517e-02
   0.0000000e+00
   0.0000000e+00
   0.0000000e+00
   0.0000000e+00
   8.1311970e-04
   7.8612519e-04
   2.8958400e-03
   5.8457989e-03
   9.8957382e-03
   1.5075109e-02
   2.4384184e-02
   2.6328472e-02
   2.4731761e-02
   1.4908114e-02
   7.8698155e-03
   6.2474431e-03
   5.3221406e-03
   5.8435751e-03
   6.5080272e-03
   6.4470912e-03
   4.6266029e-03
   2.9384359e-03
   1.9316719e-03
   1.6622894e-03
   1.9486970e-03
   4.4503473e-03
   1.0297826e-02
   2.3887984e-02
   4.5360472e-02
   4.2704731e-02
   0.0000000e+00
   0.0000000e+00
   0.0000000e+00
  -1.1958370e-02
   2.0003377e-02
   5.1085141e-02
   0.0000000e+00
   0.0000000e+00
   0.0000000e+00
  -2.9506937e-03
   5.5340785e-03
   6.1917505e-03
   7.8952005e-03
   1.1608677e-02
   1.6417282e-02
   2.1385014e-02
   2.8222384e-02
   2.9325789e-02
   2.5110560e-02
   1.4772178e-02
   8.3666015e-03
   6.3533513e-03
   6.3594254e-03
   7.1844650e-03
   7.1801241e-03
   5.5991728e-03
   3.1654984e-03
   1.3864172e-03
   7.1624888e-04
   1.2721404e-03
   3.4593369e-03
   8.2239294e-03
   1.6851572e-02
   3.2750506e-02
   4.9391288e-02
   0.0000000e+00
   0.0000000e+00
   0.0000000e+00
   0.0000000e+00
   3.9839897e-03
   2.6772026e-02
   5.1099718e-02
   0.0000000e+00
   0.0000000e+00
   0.0000000e+00
   3.1399824e-03
   1.1089308e-02
   1.1660552e-02
   1.2022174e-02
   1.5956804e-02
   2.1412469e-02
   2.6112832e-02
   2.8934341e-02
   2.7329985e-02
   2.0868350e-02
   1.1665204e-02
   5.7174182e-03
   4.7209808e-03
   5.4553431e-03
   6.0199969e-03
   4.8556002e-03
   2.4136526e-03
   4.3575879e-04
  -4.1374241e-04
   3.5054254e-04
   2.6389144e-03
   7.2499332e-03
   1.4244083e-02
   2.4838081e-02
   4.0473789e-02
   5.5279682e-02
   0.0000000e+00
   0.0000000e+00
   0.0000000e+00
   0.0000000e+00
   1.6426465e-02
   3.3239942e-02
   4.8702218e-02
   0.0000000e+00
   0.0000000e+00
   0.0000000e+00
   1.3525830e-02
   1.6255409e-02
   1.7107539e-02
   1.5862375e-02
   1.9757057e-02
   2.5430800e-02
   2.8868150e-02
   2.5160298e-02
   2.0889420e-02
   1.3850636e-02
   6.1928369e-03
   1.5744092e-03
   1.9028771e-03
   2.6350426e-03
   2.9932749e-03
   2.0830045e-03
   7.5875240e-04
   5.7836162e-04
   1.8166645e-03
   4.1758721e-03
   7.7013848e-03
   1.3098224e-02
   2.0201603e-02
   2.9160617e-02
   4.0104896e-02
   4.5261749e-02
   0.0000000e+00
   0.0000000e+00
   0.0000000e+00
   0.0000000e+00
   2.4916109e-02
   3.5806425e-02
   4.2806953e-02
   0.0000000e+00
   0.0000000e+00
   0.0000000e+00
   2.1988529e-02
   1.7278653e-02
   1.9013297e-02
   1.6532190e-02
   2.1440513e-02
   2.6126161e-02
   2.7371166e-02
   1.7755432e-02
   1.2819067e-02
   6.5268027e-03
   8.9129154e-04
  -2.2867222e-03
  -1.8284717e-03
  -1.4791200e-03
  -1.0677883e-03
  -9.1457582e-04
  -4.3958402e-04
   1.4441045e-03
   4.8156842e-03
   8.7916814e-03
   1.3103656e-02
   1.8094392e-02
   2.3672150e-02
   2.8809724e-02
   3.1458721e-02
   3.0708241e-02
   0.0000000e+00
   0.0000000e+00
   0.0000000e+00
   0.0000000e+00
   0.0000000e+00
   3.4994215e-02
   3.5949286e-02
   0.0000000e+00
   0.0000000e+00
   0.0000000e+00
   2.6743957e-02
   1.3183288e-02
   2.1259829e-02
   0.0000000e+00
   2.0804966e-02
   2.2675129e-02
   2.1525985e-02
   9.8177828e-03
   5.5362871e-03
   7.2630856e-04
  -2.8006476e-03
  -5.7213847e-03
  -6.0977172e-03
  -6.9136019e-03
  -7.3465193e-03
  -7.3729195e-03
  -6.3295276e-03
  -3.4355666e-03
   1.3076689e-03
   6.3183317e-03
   1.0853174e-02
   1.4907542e-02
   1.8216753e-02
   2.0178057e-02
   1.8248444e-02
   1.3805524e-02
   0.0000000e+00
   0.0000000e+00
   0.0000000e+00
   0.0000000e+00
   3.5702213e-02
   3.1951960e-02
   2.8584789e-02
   0.0000000e+00
   0.0000000e+00
   0.0000000e+00
   0.0000000e+00
   7.2101109e-03
   1.8277017e-02
   0.0000000e+00
   1.7318958e-02
   1.5937746e-02
   1.2863266e-02
   6.2643385e-03
   2.4509142e-03
  -2.8061811e-03
  -4.2674935e-03
  -7.8714499e-03
  -8.6201997e-03
  -9.9765879e-03
  -1.1075510e-02
  -1.1748578e-02
  -1.1245505e-02
  -8.9679724e-03
  -4.9758498e-03
  -8.9894683e-04
   1.9494228e-03
   3.1901549e-03
   3.1994718e-03
   2.2767836e-03
   4.0902407e-04
  -1.7997289e-03
   0.0000000e+00
   0.0000000e+00
   0.0000000e+00
  -4.8554227e-03
   2.5075546e-02
   2.3933136e-02
   2.0756366e-02
   0.0000000e+00
   0.0000000e+00
   0.0000000e+00
   0.0000000e+00
   2.0095403e-03
   8.5268011e-03
   0.0000000e+00
   0.0000000e+00
   1.2127362e-02
   5.6604305e-03
  -0.0000000e+00
   1.1767325e-03
  -3.1269491e-03
  -1.2480547e-03
  -3.9341324e-03
  -3.3344713e-03
  -2.8778079e-03
  -2.2670589e-03
  -1.5644141e-03
  -5.3014432e-04
   1.1565526e-03
   3.5236327e-03
   5.6463657e-03
   6.1246874e-03
   3.6594330e-03
  -5.8074325e-04
  -5.6968974e-03
  -1.1739753e-02
  -1.1962724e-02
   0.0000000e+00
   0.0000000e+00
  -0.0000000e+00
  -5.9312039e-03
   1.8666640e-02
   0.0000000e+00
   0.0000000e+00
   0.0000000e+00
   0.0000000e+00
   0.0000000e+00
   0.0000000e+00
   2.0175618e-03
   1.8029565e-03
   0.0000000e+00
   0.0000000e+00
   1.4909347e-02
   4.2275498e-03
   0.0000000e+00
   0.0000000e+00
  -3.2474081e-03
  -3.1590603e-04
  -8.7995778e-04
   5.9259568e-04
   2.8092542e-03
   4.9123453e-03
   6.6381715e-03
   8.0539170e-03
   9.6096287e-03
   1.1648479e-02
   1.3235338e-02
   1.2433325e-02
   6.8188877e-03
  -1.6248552e-03
  -1.0162953e-02
  -1.9434875e-02
  -2.1260770e-02
   0.0000000e+00
   0.0000000e+00
  -2.3475697e-02
  -1.1324373e-02
   8.5117781e-03
   0.0000000e+00
   0.0000000e+00
   0.0000000e+00
   0.0000000e+00
   0.0000000e+00
   0.0000000e+00
   0.0000000e+00
  -2.9642781e-03
   0.0000000e+00
   0.0000000e+00
   0.0000000e+00
   0.0000000e+00
  -0.0000000e+00
  -0.0000000e+00
  -8.1767663e-03
  -1.0142320e-02
  -1.0335066e-02
  -7.7048335e-03
  -5.5043334e-03
  -3.5398440e-03
  -2.5788986e-03
  -2.8055478e-03
  -3.4137066e-03
  -3.5753078e-03
  -2.8617468e-03
  -1.7476599e-03
  -1.8472407e-03
  -4.9597248e-03
  -1.1191738e-02
  -2.2188166e-02
  -3.0183645e-02
  -0.0000000e+00
   0.0000000e+00
  -2.7636003e-02
  -2.3493495e-02
  -7.6001758e-03
   0.0000000e+00
   0.0000000e+00
   0.0000000e+00
   0.0000000e+00
   0.0000000e+00
   0.0000000e+00
  -0.0000000e+00
  -7.1542302e-03
   0.0000000e+00
   0.0000000e+00
   0.0000000e+00
   0.0000000e+00
  -0.0000000e+00
  -1.7271984e-02
  -1.2403572e-02
  -1.6062276e-02
  -1.8122459e-02
  -1.9349307e-02
  -1.7919848e-02
  -1.5900960e-02
  -1.4558386e-02
  -1.5330381e-02
  -1.7772157e-02
  -2.0769473e-02
  -2.2409337e-02
  -2.0887088e-02
  -1.4192755e-02
  -6.5322774e-03
  -5.0138882e-03
  -1.4492758e-02
  -2.5601560e-02
  -2.1176108e-02
  -1.4931412e-02
  -2.8931376e-02
  -3.4406736e-02
  -2.5590445e-02
   0.0000000e+00
   0.0000000e+00
   0.0000000e+00
   0.0000000e+00
   0.0000000e+00
   0.0000000e+00
   0.0000000e+00
  -9.2440285e-03
   0.0000000e+00
   0.0000000e+00
   0.0000000e+00
   0.0000000e+00
   0.0000000e+00
  -1.0133972e-02
  -1.3928629e-02
  -1.8447882e-02
  -2.2076877e-02
  -2.4748322e-02
  -2.4406735e-02
  -2.2627836e-02
  -2.0915203e-02
  -2.1094669e-02
  -2.4157731e-02
  -2.9132133e-02
  -3.3124965e-02
  -3.3652108e-02
  -2.7387030e-02
  -1.4549230e-02
  -2.7527581e-03
  -0.0000000e+00
  -1.5838308e-02
  -1.0405717e-02
  -1.2645194e-02
  -2.6150176e-02
  -4.0237945e-02
  -4.5598502e-02
   0.0000000e+00
   0.0000000e+00
   0.0000000e+00
   0.0000000e+00
   0.0000000e+00
   0.0000000e+00
  -0.0000000e+00
  -1.3974688e-02
   0.0000000e+00
   0.0000000e+00
   0.0000000e+00
   0.0000000e+00
   0.0000000e+00
  -4.4506851e-03
  -1.2086122e-02
  -1.6859684e-02
  -2.0832419e-02
  -2.4479749e-02
  -2.5695945e-02
  -2.4520596e-02
  -2.2686251e-02
  -2.1663093e-02
  -2.3468062e-02
  -2.8172687e-02
  -3.3116516e-02
  -3.6094069e-02
  -3.3861339e-02
  -2.2855177e-02
  -7.7413956e-03
   0.0000000e+00
  -6.5283569e-03
  -4.1426406e-03
  -8.3516203e-03
  -2.0708469e-02
  -4.0719867e-02
  -6.3737894e-02
   0.0000000e+00
   0.0000000e+00
   0.0000000e+00
   0.0000000e+00
   0.0000000e+00
   0.0000000e+00
  -3.3124301e-02
  -2.0265999e-02
   0.0000000e+00
   0.0000000e+00
   0.0000000e+00
   0.0000000e+00
   0.0000000e+00
   1.2764518e-03
  -6.8435152e-03
  -1.2564070e-02
  -1.6801599e-02
  -2.1084964e-02
  -2.3381630e-02
  -2.3009177e-02
  -2.0543801e-02
  -1.7683743e-02
  -1.6628318e-02
  -1.9240974e-02
  -2.3933012e-02
  -2.8878925e-02
  -3.1631708e-02
  -2.6104862e-02
  -1.0790782e-02
   0.0000000e+00
  -6.6439528e-04
   8.1611215e-06
  -3.6511559e-03
  -1.3152622e-02
  -3.2084487e-02
  -6.2590768e-02
   0.0000000e+00
   0.0000000e+00
   0.0000000e+00
   0.0000000e+00
   0.0000000e+00
   0.0000000e+00
  -3.8425144e-02
  -3.4773781e-02
   0.0000000e+00
   0.0000000e+00
   0.0000000e+00
   0.0000000e+00
   0.0000000e+00
   0.0000000e+00
  -5.8300956e-04
  -6.9562565e-03
  -1.1523088e-02
  -1.5907757e-02
  -1.8532597e-02
  -1.9037802e-02
  -1.6983388e-02
  -1.3707800e-02
  -1.0756060e-02
  -1.1260274e-02
  -1.5453439e-02
  -2.1588750e-02
  -2.8174981e-02
  -2.7886892e-02
  -0.0000000e+00
   1.9256196e-02
   5.1483978e-03
   2.4943356e-03
  -9.0367175e-05
  -7.2465362e-03
  -2.2515906e-02
  -5.3339071e-02
  -0.0000000e+00
   0.0000000e+00
   0.0000000e+00
   0.0000000e+00
   0.0000000e+00
  -0.0000000e+00
  -0.0000000e+00
  -0.0000000e+00
   0.0000000e+00
   0.0000000e+00
   0.0000000e+00
   0.0000000e+00
   0.0000000e+00
   0.0000000e+00
   9.9421057e-03
   2.0021268e-03
  -3.4892581e-03
  -7.9560103e-03
  -1.0549623e-02
  -1.1200640e-02
  -9.8576413e-03
  -7.7452553e-03
  -5.3146140e-03
  -4.9500147e-03
  -9.0626765e-03
  -1.6632279e-02
  -2.7208228e-02
  -3.1133376e-02
  -0.0000000e+00
   2.5577140e-02
   8.3737197e-03
   6.1382445e-03
   5.3678279e-03
  -9.3558012e-04
  -1.1919356e-02
  -3.8444019e-02
  -5.6737275e-02
   0.0000000e+00
   0.0000000e+00
  -0.0000000e+00
  -0.0000000e+00
  -0.0000000e+00
  -0.0000000e+00
  -0.0000000e+00
   0.0000000e+00
   0.0000000e+00
   0.0000000e+00
   0.0000000e+00
   0.0000000e+00
   0.0000000e+00
   1.5656458e-02
   9.7724125e-03
   4.1446849e-03
  -1.0864565e-04
  -2.4813209e-03
  -2.2789990e-03
  -9.8072691e-05
   1.5414173e-03
   2.4280292e-03
   1.5045262e-03
  -3.5987026e-03
  -1.3243244e-02
  -2.8250672e-02
  -3.1191701e-02
   0.0000000e+00
   0.0000000e+00
   0.0000000e+00
   1.5150096e-02
   1.3164104e-02
   6.1359694e-03
  -2.4790608e-03
  -2.2568408e-02
  -3.8798430e-02
   0.0000000e+00
   0.0000000e+00
  -0.0000000e+00
  -0.0000000e+00
   0.0000000e+00
  -0.0000000e+00
   0.0000000e+00
   0.0000000e+00
   0.0000000e+00
   0.0000000e+00
   0.0000000e+00
   0.0000000e+00
   0.0000000e+00
   9.5401996e-03
   7.1871458e-03
   5.7658078e-03
   4.5733340e-03
   3.9215167e-03
   5.7143113e-03
   9.9235633e-03
   1.2942848e-02
   1.3229557e-02
   1.0206028e-02
   3.2274155e-03
  -9.6925022e-03
  -2.9062340e-02
  -0.0000000e+00
   0.0000000e+00
   0.0000000e+00
   0.0000000e+00
   0.0000000e+00
   1.8595295e-02
   1.3907648e-02
   7.0412867e-03
  -8.3885705e-03
  -2.4959615e-02
   0.0000000e+00
  -0.0000000e+00
  -0.0000000e+00
   0.0000000e+00
   0.0000000e+00
   0.0000000e+00
   0.0000000e+00
   0.0000000e+00
   0.0000000e+00
   0.0000000e+00
   0.0000000e+00
   0.0000000e+00
   0.0000000e+00
  -0.0000000e+00
  -8.2575636e-04
   3.9457469e-03
   7.2208201e-03
   9.0219805e-03
   1.2734950e-02
   1.7881589e-02
   2.2318949e-02
   2.2931371e-02
   1.8996889e-02
   1.0293838e-02
  -5.6445580e-03
  -2.8790109e-02
  -0.0000000e+00
   0.0000000e+00
   0.0000000e+00
   0.0000000e+00
   0.0000000e+00
   1.7947841e-02
   1.8517917e-02
   1.5334900e-02
   3.8158991e-03
  -1.2220918e-02
   0.0000000e+00
   0.0000000e+00
   0.0000000e+00
   0.0000000e+00
   0.0000000e+00
   0.0000000e+00
   0.0000000e+00
   0.0000000e+00
   0.0000000e+00
   0.0000000e+00
   0.0000000e+00
   0.0000000e+00
   0.0000000e+00
  -0.0000000e+00
  -6.4527760e-03
   7.2394928e-04
   7.5755622e-03
   1.1871559e-02
   1.7239483e-02
   2.2488223e-02
   2.6812704e-02
   2.8164867e-02
   2.4424288e-02
   1.5847551e-02
  -1.1066021e-04
  -2.6511392e-02
  -0.0000000e+00
   0.0000000e+00
   0.0000000e+00
   0.0000000e+00
   0.0000000e+00
   0.0000000e+00
   1.8473392e-02
   1.9104481e-02
   1.3415809e-02
   3.4932823e-03
   0.0000000e+00
   0.0000000e+00
   0.0000000e+00
   0.0000000e+00
   0.0000000e+00
   0.0000000e+00
   0.0000000e+00
   0.0000000e+00
   0.0000000e+00
   0.0000000e+00
   0.0000000e+00
   0.0000000e+00
   0.0000000e+00
   0.0000000e+00
  -2.1039350e-02
  -6.5044998e-03
   2.5880218e-03
   9.1487186e-03
   1.4866823e-02
   2.0903867e-02
   2.4738676e-02
   2.6913499e-02
   2.4273271e-02
   1.7320178e-02
   5.0457073e-03
  -7.7011834e-03
   0.0000000e+00
   0.0000000e+00
   0.0000000e+00
   0.0000000e+00
   0.0000000e+00
   0.0000000e+00
   0.0000000e+00
   1.4669358e-02
   1.5818292e-02
   1.0518538e-02
   0.0000000e+00
   0.0000000e+00
   0.0000000e+00
   0.0000000e+00
   0.0000000e+00
   0.0000000e+00
   0.0000000e+00
   0.0000000e+00
   0.0000000e+00
   0.0000000e+00
   0.0000000e+00
   0.0000000e+00
   0.0000000e+00
   0.0000000e+00
  -0.0000000e+00
  -1.8950079e-02
  -8.2673430e-03
  -1.0429550e-04
   6.1107108e-03
   1.2281569e-02
   1.6957400e-02
   1.9911607e-02
   1.9108852e-02
   1.4929995e-02
   7.8113745e-03
   5.0148900e-03
   0.0000000e+00
   0.0000000e+00
   0.0000000e+00
   0.0000000e+00
   0.0000000e+00
   0.0000000e+00
  -0.0000000e+00
   3.4639577e-03
   1.2029092e-02
   1.4484153e-02
   2.4217226e-03
   0.0000000e+00
   0.0000000e+00
   0.0000000e+00
   0.0000000e+00
   0.0000000e+00
   0.0000000e+00
   0.0000000e+00
   0.0000000e+00
   0.0000000e+00
   0.0000000e+00
   0.0000000e+00
   0.0000000e+00
   0.0000000e+00
  -0.0000000e+00
  -2.7025795e-02
  -1.7414524e-02
  -1.6039064e-02
  -9.1003012e-03
  -3.6512588e-03
   2.9071175e-03
   7.8288242e-03
   9.0794051e-03
   1.0014720e-02
   9.4768755e-03
   0.0000000e+00
   0.0000000e+00
   0.0000000e+00
   0.0000000e+00
   0.0000000e+00
   0.0000000e+00
   0.0000000e+00
  -0.0000000e+00
  -0.0000000e+00
   0.0000000e+00
   1.2347953e-02
   7.1355281e-03
   0.0000000e+00
   0.0000000e+00
   0.0000000e+00
   0.0000000e+00
   0.0000000e+00
   0.0000000e+00
   0.0000000e+00
   0.0000000e+00
   0.0000000e+00
   0.0000000e+00
   0.0000000e+00
   0.0000000e+00
   0.0000000e+00
  -0.0000000e+00
  -0.0000000e+00
  -0.0000000e+00
  -0.0000000e+00
  -0.0000000e+00
  -2.5965037e-02
  -1.8185598e-02
  -0.0000000e+00
   0.0000000e+00
   0.0000000e+00
   0.0000000e+00
   0.0000000e+00
   0.0000000e+00
   0.0000000e+00
   0.0000000e+00
   0.0000000e+00
   0.0000000e+00
   0.0000000e+00
  -0.0000000e+00
  -0.0000000e+00
   0.0000000e+00
   0.0000000e+00
  -6.8835954e-03
   8.0922910e-03
   0.0000000e+00
   0.0000000e+00
   0.0000000e+00
   0.0000000e+00
   0.0000000e+00
   0.0000000e+00
   0.0000000e+00
   0.0000000e+00
   0.0000000e+00
   0.0000000e+00
   0.0000000e+00
   0.0000000e+00
   0.0000000e+00
   0.0000000e+00
   0.0000000e+00
   0.0000000e+00
   0.0000000e+00
  -0.0000000e+00
  -2.9920010e-02
   0.0000000e+00
   0.0000000e+00
  -0.0000000e+00
  -0.0000000e+00
   0.0000000e+00
   0.0000000e+00
   0.0000000e+00
   0.0000000e+00
   0.0000000e+00
   0.0000000e+00
   0.0000000e+00
  -0.0000000e+00
  -0.0000000e+00
   0.0000000e+00
   0.0000000e+00
  -0.0000000e+00
  -2.7165863e-03
   5.9550720e-03
   4.3519550e-03
   5.6916182e-03
   3.8336910e-03
   1.9140064e-03
   4.9295555e-03
   0.0000000e+00
   0.0000000e+00
   0.0000000e+00
