  3.746919e-01
  3.201614e-01
  3.059485e-01
  2.993007e-01
  2.940008e-01
  2.815288e-01
  2.723467e-01
  2.611039e-01
  2.471948e-01
  2.352827e-01
  2.328916e-01
  2.331437e-01
  2.262949e-01
  2.306818e-01
  2.399822e-01
  2.523876e-01
  2.481479e-01
  2.242763e-01
  2.194365e-01
  2.362896e-01
  2.398062e-01
  2.345083e-01
  2.285950e-01
  2.218195e-01
  2.188140e-01
  2.203954e-01
  2.216145e-01
  2.272491e-01
  2.414930e-01
  2.588791e-01
  2.808577e-01
  3.055812e-01
  3.222961e-01
  3.289416e-01
  3.378749e-01
  3.290040e-01
