    139.76    201.74    190.85    145.74     83.82    173.53    311.70    253.04         0         0         0         0         0         0         0         0    212.47    247.00    148.30    177.03    225.66    246.73    375.29    356.22    482.08    545.86         0         0         0         0         0         0         0     93.51    185.57    219.06
    392.82    360.53    578.14    972.74    606.34    454.10    316.12    279.35         0         0         0    236.03    469.16    856.49    857.90    332.52    296.27    312.80    144.88    188.27    193.48    412.53    395.65    639.53   1316.77         0         0    377.47    221.35     87.65    153.77    134.07     58.39    150.03    566.02    474.66
    802.01    841.13    717.71    482.45         0         0         0         0         0         0         0         0         0         0    778.87    570.50    256.71    263.18    104.46     95.18    248.55    228.33    649.14    817.93         0         0    528.64    200.99    147.39    171.48    215.36    190.76    121.20    163.87    328.29    491.37
   1046.89    679.35    526.09    326.73         0         0         0         0         0         0         0         0         0         0         0    846.56    379.79    269.34    329.14    309.13    455.09    392.20         0         0         0         0     98.13    115.41    196.55    202.82    215.78    331.99    223.46    282.85   1079.59   1196.90
   1223.14    573.57    306.37         0         0         0         0         0         0         0         0         0         0         0         0   1002.66    699.27    295.35    369.20    372.53    430.60         0         0         0         0     53.69    231.84    255.48    214.76    202.10     90.36    300.99    517.81    785.12   1606.33   1842.48
   1241.40    583.19    307.30         0         0         0         0         0         0         0         0         0         0         0         0   1738.07    926.02    400.40    300.27    368.20    260.73         0         0         0         0    200.31    251.95    187.53    222.69    198.16     58.78    148.75    507.11   1318.23   1154.52   1220.54
   1087.07    141.97    186.20         0         0         0         0         0         0         0         0         0         0         0         0   1195.44    945.48    410.58    256.51    403.02         0         0         0         0         0    731.84    423.32    346.91    279.58    317.09    473.13    182.15    468.85    917.48    925.40   1319.70
    794.68     75.54         0         0         0         0         0         0         0         0         0         0         0         0         0    540.47    849.06    306.69    251.95         0         0         0         0         0         0    760.32    183.12    444.00    259.04    403.95    279.70    159.39    535.07    808.22    775.28   1295.68
    684.71    254.21         0         0         0         0         0         0         0         0         0         0         0         0         0         0    834.03    189.73     96.71         0         0         0         0         0         0         0         0         0         0         0    308.56    108.94    285.51    485.25    580.41    994.42
    576.51    306.73         0         0         0         0         0         0         0         0         0         0         0         0         0         0    745.87         0         0         0         0         0         0         0         0    946.16    345.65         0         0         0         0    161.98    221.58    379.65    454.19    855.14
    955.39    156.42         0         0         0         0         0         0         0         0         0         0         0         0         0         0   1168.12         0         0         0         0         0         0         0         0    565.87    433.85    174.45    268.30    515.17         0    211.50    108.38    321.91    421.27    898.27
    767.76         0         0         0         0         0         0         0         0         0         0         0         0         0         0         0         0    460.90         0         0         0         0         0         0    370.13    435.71    707.28    318.84    253.24    575.98         0         0    546.89    236.99    411.07    931.45
    547.73         0         0         0         0         0         0         0         0         0         0         0         0         0         0         0         0    414.85         0         0         0         0         0         0    361.25    423.55    932.96    516.21    381.72    485.29         0         0    583.15    407.88    681.29    877.22
    293.47         0         0         0         0         0         0         0         0         0         0         0         0         0         0         0         0    260.00         0         0         0         0         0         0    293.22    464.85    664.80    614.99    331.99    361.58    115.11         0    535.44   1126.86   1050.66    544.63
    244.40         0         0         0         0         0         0         0         0         0         0         0         0         0         0         0         0         0         0         0         0         0         0         0    273.66    404.58    608.93    485.99    372.33    380.34    261.06         0    443.07   1557.50   1713.34    496.58
     58.90    223.26         0         0         0         0         0         0         0         0         0         0         0         0         0         0         0         0         0         0    128.00         0         0         0    365.25    370.47    426.15    481.71    396.33    458.54    312.34         0    333.66    667.95   1148.21    323.70
         0         0         0         0         0         0         0         0         0         0         0         0         0         0         0         0         0         0         0    844.61    412.45         0         0         0    566.95    375.24    505.27    480.41    359.06    334.16    305.23         0    358.97    365.30    209.28         0
         0         0         0         0         0         0         0         0         0         0         0         0         0         0         0         0         0         0         0    768.84    746.86    171.60         0         0         0    288.75    468.78    524.86    297.00    360.40         0         0    328.07    371.21         0         0
         0         0         0         0         0         0         0         0         0         0         0         0         0         0         0         0         0         0         0    580.56    193.43    216.82         0         0         0         0    522.11    595.65    341.03    281.70         0         0    461.80    381.80         0         0
         0         0         0         0         0         0         0         0         0         0         0         0         0         0         0         0         0         0         0    247.15     88.98     78.64    111.05         0         0         0    456.42    495.12    424.54    222.66         0         0    340.24         0         0         0
         0         0         0         0         0         0         0         0         0         0         0         0         0         0         0         0         0         0         0    273.53    125.71    252.62    336.27    295.44         0         0    421.84    477.22    399.65         0         0         0    347.50         0         0         0
         0         0         0         0         0         0         0         0         0         0         0         0         0         0         0         0         0         0         0    739.21    206.93    369.83    464.82         0         0         0         0    509.40    475.55         0         0         0         0         0         0         0
         0         0         0         0         0         0         0         0         0         0         0         0         0         0         0         0         0         0         0    973.75    272.24    363.55    523.87         0         0         0         0    587.94    505.56         0         0         0         0         0         0         0
         0         0         0         0         0         0         0         0         0         0         0         0         0         0         0         0         0         0         0         0    541.69    478.97    683.41         0         0         0         0    766.60    585.33         0         0         0         0         0         0         0
         0         0         0         0         0         0         0         0         0         0         0         0         0         0         0         0         0         0         0         0    945.55    413.96    799.34         0         0         0         0    687.40    653.51         0         0         0         0         0         0         0
         0         0         0         0         0         0         0         0         0         0         0         0         0         0         0         0         0         0         0         0    830.47    372.91    512.63         0         0         0         0    518.78    568.08    290.38         0         0         0         0         0         0
         0         0         0         0         0         0         0         0         0         0         0         0         0         0         0         0         0         0         0         0    800.59    410.26         0         0         0         0         0    520.99    483.00         0         0         0         0         0         0         0
         0         0         0     87.57         0         0         0         0         0         0         0         0         0         0         0         0         0         0         0         0    536.16    206.75         0         0         0         0         0    571.82    329.31         0         0         0         0         0         0         0
         0         0         0     99.27         0         0         0         0         0         0         0         0         0         0         0         0         0         0         0         0    598.12    179.24         0         0         0         0         0    833.69         0         0         0         0         0         0         0         0
         0         0    243.90    235.54         0         0         0         0         0         0         0         0         0         0         0         0         0         0         0         0    401.07         0         0         0         0         0         0    724.97         0         0         0         0         0         0         0         0
    230.00    370.98    448.52    331.81    393.27         0         0         0         0         0         0         0         0         0         0         0         0         0         0    550.72    410.33         0         0         0         0         0         0         0         0         0         0         0         0         0         0         0
    522.59    581.37    603.71    164.75    351.18         0         0         0         0         0         0         0         0         0         0         0         0         0         0    826.47         0         0         0         0         0         0         0         0         0         0         0         0         0         0         0         0
    474.48    371.63    253.12    273.03    304.17         0         0         0         0         0         0         0         0         0         0         0         0         0         0    623.03         0         0         0         0         0         0         0         0         0         0         0         0         0         0         0         0
         0         0         0         0         0         0         0         0         0         0         0         0         0         0         0         0         0         0         0         0         0         0         0         0         0         0         0         0         0         0         0         0         0         0         0         0
         0         0         0         0         0         0         0         0         0         0         0         0         0         0         0         0         0         0         0         0         0         0         0         0         0         0         0         0         0         0         0         0         0         0         0         0
    198.71         0     84.15    107.67         0    555.04         0         0         0         0         0         0    219.32         0         0         0         0         0    185.78         0         0         0         0         0    135.87    240.55    368.26    565.11    652.53    576.32    436.09    527.01    657.45    675.91    523.64    334.76
