  2.378059e-01
  1.209892e-01
  1.022825e-01
  9.607340e-02
  9.357107e-02
  8.945700e-02
  1.003090e-01
  1.081851e-01
  1.101335e-01
  1.046334e-01
  1.051970e-01
  1.035658e-01
  8.314797e-02
  7.507181e-02
  6.919522e-02
  7.424213e-02
  7.256933e-02
  7.260124e-02
  7.742234e-02
  8.265243e-02
  7.402710e-02
  6.495920e-02
  6.406834e-02
  5.973526e-02
  6.118230e-02
  6.757968e-02
  6.670467e-02
  6.698847e-02
  6.432940e-02
  6.708810e-02
  6.814671e-02
  7.077736e-02
  7.429251e-02
  7.352793e-02
  7.849394e-02
  1.025658e-01
