   0.0000000e+00
   6.8126343e-03
   0.0000000e+00
   6.4531823e-03
   5.3453504e-03
   0.0000000e+00
   0.0000000e+00
   1.0660422e-02
   7.8860526e-03
   8.0902499e-03
   4.5013465e-03
   3.1543703e-03
   0.0000000e+00
   0.0000000e+00
   1.1925155e-02
   8.7005340e-03
   6.2424433e-03
   4.5948408e-03
   0.0000000e+00
   3.3900823e-03
   3.1246218e-03
   6.4559992e-03
   6.0941372e-03
   8.2137729e-04
   0.0000000e+00
   0.0000000e+00
   0.0000000e+00
   0.0000000e+00
   0.0000000e+00
   0.0000000e+00
   0.0000000e+00
   0.0000000e+00
   0.0000000e+00
   0.0000000e+00
   0.0000000e+00
   0.0000000e+00
   3.4235010e-03
   4.5096886e-03
   7.7417135e-03
   1.0296591e-02
   1.0861779e-02
   1.3942800e-02
   1.2734302e-02
   6.5816925e-03
   3.5224319e-03
   3.3059556e-03
   3.8327833e-03
   5.6062122e-03
   7.3261238e-03
   9.4525963e-03
   9.2024347e-03
   5.7918266e-03
   2.8514809e-03
  -4.7878345e-03
  -5.1392618e-03
  -2.0646362e-03
  -1.5510308e-03
   4.0870616e-03
   6.4724642e-03
   3.5560488e-03
  -4.4105837e-04
  -4.4778282e-03
  -6.6261464e-03
  -1.0235472e-02
  -8.3928984e-03
  -6.3182038e-03
   0.0000000e+00
   9.8883753e-03
   1.0164608e-02
   7.1302622e-03
   3.9552034e-03
   0.0000000e+00
  -7.0427758e-03
   7.8679399e-04
   4.1646479e-03
   6.1181092e-03
   1.1418674e-02
   1.6427597e-02
   5.6486218e-03
  -2.1668084e-03
  -4.3682661e-03
  -1.6730828e-03
  -2.1477911e-04
   2.0074309e-03
   2.8687809e-03
   2.5852404e-03
   2.0998544e-03
   3.1838816e-04
  -3.1940124e-03
  -7.3551401e-03
  -1.3836202e-02
  -1.0401147e-02
  -2.3550948e-03
   4.0906589e-03
   6.1697112e-03
   3.8200729e-03
  -1.5598552e-03
  -8.1975544e-03
  -1.3055022e-02
  -1.4983804e-02
  -1.1768797e-02
  -4.2822226e-03
   3.1758361e-03
   7.7652936e-03
   8.6077303e-03
   6.9886828e-03
   3.4349104e-03
  -5.5022420e-03
   0.0000000e+00
   0.0000000e+00
   0.0000000e+00
   0.0000000e+00
   0.0000000e+00
   9.5824908e-03
  -2.5789230e-03
  -1.0370906e-02
  -7.5492729e-03
  -7.3237190e-03
  -8.4354356e-03
  -6.3858894e-03
  -6.4496500e-03
  -8.0530457e-03
  -8.0408622e-03
  -8.6840922e-03
  -1.1203106e-02
  -1.5365111e-02
  -3.0257359e-02
  -0.0000000e+00
  -1.8391666e-03
   1.1501245e-03
   3.5063659e-03
  -4.0278857e-04
  -8.6870408e-03
  -1.7400879e-02
  -2.2374347e-02
  -2.1246217e-02
  -1.4738400e-02
  -6.1781877e-03
   1.3854074e-03
   3.8720383e-03
   1.9481782e-03
  -1.8273890e-03
  -9.8007247e-03
  -2.4636822e-02
   0.0000000e+00
   0.0000000e+00
   0.0000000e+00
   0.0000000e+00
   0.0000000e+00
   5.1776383e-03
  -9.6979244e-03
  -1.6141780e-02
  -1.5680256e-02
  -1.5886869e-02
  -1.6060553e-02
  -1.3864438e-02
  -1.4755986e-02
  -1.5264872e-02
  -1.4033788e-02
  -1.4012011e-02
  -1.5638048e-02
  -1.8841764e-02
  -2.4844781e-02
  -0.0000000e+00
  -4.5537912e-03
  -1.3671716e-03
  -4.4286143e-04
  -6.5308218e-03
  -1.6348960e-02
  -2.5015481e-02
  -2.7651425e-02
  -2.1454038e-02
  -1.2729855e-02
  -4.7742706e-03
   4.9837469e-04
  -1.3122790e-06
  -4.7928072e-03
  -1.0728713e-02
  -1.6096924e-02
  -2.1865058e-02
   0.0000000e+00
   0.0000000e+00
   0.0000000e+00
   0.0000000e+00
   0.0000000e+00
   5.6005517e-04
  -1.4293186e-02
  -1.8127641e-02
  -1.7411542e-02
  -1.8702927e-02
  -1.8514675e-02
  -1.6952903e-02
  -1.6831108e-02
  -1.5313178e-02
  -1.4073932e-02
  -1.4300050e-02
  -1.5214231e-02
  -1.5068674e-02
  -8.3320215e-03
   0.0000000e+00
  -0.0000000e+00
  -3.6668167e-03
  -4.5072339e-03
  -1.1773344e-02
  -1.9881564e-02
  -2.3354097e-02
  -2.5311474e-02
  -1.1766608e-02
  -6.2815703e-03
  -4.6353633e-04
   2.8126539e-03
  -1.7629786e-03
  -8.9565726e-03
  -1.4442851e-02
  -1.4941527e-02
  -7.0067842e-03
   7.1428661e-03
   0.0000000e+00
   0.0000000e+00
   0.0000000e+00
   3.8817179e-03
  -7.4192123e-03
  -1.8310541e-02
  -1.9356301e-02
  -1.8003680e-02
  -1.6704541e-02
  -1.6051199e-02
  -1.4610080e-02
  -1.3489844e-02
  -1.2163036e-02
  -1.1515821e-02
  -1.1832702e-02
  -1.1696797e-02
  -6.9699958e-03
   9.5925642e-03
   0.0000000e+00
   0.0000000e+00
  -6.1702440e-03
  -8.1965113e-03
  -1.4174684e-02
  -1.5593300e-02
  -7.9096071e-03
  -1.7870259e-03
  -0.0000000e+00
  -2.4889385e-03
   5.4777144e-03
   9.0132914e-03
  -9.0407545e-04
  -9.3983579e-03
  -1.3199165e-02
  -1.0507352e-02
   6.4788701e-04
   1.1859324e-02
   9.6533746e-03
  -4.4838878e-05
   0.0000000e+00
  -7.4228755e-04
  -1.1384670e-02
  -1.6285459e-02
  -1.4931412e-02
  -1.2613376e-02
  -9.9568050e-03
  -9.7881423e-03
  -8.7996712e-03
  -8.2274126e-03
  -7.5921635e-03
  -7.5038732e-03
  -7.4324990e-03
  -5.4168904e-03
   3.1692912e-03
   2.8182153e-02
   3.2177363e-02
   0.0000000e+00
  -0.0000000e+00
  -1.4834810e-02
  -1.2881706e-02
  -3.4627691e-03
   1.7130237e-02
   6.5520224e-03
   0.0000000e+00
   0.0000000e+00
   8.9739581e-03
   7.4347425e-03
  -3.2076056e-03
  -8.1214290e-03
  -8.5903313e-03
  -3.9831153e-03
   4.6861819e-03
   1.4198507e-02
   1.3125535e-02
   8.7685719e-03
   0.0000000e+00
  -3.2339811e-03
  -8.6762477e-03
  -9.3993694e-03
  -7.6772021e-03
  -5.6630955e-03
  -3.6715150e-03
  -4.2590462e-03
  -3.9738612e-03
  -3.9678267e-03
  -3.5993294e-03
  -3.8942131e-03
  -3.2333443e-03
   2.3780420e-05
   1.1337328e-02
   4.1784596e-02
   4.8214983e-02
   0.0000000e+00
  -0.0000000e+00
  -2.0957632e-02
  -1.0194169e-02
   8.9208940e-03
   4.2993614e-02
   0.0000000e+00
   0.0000000e+00
   0.0000000e+00
   8.6256403e-03
   1.7206247e-03
  -4.1068145e-03
  -4.7835023e-03
  -2.6821215e-03
   2.3131445e-03
   9.0566175e-03
   1.8060893e-02
   1.9102328e-02
   1.6526049e-02
   5.0956582e-03
   8.2572177e-04
  -1.9193190e-04
  -4.7158415e-04
   3.0586612e-04
   1.4032729e-03
   2.1970375e-03
   9.1246446e-04
   5.0098781e-04
   3.0480638e-05
  -5.0025639e-05
  -3.1530191e-04
   1.0838282e-03
   6.2827109e-03
   2.0846836e-02
   5.2041579e-02
   5.5151358e-02
   0.0000000e+00
  -0.0000000e+00
  -2.7549217e-02
  -5.3981859e-03
   2.3340216e-02
   6.0005460e-02
   0.0000000e+00
   0.0000000e+00
   0.0000000e+00
   0.0000000e+00
  -7.1881129e-04
  -5.3165368e-05
   1.7218995e-03
   5.0726281e-03
   9.7122584e-03
   1.4845311e-02
   2.2544183e-02
   2.3933068e-02
   1.8158440e-02
   8.8092797e-03
   5.3638471e-03
   4.1689239e-03
   3.8949947e-03
   4.4666477e-03
   5.3030909e-03
   5.0384812e-03
   3.3113803e-03
   2.3003672e-03
   1.6359440e-03
   1.2963202e-03
   1.6729487e-03
   4.4604465e-03
   1.1896126e-02
   2.8486365e-02
   5.0732311e-02
   4.4026040e-02
   0.0000000e+00
   0.0000000e+00
  -0.0000000e+00
   2.8308644e-04
   3.1917088e-02
   5.9057483e-02
   0.0000000e+00
   0.0000000e+00
   0.0000000e+00
   0.0000000e+00
   2.2813636e-03
   4.3728491e-03
   6.7052911e-03
   1.0800783e-02
   1.5601024e-02
   1.9965235e-02
   2.7534995e-02
   2.7980667e-02
   2.0804130e-02
   1.0585304e-02
   7.4205776e-03
   5.9634387e-03
   6.4285817e-03
   7.0629483e-03
   7.0710117e-03
   5.2589364e-03
   3.2197654e-03
   1.7674238e-03
   1.4010101e-03
   1.7842462e-03
   3.9746738e-03
   9.3763862e-03
   1.9887980e-02
   3.8165279e-02
   4.6420462e-02
   2.9473773e-02
   0.0000000e+00
   0.0000000e+00
  -0.0000000e+00
   8.5750688e-03
   3.7883971e-02
   5.4808255e-02
   0.0000000e+00
   0.0000000e+00
  -0.0000000e+00
   1.4494472e-03
   9.0597551e-03
   9.2498660e-03
   1.1586997e-02
   1.6557865e-02
   2.1742765e-02
   2.5468137e-02
   2.9321967e-02
   2.7064454e-02
   1.8643862e-02
   9.4714304e-03
   6.1606430e-03
   5.6935335e-03
   6.6478592e-03
   6.7804772e-03
   5.2826577e-03
   2.5901580e-03
   7.6415250e-04
  -1.1779242e-04
   7.3593663e-04
   3.0568792e-03
   7.6489472e-03
   1.5873529e-02
   2.8643306e-02
   4.7144376e-02
   4.9577021e-02
   0.0000000e+00
   0.0000000e+00
   0.0000000e+00
   0.0000000e+00
   1.8225227e-02
   4.1548986e-02
   5.0023053e-02
   0.0000000e+00
   0.0000000e+00
   0.0000000e+00
   9.4817849e-03
   1.5990807e-02
   1.4008231e-02
   1.5586691e-02
   2.1093957e-02
   2.6352676e-02
   2.8803289e-02
   2.6687996e-02
   2.1912282e-02
   1.3910541e-02
   5.8123264e-03
   3.4551893e-03
   4.0202811e-03
   4.8069246e-03
   4.4291704e-03
   2.5241640e-03
   5.4137578e-04
  -7.6980708e-05
   5.6680990e-04
   2.8670582e-03
   6.7851567e-03
   1.2779647e-02
   2.2026956e-02
   3.4021497e-02
   4.9853854e-02
   5.1982959e-02
   0.0000000e+00
   0.0000000e+00
   0.0000000e+00
   0.0000000e+00
   2.5890065e-02
   4.2202886e-02
   4.2746821e-02
   0.0000000e+00
   0.0000000e+00
   0.0000000e+00
   1.6489001e-02
   1.9291282e-02
   1.7242139e-02
   1.8283930e-02
   2.3795960e-02
   2.8070355e-02
   2.8630722e-02
   1.9565973e-02
   1.3488546e-02
   6.8214345e-03
   6.0820603e-04
  -3.6244150e-04
   3.7822692e-04
   9.5330487e-04
   1.0550204e-03
   4.7126171e-04
   7.0489955e-04
   2.3744917e-03
   5.0733862e-03
   8.7896986e-03
   1.3220889e-02
   1.8872337e-02
   2.6150560e-02
   3.3049863e-02
   3.8368564e-02
   3.3489456e-02
   0.0000000e+00
   0.0000000e+00
   0.0000000e+00
   0.0000000e+00
   3.3173435e-02
   3.8775574e-02
   3.3398175e-02
   0.0000000e+00
   0.0000000e+00
   0.0000000e+00
   1.8496439e-02
   1.7902687e-02
   1.7964778e-02
   1.7076451e-02
   2.3629125e-02
   2.5539480e-02
   2.3616388e-02
   1.1010616e-02
   5.3828340e-03
   9.6201047e-04
  -3.4613244e-03
  -4.3199817e-03
  -4.2925226e-03
  -4.4427398e-03
  -4.2176326e-03
  -3.7691901e-03
  -1.8798236e-03
   1.6489952e-03
   6.1480808e-03
   1.1088341e-02
   1.5501920e-02
   1.9880906e-02
   2.4142131e-02
   2.5539793e-02
   2.2233387e-02
   0.0000000e+00
   0.0000000e+00
   0.0000000e+00
   0.0000000e+00
   0.0000000e+00
   0.0000000e+00
   3.2855075e-02
   3.1051971e-02
   0.0000000e+00
   0.0000000e+00
   0.0000000e+00
   1.5493938e-02
   1.4711390e-02
   2.4384182e-02
   0.0000000e+00
   1.9058166e-02
   1.8414233e-02
   1.4809308e-02
   6.7391302e-03
   4.1487342e-04
  -2.1763451e-03
  -6.0142344e-03
  -7.7441554e-03
  -8.7491423e-03
  -1.0096180e-02
  -1.0882298e-02
  -1.0993339e-02
  -9.2442771e-03
  -5.4691266e-03
  -5.7196873e-04
   4.2127129e-03
   7.5916578e-03
   9.9701863e-03
   1.1433227e-02
   1.0999418e-02
   8.1100753e-03
   0.0000000e+00
   0.0000000e+00
   0.0000000e+00
   0.0000000e+00
   0.0000000e+00
   3.2683655e-02
   2.6442101e-02
   2.2933153e-02
   0.0000000e+00
   0.0000000e+00
   0.0000000e+00
   0.0000000e+00
   8.1102485e-03
   1.5251724e-02
   0.0000000e+00
   1.5480920e-02
   1.1007826e-02
   7.4367006e-03
   6.1705459e-03
  -1.8993597e-03
  -2.9068262e-03
  -5.5291301e-03
  -7.3935371e-03
  -7.5954367e-03
  -8.2639260e-03
  -8.5871154e-03
  -8.4225609e-03
  -7.0675962e-03
  -4.5843738e-03
  -1.5176210e-03
   9.6852426e-04
   1.4990778e-03
   4.5913214e-04
  -1.5240234e-03
  -4.5949872e-03
  -5.7375187e-03
  -9.5171097e-03
   0.0000000e+00
   0.0000000e+00
  -0.0000000e+00
   1.0622193e-02
   2.3197078e-02
   1.9503204e-02
   1.7888525e-02
   0.0000000e+00
   0.0000000e+00
   0.0000000e+00
   0.0000000e+00
   2.4607237e-03
   5.7569037e-03
   0.0000000e+00
   0.0000000e+00
   8.2867359e-03
   3.5874492e-03
   0.0000000e+00
  -1.0841507e-03
  -1.0795427e-03
   4.9239406e-04
  -1.0437985e-03
   9.6988416e-04
   2.6582984e-03
   4.1881581e-03
   5.4972040e-03
   6.9934946e-03
   8.8338292e-03
   1.0910574e-02
   1.1962084e-02
   9.7121501e-03
   3.8839853e-03
  -3.8036429e-03
  -1.1929278e-02
  -1.8418258e-02
  -1.5261030e-02
   0.0000000e+00
   0.0000000e+00
  -0.0000000e+00
   5.7953892e-03
   1.4661187e-02
   0.0000000e+00
   0.0000000e+00
   0.0000000e+00
   0.0000000e+00
   0.0000000e+00
   0.0000000e+00
   3.8455343e-04
   2.0004545e-04
   0.0000000e+00
   0.0000000e+00
   1.3374092e-02
   7.4477245e-04
  -0.0000000e+00
  -0.0000000e+00
  -4.9048737e-03
  -5.1139037e-03
  -3.4057394e-03
  -1.2320469e-03
   1.2021976e-03
   3.0276054e-03
   4.0273815e-03
   4.6619833e-03
   5.5172294e-03
   6.8081263e-03
   7.6575363e-03
   5.8288439e-03
   2.3716435e-04
  -7.8575909e-03
  -1.6758686e-02
  -2.5776947e-02
  -2.6294862e-02
   0.0000000e+00
  -0.0000000e+00
  -2.4216985e-02
  -6.9962582e-03
   5.4650930e-03
   0.0000000e+00
   0.0000000e+00
   0.0000000e+00
   0.0000000e+00
   0.0000000e+00
   0.0000000e+00
  -0.0000000e+00
  -4.6617063e-03
   0.0000000e+00
   0.0000000e+00
   0.0000000e+00
   0.0000000e+00
  -0.0000000e+00
  -0.0000000e+00
  -1.0947098e-02
  -1.5314274e-02
  -1.3735147e-02
  -1.2428027e-02
  -1.0333122e-02
  -8.7177586e-03
  -8.5341930e-03
  -9.8403469e-03
  -1.1379894e-02
  -1.2299576e-02
  -1.1586078e-02
  -8.7308651e-03
  -5.4060840e-03
  -6.0676476e-03
  -1.3429472e-02
  -2.5215674e-02
  -3.2639785e-02
   0.0000000e+00
  -0.0000000e+00
  -3.0881627e-02
  -2.1878360e-02
  -1.1147305e-02
   0.0000000e+00
   0.0000000e+00
   0.0000000e+00
   0.0000000e+00
   0.0000000e+00
   0.0000000e+00
  -0.0000000e+00
  -6.8842079e-03
   0.0000000e+00
   0.0000000e+00
   0.0000000e+00
   0.0000000e+00
  -0.0000000e+00
  -1.2378140e-02
  -1.5505263e-02
  -1.9634172e-02
  -2.2248441e-02
  -2.2684256e-02
  -2.0982375e-02
  -1.8978255e-02
  -1.8185310e-02
  -2.0160189e-02
  -2.3845805e-02
  -2.7668986e-02
  -2.9230461e-02
  -2.5473332e-02
  -1.5608702e-02
  -4.7901622e-03
  -4.0768706e-03
  -1.7038276e-02
  -1.9919158e-02
  -1.2080064e-02
  -2.0176759e-02
  -3.4287721e-02
  -3.8105052e-02
  -3.1813275e-02
   0.0000000e+00
   0.0000000e+00
   0.0000000e+00
   0.0000000e+00
   0.0000000e+00
   0.0000000e+00
  -0.0000000e+00
  -8.0606090e-03
   0.0000000e+00
   0.0000000e+00
   0.0000000e+00
   0.0000000e+00
  -0.0000000e+00
  -9.8771490e-03
  -1.5870191e-02
  -2.0023424e-02
  -2.3761803e-02
  -2.5758447e-02
  -2.5067735e-02
  -2.3362130e-02
  -2.1977702e-02
  -2.3093753e-02
  -2.7165215e-02
  -3.2360453e-02
  -3.6206253e-02
  -3.5433713e-02
  -2.7530035e-02
  -1.1214287e-02
  -2.9131752e-03
  -0.0000000e+00
  -8.2400292e-03
  -6.3387360e-03
  -1.5749469e-02
  -3.2170154e-02
  -5.1577512e-02
  -5.7003625e-02
   0.0000000e+00
   0.0000000e+00
   0.0000000e+00
   0.0000000e+00
   0.0000000e+00
   0.0000000e+00
  -0.0000000e+00
  -1.1125598e-02
   0.0000000e+00
   0.0000000e+00
   0.0000000e+00
   0.0000000e+00
   0.0000000e+00
  -4.7812490e-03
  -1.2948632e-02
  -1.7232897e-02
  -2.1357890e-02
  -2.4412565e-02
  -2.4847865e-02
  -2.3178449e-02
  -2.0907154e-02
  -1.9949665e-02
  -2.2247046e-02
  -2.6823699e-02
  -3.1745955e-02
  -3.4191124e-02
  -3.0858431e-02
  -1.5251533e-02
  -7.1990124e-03
  -0.0000000e+00
  -2.4360495e-03
  -3.2044493e-03
  -1.0493661e-02
  -2.6123021e-02
  -5.3662270e-02
  -6.9821142e-02
   0.0000000e+00
   0.0000000e+00
   0.0000000e+00
   0.0000000e+00
   0.0000000e+00
   0.0000000e+00
  -3.4124465e-02
  -1.7610293e-02
   0.0000000e+00
   0.0000000e+00
   0.0000000e+00
   0.0000000e+00
   0.0000000e+00
  -1.4161768e-03
  -7.3884861e-03
  -1.2415046e-02
  -1.6735319e-02
  -2.0299161e-02
  -2.1714894e-02
  -2.0459371e-02
  -1.7424753e-02
  -1.4185225e-02
  -1.3751671e-02
  -1.6902078e-02
  -2.2336217e-02
  -2.7701762e-02
  -3.0289520e-02
  -2.0554678e-02
   4.3522345e-03
   0.0000000e+00
   6.0865923e-04
   3.5234625e-04
  -5.1182825e-03
  -1.7397681e-02
  -4.3648373e-02
  -6.5088180e-02
   0.0000000e+00
   0.0000000e+00
   0.0000000e+00
   0.0000000e+00
   0.0000000e+00
  -0.0000000e+00
  -4.0666356e-02
  -2.8656004e-02
   0.0000000e+00
   0.0000000e+00
   0.0000000e+00
   0.0000000e+00
   0.0000000e+00
   0.0000000e+00
   1.4366914e-03
  -5.2438304e-03
  -9.7557809e-03
  -1.3380856e-02
  -1.5155443e-02
  -1.4718438e-02
  -1.2498841e-02
  -9.3125794e-03
  -7.2689634e-03
  -9.1539603e-03
  -1.5016046e-02
  -2.2872383e-02
  -3.0639477e-02
  -2.3971621e-02
   0.0000000e+00
   1.7359588e-02
   2.2602614e-03
   4.4366280e-03
  -1.6300537e-04
  -9.2676729e-03
  -2.9796332e-02
  -5.6851902e-02
   0.0000000e+00
   0.0000000e+00
   0.0000000e+00
  -0.0000000e+00
  -0.0000000e+00
  -0.0000000e+00
  -0.0000000e+00
   0.0000000e+00
   0.0000000e+00
   0.0000000e+00
   0.0000000e+00
   0.0000000e+00
   0.0000000e+00
   0.0000000e+00
   1.0176979e-02
   2.6591728e-03
  -2.2422967e-03
  -5.9071225e-03
  -7.4533680e-03
  -6.7733419e-03
  -5.0939689e-03
  -3.2980030e-03
  -2.0023235e-03
  -3.9216122e-03
  -1.0704846e-02
  -2.0978771e-02
  -3.2032508e-02
  -2.6784162e-02
   0.0000000e+00
   1.9425895e-02
   6.0661612e-03
   1.0532051e-02
   5.3990362e-03
  -2.2869757e-03
  -1.7493235e-02
  -4.5911796e-02
   0.0000000e+00
   0.0000000e+00
  -0.0000000e+00
  -0.0000000e+00
  -0.0000000e+00
  -0.0000000e+00
   0.0000000e+00
   0.0000000e+00
   0.0000000e+00
   0.0000000e+00
   0.0000000e+00
   0.0000000e+00
   0.0000000e+00
   0.0000000e+00
   1.2074471e-02
   8.0781206e-03
   4.6156798e-03
   1.9889562e-03
   1.5947719e-03
   3.9597410e-03
   7.0602256e-03
   8.3170366e-03
   7.5347605e-03
   3.8929072e-03
  -5.2092294e-03
  -1.9751599e-02
  -3.3182355e-02
   0.0000000e+00
   0.0000000e+00
   0.0000000e+00
   0.0000000e+00
   1.8515308e-02
   1.4149955e-02
   6.9440836e-03
  -4.1006082e-03
  -2.5019903e-02
  -2.9460664e-02
  -0.0000000e+00
  -0.0000000e+00
   0.0000000e+00
   0.0000000e+00
   0.0000000e+00
   0.0000000e+00
   0.0000000e+00
   0.0000000e+00
   0.0000000e+00
   0.0000000e+00
   0.0000000e+00
   0.0000000e+00
   0.0000000e+00
   1.8636997e-03
   3.9863684e-03
   5.6135750e-03
   5.6916042e-03
   7.5885663e-03
   1.1267128e-02
   1.6122568e-02
   1.8476348e-02
   1.6822262e-02
   1.1410323e-02
   1.6127324e-04
  -1.9612098e-02
  -3.1189314e-02
   0.0000000e+00
   0.0000000e+00
   0.0000000e+00
   0.0000000e+00
   0.0000000e+00
   1.8049154e-02
   1.4392156e-02
   5.7852028e-03
  -1.2756848e-02
  -2.0865031e-02
   0.0000000e+00
  -0.0000000e+00
   0.0000000e+00
   0.0000000e+00
   0.0000000e+00
   0.0000000e+00
   0.0000000e+00
   0.0000000e+00
   0.0000000e+00
   0.0000000e+00
   0.0000000e+00
   0.0000000e+00
   0.0000000e+00
  -0.0000000e+00
  -1.0383974e-03
   5.9436192e-03
   9.3538323e-03
   1.3684769e-02
   1.8406469e-02
   2.3332885e-02
   2.6813224e-02
   2.5100539e-02
   1.8905098e-02
   6.3920459e-03
  -1.8490255e-02
  -2.8282845e-02
   0.0000000e+00
   0.0000000e+00
   0.0000000e+00
   0.0000000e+00
   0.0000000e+00
   1.6674539e-02
   1.9629659e-02
   1.5114850e-02
   1.0977183e-03
  -3.5063795e-03
   0.0000000e+00
   0.0000000e+00
   0.0000000e+00
   0.0000000e+00
   0.0000000e+00
   0.0000000e+00
   0.0000000e+00
   0.0000000e+00
   0.0000000e+00
   0.0000000e+00
   0.0000000e+00
   0.0000000e+00
   0.0000000e+00
  -0.0000000e+00
  -7.1514286e-03
   2.2577027e-03
   8.4160008e-03
   1.4178312e-02
   1.9703411e-02
   2.4581134e-02
   2.7864723e-02
   2.7258384e-02
   2.1684989e-02
   1.0674953e-02
  -1.0049199e-02
  -1.6424725e-02
   0.0000000e+00
   0.0000000e+00
   0.0000000e+00
   0.0000000e+00
   0.0000000e+00
   0.0000000e+00
   1.7429924e-02
   1.7397624e-02
   1.1550703e-02
   6.6518519e-03
   0.0000000e+00
   0.0000000e+00
   0.0000000e+00
   0.0000000e+00
   0.0000000e+00
   0.0000000e+00
   0.0000000e+00
   0.0000000e+00
   0.0000000e+00
   0.0000000e+00
   0.0000000e+00
   0.0000000e+00
   0.0000000e+00
   0.0000000e+00
  -2.0502511e-02
  -7.8881709e-03
   1.3359674e-03
   8.6049958e-03
   1.4306152e-02
   1.9862230e-02
   2.3095348e-02
   2.3914276e-02
   1.9990278e-02
   1.2210249e-02
   7.2972674e-04
   5.0693837e-03
   0.0000000e+00
   0.0000000e+00
   0.0000000e+00
   0.0000000e+00
   0.0000000e+00
   0.0000000e+00
   0.0000000e+00
   1.2711935e-02
   1.4510537e-02
   7.5200657e-03
   0.0000000e+00
   0.0000000e+00
   0.0000000e+00
   0.0000000e+00
   0.0000000e+00
   0.0000000e+00
   0.0000000e+00
   0.0000000e+00
   0.0000000e+00
   0.0000000e+00
   0.0000000e+00
   0.0000000e+00
   0.0000000e+00
   0.0000000e+00
  -0.0000000e+00
  -1.8992500e-02
  -1.0847670e-02
  -3.9031003e-03
   2.1122304e-03
   8.1719048e-03
   1.3063073e-02
   1.5180367e-02
   1.3769625e-02
   1.0869207e-02
   8.1141558e-03
   1.0766093e-02
   0.0000000e+00
   0.0000000e+00
   0.0000000e+00
   0.0000000e+00
   0.0000000e+00
   0.0000000e+00
  -0.0000000e+00
   4.2026003e-03
   1.1787917e-02
   1.7717413e-02
   4.7110906e-03
   0.0000000e+00
   0.0000000e+00
   0.0000000e+00
   0.0000000e+00
   0.0000000e+00
   0.0000000e+00
   0.0000000e+00
   0.0000000e+00
   0.0000000e+00
   0.0000000e+00
   0.0000000e+00
   0.0000000e+00
   0.0000000e+00
  -0.0000000e+00
  -2.5138033e-02
  -1.7388196e-02
  -2.4915347e-02
  -1.7415734e-02
  -1.0334070e-02
  -2.4738491e-03
   1.1882072e-03
   4.7414930e-03
   1.2961306e-02
   1.3106263e-02
   0.0000000e+00
   0.0000000e+00
   0.0000000e+00
   0.0000000e+00
   0.0000000e+00
   0.0000000e+00
   0.0000000e+00
  -0.0000000e+00
   0.0000000e+00
   0.0000000e+00
   1.8726172e-03
   7.1805721e-03
   0.0000000e+00
   0.0000000e+00
   0.0000000e+00
   0.0000000e+00
   0.0000000e+00
   0.0000000e+00
   0.0000000e+00
   0.0000000e+00
   0.0000000e+00
   0.0000000e+00
   0.0000000e+00
   0.0000000e+00
   0.0000000e+00
   0.0000000e+00
   0.0000000e+00
   0.0000000e+00
   0.0000000e+00
  -0.0000000e+00
  -3.1080895e-02
  -2.0556682e-02
  -0.0000000e+00
   0.0000000e+00
   0.0000000e+00
   0.0000000e+00
   0.0000000e+00
   0.0000000e+00
   0.0000000e+00
   0.0000000e+00
   0.0000000e+00
   0.0000000e+00
   0.0000000e+00
  -0.0000000e+00
   0.0000000e+00
   0.0000000e+00
  -0.0000000e+00
  -7.0001275e-03
   6.4457220e-03
   0.0000000e+00
   0.0000000e+00
   0.0000000e+00
   0.0000000e+00
   0.0000000e+00
   0.0000000e+00
   0.0000000e+00
   0.0000000e+00
   0.0000000e+00
   0.0000000e+00
  -0.0000000e+00
  -0.0000000e+00
  -0.0000000e+00
  -0.0000000e+00
  -0.0000000e+00
  -0.0000000e+00
  -0.0000000e+00
  -0.0000000e+00
  -6.2567792e-03
  -0.0000000e+00
  -0.0000000e+00
  -0.0000000e+00
  -0.0000000e+00
  -0.0000000e+00
  -0.0000000e+00
  -0.0000000e+00
  -0.0000000e+00
  -0.0000000e+00
  -0.0000000e+00
  -0.0000000e+00
  -0.0000000e+00
  -0.0000000e+00
  -0.0000000e+00
   0.0000000e+00
   0.0000000e+00
   4.0973487e-03
   5.3561366e-03
   6.9538068e-03
   5.9314258e-03
   3.6536558e-03
   3.2600865e-03
   4.6356166e-03
   0.0000000e+00
   0.0000000e+00
   0.0000000e+00
