   0.0000000e+00
  -6.9859313e-03
   0.0000000e+00
  -5.7177574e-03
  -9.4173999e-03
   0.0000000e+00
  -0.0000000e+00
  -1.3999738e-02
  -1.9026369e-02
  -1.6202264e-02
  -1.5002501e-02
   0.0000000e+00
   0.0000000e+00
  -0.0000000e+00
  -2.1046854e-02
  -2.6855245e-02
  -2.3210104e-02
  -2.2283889e-02
  -0.0000000e+00
  -2.1873418e-02
  -1.7979030e-02
  -1.8614775e-02
  -1.9667198e-02
  -1.8371101e-02
   0.0000000e+00
   0.0000000e+00
   0.0000000e+00
   0.0000000e+00
   0.0000000e+00
   0.0000000e+00
   0.0000000e+00
   0.0000000e+00
   0.0000000e+00
   0.0000000e+00
   0.0000000e+00
   0.0000000e+00
  -9.6139022e-03
  -9.2256326e-03
  -6.0039833e-03
  -2.3890255e-03
  -4.1977905e-03
  -5.3692216e-03
  -8.1690901e-03
  -1.0422884e-02
  -1.2823515e-02
  -1.1315024e-02
  -1.1490315e-02
  -1.2689098e-02
  -1.4448954e-02
  -1.5142507e-02
  -1.5546763e-02
  -1.6793154e-02
  -1.6406393e-02
  -1.5814320e-02
  -1.5695770e-02
  -1.1201552e-02
  -1.2943045e-02
  -1.1829846e-02
  -1.1334389e-02
  -1.2373544e-02
  -1.3063665e-02
  -1.6964437e-02
  -1.9639771e-02
  -1.9263886e-02
  -1.9088301e-02
  -1.1643805e-02
  -0.0000000e+00
  -1.7149099e-02
  -1.3672868e-02
  -1.4822066e-02
  -2.1254993e-02
   0.0000000e+00
  -1.3698095e-02
  -6.6816949e-03
  -2.7238247e-03
  -1.5529036e-03
  -1.5550746e-03
  -1.2309282e-03
  -2.4749352e-03
  -2.6526263e-03
   3.2519951e-04
   4.4247172e-03
   8.2300156e-03
   9.9337203e-03
   9.7702385e-03
   9.9168634e-03
   1.0641344e-02
   1.0473851e-02
   9.2280004e-03
   7.8349719e-03
   7.2856509e-03
   9.5096752e-03
   1.1683819e-02
   1.2617211e-02
   9.4453245e-03
   4.4387178e-03
   4.0156125e-04
  -2.2382468e-03
  -2.6979870e-03
  -8.3175682e-04
   8.1167882e-04
   1.7118428e-03
   1.1458529e-03
  -4.2896052e-03
  -6.2077376e-03
  -7.1068612e-03
  -1.0419080e-02
  -1.3606496e-02
   0.0000000e+00
   0.0000000e+00
   0.0000000e+00
   0.0000000e+00
   0.0000000e+00
   9.2585876e-03
   7.7436306e-03
   1.3577152e-02
   1.8817368e-02
   2.2530317e-02
   2.8264048e-02
   3.7051551e-02
   4.2296155e-02
   4.4381253e-02
   4.7833584e-02
   5.0927599e-02
   5.2047700e-02
   5.1789250e-02
   5.2019098e-02
   0.0000000e+00
   3.5204276e-02
   3.4539073e-02
   3.6743466e-02
   3.2583401e-02
   2.9005289e-02
   2.8072570e-02
   3.0029604e-02
   3.2713905e-02
   3.2744132e-02
   3.0776361e-02
   2.8444626e-02
   2.4565205e-02
   2.1006394e-02
   2.0900931e-02
   2.2960421e-02
   2.6654671e-02
   0.0000000e+00
   0.0000000e+00
   0.0000000e+00
   0.0000000e+00
   0.0000000e+00
   2.0878057e-02
   2.2113066e-02
   2.9465141e-02
   3.1803504e-02
   4.3085921e-02
   4.4057678e-02
   5.3450879e-02
   6.2542275e-02
   6.7567073e-02
   7.2630830e-02
   7.6717801e-02
   7.9726867e-02
   8.0707051e-02
   7.7670351e-02
   0.0000000e+00
   3.8526215e-02
   4.7777489e-02
   5.9116200e-02
   6.1394237e-02
   6.2068701e-02
   6.2663056e-02
   6.3668609e-02
   6.3705780e-02
   6.0212094e-02
   5.4682672e-02
   5.0376836e-02
   4.7474504e-02
   4.7067478e-02
   4.9443845e-02
   5.2625041e-02
   5.0885995e-02
   0.0000000e+00
   0.0000000e+00
   0.0000000e+00
   0.0000000e+00
   0.0000000e+00
   3.4315474e-02
   3.5959929e-02
   3.8641836e-02
   4.3660276e-02
   4.9050581e-02
   5.1718315e-02
   5.5570588e-02
   6.2081162e-02
   6.7273758e-02
   7.2299524e-02
   7.7386027e-02
   8.1856688e-02
   8.3922972e-02
   7.6875447e-02
   0.0000000e+00
   0.0000000e+00
   4.7967452e-02
   6.6852301e-02
   7.7565072e-02
   8.3098178e-02
   8.3605309e-02
   7.8176660e-02
   7.2622939e-02
   6.3484207e-02
   5.9765771e-02
   5.8633961e-02
   5.7767537e-02
   6.0678289e-02
   6.4515717e-02
   6.6421911e-02
   6.0505361e-02
   5.2621744e-02
   0.0000000e+00
   0.0000000e+00
   0.0000000e+00
   3.9160715e-02
   4.7820035e-02
   4.7078140e-02
   4.4884276e-02
   4.4747062e-02
   4.6162013e-02
   4.5293584e-02
   4.5244854e-02
   4.7671836e-02
   5.0867856e-02
   5.5300448e-02
   6.0237277e-02
   6.4853288e-02
   6.6512860e-02
   5.7813734e-02
   0.0000000e+00
   0.0000000e+00
   3.7706001e-02
   5.4369278e-02
   7.2152369e-02
   8.2091555e-02
   7.8508191e-02
   6.2944633e-02
   0.0000000e+00
   3.9354616e-02
   4.2921539e-02
   4.7245614e-02
   4.9793888e-02
   5.6883924e-02
   6.1571267e-02
   6.2652931e-02
   5.7100363e-02
   4.3674948e-02
   4.2062324e-02
   3.3975371e-02
   0.0000000e+00
   4.1120094e-02
   4.9337022e-02
   4.8119170e-02
   4.2847000e-02
   3.7361730e-02
   3.2884538e-02
   2.8934048e-02
   2.6465392e-02
   2.6431006e-02
   2.8004009e-02
   3.0927643e-02
   3.4614533e-02
   3.7593607e-02
   3.7038606e-02
   2.9498179e-02
   1.8421209e-02
   0.0000000e+00
   0.0000000e+00
   2.6319912e-02
   4.7116630e-02
   5.7546806e-02
   4.8659828e-02
   3.0928182e-02
   0.0000000e+00
   0.0000000e+00
   1.4215553e-02
   2.4571714e-02
   2.9749408e-02
   3.8772400e-02
   4.3063520e-02
   4.3496862e-02
   4.2087808e-02
   2.1722991e-02
   2.8331084e-02
   2.9075840e-02
   0.0000000e+00
   3.0605798e-02
   3.5004802e-02
   3.2615185e-02
   2.6771724e-02
   1.9805336e-02
   1.3914530e-02
   9.7326813e-03
   6.9438997e-03
   6.2349192e-03
   6.9639860e-03
   8.6417608e-03
   1.0623200e-02
   1.1509729e-02
   9.5935157e-03
   3.4093740e-03
  -8.8788997e-04
   0.0000000e+00
   0.0000000e+00
   4.1858060e-03
   2.0748163e-02
   2.7618734e-02
   1.4872636e-02
  -0.0000000e+00
   0.0000000e+00
  -0.0000000e+00
  -5.4863507e-03
   9.7989088e-03
   1.4378207e-02
   1.9010639e-02
   1.9908499e-02
   1.8388547e-02
   1.7802434e-02
  -4.4348659e-03
   2.6382958e-03
   7.6182690e-03
   0.0000000e+00
   7.6184968e-03
   8.7226555e-03
   6.9413637e-03
   2.8973836e-03
  -1.6797226e-03
  -5.8462941e-03
  -8.8518048e-03
  -1.1141833e-02
  -1.1713155e-02
  -1.1381988e-02
  -1.0040564e-02
  -9.6113719e-03
  -1.0657887e-02
  -1.4433267e-02
  -1.9246561e-02
  -1.5693197e-02
   0.0000000e+00
   0.0000000e+00
  -2.0021681e-02
  -2.0509055e-03
   2.0084393e-04
  -1.1577178e-02
  -0.0000000e+00
   0.0000000e+00
   0.0000000e+00
  -0.0000000e+00
  -2.0755199e-03
  -1.8373774e-03
  -2.1229459e-03
  -4.3100803e-03
  -7.5274026e-03
  -8.2962615e-03
  -2.6995162e-02
  -2.0943137e-02
  -1.4032281e-02
  -1.3422552e-02
  -1.4878303e-02
  -1.4876910e-02
  -1.5439118e-02
  -1.7309166e-02
  -1.9585550e-02
  -2.1565386e-02
  -2.2423986e-02
  -2.3657152e-02
  -2.3973628e-02
  -2.3844535e-02
  -2.3510784e-02
  -2.4831937e-02
  -2.8380938e-02
  -3.4201715e-02
  -3.5546042e-02
  -1.7590104e-02
   0.0000000e+00
   0.0000000e+00
  -0.0000000e+00
  -2.0036533e-02
  -2.1068341e-02
  -2.5057118e-02
  -0.0000000e+00
   0.0000000e+00
   0.0000000e+00
  -0.0000000e+00
  -1.3947248e-02
  -1.6512072e-02
  -1.9869817e-02
  -2.3719466e-02
  -2.8141936e-02
  -3.0091487e-02
  -4.4660345e-02
  -3.8934156e-02
  -3.0412847e-02
  -2.6448587e-02
  -2.8096808e-02
  -2.9012939e-02
  -2.9466612e-02
  -3.0491797e-02
  -3.1788442e-02
  -3.1779844e-02
  -3.0740382e-02
  -3.0766994e-02
  -3.1238329e-02
  -3.1961139e-02
  -3.3996321e-02
  -3.8100410e-02
  -4.4196665e-02
  -5.0953325e-02
  -4.6072006e-02
  -1.7701697e-02
   0.0000000e+00
   0.0000000e+00
   0.0000000e+00
  -3.3324595e-02
  -3.6912248e-02
  -3.0832684e-02
  -0.0000000e+00
   0.0000000e+00
   0.0000000e+00
  -1.0852000e-02
  -2.4567517e-02
  -2.9043624e-02
  -3.3704601e-02
  -3.8004193e-02
  -4.3377422e-02
  -4.6708316e-02
  -5.2139506e-02
  -4.5579348e-02
  -3.5332739e-02
  -2.9586980e-02
  -3.0216387e-02
  -3.1549010e-02
  -3.3339046e-02
  -3.4513585e-02
  -3.4950946e-02
  -3.3832803e-02
  -3.2681629e-02
  -3.2853879e-02
  -3.4348462e-02
  -3.7170514e-02
  -4.2154595e-02
  -4.8446424e-02
  -5.5250119e-02
  -6.0064506e-02
  -5.2159026e-02
  -0.0000000e+00
   0.0000000e+00
   0.0000000e+00
   0.0000000e+00
  -4.1159040e-02
  -4.4871915e-02
  -3.1344593e-02
  -0.0000000e+00
   0.0000000e+00
   0.0000000e+00
  -2.2151015e-02
  -3.4310640e-02
  -3.7667647e-02
  -4.1862451e-02
  -4.4682901e-02
  -4.9650908e-02
  -5.3683497e-02
  -4.9842659e-02
  -4.1874956e-02
  -3.0442584e-02
  -2.4448218e-02
  -2.4508858e-02
  -2.7238086e-02
  -3.0505197e-02
  -3.1978536e-02
  -3.2299004e-02
  -3.2513417e-02
  -3.3884954e-02
  -3.6617726e-02
  -4.0802769e-02
  -4.6160743e-02
  -5.2705076e-02
  -5.8511615e-02
  -6.2222552e-02
  -6.0920514e-02
  -4.9072480e-02
  -0.0000000e+00
   0.0000000e+00
   0.0000000e+00
   0.0000000e+00
  -4.5828950e-02
  -4.7003035e-02
  -2.7097078e-02
  -0.0000000e+00
   0.0000000e+00
   0.0000000e+00
  -3.2680589e-02
  -4.0631041e-02
  -4.3419037e-02
  -4.6304427e-02
  -4.6127785e-02
  -4.8724122e-02
  -5.1622994e-02
  -3.8809069e-02
  -3.0740470e-02
  -1.9645737e-02
  -1.4701391e-02
  -1.5746597e-02
  -1.9703874e-02
  -2.3612469e-02
  -2.6040100e-02
  -2.8585330e-02
  -3.2784004e-02
  -3.8664784e-02
  -4.5374669e-02
  -5.1822115e-02
  -5.7730429e-02
  -6.2211610e-02
  -6.3732535e-02
  -6.1037686e-02
  -5.1268861e-02
  -2.8613763e-02
   0.0000000e+00
   0.0000000e+00
   0.0000000e+00
   0.0000000e+00
  -4.4150776e-02
  -4.1194383e-02
  -2.0007869e-02
  -0.0000000e+00
   0.0000000e+00
   0.0000000e+00
  -3.7666845e-02
  -4.1020982e-02
  -4.3443147e-02
  -4.6634424e-02
  -4.2084828e-02
  -4.1343801e-02
  -4.1230712e-02
  -2.3913154e-02
  -1.7702632e-02
  -8.7380139e-03
  -6.1976514e-03
  -8.6043458e-03
  -1.2646655e-02
  -1.6786616e-02
  -2.0453461e-02
  -2.5406072e-02
  -3.2687530e-02
  -4.1855551e-02
  -5.1198374e-02
  -5.8601514e-02
  -6.3743964e-02
  -6.5218747e-02
  -6.1674744e-02
  -5.2475538e-02
  -3.4683138e-02
  -1.3083153e-02
   0.0000000e+00
   0.0000000e+00
   0.0000000e+00
   0.0000000e+00
  -0.0000000e+00
  -3.1377096e-02
  -1.2814289e-02
   0.0000000e+00
   0.0000000e+00
   0.0000000e+00
  -4.1251823e-02
  -3.6742784e-02
  -3.7900832e-02
  -0.0000000e+00
  -3.4335607e-02
  -3.0706236e-02
  -2.7254734e-02
  -1.0421199e-02
  -7.2339941e-03
  -1.9688683e-03
  -2.7094723e-03
  -6.5509309e-03
  -1.1062944e-02
  -1.5698580e-02
  -2.0312142e-02
  -2.6066318e-02
  -3.3306397e-02
  -4.1877165e-02
  -5.0106548e-02
  -5.5638812e-02
  -5.8310602e-02
  -5.6722004e-02
  -4.9520429e-02
  -3.6462557e-02
  -1.5967837e-02
   1.8161554e-03
   0.0000000e+00
   0.0000000e+00
   0.0000000e+00
   0.0000000e+00
  -2.6738851e-02
  -1.9630691e-02
  -4.0390790e-03
   0.0000000e+00
   0.0000000e+00
   0.0000000e+00
  -0.0000000e+00
  -2.9050789e-02
  -2.0465318e-02
   0.0000000e+00
  -2.5771369e-02
  -1.9804483e-02
  -1.3994320e-02
  -4.5920856e-03
  -5.1899798e-03
  -2.9607338e-03
  -6.7439679e-03
  -1.2804872e-02
  -1.8649979e-02
  -2.4904405e-02
  -3.1023324e-02
  -3.7332248e-02
  -4.2950476e-02
  -4.7751181e-02
  -5.1013276e-02
  -5.1706999e-02
  -4.9909726e-02
  -4.4437565e-02
  -3.5028747e-02
  -2.1653336e-02
  -3.7379572e-03
   1.0439930e-02
   0.0000000e+00
   0.0000000e+00
   0.0000000e+00
  -3.3161905e-02
  -2.4862329e-02
  -5.5118840e-03
   7.4310326e-03
   0.0000000e+00
   0.0000000e+00
   0.0000000e+00
   0.0000000e+00
  -1.9398050e-02
  -3.3878540e-03
   0.0000000e+00
  -0.0000000e+00
  -1.2875259e-02
  -7.0796981e-03
  -0.0000000e+00
  -1.0690816e-02
  -8.1408508e-03
  -1.2335107e-02
  -1.9637017e-02
  -2.4979161e-02
  -3.0837029e-02
  -3.6485557e-02
  -4.2099569e-02
  -4.6362307e-02
  -4.9264103e-02
  -5.0465465e-02
  -4.9688701e-02
  -4.7179829e-02
  -4.1342363e-02
  -3.2308694e-02
  -2.1308301e-02
  -7.9855286e-03
   5.1764064e-03
   0.0000000e+00
   0.0000000e+00
  -0.0000000e+00
  -3.0943807e-02
  -1.1583379e-02
   0.0000000e+00
   0.0000000e+00
   0.0000000e+00
   0.0000000e+00
   0.0000000e+00
   0.0000000e+00
  -6.7531406e-03
   3.7650112e-03
   0.0000000e+00
   0.0000000e+00
  -6.9936795e-03
  -3.8273304e-03
   0.0000000e+00
  -0.0000000e+00
  -1.2446025e-02
  -1.4943285e-02
  -2.3515136e-02
  -2.7577586e-02
  -3.1171562e-02
  -3.4887169e-02
  -3.9133669e-02
  -4.2598988e-02
  -4.5047695e-02
  -4.6062371e-02
  -4.5763078e-02
  -4.4952331e-02
  -4.2757494e-02
  -3.7768906e-02
  -3.1691887e-02
  -2.5025455e-02
  -1.1595153e-02
   0.0000000e+00
   0.0000000e+00
  -3.5728719e-02
  -2.6240888e-02
   1.6247942e-03
   0.0000000e+00
   0.0000000e+00
   0.0000000e+00
   0.0000000e+00
   0.0000000e+00
   0.0000000e+00
  -0.0000000e+00
   8.4778053e-03
   0.0000000e+00
   0.0000000e+00
  -0.0000000e+00
   0.0000000e+00
  -0.0000000e+00
  -0.0000000e+00
  -2.2723164e-02
  -2.7609186e-02
  -3.5809678e-02
  -3.4367919e-02
  -3.4655284e-02
  -3.5386469e-02
  -3.7524723e-02
  -4.0254664e-02
  -4.2406969e-02
  -4.3158621e-02
  -4.2901501e-02
  -4.3042537e-02
  -4.4585135e-02
  -4.6926867e-02
  -4.9655676e-02
  -5.2092426e-02
  -4.6118974e-02
  -0.0000000e+00
   0.0000000e+00
  -4.3171500e-02
  -2.5886459e-02
   6.6267451e-03
   0.0000000e+00
   0.0000000e+00
   0.0000000e+00
   0.0000000e+00
   0.0000000e+00
   0.0000000e+00
   0.0000000e+00
   1.3015193e-02
   0.0000000e+00
   0.0000000e+00
   0.0000000e+00
   0.0000000e+00
  -0.0000000e+00
  -1.4488120e-02
  -3.6035246e-02
  -4.4095669e-02
  -4.8003793e-02
  -4.8875321e-02
  -4.8213281e-02
  -4.8003379e-02
  -4.9968936e-02
  -5.4149143e-02
  -5.8705781e-02
  -6.1791226e-02
  -6.1724335e-02
  -5.7915989e-02
  -5.0461687e-02
  -4.6432506e-02
  -4.9955573e-02
  -6.1838005e-02
  -7.1968630e-02
  -8.6386406e-02
  -6.9215639e-02
  -5.1544459e-02
  -3.2387286e-02
   2.9881758e-03
   0.0000000e+00
   0.0000000e+00
   0.0000000e+00
   0.0000000e+00
   0.0000000e+00
   0.0000000e+00
   0.0000000e+00
   1.6132089e-02
   0.0000000e+00
   0.0000000e+00
   0.0000000e+00
   0.0000000e+00
   0.0000000e+00
  -3.9991049e-02
  -4.7119904e-02
  -5.3742502e-02
  -5.8954984e-02
  -6.0884912e-02
  -6.0934287e-02
  -6.1604243e-02
  -6.4642072e-02
  -7.0224635e-02
  -7.6970667e-02
  -8.2104579e-02
  -8.1983209e-02
  -7.4872971e-02
  -5.8623590e-02
  -4.0705550e-02
  -3.1221692e-02
  -0.0000000e+00
  -7.2336470e-02
  -8.5263573e-02
  -6.6697717e-02
  -5.5067353e-02
  -4.1423567e-02
  -1.0196456e-02
   0.0000000e+00
   0.0000000e+00
   0.0000000e+00
   0.0000000e+00
   0.0000000e+00
   0.0000000e+00
   0.0000000e+00
   1.4056403e-02
   0.0000000e+00
   0.0000000e+00
   0.0000000e+00
   0.0000000e+00
  -0.0000000e+00
  -4.1533050e-02
  -4.9236298e-02
  -5.7442804e-02
  -6.3461967e-02
  -6.6746190e-02
  -6.8455725e-02
  -6.9974370e-02
  -7.2974406e-02
  -7.7985829e-02
  -8.4508717e-02
  -8.9430615e-02
  -8.8829507e-02
  -8.0365226e-02
  -6.0475722e-02
  -3.3387892e-02
  -1.5445299e-02
   0.0000000e+00
  -5.4165765e-02
  -6.0200088e-02
  -5.5343483e-02
  -5.3145920e-02
  -5.0890468e-02
  -3.2896240e-02
   0.0000000e+00
   0.0000000e+00
   0.0000000e+00
   0.0000000e+00
   0.0000000e+00
   0.0000000e+00
  -8.6885741e-03
   7.6691121e-03
   0.0000000e+00
   0.0000000e+00
   0.0000000e+00
   0.0000000e+00
  -0.0000000e+00
  -3.9606292e-02
  -4.5034830e-02
  -5.3900056e-02
  -6.0696870e-02
  -6.5497331e-02
  -6.8234324e-02
  -6.9085166e-02
  -6.9100790e-02
  -7.0627227e-02
  -7.4090451e-02
  -7.7582583e-02
  -7.7165641e-02
  -6.9627173e-02
  -4.9935434e-02
  -2.1033157e-02
  -5.4549201e-03
   0.0000000e+00
  -3.5295215e-02
  -3.7371174e-02
  -3.9456695e-02
  -4.3910772e-02
  -5.0931640e-02
  -5.0795828e-02
   0.0000000e+00
   0.0000000e+00
   0.0000000e+00
   0.0000000e+00
   0.0000000e+00
   0.0000000e+00
  -2.9164575e-02
  -1.1104576e-02
   0.0000000e+00
   0.0000000e+00
   0.0000000e+00
   0.0000000e+00
   0.0000000e+00
  -0.0000000e+00
  -3.5154372e-02
  -4.4018995e-02
  -5.0666679e-02
  -5.5223651e-02
  -5.7119612e-02
  -5.6705840e-02
  -5.5073958e-02
  -5.4311372e-02
  -5.5467926e-02
  -5.7815529e-02
  -5.7622097e-02
  -5.1425159e-02
  -3.4346435e-02
  -8.3221868e-03
   0.0000000e+00
  -3.2802123e-02
  -2.0145326e-02
  -1.9622892e-02
  -2.4336347e-02
  -3.1347215e-02
  -4.2120013e-02
  -5.1463410e-02
  -0.0000000e+00
   0.0000000e+00
   0.0000000e+00
   0.0000000e+00
   0.0000000e+00
  -0.0000000e+00
  -0.0000000e+00
  -0.0000000e+00
   0.0000000e+00
   0.0000000e+00
   0.0000000e+00
   0.0000000e+00
   0.0000000e+00
   0.0000000e+00
  -1.5295198e-02
  -2.2860178e-02
  -2.8148193e-02
  -3.0126356e-02
  -2.9610120e-02
  -2.8169565e-02
  -2.7517654e-02
  -2.8031713e-02
  -3.0202210e-02
  -3.2904792e-02
  -3.3221323e-02
  -2.8386757e-02
  -1.4183410e-02
   5.1481857e-03
   0.0000000e+00
  -1.5895946e-02
  -2.2190121e-03
   1.7993639e-03
  -5.3726698e-03
  -1.3591038e-02
  -2.4770164e-02
  -4.0122001e-02
  -3.7365315e-02
   0.0000000e+00
   0.0000000e+00
  -0.0000000e+00
  -0.0000000e+00
  -0.0000000e+00
  -0.0000000e+00
  -0.0000000e+00
   0.0000000e+00
   0.0000000e+00
   0.0000000e+00
   0.0000000e+00
   0.0000000e+00
   0.0000000e+00
   7.0021600e-03
   5.8949664e-03
   4.2013293e-03
   5.0181421e-03
   7.2342213e-03
   8.6519793e-03
   7.3665241e-03
   3.3721994e-03
  -1.9833245e-03
  -6.7387996e-03
  -8.6065987e-03
  -5.7895603e-03
   5.7111424e-03
   1.8379801e-02
   0.0000000e+00
   0.0000000e+00
   0.0000000e+00
   2.4876123e-02
   1.5796404e-02
   6.0784090e-03
  -4.1336184e-03
  -1.9670108e-02
  -2.5718451e-02
   0.0000000e+00
   0.0000000e+00
  -0.0000000e+00
  -0.0000000e+00
  -0.0000000e+00
  -0.0000000e+00
   0.0000000e+00
   0.0000000e+00
   0.0000000e+00
   0.0000000e+00
   0.0000000e+00
   0.0000000e+00
   0.0000000e+00
   2.2877170e-02
   3.3765238e-02
   4.0641636e-02
   4.3983314e-02
   4.7107879e-02
   4.7536332e-02
   4.4022337e-02
   3.7122622e-02
   2.9008666e-02
   2.1925068e-02
   1.7682891e-02
   1.6623273e-02
   2.4168892e-02
   0.0000000e+00
   0.0000000e+00
   0.0000000e+00
   0.0000000e+00
   0.0000000e+00
   3.5710342e-02
   2.7333496e-02
   1.8387761e-02
   5.0665112e-03
  -4.7883157e-03
  -0.0000000e+00
   0.0000000e+00
   0.0000000e+00
   0.0000000e+00
   0.0000000e+00
   0.0000000e+00
   0.0000000e+00
   0.0000000e+00
   0.0000000e+00
   0.0000000e+00
   0.0000000e+00
   0.0000000e+00
   0.0000000e+00
   0.0000000e+00
   5.2595825e-02
   6.6619843e-02
   7.1730040e-02
   7.5999646e-02
   7.5352460e-02
   6.9518849e-02
   6.1750703e-02
   5.3578794e-02
   4.6174392e-02
   4.0139424e-02
   3.4574021e-02
   3.5017721e-02
   0.0000000e+00
   0.0000000e+00
   0.0000000e+00
   0.0000000e+00
   0.0000000e+00
   4.6898779e-02
   4.5047669e-02
   3.8860239e-02
   2.7892532e-02
   1.4366097e-02
   0.0000000e+00
   0.0000000e+00
   0.0000000e+00
   0.0000000e+00
   0.0000000e+00
   0.0000000e+00
   0.0000000e+00
   0.0000000e+00
   0.0000000e+00
   0.0000000e+00
   0.0000000e+00
   0.0000000e+00
   0.0000000e+00
   0.0000000e+00
   5.2754614e-02
   6.8365060e-02
   7.7793121e-02
   8.2634881e-02
   8.1036434e-02
   7.5440548e-02
   6.9391578e-02
   6.4286418e-02
   5.9190325e-02
   5.3349692e-02
   4.4484012e-02
   3.1228011e-02
   0.0000000e+00
   0.0000000e+00
   0.0000000e+00
   0.0000000e+00
   0.0000000e+00
   0.0000000e+00
   5.2779508e-02
   5.1535308e-02
   4.5276046e-02
   3.3520961e-02
   0.0000000e+00
   0.0000000e+00
   0.0000000e+00
   0.0000000e+00
   0.0000000e+00
   0.0000000e+00
   0.0000000e+00
   0.0000000e+00
   0.0000000e+00
   0.0000000e+00
   0.0000000e+00
   0.0000000e+00
   0.0000000e+00
   0.0000000e+00
   3.7408371e-02
   4.7706190e-02
   6.0118392e-02
   6.4569823e-02
   6.4278893e-02
   6.2480863e-02
   6.0895950e-02
   5.9926331e-02
   5.7981301e-02
   5.3686352e-02
   4.5612745e-02
   2.9152170e-02
   0.0000000e+00
   0.0000000e+00
   0.0000000e+00
   0.0000000e+00
   0.0000000e+00
   0.0000000e+00
   0.0000000e+00
   4.8634794e-02
   5.0937407e-02
   4.5929941e-02
   0.0000000e+00
   0.0000000e+00
   0.0000000e+00
   0.0000000e+00
   0.0000000e+00
   0.0000000e+00
   0.0000000e+00
   0.0000000e+00
   0.0000000e+00
   0.0000000e+00
   0.0000000e+00
   0.0000000e+00
   0.0000000e+00
   0.0000000e+00
   0.0000000e+00
   2.1229202e-02
   2.6419372e-02
   3.0086214e-02
   3.3755399e-02
   3.7429127e-02
   4.1534916e-02
   4.4107804e-02
   4.5059147e-02
   4.3622956e-02
   3.9010479e-02
   2.9686138e-02
   0.0000000e+00
   0.0000000e+00
   0.0000000e+00
   0.0000000e+00
   0.0000000e+00
   0.0000000e+00
   0.0000000e+00
   3.4953303e-02
   4.3140559e-02
   4.0420645e-02
   2.7765963e-02
   0.0000000e+00
   0.0000000e+00
   0.0000000e+00
   0.0000000e+00
   0.0000000e+00
   0.0000000e+00
   0.0000000e+00
   0.0000000e+00
   0.0000000e+00
   0.0000000e+00
   0.0000000e+00
   0.0000000e+00
   0.0000000e+00
   0.0000000e+00
  -6.6113064e-03
  -6.9356411e-03
  -8.7839505e-03
  -5.0713941e-03
   3.5177940e-03
   1.1411327e-02
   1.6979944e-02
   2.2681965e-02
   2.4981736e-02
   2.3584550e-02
   0.0000000e+00
   0.0000000e+00
   0.0000000e+00
   0.0000000e+00
   0.0000000e+00
   0.0000000e+00
   0.0000000e+00
   0.0000000e+00
   0.0000000e+00
   0.0000000e+00
   1.6974260e-02
   1.6408842e-02
   0.0000000e+00
   0.0000000e+00
   0.0000000e+00
   0.0000000e+00
   0.0000000e+00
   0.0000000e+00
   0.0000000e+00
   0.0000000e+00
   0.0000000e+00
   0.0000000e+00
   0.0000000e+00
   0.0000000e+00
   0.0000000e+00
   0.0000000e+00
  -0.0000000e+00
  -0.0000000e+00
  -0.0000000e+00
  -0.0000000e+00
  -2.9413359e-02
  -2.0889746e-02
  -0.0000000e+00
   0.0000000e+00
   0.0000000e+00
  -0.0000000e+00
   0.0000000e+00
   0.0000000e+00
   0.0000000e+00
   0.0000000e+00
   0.0000000e+00
   0.0000000e+00
   0.0000000e+00
   0.0000000e+00
  -0.0000000e+00
  -0.0000000e+00
  -0.0000000e+00
  -3.9631621e-03
  -4.2187487e-03
   0.0000000e+00
   0.0000000e+00
   0.0000000e+00
   0.0000000e+00
   0.0000000e+00
   0.0000000e+00
   0.0000000e+00
   0.0000000e+00
   0.0000000e+00
   0.0000000e+00
   0.0000000e+00
   0.0000000e+00
   0.0000000e+00
   0.0000000e+00
   0.0000000e+00
   0.0000000e+00
   0.0000000e+00
  -0.0000000e+00
  -2.7540130e-02
   0.0000000e+00
   0.0000000e+00
  -0.0000000e+00
  -0.0000000e+00
  -0.0000000e+00
  -0.0000000e+00
   0.0000000e+00
   0.0000000e+00
   0.0000000e+00
   0.0000000e+00
   0.0000000e+00
   0.0000000e+00
  -0.0000000e+00
   0.0000000e+00
   0.0000000e+00
  -0.0000000e+00
  -1.3443768e-02
  -1.4810246e-02
  -1.1671391e-02
  -1.1362117e-02
  -9.0154746e-03
  -8.2541092e-03
  -2.5195503e-03
  -0.0000000e+00
   0.0000000e+00
   0.0000000e+00
