  -2.9487330e-02
  -1.6741142e-01
  -6.5187745e-02
  -2.2550751e-01
  -5.2580416e-01
  -4.4172689e-01
  -1.8911870e-01
  -5.4097110e-01
  -8.2471734e-01
  -8.1686002e-01
  -9.1663206e-01
  -8.9697003e-01
  -7.5112665e-01
  -7.5766420e-01
  -1.1067390e+00
  -1.2385920e+00
  -1.0189883e+00
  -1.0400343e+00
  -7.8761011e-01
  -7.2581846e-01
  -8.1234080e-01
  -8.0766809e-01
  -7.7742660e-01
  -7.6233888e-01
  -5.6140244e-01
  -5.5271178e-01
  -6.7785013e-01
  -6.7513263e-01
  -4.6674037e-01
  -2.1924581e-01
  -2.1720493e-01
  -2.5711051e-01
  -3.9408687e-01
  -2.6417685e-01
   6.3617788e-02
   1.9022584e-01
  -1.0482500e+00
  -8.5498840e-01
  -4.1967618e-01
  -2.9385760e-01
  -3.3559936e-01
  -2.0312913e-01
  -2.7241451e-01
  -4.2063496e-01
  -4.3509269e-01
  -3.4315094e-01
  -2.4984522e-01
  -3.2908216e-01
  -4.7021008e-01
  -5.4595613e-01
  -5.7521141e-01
  -6.2256217e-01
  -7.0786017e-01
  -7.6835680e-01
  -7.8191406e-01
  -5.7358509e-01
  -4.1298094e-01
  -2.7428007e-01
  -3.1059849e-01
  -4.3920130e-01
  -6.3335562e-01
  -8.1485152e-01
  -9.3198556e-01
  -8.7228996e-01
  -8.3740896e-01
  -6.6677296e-01
  -7.4217492e-01
  -7.0703620e-01
  -8.3543962e-01
  -8.9859521e-01
  -1.1355994e+00
  -1.0225568e+00
  -1.2626162e-01
   7.5635880e-02
   2.0395300e-01
   2.4892248e-01
   4.0034786e-01
   5.6003106e-01
   4.0057534e-01
   5.5998027e-01
   7.8937113e-01
   1.0273947e+00
   1.2390740e+00
   1.4660569e+00
   1.5253040e+00
   1.5470536e+00
   1.6120692e+00
   1.6443776e+00
   1.5896194e+00
   1.5020308e+00
   1.4129884e+00
   1.3538271e+00
   1.3242069e+00
   1.3454562e+00
   1.2298032e+00
   9.0013456e-01
   6.2780714e-01
   4.6764779e-01
   4.3970653e-01
   5.3087080e-01
   6.1441922e-01
   6.7666042e-01
   6.3197035e-01
   4.2542043e-01
   2.2235103e-01
   1.7446421e-01
   1.5907907e-01
   6.9701150e-02
   7.8094351e-01
   8.7082434e-01
   7.8876352e-01
   4.4953737e-01
   4.6312585e-01
   9.4391149e-01
   1.1587876e+00
   1.5301270e+00
   1.3761773e+00
   1.4977065e+00
   2.3646808e+00
   2.8448887e+00
   3.2324564e+00
   3.4129922e+00
   3.6097803e+00
   3.7625334e+00
   3.8681109e+00
   3.8776705e+00
   3.8317277e+00
   2.1179187e+00
   2.2179773e+00
   2.6533051e+00
   2.9144158e+00
   2.7950864e+00
   2.6770840e+00
   2.6619275e+00
   2.7698972e+00
   2.9037189e+00
   2.8648787e+00
   2.6611266e+00
   2.4776812e+00
   2.3061333e+00
   2.2004766e+00
   2.2577145e+00
   2.4016948e+00
   2.1779485e+00
   9.4560790e-01
   8.8978374e-01
   1.1020851e+00
   7.5999004e-01
   8.8253641e-01
   1.7277772e+00
   2.0421972e+00
   2.2904999e+00
   2.0754561e+00
   2.7577827e+00
   3.1922343e+00
   3.4859405e+00
   3.8841829e+00
   4.1749573e+00
   4.4562626e+00
   4.7053666e+00
   4.8998351e+00
   4.9938507e+00
   4.8265271e+00
   2.2916608e+00
   2.8280258e+00
   3.3431029e+00
   4.0328054e+00
   4.2907376e+00
   4.4005818e+00
   4.4482393e+00
   4.3810201e+00
   4.2118359e+00
   4.0935240e+00
   3.9296615e+00
   3.7618058e+00
   3.6311512e+00
   3.6446691e+00
   3.7666972e+00
   3.9042642e+00
   3.2264407e+00
   1.8967377e+00
   1.0422934e+00
   1.0004106e+00
   9.1242783e-01
   1.3735581e+00
   2.7923948e+00
   2.7576929e+00
   2.7065245e+00
   2.9283692e+00
   3.1190270e+00
   3.1440067e+00
   3.2533166e+00
   3.5029091e+00
   3.7546797e+00
   4.0371158e+00
   4.3281951e+00
   4.6056836e+00
   4.7968710e+00
   4.5424429e+00
   1.9809027e+00
   1.9314438e+00
   2.7892447e+00
   4.0049264e+00
   4.6886895e+00
   5.0180780e+00
   4.9669946e+00
   4.2655423e+00
   3.6894588e+00
   3.2379539e+00
   3.4951148e+00
   3.6551611e+00
   3.6990745e+00
   3.9140403e+00
   4.1224981e+00
   4.2406800e+00
   3.7713759e+00
   3.8916271e+00
   2.0265486e+00
   1.2559723e+00
   1.0311737e+00
   2.1754713e+00
   3.3963585e+00
   3.1163006e+00
   2.8342786e+00
   2.6625185e+00
   2.5565662e+00
   2.4034135e+00
   2.3619299e+00
   2.4761715e+00
   2.6636467e+00
   2.9274387e+00
   3.2286758e+00
   3.5253222e+00
   3.6617885e+00
   3.3344040e+00
   1.6745926e+00
   1.3163257e+00
   1.0588517e+00
   2.6930397e+00
   3.8627725e+00
   4.4505515e+00
   4.1647072e+00
   2.5335410e+00
   9.2494148e-01
   9.5771801e-01
   1.8622200e+00
   2.3085303e+00
   2.5804021e+00
   3.1125252e+00
   3.4169185e+00
   3.5522711e+00
   3.6161702e+00
   2.5097269e+00
   3.1731651e+00
   2.5953591e+00
   1.5832383e+00
   2.3648937e+00
   2.7513006e+00
   2.5036494e+00
   2.1122551e+00
   1.6847241e+00
   1.3493754e+00
   1.0979390e+00
   9.6228814e-01
   9.8947048e-01
   1.1035377e+00
   1.3088073e+00
   1.5548063e+00
   1.7210107e+00
   1.6897771e+00
   1.3344007e+00
   9.5655459e-01
   3.4978434e-01
  -4.9441388e-01
   5.7925481e-01
   2.2040193e+00
   2.8468555e+00
   2.1667438e+00
   8.5136372e-01
   4.5795417e-01
  -1.9401315e-01
  -2.9176661e-01
   7.0851979e-01
   1.3177086e+00
   1.7679189e+00
   1.9737264e+00
   2.0031204e+00
   2.0608833e+00
   7.3141080e-01
   1.5034795e+00
   1.7884399e+00
   8.5016340e-01
   1.2623750e+00
   1.4758856e+00
   1.1741892e+00
   7.7721447e-01
   3.7597737e-01
   6.5265156e-02
  -1.6813040e-01
  -3.2272428e-01
  -3.3718607e-01
  -2.7138591e-01
  -1.4612243e-01
  -3.9192129e-02
  -4.3972522e-02
  -2.8229505e-01
  -6.1309874e-01
  -2.9880911e-01
  -4.6664381e-01
  -8.6545426e-01
  -8.3652699e-01
   6.3411230e-01
   1.0699514e+00
   1.5490031e-01
  -3.8066900e-01
  -7.7256352e-02
  -9.2934245e-01
  -8.6295348e-01
  -2.2199801e-01
   3.9191362e-01
   5.4757416e-01
   5.0512189e-01
   3.3550990e-01
   2.9882213e-01
  -1.6698364e+00
  -9.9582040e-01
  -2.4170369e-01
  -2.0304743e-02
  -4.6831554e-01
  -7.8968704e-01
  -9.3781835e-01
  -1.1220759e+00
  -1.3045211e+00
  -1.4626409e+00
  -1.5875996e+00
  -1.7312673e+00
  -1.7856661e+00
  -1.8117044e+00
  -1.8155500e+00
  -1.9257444e+00
  -2.2038939e+00
  -2.6634760e+00
  -2.7348149e+00
  -9.8555124e-01
  -5.2863896e-01
  -1.0165149e+00
  -2.2807498e+00
  -1.3493680e+00
  -1.3544884e+00
  -1.7331966e+00
  -3.3648312e-01
  -1.1131556e+00
  -1.1736099e+00
  -8.8219148e-01
  -6.4818507e-01
  -9.5334893e-01
  -1.1645063e+00
  -1.4855380e+00
  -1.8552047e+00
  -1.9982314e+00
  -3.3370054e+00
  -2.7666962e+00
  -2.0189500e+00
  -1.6384857e+00
  -2.0829566e+00
  -2.2969255e+00
  -2.3189971e+00
  -2.3704653e+00
  -2.4548953e+00
  -2.4995079e+00
  -2.4927690e+00
  -2.6067052e+00
  -2.7101917e+00
  -2.8090065e+00
  -2.9553218e+00
  -3.2580612e+00
  -3.7121580e+00
  -4.1989093e+00
  -3.8228188e+00
  -7.9137945e-01
  -3.2200885e-01
  -8.6555648e-01
  -1.4628438e+00
  -2.9412086e+00
  -3.1066294e+00
  -2.6106472e+00
  -6.0869653e-02
  -1.4029516e+00
  -1.0546607e+00
  -4.7584283e-01
  -1.3572979e+00
  -2.2293994e+00
  -2.6184154e+00
  -3.0207763e+00
  -3.4338765e+00
  -3.6074362e+00
  -4.4186583e+00
  -3.8803620e+00
  -3.1790452e+00
  -2.8637648e+00
  -3.0074668e+00
  -3.1091707e+00
  -3.1725447e+00
  -3.2271976e+00
  -3.2715759e+00
  -3.2326391e+00
  -3.1905174e+00
  -3.2794833e+00
  -3.4282470e+00
  -3.6554043e+00
  -4.0045075e+00
  -4.4765210e+00
  -4.9741030e+00
  -5.2781835e+00
  -4.5018253e+00
  -1.1672832e+00
  -5.0116632e-02
  -4.4951257e-01
  -1.0539954e+00
  -3.8487880e+00
  -4.3383741e+00
  -2.9594979e+00
  -1.3940310e-01
  -7.6388365e-01
  -9.0137827e-01
  -1.4130356e+00
  -2.4033852e+00
  -3.4538214e+00
  -3.8777766e+00
  -4.1621428e+00
  -4.4880357e+00
  -4.6492853e+00
  -4.5384779e+00
  -3.9736261e+00
  -3.2693987e+00
  -2.9277318e+00
  -2.9195673e+00
  -3.0644546e+00
  -3.2726920e+00
  -3.3907020e+00
  -3.4460771e+00
  -3.4608972e+00
  -3.5301521e+00
  -3.7062364e+00
  -3.9935951e+00
  -4.3833170e+00
  -4.8762670e+00
  -5.3391180e+00
  -5.6564112e+00
  -5.5715232e+00
  -4.5535836e+00
  -7.2716451e-01
   1.4165039e-01
  -2.9367152e-01
  -1.1478233e+00
  -4.1235209e+00
  -4.7075758e+00
  -2.7133515e+00
   1.4013854e-01
  -3.5677814e-01
  -9.6893752e-01
  -2.5827570e+00
  -3.6403229e+00
  -4.0376234e+00
  -4.3952775e+00
  -4.4546232e+00
  -4.6128511e+00
  -4.7486424e+00
  -3.9767394e+00
  -3.3903244e+00
  -2.6599293e+00
  -2.2952547e+00
  -2.2791471e+00
  -2.5211506e+00
  -2.8249476e+00
  -3.0205188e+00
  -3.2280190e+00
  -3.5002947e+00
  -3.8369112e+00
  -4.2192278e+00
  -4.6381240e+00
  -5.0634675e+00
  -5.4703012e+00
  -5.7268724e+00
  -5.7121024e+00
  -5.1576414e+00
  -3.4070063e+00
  -6.7519277e-02
  -2.0999019e-01
  -4.2233816e-01
  -1.2574892e+00
  -4.2922411e+00
  -4.3680673e+00
  -2.0881689e+00
   8.3437788e-01
  -1.4135002e-01
  -1.0888354e+00
  -2.8057785e+00
  -3.8493724e+00
  -4.0670133e+00
  -4.3922048e+00
  -4.2419629e+00
  -4.1631899e+00
  -4.1888070e+00
  -2.8705816e+00
  -2.3214695e+00
  -1.6207145e+00
  -1.3515840e+00
  -1.4565370e+00
  -1.7871929e+00
  -2.1642182e+00
  -2.5027139e+00
  -2.9706826e+00
  -3.5894790e+00
  -4.2410760e+00
  -4.8055282e+00
  -5.2091236e+00
  -5.4894385e+00
  -5.6174526e+00
  -5.5151248e+00
  -5.0794544e+00
  -3.9720552e+00
  -1.3604317e+00
  -3.7317005e-01
  -1.2928309e+00
  -7.4052536e-01
  -1.0938128e+00
  -2.8934205e+00
  -3.5350826e+00
  -1.2947652e+00
   1.1168797e+00
  -1.9479334e-01
  -1.2495373e+00
  -3.3871238e+00
  -3.7361112e+00
  -3.8187931e+00
  -4.3381996e+00
  -3.7954369e+00
  -3.3599951e+00
  -3.1060359e+00
  -1.7251744e+00
  -1.3510011e+00
  -8.0502844e-01
  -7.9984194e-01
  -1.1044608e+00
  -1.5380867e+00
  -2.0102904e+00
  -2.4838722e+00
  -3.0796072e+00
  -3.7854340e+00
  -4.5109968e+00
  -5.0715094e+00
  -5.3576117e+00
  -5.4339514e+00
  -5.2623138e+00
  -4.7964215e+00
  -3.9470572e+00
  -2.3617241e+00
   1.8101108e-01
  -6.5520066e-01
  -4.0597167e+00
  -1.7324189e+00
  -9.7858590e-01
  -2.0906925e+00
  -2.5464101e+00
  -5.8636272e-01
   1.0398562e+00
  -1.9687322e-01
  -1.9674067e+00
  -4.4301381e+00
  -3.4350629e+00
  -2.8663888e+00
  -1.5909708e+00
  -3.2165647e+00
  -2.5368783e+00
  -1.9542335e+00
  -1.0541620e+00
  -1.0656762e+00
  -6.7196345e-01
  -9.8701537e-01
  -1.5178553e+00
  -2.1235874e+00
  -2.7628784e+00
  -3.3756676e+00
  -3.9955137e+00
  -4.5881867e+00
  -5.1321115e+00
  -5.5105863e+00
  -5.6166334e+00
  -5.4812260e+00
  -5.0425673e+00
  -4.2727342e+00
  -3.0401630e+00
  -8.9743519e-01
   1.5909015e+00
  -4.7241026e-01
  -5.8065224e+00
  -3.9134130e+00
  -1.8413501e+00
  -2.6619985e+00
  -1.4487523e+00
   3.8935363e-01
   1.3131230e+00
  -8.2799375e-02
  -1.7741345e+00
  -3.8726814e+00
  -2.8755488e+00
  -1.2082455e+00
  -3.4672594e-01
  -2.2294686e+00
  -2.0239756e+00
  -1.2535263e+00
  -3.1409874e-01
  -1.1245189e+00
  -1.1537905e+00
  -1.6938991e+00
  -2.4725921e+00
  -3.2265609e+00
  -4.0097895e+00
  -4.7230405e+00
  -5.3574303e+00
  -5.8149293e+00
  -6.1139252e+00
  -6.2242448e+00
  -6.1339109e+00
  -5.8721883e+00
  -5.3143032e+00
  -4.4105782e+00
  -2.9969400e+00
  -5.3271257e-01
   2.0461619e+00
  -5.0540680e-01
  -5.1194628e+00
  -5.2638410e+00
  -3.7088635e+00
  -2.2237439e+00
   2.5220582e-01
   2.0885577e+00
   1.5564966e+00
  -3.1412870e-02
  -1.0835653e+00
  -1.7694552e+00
  -1.6488240e+00
   6.8097255e-02
   7.1707526e-01
  -8.9004434e-01
  -1.4962224e+00
  -8.9695210e-01
   2.1221567e-01
  -1.1869035e+00
  -1.7230029e+00
  -2.1799226e+00
  -2.9611324e+00
  -3.7158592e+00
  -4.3147301e+00
  -4.8570951e+00
  -5.3625797e+00
  -5.7231267e+00
  -5.9611604e+00
  -6.0517166e+00
  -5.9963310e+00
  -5.8473332e+00
  -5.4616268e+00
  -4.7375049e+00
  -3.7392750e+00
  -2.3308367e+00
  -1.9954813e-01
  -2.6578829e-01
  -1.6473779e+00
  -3.9761133e+00
  -3.3903070e+00
  -3.3030810e-01
   1.1639517e+00
   1.1546315e+00
   1.0277531e+00
   2.6363955e-02
  -6.4308695e-01
  -7.2843161e-01
  -7.6730403e-01
   1.0055920e+00
   1.3578748e+00
  -4.1610474e-02
  -5.8107876e-01
  -1.2785895e-01
  -3.2738116e-02
  -6.1589950e-01
  -1.8672528e+00
  -2.2317832e+00
  -2.4441218e+00
  -3.5539021e+00
  -3.8560839e+00
  -4.1655359e+00
  -4.5093317e+00
  -4.7870913e+00
  -4.9625411e+00
  -4.9851518e+00
  -4.9214592e+00
  -4.9091640e+00
  -4.9943762e+00
  -5.0050735e+00
  -4.9282470e+00
  -4.6782494e+00
  -3.0582006e+00
  -8.8969225e-01
  -3.5879297e+00
  -4.2761774e+00
  -2.9145229e+00
   1.2361400e+00
   1.4581736e+00
   6.1542821e-01
   5.2995312e-01
  -1.2247860e-03
  -3.4624657e-01
  -5.5222112e-01
  -4.8474491e-01
   1.5089409e+00
   1.3514528e+00
   2.6019216e-01
  -1.3601871e-01
   7.4748933e-01
  -4.3062752e-01
  -4.7609177e-01
  -2.2879808e+00
  -3.1941619e+00
  -3.5506480e+00
  -3.8128474e+00
  -3.9638422e+00
  -4.1570191e+00
  -4.4371285e+00
  -4.7188821e+00
  -4.9126325e+00
  -4.9379115e+00
  -4.8527346e+00
  -4.7699637e+00
  -4.8467994e+00
  -5.2127619e+00
  -5.7285428e+00
  -6.1251903e+00
  -5.9440517e+00
  -3.9774766e+00
  -6.7236686e+00
  -5.1094117e+00
  -2.8747315e+00
   1.6029593e+00
   1.5299548e+00
   4.5389783e-01
   3.3115211e-01
  -8.9026257e-02
  -1.9778676e-01
  -4.4780621e-01
  -2.8006232e-01
   1.6471432e+00
   1.6130821e+00
   3.8030735e-01
   1.5213650e-01
   5.6185246e-01
  -2.5953692e-01
  -1.0872755e+00
  -3.1211474e+00
  -3.9303420e+00
  -4.3378181e+00
  -4.4868727e+00
  -4.6457272e+00
  -4.8840489e+00
  -5.2394123e+00
  -5.6357346e+00
  -5.9782252e+00
  -6.1583939e+00
  -6.0916600e+00
  -5.7855897e+00
  -5.2129159e+00
  -4.7859545e+00
  -4.8827987e+00
  -5.8574982e+00
  -6.8730497e+00
  -7.7111340e+00
  -6.7425017e+00
  -5.2550035e+00
  -3.3897402e+00
   8.4139991e-01
   1.2904413e+00
   2.3479563e-01
   6.2380321e-03
  -2.4113856e-01
  -2.2641735e-01
  -5.3701895e-01
  -3.2896003e-01
   1.3633305e+00
   1.4696006e+00
   3.0286273e-01
  -6.2971815e-02
   8.2535937e-02
  -3.6662322e-01
  -2.7349901e+00
  -3.9348745e+00
  -4.4099879e+00
  -4.8647518e+00
  -5.1395702e+00
  -5.3616586e+00
  -5.6424708e+00
  -6.0341763e+00
  -6.4697914e+00
  -6.8813953e+00
  -7.1104722e+00
  -7.0221505e+00
  -6.5737576e+00
  -5.5806799e+00
  -4.1319823e+00
  -2.7072701e+00
  -3.6793914e+00
  -5.9160528e+00
  -6.5693340e+00
  -6.0238080e+00
  -5.2730331e+00
  -4.2562327e+00
  -9.2138427e-01
   3.7428296e-01
  -1.0025588e-01
  -3.9851993e-01
  -5.4943687e-01
  -3.3060703e-01
  -8.1329513e-01
  -7.8293562e-01
   1.2246054e+00
   8.2649130e-01
   1.4520568e-01
  -1.6965972e-01
  -4.7130230e-01
  -8.5300285e-01
  -3.1867793e+00
  -3.8219442e+00
  -4.5796537e+00
  -5.1358995e+00
  -5.4894457e+00
  -5.7099504e+00
  -5.8774195e+00
  -6.0918713e+00
  -6.3871050e+00
  -6.7245598e+00
  -6.9547739e+00
  -6.9110537e+00
  -6.4568534e+00
  -5.2722883e+00
  -3.1633997e+00
  -9.3124121e-01
  -1.8121793e+00
  -4.5444741e+00
  -5.0503860e+00
  -4.9943900e+00
  -4.9423795e+00
  -4.7251396e+00
  -2.8342438e+00
  -7.7971715e-01
  -6.3415825e-01
  -8.7488449e-01
  -1.1838515e+00
  -6.7422569e-01
  -1.3798099e+00
  -2.0076594e+00
   5.2328748e-01
   5.1340562e-01
   2.4001795e-01
  -1.4215997e-01
  -2.5931215e-01
  -6.2079406e-01
  -2.4801528e+00
  -3.3651071e+00
  -4.2006865e+00
  -4.7796774e+00
  -5.1216898e+00
  -5.2701669e+00
  -5.2903128e+00
  -5.2875352e+00
  -5.3865376e+00
  -5.5966487e+00
  -5.8548174e+00
  -5.9017916e+00
  -5.4950705e+00
  -4.1734872e+00
  -1.6777934e+00
   4.8071006e-01
  -2.1685305e+00
  -3.4196033e+00
  -3.2488546e+00
  -3.5395176e+00
  -3.9380431e+00
  -4.3769970e+00
  -3.9940789e+00
  -1.9672296e+00
  -2.4187100e+00
  -2.0182645e+00
  -2.3512902e+00
  -1.7719107e+00
  -2.1075854e+00
  -2.7883704e+00
  -7.4603701e-01
  -3.2918099e-02
   5.7267651e-02
  -8.4066667e-02
   1.0335017e-01
  -1.3922684e-01
  -6.9598740e-01
  -2.1520658e+00
  -2.9202549e+00
  -3.3963463e+00
  -3.6402898e+00
  -3.7116599e+00
  -3.7020948e+00
  -3.7049499e+00
  -3.7733223e+00
  -3.9363413e+00
  -4.1704907e+00
  -4.2428913e+00
  -3.8571000e+00
  -2.4663227e+00
   4.2750794e-02
   7.5559831e-01
  -2.3195531e+00
  -1.2419331e+00
  -8.7841910e-01
  -1.6076905e+00
  -2.3256390e+00
  -3.1897585e+00
  -3.8275592e+00
  -2.0977485e+00
  -2.8353245e+00
  -3.4749746e+00
  -2.7421889e+00
  -2.5705059e+00
  -1.9416463e+00
  -1.8207077e+00
  -9.2445338e-01
   3.2060072e-03
  -7.8037858e-02
  -7.8551680e-02
   1.3793349e-01
  -1.6976500e-01
  -3.3026403e-01
  -7.3438001e-01
  -1.1683625e+00
  -1.4621229e+00
  -1.6194500e+00
  -1.6761477e+00
  -1.7260302e+00
  -1.8456099e+00
  -2.0240200e+00
  -2.2499328e+00
  -2.4725959e+00
  -2.5165019e+00
  -2.1212280e+00
  -7.0502710e-01
   1.2532649e+00
   7.8049755e-01
  -6.6707671e-01
   1.0312229e+00
   1.0798705e+00
   1.8867832e-01
  -6.4453369e-01
  -1.5921406e+00
  -2.7540905e+00
  -2.3960574e+00
  -8.7671363e-01
  -2.2066357e+00
  -1.3915871e+00
  -1.3146365e+00
  -1.2243243e+00
  -3.9118066e-01
  -3.7356144e-01
  -2.3016545e-01
  -2.8458902e-01
  -1.1520874e-01
   1.5390888e-02
   1.6593218e-01
  -1.6913599e-01
   6.6571683e-01
   8.7642050e-01
   9.2022109e-01
   9.0235591e-01
   8.5378826e-01
   7.3693985e-01
   5.2958053e-01
   2.3564787e-01
  -8.2369894e-02
  -3.1185672e-01
  -3.4048885e-01
  -8.5219033e-03
   1.2610130e+00
   2.0169470e+00
   6.3154787e-01
   4.2355260e-01
   1.2586398e+00
   2.1642866e+00
   2.0270360e+00
   1.2726442e+00
   4.6674454e-01
  -6.1612445e-01
  -1.1770481e+00
  -5.5518043e-01
   2.4281482e-01
   8.9737290e-01
   8.2388717e-01
   3.6302027e-01
   3.4371945e-01
   4.1536075e-01
   1.9519550e-01
  -3.4794874e-02
   3.6402443e-01
   2.6325029e-01
   4.0443156e-01
  -2.5162867e-01
   8.5128874e-01
   1.8469736e+00
   2.2926006e+00
   2.4169676e+00
   2.4479117e+00
   2.3370545e+00
   2.1036489e+00
   1.7950582e+00
   1.4791981e+00
   1.2637937e+00
   1.1981725e+00
   1.3541050e+00
   2.3858137e+00
   1.5215502e+00
   8.3506823e-01
   6.7633843e-01
   9.2814047e-01
   1.7529031e+00
   2.8756120e+00
   2.4092862e+00
   1.8155315e+00
   9.8550278e-01
   2.9384392e-01
   1.1142034e-01
   1.2845428e+00
   8.3590563e-01
   5.1417774e-01
   4.0893394e-01
   8.8050856e-01
   7.3880333e-01
   6.1408693e-01
   1.3218523e+00
   6.8650568e-01
   6.4008647e-01
   7.3436201e-01
  -2.7172875e-01
   7.8197706e-01
   2.4923985e+00
   3.0715396e+00
   3.3419526e+00
   3.5312283e+00
   3.5099993e+00
   3.2846949e+00
   3.0268695e+00
   2.7902167e+00
   2.6098182e+00
   2.4826391e+00
   2.3668110e+00
   2.4505916e+00
   9.9256831e-01
   8.5730034e-01
   5.9909022e-01
   8.1650347e-01
   1.1911863e+00
   3.0218878e+00
   3.1486158e+00
   2.7576320e+00
   2.2337029e+00
   1.2923237e+00
   6.5017718e-01
   6.5806174e-01
   6.1482447e-01
   4.1433477e-01
   6.2356657e-01
   1.1433979e+00
   1.1420991e+00
   9.2305940e-01
   9.3782181e-01
   9.8473680e-01
   1.0984915e+00
   7.2557679e-01
   4.4831312e-01
   5.6764162e-01
   1.8772571e+00
   2.8382986e+00
   3.2923608e+00
   3.5459144e+00
   3.5757031e+00
   3.4877923e+00
   3.3379027e+00
   3.2423246e+00
   3.1499443e+00
   3.0004448e+00
   2.7118375e+00
   1.6066819e+00
   6.1578633e-01
   4.7754523e-01
   3.3823648e-01
   5.5496276e-01
   8.7434804e-01
   1.3625591e+00
   2.2978003e+00
   2.7827399e+00
   2.6418304e+00
   2.3319624e+00
   1.2909176e+00
   5.7335186e-01
   5.6380714e-01
   7.1865159e-01
   7.4025023e-01
   9.8421478e-01
   4.6135247e-01
   2.1615200e-01
   7.1418628e-01
   5.7624358e-01
   7.5039685e-01
   4.2428634e-01
   3.5095926e-01
   4.8582095e-01
   1.1755223e+00
   1.7784680e+00
   2.3194313e+00
   2.5725138e+00
   2.7037775e+00
   2.7891161e+00
   2.8803360e+00
   2.9535323e+00
   2.9770860e+00
   2.8900027e+00
   2.6455340e+00
   1.7386289e+00
   6.3378614e-01
   3.9870883e-01
   2.2953300e-01
   4.9320754e-01
   6.4749329e-01
   5.6131869e-01
   1.0386223e+00
   2.1933520e+00
   2.5229351e+00
   2.1990185e+00
   9.2031855e-01
   8.2549652e-01
   6.2090445e-01
   4.6990636e-01
   3.8014896e-01
   2.7069014e-01
   6.5908216e-02
  -6.0864628e-02
   2.8944427e-01
   4.2598687e-01
   6.3498758e-01
   2.6945128e-01
   3.5399780e-01
   1.6416076e-01
   7.7944623e-01
   6.8808299e-01
   7.1193701e-01
   8.5573160e-01
   1.1073430e+00
   1.3914793e+00
   1.6916872e+00
   1.9069299e+00
   2.1008649e+00
   2.1732084e+00
   2.1561215e+00
   1.0996767e+00
   4.6132791e-01
   3.8924900e-01
   2.9557452e-01
   4.7754150e-01
   4.5505828e-01
   4.1520774e-01
   8.1117444e-01
   1.2311649e+00
   1.7583333e+00
   1.5077949e+00
   9.5232493e-01
   8.7858784e-01
   3.5942038e-01
   2.3378803e-01
   1.6073470e-01
   2.4612195e-02
   4.8843767e-02
  -2.6854154e-02
   4.1577818e-02
   3.9585119e-01
   5.5481404e-01
   5.2707338e-01
   6.5679526e-01
   5.9835643e-01
   3.6393934e-01
  -5.4644126e-01
  -6.2596995e-01
  -5.8272165e-01
  -7.8127980e-01
  -3.1851295e-01
   5.1024947e-02
   3.8961893e-01
   8.2927293e-01
   1.0408493e+00
   3.9889154e-01
  -1.1912517e-01
   4.1680679e-01
   2.5124279e-01
   1.5387873e-01
   4.3610010e-01
   2.8295147e-01
   1.2949009e-01
   4.8749262e-01
  -1.2570043e-01
   1.4739144e-01
   1.7744319e-01
   3.3986568e-01
   8.3985306e-02
  -2.1542802e-02
  -1.7352395e-01
  -4.2979740e-02
  -1.1226534e-01
   9.3552843e-03
  -7.5835854e-02
  -1.1938506e-02
  -6.3480921e-03
   2.2121312e-01
   4.4047756e-01
   1.7287955e-01
  -5.4043483e-02
  -9.6426855e-02
   2.6892912e-01
  -3.1545827e-01
  -4.2636580e-01
  -5.0106978e-01
  -1.5287158e+00
  -1.1829214e+00
  -7.0835125e-01
  -5.3829783e-01
  -6.4278291e-01
  -5.2839440e-01
   3.0778953e-01
   2.3514915e-01
  -6.0335383e-02
   2.4832430e-01
   1.4309029e-01
  -1.1106393e-02
  -2.6965657e-01
   3.2440119e-01
  -7.5049348e-02
  -1.9106404e-01
   2.2180239e-01
  -1.9341139e-02
  -5.9493673e-01
  -2.3572636e-01
  -1.3252510e-01
  -2.6986787e-01
  -1.4839674e-01
  -2.6870713e-02
   5.9293792e-02
  -1.8508521e-01
  -1.6645722e-02
   3.0154473e-01
   3.2043518e-03
  -4.7612783e-02
   5.4417446e-02
   7.7235356e-02
  -2.6441310e-03
  -1.8139197e-01
  -1.2205964e-01
  -1.2086784e-01
  -3.1059581e-01
  -7.0988178e-01
  -9.4806808e-01
  -8.1927240e-01
  -8.6839122e-01
  -8.1057042e-01
  -6.5050888e-01
  -5.5256045e-01
  -2.8346997e-01
  -9.3981929e-02
  -5.3245720e-02
  -1.8113001e-01
  -1.0048796e-01
  -2.9543206e-01
  -5.2943212e-01
  -3.3183858e-01
  -2.5288993e-01
  -1.0305330e-01
  -4.8691559e-01
  -6.8837249e-01
  -6.0924011e-01
  -5.1062685e-01
  -3.1528956e-01
  -2.5977486e-01
  -2.1127290e-01
  -1.8165959e-01
  -7.2861090e-02
   6.2131114e-02
