  -0.0000000e+00
  -7.1760089e-03
  -0.0000000e+00
  -0.0000000e+00
  -4.9367947e-03
  -0.0000000e+00
  -7.0293476e-03
  -1.4873015e-02
  -1.4935020e-02
  -1.4149411e-02
  -1.5289394e-02
  -1.8747227e-02
  -0.0000000e+00
  -1.7711653e-02
  -2.1410595e-02
  -2.1716942e-02
  -1.9325848e-02
  -2.0283579e-02
  -0.0000000e+00
  -1.5976268e-02
  -1.6855686e-02
  -1.6108150e-02
  -1.5817051e-02
  -1.6254249e-02
   0.0000000e+00
   0.0000000e+00
   0.0000000e+00
   0.0000000e+00
   0.0000000e+00
   0.0000000e+00
   0.0000000e+00
   0.0000000e+00
   0.0000000e+00
   0.0000000e+00
   0.0000000e+00
  -0.0000000e+00
  -1.3463691e-02
  -7.6516365e-03
  -4.7879765e-03
  -4.7244137e-03
  -4.8127817e-03
  -4.5728842e-03
  -8.3488466e-03
  -8.8292407e-03
  -6.7972876e-03
  -4.0325364e-03
  -3.1865085e-03
  -4.7251699e-03
  -6.2178639e-03
  -6.2021380e-03
  -6.0292277e-03
  -7.1846880e-03
  -7.3201046e-03
  -8.9302066e-03
  -3.0623991e-03
  -4.1151917e-03
  -2.0227022e-03
  -1.7457487e-03
  -4.0647360e-03
  -6.8445237e-03
  -1.0816998e-02
  -1.3351795e-02
  -1.3354420e-02
  -1.3101459e-02
  -6.9959842e-03
  -7.9549049e-03
  -1.0771490e-02
  -1.2746128e-02
  -1.1974859e-02
  -1.5140548e-02
  -2.0256890e-02
  -2.1955061e-02
  -4.7733265e-03
   4.2584574e-03
   1.3793724e-03
   3.7150111e-03
   3.6569231e-03
   2.4392088e-03
   3.4975037e-03
   8.0413716e-03
   1.3228733e-02
   1.7238498e-02
   2.2025367e-02
   2.6006717e-02
   2.7091015e-02
   2.8889012e-02
   3.0824684e-02
   3.1537578e-02
   3.0805772e-02
   2.9640952e-02
   2.9618404e-02
   2.6323001e-02
   2.5048198e-02
   2.4931010e-02
   2.0530382e-02
   1.5258018e-02
   1.2019581e-02
   1.1602509e-02
   1.3520170e-02
   1.5671236e-02
   1.6417060e-02
   1.5853506e-02
   1.2454534e-02
   7.8690872e-03
   5.4740906e-03
   5.1321639e-03
   5.9294798e-03
  -3.6947581e-03
   0.0000000e+00
   0.0000000e+00
   0.0000000e+00
   0.0000000e+00
   0.0000000e+00
   1.2072486e-02
   1.7929150e-02
   2.5183030e-02
   2.4476489e-02
   3.2333400e-02
   4.1236348e-02
   5.1529042e-02
   5.6846436e-02
   6.0658190e-02
   6.4773947e-02
   6.8012893e-02
   6.8945304e-02
   6.8679929e-02
   6.5781693e-02
   0.0000000e+00
   3.8929850e-02
   4.7048103e-02
   4.8608158e-02
   4.6662509e-02
   4.5691986e-02
   4.6601675e-02
   4.9169078e-02
   4.9620841e-02
   4.6158694e-02
   4.2313013e-02
   3.8698256e-02
   3.5835069e-02
   3.5220601e-02
   3.7939399e-02
   4.1419461e-02
   3.7772447e-02
   0.0000000e+00
   0.0000000e+00
   0.0000000e+00
   0.0000000e+00
   0.0000000e+00
   2.8058975e-02
   3.1708840e-02
   3.7179675e-02
   4.5576763e-02
   4.8514226e-02
   5.2618947e-02
   6.0663469e-02
   6.7884549e-02
   7.3001906e-02
   7.7795312e-02
   8.2301505e-02
   8.4999673e-02
   8.4189728e-02
   7.2918485e-02
   0.0000000e+00
   4.2263664e-02
   5.9411943e-02
   6.9136284e-02
   7.3567048e-02
   7.5774625e-02
   7.5442262e-02
   7.3651925e-02
   6.8630777e-02
   6.2888786e-02
   5.8670025e-02
   5.5406958e-02
   5.4994795e-02
   5.7394315e-02
   6.1130963e-02
   6.0590819e-02
   5.2209080e-02
   0.0000000e+00
   0.0000000e+00
   0.0000000e+00
   0.0000000e+00
   0.0000000e+00
   4.2003276e-02
   4.1551376e-02
   4.2860614e-02
   4.7172348e-02
   4.9705333e-02
   5.0230930e-02
   5.3637009e-02
   5.8113850e-02
   6.2457371e-02
   6.7364719e-02
   7.2654892e-02
   7.6500999e-02
   7.4948904e-02
   6.1339706e-02
   0.0000000e+00
   0.0000000e+00
   5.3735122e-02
   7.0841701e-02
   8.2312715e-02
   8.6329123e-02
   7.9119349e-02
   7.2767215e-02
   6.1580292e-02
   5.2411469e-02
   5.4491478e-02
   5.5175542e-02
   5.8148816e-02
   6.3113187e-02
   6.6468816e-02
   6.4034887e-02
   5.6744363e-02
   4.8679761e-02
   0.0000000e+00
   0.0000000e+00
   0.0000000e+00
   4.7414345e-02
   5.1606543e-02
   4.7890145e-02
   4.4083826e-02
   4.2056780e-02
   3.9785810e-02
   3.7209090e-02
   3.7207447e-02
   3.8749933e-02
   4.1955162e-02
   4.6080522e-02
   5.0720647e-02
   5.3442534e-02
   5.0670538e-02
   3.8260639e-02
   0.0000000e+00
   0.0000000e+00
   3.0742900e-02
   5.2006029e-02
   6.8771586e-02
   7.1986496e-02
   5.5440299e-02
   3.9238773e-02
   0.0000000e+00
   2.5898431e-02
   3.3206578e-02
   3.7950791e-02
   4.4823889e-02
   5.1923212e-02
   5.5217229e-02
   5.3376473e-02
   5.1224548e-02
   3.5399730e-02
   3.6962036e-02
   3.1679759e-02
   0.0000000e+00
   4.0685082e-02
   4.3462060e-02
   3.8888201e-02
   3.2421570e-02
   2.6099298e-02
   2.0772416e-02
   1.7256886e-02
   1.5606910e-02
   1.5911318e-02
   1.7574731e-02
   2.0018255e-02
   2.2705400e-02
   2.3169796e-02
   1.9634172e-02
   1.0776879e-02
   7.6937646e-03
   0.0000000e+00
   0.0000000e+00
   2.3215369e-02
   3.9285984e-02
   3.8736552e-02
   1.9290355e-02
   3.0533294e-02
   0.0000000e+00
   1.4896945e-04
   1.0501185e-02
   1.8994989e-02
   2.5375410e-02
   3.0253556e-02
   3.1177059e-02
   2.9877631e-02
   3.0973949e-02
   1.3760146e-02
   2.0484211e-02
   2.2723064e-02
   0.0000000e+00
   2.3001257e-02
   2.3759307e-02
   1.9204557e-02
   1.3352498e-02
   7.5008017e-03
   2.6784623e-03
  -5.0542376e-04
  -2.1584574e-03
  -2.2023115e-03
  -1.1243122e-03
   3.4075993e-04
   1.1936286e-03
   7.0550799e-05
  -4.1173063e-03
  -8.8623185e-03
  -8.1452373e-03
   0.0000000e+00
  -0.0000000e+00
  -1.9863946e-06
   1.4776936e-02
   1.0136030e-02
  -8.0864568e-03
   0.0000000e+00
   0.0000000e+00
  -0.0000000e+00
   3.1224061e-03
   5.8473963e-03
   8.8394117e-03
   9.5604463e-03
   7.6283119e-03
   5.7469243e-03
   7.3037199e-03
  -1.4678597e-02
  -7.9810265e-03
  -6.9656783e-03
  -9.0613818e-03
  -5.8425530e-03
  -6.0069459e-03
  -8.1181955e-03
  -1.1022470e-02
  -1.4038119e-02
  -1.6480621e-02
  -1.8250795e-02
  -1.9371236e-02
  -1.9417558e-02
  -1.8785994e-02
  -1.8239852e-02
  -1.9722842e-02
  -2.3378454e-02
  -2.8662391e-02
  -2.4482565e-02
  -1.4360378e-02
   0.0000000e+00
  -0.0000000e+00
  -2.0553001e-02
  -1.0339219e-02
  -1.7364243e-02
  -1.7782574e-02
   0.0000000e+00
   0.0000000e+00
  -0.0000000e+00
   0.0000000e+00
  -9.5779421e-03
  -1.1438921e-02
  -1.4228051e-02
  -1.8221367e-02
  -2.1210464e-02
  -2.0284057e-02
  -3.3499848e-02
  -2.6829762e-02
  -1.9538090e-02
  -2.1001564e-02
  -2.2967303e-02
  -2.3168737e-02
  -2.3902180e-02
  -2.5509715e-02
  -2.7068438e-02
  -2.7339756e-02
  -2.7388653e-02
  -2.8004659e-02
  -2.8157499e-02
  -2.8312759e-02
  -2.9635372e-02
  -3.3555944e-02
  -3.9441779e-02
  -4.4536389e-02
  -2.8017357e-02
  -9.3191350e-03
   0.0000000e+00
   0.0000000e+00
  -0.0000000e+00
  -2.6851771e-02
  -3.1678580e-02
  -1.7975520e-02
   0.0000000e+00
   0.0000000e+00
   0.0000000e+00
   0.0000000e+00
  -2.0395756e-02
  -2.4904232e-02
  -2.8889416e-02
  -3.3926900e-02
  -3.8148608e-02
  -3.8262259e-02
  -4.6795025e-02
  -3.9028727e-02
  -3.0562023e-02
  -2.9294506e-02
  -3.0799592e-02
  -3.1724948e-02
  -3.2821305e-02
  -3.3904634e-02
  -3.4142740e-02
  -3.2748818e-02
  -3.2028276e-02
  -3.2400433e-02
  -3.3721022e-02
  -3.6108501e-02
  -4.0534317e-02
  -4.6889920e-02
  -5.3822014e-02
  -5.6290582e-02
  -3.3266250e-02
  -1.2985455e-02
   0.0000000e+00
   0.0000000e+00
  -0.0000000e+00
  -3.9666116e-02
  -3.9812960e-02
  -1.8809793e-02
   0.0000000e+00
   0.0000000e+00
  -0.0000000e+00
  -1.9784703e-02
  -3.0859580e-02
  -3.6354098e-02
  -3.9931890e-02
  -4.4764034e-02
  -4.9819436e-02
  -5.1091935e-02
  -4.9078047e-02
  -3.9386123e-02
  -2.9906586e-02
  -2.7436282e-02
  -2.8756920e-02
  -3.1287242e-02
  -3.3453420e-02
  -3.4114476e-02
  -3.3668153e-02
  -3.2923523e-02
  -3.3465561e-02
  -3.5380684e-02
  -3.9122067e-02
  -4.4277757e-02
  -5.0782371e-02
  -5.7285167e-02
  -6.1710089e-02
  -5.9528552e-02
  -4.5368664e-02
   0.0000000e+00
   0.0000000e+00
   0.0000000e+00
  -0.0000000e+00
  -4.6486475e-02
  -4.1464664e-02
  -1.5872919e-02
   0.0000000e+00
   0.0000000e+00
  -0.0000000e+00
  -3.3068210e-02
  -3.9424807e-02
  -4.3693669e-02
  -4.5320410e-02
  -4.7951080e-02
  -5.2371655e-02
  -5.3931400e-02
  -4.2353481e-02
  -3.1662971e-02
  -2.2390103e-02
  -2.0029575e-02
  -2.2215880e-02
  -2.6092464e-02
  -2.8928379e-02
  -3.0070096e-02
  -3.1272419e-02
  -3.3986364e-02
  -3.7812941e-02
  -4.2605180e-02
  -4.8532236e-02
  -5.4431804e-02
  -5.9685931e-02
  -6.2749110e-02
  -6.1346695e-02
  -5.2137624e-02
  -3.2807718e-02
   0.0000000e+00
   0.0000000e+00
   0.0000000e+00
  -0.0000000e+00
  -4.6751510e-02
  -3.7432242e-02
  -1.0764959e-02
   0.0000000e+00
   0.0000000e+00
  -0.0000000e+00
  -3.8955346e-02
  -4.1929409e-02
  -4.6308503e-02
  -4.5650475e-02
  -4.5303416e-02
  -4.7148656e-02
  -4.7691517e-02
  -2.8380921e-02
  -1.8695826e-02
  -1.1027872e-02
  -1.0427227e-02
  -1.3640358e-02
  -1.7851906e-02
  -2.1584637e-02
  -2.4777846e-02
  -2.9556954e-02
  -3.7114091e-02
  -4.5228653e-02
  -5.2858632e-02
  -5.9628546e-02
  -6.3876003e-02
  -6.4877041e-02
  -6.1254598e-02
  -5.1627144e-02
  -3.1834483e-02
  -7.1926208e-03
   0.0000000e+00
   0.0000000e+00
   0.0000000e+00
  -0.0000000e+00
  -3.9314483e-02
  -2.8220030e-02
  -5.7796999e-03
   0.0000000e+00
   0.0000000e+00
  -0.0000000e+00
  -4.0762182e-02
  -3.8040008e-02
  -4.6649769e-02
  -4.1283298e-02
  -3.7489410e-02
  -3.5260882e-02
  -3.3386398e-02
  -1.3712865e-02
  -7.3595825e-03
  -2.8981359e-03
  -4.8542512e-03
  -8.5786469e-03
  -1.2801166e-02
  -1.7211640e-02
  -2.1799488e-02
  -2.8154107e-02
  -3.7304021e-02
  -4.6734892e-02
  -5.4751631e-02
  -6.0584139e-02
  -6.2641859e-02
  -5.9866674e-02
  -5.0735049e-02
  -3.5076536e-02
  -1.1913479e-02
   0.0000000e+00
   0.0000000e+00
   0.0000000e+00
   0.0000000e+00
   0.0000000e+00
  -0.0000000e+00
  -1.7435560e-02
  -3.1772619e-03
   0.0000000e+00
   0.0000000e+00
  -0.0000000e+00
  -3.9074187e-02
  -2.9456193e-02
  -2.9596234e-02
  -0.0000000e+00
  -2.7103275e-02
  -2.1564694e-02
  -1.7460527e-02
  -6.2742550e-03
  -3.2575086e-03
  -1.8769293e-03
  -6.5498292e-03
  -1.1356444e-02
  -1.6698556e-02
  -2.2410328e-02
  -2.7989171e-02
  -3.4150280e-02
  -4.1288555e-02
  -4.7705766e-02
  -5.2272219e-02
  -5.4163337e-02
  -5.2621428e-02
  -4.6787895e-02
  -3.5176761e-02
  -1.8684519e-02
   1.8784255e-03
   0.0000000e+00
   0.0000000e+00
   0.0000000e+00
   0.0000000e+00
  -0.0000000e+00
  -1.9755390e-02
  -6.6998894e-03
   5.3472477e-03
   0.0000000e+00
   0.0000000e+00
   0.0000000e+00
  -0.0000000e+00
  -1.6931470e-02
  -7.8032343e-03
  -0.0000000e+00
  -1.9680014e-02
  -1.2582563e-02
  -7.8911223e-03
  -4.9684077e-03
  -6.2244135e-03
  -6.0876782e-03
  -1.3286024e-02
  -1.8896781e-02
  -2.5093845e-02
  -3.1747717e-02
  -3.7804878e-02
  -4.3312056e-02
  -4.7791669e-02
  -5.0433700e-02
  -5.1076183e-02
  -4.9532281e-02
  -4.5516612e-02
  -3.8129683e-02
  -2.6614430e-02
  -1.2271911e-02
   4.9460767e-03
   1.2472789e-02
   0.0000000e+00
   0.0000000e+00
  -0.0000000e+00
  -2.7729502e-02
  -8.8346385e-03
   7.1090614e-03
   1.5945781e-02
   0.0000000e+00
   0.0000000e+00
   0.0000000e+00
  -0.0000000e+00
  -6.7545843e-03
   3.6707835e-03
   0.0000000e+00
  -0.0000000e+00
  -7.6954789e-03
  -4.5298528e-03
   0.0000000e+00
  -1.1647400e-02
  -1.1939623e-02
  -1.7736406e-02
  -2.4592283e-02
  -2.9102743e-02
  -3.3976365e-02
  -3.8655045e-02
  -4.2994960e-02
  -4.6415938e-02
  -4.8333892e-02
  -4.8652479e-02
  -4.7545029e-02
  -4.4642000e-02
  -3.8590561e-02
  -2.9699465e-02
  -2.1352598e-02
  -9.7027316e-03
  -4.4164943e-04
   0.0000000e+00
   0.0000000e+00
  -0.0000000e+00
  -1.6214590e-02
   2.1740481e-03
   0.0000000e+00
   0.0000000e+00
   0.0000000e+00
   0.0000000e+00
   0.0000000e+00
   0.0000000e+00
   4.7512831e-04
   8.9396488e-03
   0.0000000e+00
   0.0000000e+00
  -1.1416543e-03
  -9.7762598e-04
  -1.2236429e-02
  -1.6183155e-02
  -1.8913973e-02
  -1.9148052e-02
  -2.9219557e-02
  -3.1008048e-02
  -3.2962367e-02
  -3.5542749e-02
  -3.8640559e-02
  -4.1362621e-02
  -4.2779639e-02
  -4.2861126e-02
  -4.2668276e-02
  -4.3246411e-02
  -4.3567240e-02
  -4.2166565e-02
  -4.1060586e-02
  -3.5162326e-02
  -2.2587404e-02
   0.0000000e+00
  -0.0000000e+00
  -3.4540262e-02
  -8.8072680e-03
   1.1751663e-02
   0.0000000e+00
   0.0000000e+00
   0.0000000e+00
   0.0000000e+00
   0.0000000e+00
   0.0000000e+00
   0.0000000e+00
   1.2962302e-02
   0.0000000e+00
   0.0000000e+00
   0.0000000e+00
   4.2884729e-03
  -0.0000000e+00
  -0.0000000e+00
  -3.1578012e-02
  -3.9976098e-02
  -4.0770703e-02
  -4.0250052e-02
  -3.9914578e-02
  -4.0747117e-02
  -4.3360636e-02
  -4.6878502e-02
  -4.9243312e-02
  -4.9893122e-02
  -4.8971206e-02
  -4.7213748e-02
  -4.6759170e-02
  -5.0093453e-02
  -5.6200426e-02
  -6.0755998e-02
  -6.2073795e-02
   0.0000000e+00
  -0.0000000e+00
  -4.0463869e-02
  -9.2545124e-03
   1.4640001e-02
   0.0000000e+00
   0.0000000e+00
   0.0000000e+00
   0.0000000e+00
   0.0000000e+00
   0.0000000e+00
   0.0000000e+00
   1.5539609e-02
   0.0000000e+00
   0.0000000e+00
   0.0000000e+00
   0.0000000e+00
  -0.0000000e+00
  -4.1977939e-02
  -4.5107581e-02
  -5.2402757e-02
  -5.5268768e-02
  -5.5448212e-02
  -5.4947637e-02
  -5.6080244e-02
  -5.9731483e-02
  -6.5704189e-02
  -7.0991829e-02
  -7.3457703e-02
  -7.0744395e-02
  -6.1387863e-02
  -4.8307609e-02
  -4.1349895e-02
  -4.8630765e-02
  -6.7059550e-02
  -8.6574923e-02
  -8.3259944e-02
  -5.9917684e-02
  -4.7105160e-02
  -1.8906564e-02
   7.9751117e-03
   0.0000000e+00
   0.0000000e+00
   0.0000000e+00
   0.0000000e+00
   0.0000000e+00
   0.0000000e+00
   0.0000000e+00
   1.6451443e-02
   0.0000000e+00
   0.0000000e+00
   0.0000000e+00
   0.0000000e+00
  -0.0000000e+00
  -4.4968069e-02
  -5.2661490e-02
  -6.0092401e-02
  -6.4057507e-02
  -6.5618910e-02
  -6.6438600e-02
  -6.8668894e-02
  -7.3008128e-02
  -7.9913989e-02
  -8.6447835e-02
  -8.9270234e-02
  -8.5090905e-02
  -7.1790241e-02
  -4.9803734e-02
  -2.6541540e-02
  -1.8186457e-02
  -0.0000000e+00
  -7.0451312e-02
  -6.7239076e-02
  -5.7426572e-02
  -5.1862936e-02
  -3.5572372e-02
  -1.1951408e-02
   0.0000000e+00
   0.0000000e+00
   0.0000000e+00
   0.0000000e+00
   0.0000000e+00
   0.0000000e+00
   0.0000000e+00
   1.5989762e-02
   0.0000000e+00
   0.0000000e+00
   0.0000000e+00
   0.0000000e+00
  -0.0000000e+00
  -4.3967463e-02
  -5.2206140e-02
  -6.0421512e-02
  -6.5405697e-02
  -6.8591706e-02
  -7.0394129e-02
  -7.1733207e-02
  -7.4192956e-02
  -7.8984946e-02
  -8.4168620e-02
  -8.6436868e-02
  -8.2294166e-02
  -6.8428896e-02
  -4.3813407e-02
  -1.4914113e-02
  -1.0288797e-02
  -0.0000000e+00
  -4.7275867e-02
  -4.8753697e-02
  -4.8315067e-02
  -5.1403340e-02
  -4.9371112e-02
  -3.6540475e-02
   0.0000000e+00
   0.0000000e+00
   0.0000000e+00
   0.0000000e+00
   0.0000000e+00
   0.0000000e+00
  -1.1203353e-02
   9.3736942e-03
   0.0000000e+00
   0.0000000e+00
   0.0000000e+00
   0.0000000e+00
  -0.0000000e+00
  -3.7740637e-02
  -4.5249891e-02
  -5.3880922e-02
  -5.9454743e-02
  -6.3217640e-02
  -6.4787991e-02
  -6.3895740e-02
  -6.3240670e-02
  -6.4240560e-02
  -6.7101300e-02
  -6.8838425e-02
  -6.5649390e-02
  -5.3425934e-02
  -3.0140279e-02
  -5.3347257e-03
  -1.7062654e-02
  -0.0000000e+00
  -2.7827360e-02
  -3.0300029e-02
  -3.4537680e-02
  -4.2638712e-02
  -5.1897373e-02
  -5.1442824e-02
   0.0000000e+00
   0.0000000e+00
   0.0000000e+00
   0.0000000e+00
   0.0000000e+00
  -0.0000000e+00
  -2.9443593e-02
  -1.6440327e-03
   0.0000000e+00
   0.0000000e+00
   0.0000000e+00
   0.0000000e+00
   0.0000000e+00
  -0.0000000e+00
  -2.9871050e-02
  -3.7802495e-02
  -4.2331096e-02
  -4.4269647e-02
  -4.3931238e-02
  -4.2500887e-02
  -4.1464426e-02
  -4.1689295e-02
  -4.3699361e-02
  -4.5260098e-02
  -4.2786743e-02
  -3.2888126e-02
  -1.2830849e-02
   5.3967690e-03
  -0.0000000e+00
  -2.1239966e-02
  -7.2107203e-03
  -1.1198515e-02
  -1.7994313e-02
  -2.7632410e-02
  -4.1497920e-02
  -4.4760388e-02
   0.0000000e+00
   0.0000000e+00
   0.0000000e+00
  -0.0000000e+00
  -0.0000000e+00
  -0.0000000e+00
  -3.6297075e-02
   0.0000000e+00
   0.0000000e+00
   0.0000000e+00
   0.0000000e+00
   0.0000000e+00
   0.0000000e+00
  -0.0000000e+00
  -8.4384866e-03
  -1.3953380e-02
  -1.6226918e-02
  -1.5724655e-02
  -1.3846421e-02
  -1.3046359e-02
  -1.4030853e-02
  -1.6874719e-02
  -2.0482538e-02
  -2.2936737e-02
  -2.1486515e-02
  -1.3515515e-02
   4.1116308e-03
   1.3814241e-02
  -0.0000000e+00
   1.8285624e-03
   8.5371141e-03
   8.5069425e-03
  -9.2160783e-04
  -1.0509003e-02
  -2.4047388e-02
  -3.6639184e-02
   0.0000000e+00
   0.0000000e+00
  -0.0000000e+00
  -9.7335115e-03
  -1.3413986e-02
  -8.7647799e-03
   0.0000000e+00
   0.0000000e+00
   0.0000000e+00
   0.0000000e+00
   0.0000000e+00
   0.0000000e+00
   0.0000000e+00
   0.0000000e+00
   2.1345217e-02
   2.3879448e-02
   2.6163233e-02
   2.8761361e-02
   3.0979939e-02
   3.0322880e-02
   2.6075605e-02
   1.8928772e-02
   1.2063063e-02
   7.3546004e-03
   5.9023607e-03
   1.0561777e-02
   2.2404822e-02
   0.0000000e+00
   0.0000000e+00
   0.0000000e+00
   0.0000000e+00
   3.2250663e-02
   2.2854349e-02
   1.3279358e-02
   1.8130804e-03
  -1.2166623e-02
  -1.3923563e-02
   3.7393987e-03
   9.1350120e-03
   0.0000000e+00
   8.6888629e-04
   8.6888629e-04
   0.0000000e+00
   0.0000000e+00
   0.0000000e+00
   0.0000000e+00
   0.0000000e+00
   0.0000000e+00
   0.0000000e+00
   0.0000000e+00
   3.6069924e-02
   5.0395496e-02
   5.7208349e-02
   6.1043050e-02
   6.3227482e-02
   6.0763080e-02
   5.4680549e-02
   4.5905478e-02
   3.7854060e-02
   3.1585932e-02
   2.7034130e-02
   2.7367639e-02
   3.2240462e-02
   0.0000000e+00
   0.0000000e+00
   0.0000000e+00
   0.0000000e+00
   4.0467623e-02
   4.0228866e-02
   3.2443754e-02
   2.2935399e-02
   1.0012981e-02
   2.0879921e-03
   0.0000000e+00
   0.0000000e+00
   0.0000000e+00
   0.0000000e+00
   0.0000000e+00
   0.0000000e+00
   0.0000000e+00
   0.0000000e+00
   0.0000000e+00
   0.0000000e+00
   0.0000000e+00
   0.0000000e+00
   0.0000000e+00
   0.0000000e+00
   6.5712951e-02
   7.4742042e-02
   8.1463560e-02
   8.3299726e-02
   7.9223245e-02
   7.2220623e-02
   6.4672470e-02
   5.8123101e-02
   5.2311990e-02
   4.4854369e-02
   3.7355490e-02
   3.3677700e-02
   0.0000000e+00
   0.0000000e+00
   0.0000000e+00
   0.0000000e+00
   0.0000000e+00
   5.2095249e-02
   4.9179882e-02
   4.3767851e-02
   3.1686306e-02
   1.7812441e-02
   0.0000000e+00
   0.0000000e+00
   0.0000000e+00
   0.0000000e+00
   0.0000000e+00
   0.0000000e+00
   0.0000000e+00
   0.0000000e+00
   0.0000000e+00
   0.0000000e+00
   0.0000000e+00
   0.0000000e+00
   0.0000000e+00
   0.0000000e+00
   5.3296834e-02
   6.6494450e-02
   7.4970759e-02
   7.5890534e-02
   7.3063859e-02
   6.8572678e-02
   6.4975366e-02
   6.1898921e-02
   5.8014259e-02
   5.0749172e-02
   3.7906655e-02
   2.1890741e-02
   0.0000000e+00
   0.0000000e+00
   0.0000000e+00
   0.0000000e+00
   0.0000000e+00
   0.0000000e+00
   4.8775133e-02
   5.1785982e-02
   4.5345154e-02
   4.0647235e-02
   0.0000000e+00
   0.0000000e+00
   0.0000000e+00
   0.0000000e+00
   0.0000000e+00
   0.0000000e+00
   0.0000000e+00
   0.0000000e+00
   0.0000000e+00
   0.0000000e+00
   0.0000000e+00
   0.0000000e+00
   0.0000000e+00
   0.0000000e+00
   2.9018292e-02
   3.9782811e-02
   4.7146248e-02
   4.9786998e-02
   5.0826415e-02
   5.1743244e-02
   5.3218209e-02
   5.3422179e-02
   5.1887879e-02
   4.7029236e-02
   3.7146129e-02
   2.4509192e-02
   0.0000000e+00
   0.0000000e+00
   0.0000000e+00
   0.0000000e+00
   0.0000000e+00
   0.0000000e+00
   3.7947549e-02
   4.7626708e-02
   4.7608336e-02
   4.6631875e-02
   0.0000000e+00
   0.0000000e+00
   0.0000000e+00
   0.0000000e+00
   0.0000000e+00
   0.0000000e+00
   0.0000000e+00
   0.0000000e+00
   0.0000000e+00
   0.0000000e+00
   0.0000000e+00
   0.0000000e+00
   0.0000000e+00
   0.0000000e+00
   0.0000000e+00
   7.7915462e-03
   7.1495729e-03
   1.2395143e-02
   1.7966422e-02
   2.4523215e-02
   3.0226784e-02
   3.3332760e-02
   3.5487317e-02
   3.3916146e-02
   2.8500722e-02
   2.5986991e-02
   0.0000000e+00
   0.0000000e+00
   0.0000000e+00
   0.0000000e+00
   0.0000000e+00
   0.0000000e+00
   0.0000000e+00
   3.2250950e-02
   3.3731058e-02
   2.5913020e-02
   2.4102538e-02
   0.0000000e+00
   0.0000000e+00
   0.0000000e+00
   0.0000000e+00
   0.0000000e+00
   0.0000000e+00
   0.0000000e+00
   0.0000000e+00
   0.0000000e+00
   0.0000000e+00
   0.0000000e+00
   0.0000000e+00
   0.0000000e+00
  -0.0000000e+00
  -1.5151883e-02
  -1.4461892e-02
  -2.6486834e-02
  -1.8682694e-02
  -9.9880658e-03
  -2.0931410e-03
   6.4799010e-03
   1.2601678e-02
   1.0193150e-02
   1.6377062e-02
   0.0000000e+00
   0.0000000e+00
   0.0000000e+00
   0.0000000e+00
   0.0000000e+00
   0.0000000e+00
   0.0000000e+00
   0.0000000e+00
   0.0000000e+00
   0.0000000e+00
   4.6585814e-03
   8.3470710e-03
   0.0000000e+00
   0.0000000e+00
   0.0000000e+00
   0.0000000e+00
   0.0000000e+00
   0.0000000e+00
   0.0000000e+00
   0.0000000e+00
   0.0000000e+00
   0.0000000e+00
   0.0000000e+00
   0.0000000e+00
   0.0000000e+00
   0.0000000e+00
   0.0000000e+00
   0.0000000e+00
   0.0000000e+00
  -0.0000000e+00
  -3.7701622e-02
  -2.3285366e-02
  -1.4866841e-02
   0.0000000e+00
   0.0000000e+00
   0.0000000e+00
   0.0000000e+00
   0.0000000e+00
   0.0000000e+00
   0.0000000e+00
   0.0000000e+00
   0.0000000e+00
   0.0000000e+00
   0.0000000e+00
  -0.0000000e+00
   0.0000000e+00
  -0.0000000e+00
  -9.5506705e-03
  -1.1413039e-02
  -0.0000000e+00
  -0.0000000e+00
  -0.0000000e+00
  -0.0000000e+00
   0.0000000e+00
   0.0000000e+00
   0.0000000e+00
   0.0000000e+00
   0.0000000e+00
  -0.0000000e+00
  -0.0000000e+00
  -0.0000000e+00
  -0.0000000e+00
  -0.0000000e+00
  -0.0000000e+00
  -0.0000000e+00
  -0.0000000e+00
  -1.2678233e-02
  -1.7381159e-02
  -2.3571097e-02
  -2.5243010e-02
  -2.6747996e-02
  -2.2959484e-02
  -1.6038544e-02
  -1.1452123e-02
  -0.0000000e+00
  -0.0000000e+00
  -0.0000000e+00
  -0.0000000e+00
  -0.0000000e+00
  -0.0000000e+00
  -0.0000000e+00
  -0.0000000e+00
  -0.0000000e+00
  -0.0000000e+00
  -1.4765592e-02
  -1.2515532e-02
  -1.1688229e-02
  -9.0616535e-03
  -7.1350454e-03
  -6.4980448e-03
  -4.4309597e-03
  -0.0000000e+00
  -0.0000000e+00
  -0.0000000e+00
