   8.3502560e+00
   5.8716774e+00
   3.9371784e+00
   2.9588439e+00
   2.7804658e+00
   2.7626028e+00
   2.8702953e+00
   2.5936229e+00
   2.2139103e+00
   2.0807478e+00
   1.9765103e+00
   1.9011135e+00
   2.0593948e+00
   2.1119576e+00
   1.9522429e+00
   1.7440819e+00
   1.6118487e+00
   1.5418291e+00
   1.2955959e+00
   1.0056859e+00
   7.9038161e-01
   4.8042795e-01
   1.1493522e-01
   3.4366810e-01
   2.2393227e-01
  -1.9031628e+00
  -5.0144491e+00
  -5.0575118e+00
  -2.6887383e+00
  -1.3507426e+00
   4.7882736e-01
   2.8085506e+00
   3.0836787e+00
   2.2431188e+00
   4.3050113e+00
   8.5701208e+00
   3.0730650e+00
   1.6332520e+00
   9.5024961e-01
   7.0418453e-01
   4.5303306e-01
   4.1833445e-01
   5.6290704e-01
   5.0686514e-01
   3.3892027e-01
   5.0660902e-01
   6.9139010e-01
   7.9924321e-01
   7.9707378e-01
   8.2471025e-01
   7.9968989e-01
   7.7286702e-01
   6.3980663e-01
   3.7079194e-01
   1.1728178e-01
  -1.0933884e-01
  -1.4453898e-01
  -2.9979419e-02
   1.3876292e-01
   3.7862718e-01
   3.8804266e-01
   1.7087306e-01
  -2.9003876e-01
   1.5175720e-01
   8.8576868e-02
  -4.7241762e-01
   9.4797111e-01
   4.0132933e+00
   2.9138155e+00
   9.4679892e-01
   1.3151664e+00
   3.5494602e+00
  -5.1954150e-01
  -6.2894988e-01
  -4.4368470e-01
  -2.2551896e-01
  -4.5433277e-01
  -9.2378142e-04
   1.6022480e-01
  -3.3871941e-02
  -5.6566425e-02
   1.7097084e-01
   3.4722915e-01
   3.7049669e-01
   2.3965053e-01
   1.1660642e-01
   6.5859213e-02
   5.1267110e-02
  -8.0251217e-02
  -3.1199476e-01
  -4.6345901e-01
  -6.5469050e-01
  -4.8373359e-01
  -3.1824264e-01
   2.1469714e-02
   3.2974750e-01
   4.2231318e-01
   2.7579439e-01
  -1.3332553e-01
  -5.1765734e-01
  -7.0298237e-01
  -4.8317286e-01
   3.5248179e-02
   7.4398124e-01
   1.0377840e+00
   7.9439723e-01
   2.7176625e-01
  -2.3782960e-01
  -1.7454396e+00
  -1.3589814e+00
  -9.0155905e-01
  -7.4655056e-01
  -5.6822813e-01
   1.4324096e-01
   8.5695677e-02
  -4.0878853e-01
  -3.4885782e-01
  -1.7797925e-01
  -1.1482098e-01
  -1.3164219e-01
  -4.1578186e-01
  -6.1123019e-01
  -6.3649225e-01
  -6.2477660e-01
  -7.3846060e-01
  -9.1081077e-01
  -1.0479026e+00
  -1.6874862e+00
  -8.2589394e-01
  -7.6088679e-01
  -2.5527099e-01
   1.0716955e-01
   8.5118622e-02
  -1.4032777e-01
  -6.8338364e-01
  -1.2197292e+00
  -1.3752444e+00
  -1.0639448e+00
  -4.8356938e-01
   5.3156406e-02
   2.1026088e-01
  -3.9384631e-03
  -5.6669426e-01
  -1.2437627e+00
  -1.8644434e+00
  -1.0972054e+00
  -7.2954494e-01
  -4.0198380e-01
  -3.7180659e-01
   1.8962389e-01
  -4.6896029e-02
  -3.1057602e-01
  -6.0659069e-01
  -5.7193393e-01
  -4.9769661e-01
  -6.0037559e-01
  -8.8258749e-01
  -1.0133948e+00
  -9.8189342e-01
  -9.3832302e-01
  -1.0071867e+00
  -1.0980581e+00
  -1.2441454e+00
  -1.7705774e+00
  -8.1628907e-01
  -1.0558211e+00
  -4.7722292e-01
  -1.8414922e-01
  -3.1909946e-01
  -5.3855413e-01
  -1.1925348e+00
  -1.7110293e+00
  -1.6707910e+00
  -1.2529538e+00
  -6.8071413e-01
  -2.1929276e-01
  -2.4726649e-01
  -5.4619658e-01
  -1.1196067e+00
  -1.6607203e+00
  -1.2731486e+00
  -6.6284458e-01
  -3.8044041e-01
  -2.7119425e-01
  -2.2653571e-01
   1.1605476e-01
  -2.3823143e-01
  -4.4420325e-01
  -6.3345323e-01
  -7.2775086e-01
  -7.3040967e-01
  -8.3215778e-01
  -9.9196070e-01
  -1.0224193e+00
  -9.5930964e-01
  -9.2815971e-01
  -9.7130912e-01
  -9.6632474e-01
  -8.7776355e-01
  -1.1866098e+00
  -7.1189569e-01
  -1.1871743e+00
  -5.9285042e-01
  -3.7872305e-01
  -5.2895928e-01
  -7.1503155e-01
  -1.3407605e+00
  -1.5609594e+00
  -1.2146326e+00
  -8.2183312e-01
  -4.8533591e-01
  -2.2176504e-01
  -4.1306248e-01
  -7.9216490e-01
  -1.2160856e+00
  -1.3220318e+00
  -3.2235062e-01
  -1.7461817e-01
  -1.3004668e-01
  -2.1205652e-01
  -1.3046992e-01
  -2.1496901e-01
  -2.8505412e-01
  -6.3023341e-01
  -6.8996006e-01
  -7.4914652e-01
  -7.3814064e-01
  -7.7855217e-01
  -8.2650840e-01
  -8.3008873e-01
  -8.2452816e-01
  -8.3217931e-01
  -8.3639097e-01
  -7.0304084e-01
   2.9000305e-03
  -1.1640485e-01
  -5.3228843e-01
  -1.1331494e+00
  -6.8889898e-01
  -5.5857199e-01
  -5.9156621e-01
  -6.7959076e-01
  -8.2504797e-01
  -7.5954849e-01
  -5.2016765e-01
  -4.4922087e-01
  -2.2321820e-01
  -1.8586753e-01
  -4.3243539e-01
  -7.6896596e-01
  -9.6566421e-01
  -5.6658304e-01
   7.3748061e-01
   7.4696645e-02
   1.2228803e-01
  -4.3810437e-02
  -1.5005523e-01
  -6.6805378e-02
  -5.0686598e-01
  -7.4764818e-01
  -6.4978492e-01
  -5.6127881e-01
  -4.8469815e-01
  -4.8991296e-01
  -5.5004775e-01
  -6.1786199e-01
  -6.8949378e-01
  -7.1538648e-01
  -6.3455188e-01
  -2.5498652e-01
   1.4416451e+00
   1.0031053e+00
  -2.1197096e-01
  -7.9823610e-01
  -9.5087880e-01
  -8.2069057e-01
  -5.1422661e-01
  -1.5097906e-01
   1.0117064e+00
   2.9512676e-01
   4.4093549e-02
  -3.5710803e-01
   6.7008748e-02
  -1.8697341e-01
  -3.3420652e-01
  -5.0146174e-01
  -4.9132979e-01
   2.8788289e-01
   1.8047230e+00
   8.1124717e-01
   2.9088670e-01
   9.3062341e-02
  -7.7630669e-02
  -1.7494197e-01
  -4.9923900e-01
  -4.8399776e-01
  -3.2527697e-01
  -2.0109800e-01
  -1.3465078e-01
  -1.7806162e-01
  -3.0511540e-01
  -4.2497140e-01
  -5.4503566e-01
  -5.8446354e-01
  -4.0624294e-01
   2.8253922e-01
   2.6745389e+00
   1.7814952e+00
   2.0505527e-01
  -6.6310292e-01
  -1.5220122e+00
  -1.0549957e+00
  -2.3647621e-01
   7.8242058e-01
   2.8945551e+00
   8.3960468e-01
  -3.1173658e-01
  -2.1189579e-01
  -5.9568942e-02
  -2.8382033e-01
  -1.3562757e-01
  -1.5520431e-01
  -3.0401953e-02
   8.5281169e-01
   2.2935746e+00
   1.7713939e+00
   7.8056598e-01
   3.9940915e-01
  -1.9622678e-01
   5.5327021e-02
   1.8568651e-01
   2.1318707e-01
   2.7319556e-01
   3.3262888e-01
   3.1010053e-01
   1.5496527e-01
  -4.3850951e-02
  -2.3891179e-01
  -3.9846444e-01
  -3.7811887e-01
  -1.8776914e-02
   1.0663210e+00
   3.6782131e+00
   2.4555511e+00
   2.7537070e-02
  -2.6184097e-01
  -1.8853898e+00
  -1.0608184e+00
   3.8765246e-01
   2.2770119e+00
   4.9777908e+00
   8.5372740e-01
  -1.1233682e-01
   5.1190013e-01
  -4.4536695e-02
   9.3867287e-02
   3.0235469e-01
   2.9603955e-01
   5.4142690e-01
   1.4491572e+00
   2.6071012e+00
   2.6707041e+00
   1.9894954e+00
   6.1810482e-01
   7.3234133e-02
   7.7318937e-01
   8.5438675e-01
   7.5741094e-01
   7.0690531e-01
   6.8275088e-01
   5.4837871e-01
   3.0481064e-01
   4.0555559e-02
  -1.9814314e-01
  -3.0982944e-01
  -1.6027927e-01
   3.9644372e-01
   1.7558196e+00
   4.1121716e+00
   2.6458735e+00
  -7.4795336e-02
  -1.6057990e-01
  -1.7100228e+00
  -8.5477585e-01
   1.0584919e+00
   3.4571567e+00
   5.3997650e+00
   4.8689198e-01
  -1.0008628e-01
   5.9857410e-01
   4.7499195e-02
   6.0647982e-01
   6.2333453e-01
   6.4610672e-01
   1.0414953e+00
   1.9050317e+00
   2.9111705e+00
   3.2045903e+00
   2.7161176e+00
   2.8723076e-01
   6.8627173e-01
   1.3516426e+00
   1.3149303e+00
   1.1298752e+00
   9.7027951e-01
   8.5156053e-01
   6.1733472e-01
   2.9692918e-01
  -3.2664500e-02
  -2.1515256e-01
  -1.5612754e-01
   2.2675960e-01
   1.0348239e+00
   2.6077328e+00
   4.3821187e+00
   1.6916641e+00
  -2.5299326e-01
  -3.4599957e-01
  -8.4010315e-01
  -2.1710783e-01
   1.8865898e+00
   4.3403554e+00
   4.8072195e+00
   1.4273548e-01
  -1.1538321e-01
   5.4345232e-01
   4.5693395e-01
   1.0015110e+00
   8.8398880e-01
   1.0808672e+00
   1.6435217e+00
   2.3852227e+00
   3.1198449e+00
   3.4047713e+00
   2.3095386e+00
   4.7609907e-01
   1.3236598e+00
   1.5399914e+00
   1.4319600e+00
   1.1871673e+00
   9.4174129e-01
   7.4438173e-01
   4.6102726e-01
   1.0168234e-01
  -1.7696705e-01
  -1.6209483e-01
   1.5954001e-01
   7.8460312e-01
   1.7836909e+00
   3.4477787e+00
   4.5879436e+00
   3.3462349e-01
  -2.4354744e-01
  -3.5858762e-01
  -4.0247512e-01
   7.4589568e-01
   2.6514599e+00
   4.7548637e+00
   3.8654647e+00
  -1.2516466e-01
  -1.2675621e-01
   9.4851658e-02
   5.0412250e-01
   1.3916860e+00
   1.1397127e+00
   1.5176468e+00
   2.1424212e+00
   2.7225418e+00
   3.1584547e+00
   3.2739277e+00
   2.4286857e+00
   1.3507504e+00
   1.4505841e+00
   1.4060507e+00
   1.2271928e+00
   9.4136894e-01
   6.7137969e-01
   4.6491742e-01
   2.1834740e-01
  -5.5583421e-02
  -1.1655489e-01
   1.2503394e-01
   6.3814414e-01
   1.3556185e+00
   2.3633265e+00
   3.9446583e+00
   3.6393795e+00
  -5.5259995e-02
  -1.8965314e-01
  -1.7671525e-01
   1.9250001e-01
   1.6839551e+00
   3.2043402e+00
   4.6645808e+00
   3.3395102e+00
  -1.1598641e-01
  -1.1685611e-01
   1.6035853e-01
   1.1143142e+00
   1.7082685e+00
   1.3833013e+00
   1.8360487e+00
   2.4226687e+00
   2.8732526e+00
   2.8902514e+00
   2.8364127e+00
   2.1425433e+00
   1.3229891e+00
   1.0286778e+00
   8.1571746e-01
   5.8696389e-01
   3.2114223e-01
   1.3879849e-01
   4.2272896e-02
  -4.5148369e-02
  -5.4903790e-02
   1.8013364e-01
   6.1289394e-01
   1.1928835e+00
   1.8526069e+00
   2.6761963e+00
   3.7855451e+00
   2.3266075e+00
  -3.5304609e-01
  -1.5171851e-01
  -1.6919754e-02
   8.9325064e-01
   2.5308280e+00
   3.5142825e+00
   4.1943946e+00
   2.8295939e+00
  -1.1022642e-01
   1.7622954e-01
   5.6048781e-01
   1.7089897e+00
   1.7902318e+00
   1.5395976e+00
   1.9628819e+00
   2.4503233e+00
   2.7550697e+00
   2.2544465e+00
   2.0063100e+00
   1.4530380e+00
   7.2430176e-01
   2.5065365e-01
  -7.8288898e-02
  -3.3995032e-01
  -5.8130795e-01
  -7.3771513e-01
  -7.9475540e-01
  -7.4636006e-01
  -4.9202159e-01
   6.0619861e-03
   6.1337489e-01
   1.2498219e+00
   1.8848805e+00
   2.5470247e+00
   2.9886396e+00
   1.1337020e+00
   7.7006593e-04
  -8.5926056e-01
  -8.6551361e-02
   6.6537088e-01
   2.9373255e+00
   3.5520658e+00
   3.6556618e+00
   2.3578141e+00
  -3.9017927e-02
   1.7721465e-01
   1.1799262e+00
   1.7295547e+00
   1.6953611e+00
   1.4807301e+00
   1.7163395e+00
   2.0522790e+00
   2.1656137e+00
   1.6391793e+00
   9.2811811e-01
   6.4705181e-01
   1.1651999e-01
  -4.3385136e-01
  -8.6758018e-01
  -1.2091862e+00
  -1.5012224e+00
  -1.7291095e+00
  -1.8357329e+00
  -1.7836359e+00
  -1.4460298e+00
  -8.3822650e-01
  -1.7399448e-01
   4.1680515e-01
   9.2743498e-01
   1.4613042e+00
   1.8074931e+00
   5.6381738e-01
  -1.8065333e-02
  -1.7731559e+00
  -9.9178743e-01
   5.6655474e-02
   3.1861053e+00
   3.3056242e+00
   3.1699562e+00
   1.2790110e+00
  -6.8739146e-02
   1.9755803e-01
   1.9415678e+00
   1.6931572e+00
   1.5403836e+00
   1.4404101e+00
   1.3833077e+00
   1.4498127e+00
   1.2367008e+00
   6.1137866e-01
   3.4657733e-01
   3.2184603e-01
  -2.3906051e-01
  -7.3350916e-01
  -1.0757126e+00
  -1.2552808e+00
  -1.3498431e+00
  -1.3930412e+00
  -1.3655475e+00
  -1.2711228e+00
  -1.0387872e+00
  -6.6036199e-01
  -2.7326828e-01
  -4.3109196e-02
   4.4968667e-02
   1.2655437e-01
   2.4362430e-01
   2.1752848e-01
   3.3035792e-02
  -2.6779615e+00
  -2.4932789e+00
  -2.5976136e-01
   2.9324235e+00
   2.8311852e+00
   2.6242983e+00
   9.0305812e-01
   2.6745576e-03
   8.1950193e-02
   2.3532357e+00
   1.9031047e+00
   1.4912463e+00
   1.2347781e+00
   1.1966308e+00
   1.2093460e+00
   5.6480842e-01
  -2.4208300e-01
  -2.6193663e-01
  -8.2192843e-02
  -7.6322278e-02
  -1.5509438e-01
  -7.1026741e-02
   1.1122879e-01
   3.4068971e-01
   5.4326206e-01
   6.7823003e-01
   7.9918298e-01
   1.0228363e+00
   1.3609165e+00
   1.7027644e+00
   1.6964332e+00
   1.1705018e+00
   1.9992485e-01
  -1.2198879e+00
  -8.7358220e-01
  -5.5353426e-01
  -2.4707586e+00
  -2.6058594e+00
   1.0378695e-02
   1.9352042e+00
   2.0909912e+00
   2.3097689e+00
   6.6242735e-01
  -5.6642064e-02
   2.4350048e-02
   1.8631195e+00
   2.0735936e+00
   1.6331610e+00
   7.5410309e-01
   1.4693167e+00
   1.5197899e+00
   3.3063295e-01
  -4.8613703e-01
  -8.4415770e-01
  -3.8932040e-01
  -3.2725662e-01
  -3.7876040e-01
  -3.0466422e-01
  -1.2734675e-01
   1.3322204e-01
   4.0297562e-01
   5.4935807e-01
   6.3170511e-01
   7.9284292e-01
   1.0902859e+00
   1.4563111e+00
   1.5447088e+00
   9.3241519e-01
  -2.4857134e-01
  -2.0137756e+00
  -2.2571752e+00
  -1.1817338e+00
  -2.0706460e+00
  -2.3494420e+00
  -7.1934605e-01
   2.8501770e-01
   1.1624399e+00
   1.3147286e+00
   4.4358200e-01
  -1.2758920e-01
  -1.9180471e-01
   1.0305852e+00
   1.9456524e+00
   1.5248799e+00
   4.9513209e-01
   1.1125634e+00
   1.7546625e+00
   4.3565863e-01
  -8.0736339e-02
  -1.0413637e+00
  -7.7278084e-01
  -9.2089814e-01
  -1.0409125e+00
  -1.1804507e+00
  -1.1940382e+00
  -1.0716816e+00
  -8.6139148e-01
  -7.4919111e-01
  -7.8511268e-01
  -8.5013258e-01
  -8.0948395e-01
  -5.5857366e-01
  -1.3344177e-02
   3.4761864e-01
  -1.2324087e-01
  -1.3992256e+00
  -3.1672907e+00
  -2.0263131e+00
  -1.6603503e+00
  -1.6272109e+00
  -1.5694772e+00
  -1.0982519e+00
   6.3923591e-01
   7.2054124e-01
   2.1452893e-01
  -2.1826901e-01
  -2.8683892e-01
   4.0559411e-01
   1.7887408e+00
   1.8091762e+00
   4.3080953e-01
   6.0560143e-01
   1.3475547e+00
   5.8293331e-01
   2.7742719e-02
  -7.3617297e-01
  -1.1389000e+00
  -1.4021930e+00
  -1.4938554e+00
  -1.7271045e+00
  -1.8768090e+00
  -1.8710058e+00
  -1.7230763e+00
  -1.5928776e+00
  -1.6744770e+00
  -1.9444094e+00
  -2.1828284e+00
  -2.1514707e+00
  -1.4938767e+00
  -3.1689134e-01
   2.6029867e-01
   1.3066563e-01
  -1.3914241e+00
  -7.3874378e-01
  -7.5497085e-01
  -1.3442657e+00
  -2.2484550e+00
  -2.4210958e+00
   1.2929060e-01
   4.6152622e-01
   9.6206479e-02
  -2.8497344e-01
  -4.6652710e-01
   1.4481226e-01
   1.1700857e+00
   2.4222229e+00
   5.9831375e-01
   5.0187594e-01
   5.4259056e-01
   7.5510275e-01
  -2.6447460e-02
  -5.7892787e-01
  -1.0088872e+00
  -1.4494280e+00
  -1.6392895e+00
  -1.8839610e+00
  -2.0942168e+00
  -2.1638658e+00
  -2.0209115e+00
  -1.7702471e+00
  -1.7465410e+00
  -2.1267581e+00
  -2.6443913e+00
  -2.9799793e+00
  -2.6174972e+00
  -1.2722600e+00
   1.4298426e-01
   4.1816989e-01
   2.4938796e-02
   1.2755767e-01
  -2.2777155e-01
  -1.1552055e+00
  -2.5604358e+00
  -3.4207900e+00
  -6.1289722e-01
   2.1911837e-01
   1.7467653e-02
  -3.5321075e-01
  -6.6837412e-01
   5.0625671e-02
   8.7820835e-02
   1.8006759e+00
   8.1438851e-01
   5.2466547e-01
   1.4706514e+00
   1.3576210e+00
   6.8542488e-02
  -2.9788476e-01
  -1.1398106e+00
  -1.4373332e+00
  -1.6172060e+00
  -1.8635831e+00
  -2.0990355e+00
  -2.2042792e+00
  -2.0241244e+00
  -1.6045761e+00
  -1.3356094e+00
  -1.6266358e+00
  -2.2943208e+00
  -3.0181255e+00
  -3.2200778e+00
  -1.8107567e+00
  -1.0448136e-01
   1.0209252e+00
   5.9390724e-01
   3.4461209e-01
  -5.2865285e-02
  -8.7411857e-01
  -2.4313674e+00
  -4.1371846e+00
  -1.4015276e+00
  -8.2065210e-02
  -1.6847208e-01
  -5.5602294e-01
  -1.2162169e+00
  -4.5369372e-01
  -6.8173259e-01
   7.0902491e-01
   5.0633830e-01
   5.7497650e-01
   2.1064408e+00
   6.0469222e-01
   1.0351942e-01
   1.8510185e-02
  -7.2557938e-01
  -1.2381448e+00
  -1.3803374e+00
  -1.5732583e+00
  -1.8053591e+00
  -1.9392760e+00
  -1.8042747e+00
  -1.3543483e+00
  -8.5422850e-01
  -8.9729053e-01
  -1.5957921e+00
  -2.6568806e+00
  -3.5825641e+00
  -1.9563272e+00
   1.7775951e-01
   9.1250408e-01
   5.9198314e-01
   5.2734059e-01
   1.1106271e-01
  -4.6580347e-01
  -1.8767837e+00
  -4.3436728e+00
  -2.3275549e+00
  -5.2941686e-01
  -2.9198155e-01
  -1.0046846e+00
  -2.0756414e+00
  -1.1955547e+00
  -1.4321204e+00
  -2.7744704e-01
  -1.1232492e-01
   2.3542927e-01
  -8.0595243e-01
   2.3339067e-01
   1.2294867e-01
  -2.2092739e-02
  -1.1190881e-01
  -6.4391482e-01
  -7.9171222e-01
  -9.1337156e-01
  -1.1126904e+00
  -1.2479579e+00
  -1.1795051e+00
  -8.7113291e-01
  -4.5061815e-01
  -3.3847800e-01
  -9.9325001e-01
  -2.3410623e+00
  -3.8245981e+00
  -1.4881477e+00
   7.0780689e-01
   1.5297426e+00
   5.2531201e-01
   9.5156068e-01
   2.8661734e-01
  -4.6320975e-02
  -1.0985546e+00
  -3.6111853e+00
  -3.3462746e+00
  -8.5235202e-01
  -2.9344827e-01
  -1.2339205e+00
  -2.6950278e+00
  -1.7093666e+00
  -1.3929509e+00
  -1.1133418e+00
  -6.5692878e-01
  -6.7658615e-01
  -1.1134624e+00
  -2.4971448e-02
   2.8274441e-01
   2.8294164e-01
   1.0790946e-01
  -4.7719628e-02
  -8.2319140e-02
  -1.3136022e-01
  -3.0881742e-01
  -4.3513948e-01
  -3.7645203e-01
  -1.6155878e-01
   6.2083408e-02
   6.6721246e-02
  -5.7438463e-01
  -2.1327183e+00
  -3.8118703e+00
  -8.2306224e-01
   8.2207674e-01
   1.5522953e+00
   5.8754659e-01
   1.3688004e+00
   5.6043684e-01
   2.9633337e-01
  -3.7527639e-01
  -2.6396837e+00
  -3.6240056e+00
  -6.5626842e-01
  -3.3869299e-01
  -1.3259882e+00
  -2.8993440e+00
  -1.8204536e+00
  -9.0595073e-01
  -1.3745075e+00
  -1.0565163e+00
  -4.8640370e-01
  -1.1728600e+00
  -4.7642794e-01
   9.1855034e-02
   5.7668751e-01
   9.7180724e-02
   5.9337132e-03
   3.0460373e-01
   4.9885935e-01
   3.9230189e-01
   2.8115219e-01
   4.1492915e-01
   6.7677176e-01
   8.1907409e-01
   6.3737154e-01
  -5.7549890e-02
  -1.7964323e+00
  -3.0826030e+00
  -1.5430047e-01
   7.4215364e-01
   9.7051746e-01
   6.6123229e-01
   1.4412644e+00
   9.8741013e-01
   7.1179205e-01
   3.7048888e-01
  -1.2260282e+00
  -3.0784323e+00
  -4.5676649e-01
  -5.4156542e-01
  -1.1486109e+00
  -1.5041789e+00
  -9.8149425e-01
  -2.4037597e-01
  -7.4204051e-01
  -7.1171796e-01
  -6.3337147e-01
  -5.2624279e-01
  -1.4685059e-01
   1.6496709e-01
   4.3235299e-01
   1.6958382e-02
  -5.3075909e-01
  -5.6710545e-02
   4.0466744e-01
   4.6412489e-01
   4.4377184e-01
   6.5715516e-01
   1.0219314e+00
   1.2622638e+00
   1.0685748e+00
   3.7055515e-01
  -1.3534614e+00
  -2.1398637e+00
   2.4977727e-01
   5.4424524e-01
   7.3742563e-01
   5.0600153e-01
   1.1665291e+00
   1.0443398e+00
   9.3500657e-01
   7.8494579e-01
  -2.6258466e-01
  -2.0110018e+00
  -2.2497748e-01
  -4.9741679e-01
  -6.8194524e-01
  -4.3469459e-01
  -1.1279514e-01
   2.7987471e-01
  -6.0368979e-01
  -2.9231122e-01
  -2.6775709e-01
  -5.6268066e-01
   2.9814669e-01
   1.1382805e-01
   5.7885826e-02
   3.8733222e-02
  -6.8189496e-01
  -5.4746342e-01
   1.5269849e-01
   3.8026786e-01
   4.5722884e-01
   6.6642302e-01
   1.0470995e+00
   1.4082742e+00
   1.3578769e+00
   7.8943312e-01
  -6.2983495e-01
  -1.0592034e+00
   1.9674060e-01
   1.8561788e-01
   2.8819859e-01
   3.6241060e-01
   6.1160553e-01
   8.1851506e-01
   9.5000792e-01
   9.3171740e-01
   4.5242617e-01
  -6.5263534e-01
  -7.6201126e-02
  -2.0220928e-01
   1.3258671e-02
  -1.7542408e-01
   2.3259459e-01
  -1.9814124e-02
  -9.7676265e-01
  -8.0568284e-02
  -2.1074736e-01
   3.6195362e-01
   2.6643005e-01
   1.6146654e-01
  -1.3286607e-01
  -3.3968270e-02
  -2.4473849e-01
  -7.2516209e-01
  -6.6454701e-02
   1.7845567e-01
   2.9038030e-01
   4.8297167e-01
   8.0811939e-01
   1.1871547e+00
   1.3246300e+00
   1.0084683e+00
   4.9482323e-02
   5.9692085e-02
   5.2489261e-02
  -1.2324420e-01
  -1.8109588e-01
   4.9470993e-02
   1.8661350e-01
   4.6013001e-01
   7.2243604e-01
   7.4608803e-01
   6.6684985e-01
   1.1772616e-01
   4.0817490e-01
  -6.6744812e-02
  -4.4142475e-02
  -2.0433624e-01
  -1.9614166e-01
   6.7846910e-02
  -5.7575160e-01
  -1.5648733e-01
  -1.0140675e-02
  -5.0837696e-01
  -5.7494298e-02
  -3.1501490e-01
  -3.7426777e-01
  -3.5599311e-01
  -8.3029372e-01
  -1.5257091e+00
  -7.2720853e-01
  -4.3142384e-01
  -2.3153663e-01
   2.5490232e-02
   3.2044148e-01
   6.8144558e-01
   9.8974550e-01
   9.8524386e-01
   4.3569732e-01
   4.9027991e-01
   4.4197410e-02
  -2.3118249e-01
  -2.9356026e-01
  -2.3764189e-01
   2.7588051e-02
   2.2149368e-02
   1.6154964e-01
   3.3299129e-01
   5.5170178e-01
   4.4522437e-01
   4.6291820e-01
   1.2193523e-01
  -1.5641566e-01
  -2.0637386e-01
  -2.0193114e-01
  -4.0734880e-02
  -1.7460818e-01
  -1.9197539e-01
  -4.6690989e-01
  -3.6433573e-02
  -1.5900695e-01
  -3.3555116e-01
  -6.3905853e-01
  -6.6213191e-01
  -9.4660800e-01
  -1.7381271e+00
  -1.1678971e+00
  -1.1994601e+00
  -9.4470328e-01
  -6.6277647e-01
  -4.3008229e-01
  -1.4078759e-01
   3.7749919e-01
   7.4212007e-01
   7.8289932e-01
   5.0247657e-01
   9.8428276e-03
  -1.8902609e-01
  -3.1111857e-01
  -3.2208150e-01
   1.4668442e-03
  -2.7075240e-01
  -6.6988973e-01
  -2.3760769e-01
   2.3524714e-01
   5.0866553e-01
   4.9159607e-01
   1.3132674e-01
   6.6606228e-02
  -7.7415779e-02
  -1.0053773e-01
  -6.6562690e-03
   1.4443783e-01
   2.6696107e-01
   6.4826716e-02
   3.2071173e-01
   1.0240803e-01
   1.2262388e-01
  -1.6861483e-01
  -4.6587142e-01
  -1.0262128e+00
  -1.5942211e+00
  -1.3646657e+00
  -1.2223127e+00
  -1.5902892e+00
  -1.5053495e+00
  -1.2340955e+00
  -7.8517312e-01
  -3.7918606e-01
   1.3136773e-01
   4.6248794e-01
   1.1578849e-01
  -9.9222474e-02
  -2.4353588e-01
  -5.0768930e-01
  -2.6648891e-01
  -5.8582172e-02
  -5.0350356e-01
  -7.6897031e-01
  -7.2755480e-01
   9.8293312e-02
   2.7022350e-01
   4.2378265e-01
   1.6109824e-01
  -5.6696188e-02
   2.7517870e-02
  -3.4382347e-02
   2.4797769e-02
   8.7661073e-02
   1.1375652e-01
   1.3586983e-01
   2.1263544e-01
   1.5201342e-01
  -2.3334405e-03
  -1.2424464e-01
  -8.6525120e-02
   1.3257259e-01
  -1.9139162e-01
  -3.6708325e-01
  -4.4727946e-01
  -1.1833799e+00
  -1.6459464e+00
  -1.0926688e+00
  -5.5309004e-01
  -3.6249536e-01
  -6.0027197e-02
   2.0141971e-01
  -1.3617386e-01
  -1.0600204e-01
  -3.2606715e-01
  -4.5280707e-01
  -5.0087047e-01
  -1.9040877e-01
  -5.1103908e-01
  -9.1001291e-02
   1.5194954e-01
  -3.6543825e-01
  -6.2771516e-01
  -3.8407020e-02
   6.1206734e-01
   2.5255203e-01
  -8.0344729e-02
  -1.1788298e-01
  -2.2181497e-02
  -7.4077495e-03
   8.0937482e-03
   9.6822548e-02
   4.9191311e-01
   2.1414575e-01
   1.2242194e-01
   7.2968170e-02
   2.2393274e-01
   1.6881745e-01
   4.6275191e-02
  -3.1319447e-02
   6.8180156e-03
  -1.0532080e-01
  -3.8704559e-01
  -6.2408054e-01
  -4.5588401e-01
  -3.8803840e-01
  -5.6414592e-01
  -5.1663285e-01
  -3.6129433e-01
  -4.1812518e-01
  -6.0106182e-01
  -5.1774430e-01
  -3.7401131e-01
  -5.3048438e-01
  -6.5165031e-01
  -3.1335631e-01
   1.0228695e-01
   4.5904422e-01
  -3.6704663e-02
  -2.1709095e-01
   1.3884494e-01
   3.0891401e-01
   2.6706964e-01
   2.2793198e-01
   1.4118361e-01
  -3.6210675e-02
  -2.3875449e-02
   1.1408359e-01
   3.6713263e-01
   3.7111941e-01
