  3.933294e-01
  3.264695e-01
  3.162611e-01
  3.092770e-01
  3.039968e-01
  2.985238e-01
  2.877528e-01
  2.745809e-01
  2.649392e-01
  2.577738e-01
  2.463850e-01
  2.399456e-01
  2.448781e-01
  2.477981e-01
  2.474795e-01
  2.502706e-01
  2.457815e-01
  2.291727e-01
  2.271794e-01
  2.434036e-01
  2.470536e-01
  2.389140e-01
  2.305409e-01
  2.257501e-01
  2.269080e-01
  2.263831e-01
  2.356436e-01
  2.462703e-01
  2.603136e-01
  2.794347e-01
  3.034742e-01
  3.266730e-01
  3.440562e-01
  3.640137e-01
  4.026270e-01
  5.305232e-01
