  -0.0000000e+00
  -0.0000000e+00
  -0.0000000e+00
  -0.0000000e+00
  -0.0000000e+00
  -0.0000000e+00
  -0.0000000e+00
  -0.0000000e+00
  -0.0000000e+00
  -0.0000000e+00
  -0.0000000e+00
  -0.0000000e+00
  -0.0000000e+00
  -0.0000000e+00
  -0.0000000e+00
  -0.0000000e+00
  -0.0000000e+00
  -0.0000000e+00
  -0.0000000e+00
  -0.0000000e+00
  -0.0000000e+00
  -0.0000000e+00
  -0.0000000e+00
  -0.0000000e+00
  -0.0000000e+00
  -0.0000000e+00
   0.0000000e+00
   0.0000000e+00
   0.0000000e+00
   0.0000000e+00
   0.0000000e+00
   0.0000000e+00
   0.0000000e+00
   0.0000000e+00
   0.0000000e+00
  -0.0000000e+00
  -2.4652556e-02
  -5.3751007e-03
   0.0000000e+00
   1.5716459e-02
   0.0000000e+00
   0.0000000e+00
   1.9082144e-02
   1.6646214e-02
   1.4519718e-02
   1.2881672e-02
   9.5809344e-03
   5.8558327e-03
   4.6914793e-03
   3.8643603e-03
   3.7752911e-03
   1.9422945e-03
   3.1270669e-04
  -2.8531125e-03
   4.7618975e-03
   0.0000000e+00
  -7.3837186e-04
  -1.8593887e-03
  -5.1795971e-03
  -9.1140922e-03
  -1.4998168e-02
  -0.0000000e+00
  -0.0000000e+00
  -0.0000000e+00
  -0.0000000e+00
  -0.0000000e+00
  -0.0000000e+00
  -0.0000000e+00
  -0.0000000e+00
  -0.0000000e+00
  -0.0000000e+00
  -0.0000000e+00
   2.0441467e-02
   2.9600270e-02
   3.4742747e-02
   3.4727965e-02
   3.0556069e-02
   3.0690182e-02
   3.2250855e-02
   3.2484032e-02
   3.2118160e-02
   3.7936527e-02
   4.2243540e-02
   4.0358134e-02
   4.0952917e-02
   4.4219170e-02
   4.7201648e-02
   4.8798732e-02
   4.8102334e-02
   4.7911409e-02
   5.0545163e-02
   4.3039818e-02
   3.8896501e-02
   3.5825346e-02
   3.4580067e-02
   2.9446268e-02
   2.3975138e-02
   1.9591479e-02
   1.6363060e-02
   1.5709795e-02
   1.5729364e-02
   1.2099086e-02
   0.0000000e+00
   6.6438611e-03
   9.4571132e-03
   7.3617296e-03
   3.5343645e-03
   7.5939028e-03
   5.6072054e-02
   5.1434224e-02
   4.7204049e-02
   0.0000000e+00
   0.0000000e+00
   2.5806963e-02
   3.0070717e-02
   2.8947879e-02
   3.1100877e-02
   4.4488497e-02
   5.7534102e-02
   6.3945495e-02
   6.7864642e-02
   7.3916145e-02
   8.0195464e-02
   8.4736489e-02
   8.6356401e-02
   8.8440947e-02
   9.4533483e-02
   7.2546124e-02
   6.7924410e-02
   6.7999788e-02
   7.2791591e-02
   7.0688061e-02
   6.8852514e-02
   6.6918470e-02
   6.5202773e-02
   6.7084141e-02
   6.7753859e-02
   6.6707611e-02
   6.4851351e-02
   6.0554773e-02
   5.8748856e-02
   5.9328277e-02
   5.8821958e-02
   5.7578729e-02
   0.0000000e+00
   0.0000000e+00
   0.0000000e+00
   0.0000000e+00
   0.0000000e+00
   2.3784904e-02
   2.9189311e-02
   3.1083906e-02
   3.9096228e-02
   4.7300231e-02
   5.8045957e-02
   6.7523055e-02
   7.4133955e-02
   8.1691600e-02
   8.9977749e-02
   9.6256979e-02
   9.9371634e-02
   1.0258903e-01
   9.9000613e-02
   0.0000000e+00
   6.5555730e-02
   8.4545359e-02
   9.7694650e-02
   1.0084999e-01
   1.0506887e-01
   1.0584559e-01
   1.0188924e-01
   9.9985085e-02
   9.5620215e-02
   9.0635486e-02
   9.1556773e-02
   9.1144875e-02
   9.1286637e-02
   9.2430346e-02
   9.0010114e-02
   8.3092813e-02
   0.0000000e+00
   0.0000000e+00
   0.0000000e+00
   0.0000000e+00
   0.0000000e+00
   2.7235063e-02
   3.2848394e-02
   3.8583239e-02
   4.3809946e-02
   4.7160427e-02
   5.1699499e-02
   5.6895852e-02
   6.1752498e-02
   6.7885310e-02
   7.5992186e-02
   8.3375869e-02
   8.8858801e-02
   9.0817621e-02
   7.8975032e-02
   0.0000000e+00
   0.0000000e+00
   7.7007336e-02
   9.7483885e-02
   1.0737005e-01
   1.1802585e-01
   1.1966062e-01
   1.1105108e-01
   1.0181877e-01
   9.0740043e-02
   8.0931698e-02
   8.6515506e-02
   9.3098652e-02
   9.8471647e-02
   1.0020944e-01
   9.4967608e-02
   8.1100364e-02
   0.0000000e+00
   0.0000000e+00
   0.0000000e+00
   0.0000000e+00
   0.0000000e+00
   3.4382798e-02
   3.6681361e-02
   3.8828168e-02
   4.1150294e-02
   4.1041490e-02
   4.0930469e-02
   4.1115843e-02
   4.2339262e-02
   4.5990840e-02
   5.2263737e-02
   5.9020307e-02
   6.4266346e-02
   6.3540503e-02
   4.7443569e-02
   0.0000000e+00
   0.0000000e+00
   5.1539768e-02
   7.4383579e-02
   9.1492541e-02
   1.0416484e-01
   1.0125480e-01
   8.4229395e-02
   7.9479977e-02
   7.0503980e-02
   5.7414494e-02
   6.2384285e-02
   7.3854595e-02
   8.2813017e-02
   8.5081607e-02
   8.0298483e-02
   6.7852139e-02
   3.7062375e-02
   0.0000000e+00
   0.0000000e+00
   0.0000000e+00
   0.0000000e+00
   3.7338927e-02
   3.6327697e-02
   3.3924412e-02
   3.1300839e-02
   2.7483238e-02
   2.4294850e-02
   2.1538682e-02
   2.0481631e-02
   2.1508361e-02
   2.4388548e-02
   2.8424989e-02
   3.1076713e-02
   2.7871111e-02
   1.5197350e-02
   0.0000000e+00
   0.0000000e+00
   0.0000000e+00
   3.8911930e-02
   5.6108870e-02
   6.4548329e-02
   5.4908478e-02
   3.5054771e-02
   7.3207330e-02
   3.0155751e-02
   2.6592277e-02
   3.0595321e-02
   4.0497060e-02
   4.9173724e-02
   5.1935665e-02
   4.9698954e-02
   4.3697598e-02
   2.6299714e-02
   0.0000000e+00
   0.0000000e+00
   0.0000000e+00
   2.6516777e-02
   2.9483141e-02
   2.5190135e-02
   1.9820236e-02
   1.5200033e-02
   1.0707435e-02
   7.0760022e-03
   4.1859210e-03
   2.1707905e-03
   1.7326900e-03
   2.7270198e-03
   4.3951795e-03
   4.6304693e-03
   1.5107612e-04
  -6.0639406e-03
   0.0000000e+00
   0.0000000e+00
  -0.0000000e+00
   1.3043980e-02
   2.4744783e-02
   2.7308019e-02
   1.4580856e-02
   4.4869347e-03
   0.0000000e+00
  -0.0000000e+00
   8.5219089e-04
   8.1101190e-03
   1.1922018e-02
   1.6740523e-02
   1.9797735e-02
   2.0156510e-02
   2.2553295e-02
   1.2727499e-03
   1.4264424e-04
   0.0000000e+00
   0.0000000e+00
   6.1184000e-03
   4.4701481e-03
  -8.3477050e-04
  -5.7706581e-03
  -9.2344759e-03
  -1.1955411e-02
  -1.3730556e-02
  -1.5114860e-02
  -1.6655840e-02
  -1.7309219e-02
  -1.7868463e-02
  -1.9142922e-02
  -2.2288959e-02
  -2.7585292e-02
  -1.5659517e-02
  -3.7847396e-03
   0.0000000e+00
  -0.0000000e+00
  -1.1445780e-02
  -6.0930238e-03
  -9.6261464e-03
  -2.3172973e-02
  -2.9105479e-02
   0.0000000e+00
  -0.0000000e+00
  -2.0790283e-02
  -1.9578118e-02
  -2.0016270e-02
  -1.7427653e-02
  -1.4461895e-02
  -1.2626719e-02
  -7.4253734e-03
  -1.7846128e-02
  -1.1561063e-02
   0.0000000e+00
  -0.0000000e+00
  -1.5915062e-02
  -1.7125102e-02
  -2.0319972e-02
  -2.3938490e-02
  -2.5921181e-02
  -2.6243718e-02
  -2.6089240e-02
  -2.5959041e-02
  -2.6276907e-02
  -2.7205652e-02
  -2.9438963e-02
  -3.3733621e-02
  -4.0061176e-02
  -4.5233399e-02
  -2.2352602e-02
  -7.9092802e-03
   0.0000000e+00
  -0.0000000e+00
  -2.5319615e-02
  -2.5298763e-02
  -3.2672446e-02
  -3.6770742e-02
  -2.4017781e-02
   0.0000000e+00
  -0.0000000e+00
  -2.4859551e-02
  -3.4474254e-02
  -3.7417851e-02
  -3.6374815e-02
  -3.5370640e-02
  -3.4255765e-02
  -2.9040579e-02
  -3.7423890e-02
  -2.7508659e-02
   0.0000000e+00
  -0.0000000e+00
  -3.2775205e-02
  -3.2245465e-02
  -3.2955911e-02
  -3.4875970e-02
  -3.5502646e-02
  -3.4354709e-02
  -3.3031121e-02
  -3.2150794e-02
  -3.2460742e-02
  -3.5163235e-02
  -4.0541541e-02
  -4.8346467e-02
  -5.6531332e-02
  -6.0608316e-02
  -4.0741462e-02
  -1.0578257e-02
   0.0000000e+00
   0.0000000e+00
  -0.0000000e+00
  -4.3451801e-02
  -5.1101953e-02
  -4.4099779e-02
  -1.9468996e-02
   0.0000000e+00
  -0.0000000e+00
  -2.5981443e-02
  -4.0857072e-02
  -4.6806101e-02
  -4.9692694e-02
  -5.2499875e-02
  -5.3057875e-02
  -4.8003279e-02
  -4.7765136e-02
  -3.2151529e-02
  -2.5095673e-02
  -3.8799390e-02
  -3.8229395e-02
  -3.6700938e-02
  -3.6018215e-02
  -3.6084715e-02
  -3.5951596e-02
  -3.4887336e-02
  -3.4205437e-02
  -3.4526177e-02
  -3.7486151e-02
  -4.3164417e-02
  -5.1160317e-02
  -5.9994590e-02
  -6.6558309e-02
  -6.6126406e-02
  -4.6588659e-02
   0.0000000e+00
   0.0000000e+00
   0.0000000e+00
  -0.0000000e+00
  -5.6439042e-02
  -5.9369285e-02
  -3.6411568e-02
  -2.2900391e-03
   0.0000000e+00
   0.0000000e+00
  -0.0000000e+00
  -4.1723841e-02
  -4.9966704e-02
  -5.6830496e-02
  -6.2146425e-02
  -6.3312180e-02
  -5.8570184e-02
  -4.8850920e-02
  -3.2270964e-02
  -2.6362639e-02
  -3.5236415e-02
  -3.4829482e-02
  -3.3609077e-02
  -3.2573257e-02
  -3.2053139e-02
  -3.2120842e-02
  -3.2615177e-02
  -3.4610767e-02
  -3.8721789e-02
  -4.5308188e-02
  -5.2728012e-02
  -6.0216464e-02
  -6.5978065e-02
  -6.7331620e-02
  -5.6283619e-02
  -3.7069958e-02
   0.0000000e+00
   0.0000000e+00
   0.0000000e+00
  -0.0000000e+00
  -6.0612224e-02
  -5.5934455e-02
  -2.3670310e-02
  -1.8393245e-03
   0.0000000e+00
   0.0000000e+00
  -0.0000000e+00
  -4.1362927e-02
  -5.0020296e-02
  -5.8337346e-02
  -6.3054934e-02
  -6.3664682e-02
  -5.9769273e-02
  -4.0645763e-02
  -2.5576198e-02
  -1.9834066e-02
  -2.2618281e-02
  -2.3832344e-02
  -2.3936210e-02
  -2.3884248e-02
  -2.4693664e-02
  -2.6873648e-02
  -3.0468579e-02
  -3.6551740e-02
  -4.5144547e-02
  -5.4563314e-02
  -6.1891157e-02
  -6.5921359e-02
  -6.5151714e-02
  -5.6939561e-02
  -3.3873700e-02
   0.0000000e+00
   0.0000000e+00
   0.0000000e+00
   0.0000000e+00
  -0.0000000e+00
  -5.4098975e-02
  -4.1672327e-02
  -1.2311796e-02
   7.2541375e-04
   0.0000000e+00
   0.0000000e+00
  -0.0000000e+00
  -3.9301734e-02
  -4.5894008e-02
  -5.2867159e-02
  -5.5214975e-02
  -5.4582577e-02
  -5.0776765e-02
  -2.9418377e-02
  -1.5558046e-02
  -7.5573702e-03
  -8.4916465e-03
  -1.1396674e-02
  -1.3497755e-02
  -1.5636733e-02
  -1.8607119e-02
  -2.2510322e-02
  -2.7943233e-02
  -3.5572402e-02
  -4.5102607e-02
  -5.4542731e-02
  -6.0576200e-02
  -6.1341368e-02
  -5.4959290e-02
  -3.8667902e-02
  -1.1135286e-02
   0.0000000e+00
   0.0000000e+00
   0.0000000e+00
   0.0000000e+00
  -0.0000000e+00
  -3.9978150e-02
  -2.4258731e-02
  -3.7233170e-03
   0.0000000e+00
   0.0000000e+00
   0.0000000e+00
  -0.0000000e+00
  -3.0268127e-02
  -3.6120534e-02
  -4.0932398e-02
  -4.0519085e-02
  -3.8931776e-02
  -3.5085525e-02
  -2.1605074e-02
  -0.0000000e+00
   3.1599106e-04
  -2.3930974e-03
  -7.9525188e-03
  -1.2805752e-02
  -1.7575581e-02
  -2.2491340e-02
  -2.7690738e-02
  -3.3450652e-02
  -3.9308678e-02
  -4.5054879e-02
  -4.9830016e-02
  -5.1605675e-02
  -4.8360102e-02
  -3.7959743e-02
  -2.0759571e-02
   2.6031415e-04
   0.0000000e+00
   0.0000000e+00
   0.0000000e+00
   0.0000000e+00
  -0.0000000e+00
  -2.4015412e-02
  -9.3644354e-03
   3.8864879e-03
   0.0000000e+00
   0.0000000e+00
   0.0000000e+00
  -0.0000000e+00
  -1.9436810e-02
  -2.4365505e-02
  -3.0863972e-02
  -2.6422881e-02
  -2.5112519e-02
  -2.0270776e-02
   0.0000000e+00
   0.0000000e+00
   1.1824762e-03
  -5.2374735e-03
  -1.3549134e-02
  -2.0452715e-02
  -2.6594848e-02
  -3.2099791e-02
  -3.7409726e-02
  -4.2304287e-02
  -4.5786800e-02
  -4.7481766e-02
  -4.7496417e-02
  -4.5264108e-02
  -3.9154760e-02
  -2.7354451e-02
  -1.1786928e-02
   4.1919071e-03
   0.0000000e+00
   0.0000000e+00
   0.0000000e+00
   0.0000000e+00
  -2.9485871e-02
  -8.5538075e-03
   3.8790519e-03
   1.0975002e-02
   0.0000000e+00
   0.0000000e+00
   0.0000000e+00
  -0.0000000e+00
  -9.1217093e-03
  -1.1635571e-02
  -1.1126786e-02
  -1.6890814e-02
  -1.7209140e-02
  -1.2436901e-02
   0.0000000e+00
   0.0000000e+00
  -0.0000000e+00
  -1.3360353e-02
  -2.1713183e-02
  -2.7423410e-02
  -3.1449188e-02
  -3.4724257e-02
  -3.8321576e-02
  -4.2077652e-02
  -4.4916475e-02
  -4.6243442e-02
  -4.6218360e-02
  -4.4356739e-02
  -3.8940019e-02
  -2.8308953e-02
  -1.6675163e-02
  -2.2380210e-03
   0.0000000e+00
   0.0000000e+00
   0.0000000e+00
  -0.0000000e+00
  -1.9859084e-02
   6.8409900e-03
   1.8975061e-02
   2.2069830e-02
   0.0000000e+00
   0.0000000e+00
   0.0000000e+00
   0.0000000e+00
   2.5856615e-03
   1.1059309e-03
   1.5841434e-03
  -8.8504136e-03
  -1.1127471e-02
  -1.0089295e-02
  -1.8475136e-02
  -1.8634972e-02
  -1.5668191e-02
  -2.3252144e-02
  -3.0148780e-02
  -3.3735234e-02
  -3.4763258e-02
  -3.5355050e-02
  -3.7374679e-02
  -4.0377237e-02
  -4.2361286e-02
  -4.2402081e-02
  -4.0589444e-02
  -3.8813587e-02
  -3.7927330e-02
  -3.5462536e-02
  -3.2742053e-02
  -2.2674674e-02
   0.0000000e+00
   0.0000000e+00
  -0.0000000e+00
  -4.5755009e-02
  -1.3193788e-02
   1.5749747e-02
   0.0000000e+00
   0.0000000e+00
   0.0000000e+00
   0.0000000e+00
   0.0000000e+00
   0.0000000e+00
   1.6459471e-02
   1.0685354e-02
   7.7771628e-03
   0.0000000e+00
   8.1718497e-04
  -9.2977074e-03
  -2.2370968e-02
  -2.5206929e-02
  -3.1078281e-02
  -3.8940232e-02
  -4.4942252e-02
  -4.7210641e-02
  -4.6226770e-02
  -4.4845298e-02
  -4.5726553e-02
  -4.8508618e-02
  -5.0422717e-02
  -4.9496524e-02
  -4.4600725e-02
  -3.7788987e-02
  -3.4085486e-02
  -3.7195053e-02
  -4.4883937e-02
  -5.4434553e-02
  -5.2926794e-02
   0.0000000e+00
  -6.0822185e-02
  -4.6091445e-02
  -1.2298667e-02
   1.4351866e-02
   0.0000000e+00
   0.0000000e+00
   0.0000000e+00
   0.0000000e+00
   0.0000000e+00
   0.0000000e+00
   0.0000000e+00
   2.4244398e-02
   1.9642731e-02
   0.0000000e+00
   0.0000000e+00
  -0.0000000e+00
  -0.0000000e+00
  -4.0683233e-02
  -4.7208524e-02
  -5.6474280e-02
  -6.1380383e-02
  -6.3102245e-02
  -6.2061127e-02
  -6.0796678e-02
  -6.1984167e-02
  -6.6031314e-02
  -6.9861539e-02
  -6.9996752e-02
  -6.2986650e-02
  -4.8203815e-02
  -3.0915676e-02
  -2.3186523e-02
  -3.1906149e-02
  -8.0779833e-02
  -8.8272011e-02
  -7.1853809e-02
  -5.8774053e-02
  -4.4993937e-02
  -1.8335775e-02
   4.1279234e-03
   0.0000000e+00
   0.0000000e+00
   0.0000000e+00
   0.0000000e+00
   0.0000000e+00
   0.0000000e+00
   0.0000000e+00
   4.9333415e-02
   2.4386746e-02
   0.0000000e+00
   0.0000000e+00
   0.0000000e+00
  -0.0000000e+00
  -4.8837216e-02
  -6.3323557e-02
  -6.6496022e-02
  -7.0068330e-02
  -7.1664311e-02
  -7.1329698e-02
  -7.0110455e-02
  -7.0606269e-02
  -7.5258605e-02
  -8.1583954e-02
  -8.3939329e-02
  -7.6383866e-02
  -5.5688608e-02
  -2.6152167e-02
  -6.2204517e-03
  -3.7986247e-03
  -0.0000000e+00
  -7.6731320e-02
  -5.9690770e-02
  -5.1044818e-02
  -4.4954322e-02
  -2.8708722e-02
  -8.9723449e-03
   0.0000000e+00
   0.0000000e+00
   0.0000000e+00
   0.0000000e+00
   0.0000000e+00
   0.0000000e+00
   0.0000000e+00
   6.7346985e-02
   0.0000000e+00
   0.0000000e+00
   0.0000000e+00
   0.0000000e+00
  -0.0000000e+00
  -5.4043446e-02
  -6.3546150e-02
  -6.7449942e-02
  -7.0546046e-02
  -7.2126642e-02
  -7.1516342e-02
  -6.8934605e-02
  -6.7020074e-02
  -6.9540009e-02
  -7.5812474e-02
  -7.9492390e-02
  -7.3249072e-02
  -5.1724918e-02
  -1.8256316e-02
  -7.9299716e-04
   0.0000000e+00
  -0.0000000e+00
  -4.5394219e-02
  -4.3175794e-02
  -4.2005241e-02
  -4.3880116e-02
  -4.0858697e-02
  -2.8296567e-02
   0.0000000e+00
   0.0000000e+00
   0.0000000e+00
   0.0000000e+00
   0.0000000e+00
   0.0000000e+00
   0.0000000e+00
   0.0000000e+00
   0.0000000e+00
   0.0000000e+00
   0.0000000e+00
   0.0000000e+00
  -0.0000000e+00
  -4.5545656e-02
  -5.4567765e-02
  -5.8223438e-02
  -6.0297869e-02
  -6.0989719e-02
  -5.9211388e-02
  -5.5420645e-02
  -5.2163735e-02
  -5.2613579e-02
  -5.7000320e-02
  -6.0734592e-02
  -5.6717854e-02
  -3.8518067e-02
  -7.2153234e-03
   5.5995107e-03
  -0.0000000e+00
  -2.7272524e-02
  -2.9641680e-02
  -3.0159602e-02
  -3.1441797e-02
  -3.8231026e-02
  -4.6590377e-02
  -4.3993977e-02
   0.0000000e+00
   0.0000000e+00
   0.0000000e+00
   0.0000000e+00
   0.0000000e+00
   0.0000000e+00
   0.0000000e+00
   0.0000000e+00
   0.0000000e+00
   0.0000000e+00
   0.0000000e+00
   0.0000000e+00
   0.0000000e+00
  -3.0519200e-02
  -3.2356940e-02
  -3.3518441e-02
  -3.3660766e-02
  -3.2634292e-02
  -2.9744711e-02
  -2.5859814e-02
  -2.4069835e-02
  -2.6510645e-02
  -3.1258810e-02
  -3.5510324e-02
  -3.4582492e-02
  -2.0863626e-02
   2.5532046e-03
   0.0000000e+00
  -0.0000000e+00
  -2.2179735e-02
  -1.6368884e-02
  -1.6831968e-02
  -1.9333141e-02
  -2.6494849e-02
  -3.8794510e-02
  -4.0794650e-02
   0.0000000e+00
   0.0000000e+00
   0.0000000e+00
   0.0000000e+00
   0.0000000e+00
   0.0000000e+00
   0.0000000e+00
   0.0000000e+00
   0.0000000e+00
   0.0000000e+00
   0.0000000e+00
   0.0000000e+00
   0.0000000e+00
  -0.0000000e+00
  -9.7638869e-04
   2.5482045e-03
   4.2563193e-03
   6.3993074e-03
   9.4900690e-03
   1.2398655e-02
   1.1069656e-02
   4.3136049e-03
  -3.7810565e-03
  -1.0112748e-02
  -1.2372752e-02
  -2.4232240e-03
   1.3751787e-02
   0.0000000e+00
  -0.0000000e+00
  -1.3154277e-02
   2.8116178e-03
  -6.1342469e-04
  -5.6845243e-03
  -1.1912080e-02
  -2.3473455e-02
  -3.1252991e-02
   0.0000000e+00
   0.0000000e+00
   0.0000000e+00
   0.0000000e+00
   0.0000000e+00
   0.0000000e+00
   0.0000000e+00
   0.0000000e+00
   0.0000000e+00
   0.0000000e+00
   0.0000000e+00
   0.0000000e+00
   0.0000000e+00
   0.0000000e+00
   3.6249451e-02
   4.8892185e-02
   5.4862704e-02
   5.6837812e-02
   5.9812546e-02
   6.0783461e-02
   5.5976596e-02
   4.5347825e-02
   3.3496350e-02
   2.3993250e-02
   1.7397810e-02
   2.1027619e-02
   2.8157100e-02
   0.0000000e+00
   0.0000000e+00
   0.0000000e+00
   0.0000000e+00
   2.3072483e-02
   1.6475936e-02
   1.0128922e-02
   1.2576196e-03
  -1.1656373e-02
  -2.7542118e-04
   0.0000000e+00
   0.0000000e+00
   0.0000000e+00
   0.0000000e+00
   0.0000000e+00
   0.0000000e+00
   0.0000000e+00
   0.0000000e+00
   0.0000000e+00
   0.0000000e+00
   0.0000000e+00
   0.0000000e+00
   0.0000000e+00
   4.9744452e-02
   6.1430201e-02
   7.3277033e-02
   7.6667316e-02
   8.0731079e-02
   8.0275750e-02
   7.5270943e-02
   6.7116804e-02
   5.7230563e-02
   4.7772951e-02
   3.8581934e-02
   3.2564205e-02
   3.4909414e-02
   0.0000000e+00
   0.0000000e+00
   0.0000000e+00
   0.0000000e+00
   3.6203150e-02
   3.3975650e-02
   2.9726347e-02
   2.3634638e-02
   1.2859017e-02
   1.0417305e-02
   0.0000000e+00
   0.0000000e+00
   0.0000000e+00
   0.0000000e+00
   0.0000000e+00
   0.0000000e+00
   0.0000000e+00
   0.0000000e+00
   0.0000000e+00
   0.0000000e+00
   0.0000000e+00
   0.0000000e+00
   0.0000000e+00
   0.0000000e+00
   5.5986885e-02
   6.8818562e-02
   7.4166983e-02
   7.8141734e-02
   7.6034486e-02
   7.2047085e-02
   6.9278799e-02
   6.6406116e-02
   6.1435722e-02
   5.2008368e-02
   3.4101378e-02
   0.0000000e+00
   0.0000000e+00
   0.0000000e+00
   0.0000000e+00
   0.0000000e+00
   4.1472254e-02
   4.6511907e-02
   4.5952845e-02
   4.5615144e-02
   3.6557585e-02
   0.0000000e+00
   0.0000000e+00
   0.0000000e+00
   0.0000000e+00
   0.0000000e+00
   0.0000000e+00
   0.0000000e+00
   0.0000000e+00
   0.0000000e+00
   0.0000000e+00
   0.0000000e+00
   0.0000000e+00
   0.0000000e+00
   0.0000000e+00
   0.0000000e+00
   0.0000000e+00
   4.8522836e-02
   5.1558882e-02
   5.3572863e-02
   5.3164582e-02
   5.2314173e-02
   5.3530160e-02
   5.6044500e-02
   5.6026548e-02
   4.9396519e-02
   3.3358006e-02
   0.0000000e+00
   0.0000000e+00
   0.0000000e+00
   0.0000000e+00
   0.0000000e+00
   0.0000000e+00
   4.5529173e-02
   4.7580682e-02
   5.4675638e-02
   5.1355425e-02
   4.7156670e-02
   0.0000000e+00
   0.0000000e+00
   0.0000000e+00
   0.0000000e+00
   0.0000000e+00
   0.0000000e+00
   0.0000000e+00
   0.0000000e+00
   0.0000000e+00
   0.0000000e+00
   0.0000000e+00
   0.0000000e+00
   0.0000000e+00
   0.0000000e+00
   0.0000000e+00
   1.1996618e-02
   1.2464156e-02
   1.5891125e-02
   1.9099964e-02
   2.1855110e-02
   2.7251544e-02
   3.3409283e-02
   3.7253312e-02
   3.4142941e-02
   2.8695670e-02
   0.0000000e+00
   0.0000000e+00
   0.0000000e+00
   0.0000000e+00
   0.0000000e+00
   0.0000000e+00
   0.0000000e+00
   4.0701846e-02
   5.1847577e-02
   5.3079535e-02
   5.0793411e-02
   0.0000000e+00
   0.0000000e+00
   0.0000000e+00
   0.0000000e+00
   0.0000000e+00
   0.0000000e+00
   0.0000000e+00
   0.0000000e+00
   0.0000000e+00
   0.0000000e+00
   0.0000000e+00
   0.0000000e+00
   0.0000000e+00
   0.0000000e+00
  -0.0000000e+00
  -1.3152488e-02
  -1.6567348e-02
  -2.0621276e-02
  -1.7135027e-02
  -1.3131655e-02
  -4.4298656e-03
   5.4170488e-03
   1.3290639e-02
   1.3594605e-02
   1.0695657e-02
   0.0000000e+00
   0.0000000e+00
   0.0000000e+00
   0.0000000e+00
   0.0000000e+00
   0.0000000e+00
   0.0000000e+00
   2.9440114e-02
   3.3723770e-02
   3.0506954e-02
   1.3188834e-02
   0.0000000e+00
   0.0000000e+00
   0.0000000e+00
   0.0000000e+00
   0.0000000e+00
   0.0000000e+00
   0.0000000e+00
   0.0000000e+00
   0.0000000e+00
   0.0000000e+00
   0.0000000e+00
   0.0000000e+00
   0.0000000e+00
   0.0000000e+00
  -0.0000000e+00
  -2.8128944e-02
  -4.0959824e-02
  -4.5088738e-02
  -4.5153956e-02
  -4.1583918e-02
  -2.4879936e-02
  -6.5569432e-03
  -4.5381414e-03
  -3.6214962e-03
   0.0000000e+00
   0.0000000e+00
   0.0000000e+00
   0.0000000e+00
   0.0000000e+00
   0.0000000e+00
   0.0000000e+00
   0.0000000e+00
   1.4475184e-02
   0.0000000e+00
  -1.7035729e-03
  -1.8735478e-03
   4.2240819e-03
   0.0000000e+00
   0.0000000e+00
   0.0000000e+00
   0.0000000e+00
   0.0000000e+00
   0.0000000e+00
   0.0000000e+00
   0.0000000e+00
   0.0000000e+00
   0.0000000e+00
   0.0000000e+00
   0.0000000e+00
   0.0000000e+00
   0.0000000e+00
   0.0000000e+00
   0.0000000e+00
   0.0000000e+00
  -0.0000000e+00
  -0.0000000e+00
   0.0000000e+00
   0.0000000e+00
   0.0000000e+00
   0.0000000e+00
   0.0000000e+00
   0.0000000e+00
   0.0000000e+00
   0.0000000e+00
   0.0000000e+00
   0.0000000e+00
   0.0000000e+00
  -0.0000000e+00
   0.0000000e+00
   0.0000000e+00
   0.0000000e+00
  -1.6374325e-02
  -9.4133219e-03
  -5.6645725e-03
   0.0000000e+00
  -0.0000000e+00
  -0.0000000e+00
   0.0000000e+00
   0.0000000e+00
   0.0000000e+00
   0.0000000e+00
   0.0000000e+00
   0.0000000e+00
   3.9576992e-03
   4.1494020e-03
   2.6968175e-03
   2.3275116e-03
   3.2599786e-03
   3.7627652e-03
   1.6505005e-03
  -1.9704024e-03
  -6.3009867e-03
  -1.0428827e-02
  -1.2362174e-02
  -1.3211646e-02
  -1.3509893e-02
  -8.1915872e-03
  -8.6453325e-04
  -1.3804111e-03
  -3.0257585e-03
  -4.0112924e-03
  -4.5160074e-03
  -3.6563574e-03
  -5.7384018e-03
  -9.5790101e-03
  -1.1436989e-02
  -1.3158055e-02
  -1.2271276e-02
  -1.0908886e-02
  -1.1021731e-02
  -8.6863398e-03
  -6.0909513e-03
  -4.2901592e-03
  -3.6529971e-03
  -1.6979792e-03
  -1.4155131e-03
  -1.1447553e-03
  -4.6752048e-04
   6.9263788e-04
