  -6.1023414e-01
  -1.8524518e+00
  -2.5342586e+00
  -3.1226635e+00
  -3.6891613e+00
  -3.4642367e+00
  -3.2245979e+00
  -3.3955326e+00
  -3.7029672e+00
  -3.8311665e+00
  -3.7884865e+00
  -3.7789805e+00
  -3.6269908e+00
  -3.4768035e+00
  -3.4541411e+00
  -3.7008889e+00
  -3.9859424e+00
  -4.1417928e+00
  -3.9823112e+00
  -3.7756155e+00
  -3.9118516e+00
  -4.0975604e+00
  -4.4231663e+00
  -4.6699629e+00
  -4.3552046e+00
  -4.4927659e+00
  -6.2241335e+00
  -7.2612491e+00
  -6.4098091e+00
  -5.3376131e+00
  -4.2174597e+00
  -3.4018123e+00
  -3.7604294e+00
  -3.9910471e+00
  -2.7254875e+00
  -8.6397630e-01
  -1.7717663e+00
  -9.5408940e-01
  -1.5017191e-01
   4.4682029e-01
   6.9937301e-01
   9.0100455e-01
   1.0239277e+00
   9.7499895e-01
   8.4208393e-01
   7.9548973e-01
   5.9909648e-01
   3.6633313e-01
   1.6548613e-01
   1.2616742e-01
   4.2579874e-02
  -1.1184603e-02
  -9.5817618e-02
  -2.2337122e-01
  -3.5205638e-01
  -3.2605755e-01
  -2.3461679e-01
  -2.6823497e-01
  -3.6803830e-01
  -5.8460069e-01
  -8.7785792e-01
  -1.3505770e+00
  -2.3277733e+00
  -3.5065296e+00
  -4.0154581e+00
  -5.3087897e+00
  -5.5631685e+00
  -4.5019083e+00
  -3.7299726e+00
  -5.1817274e+00
  -6.0712767e+00
  -4.1682425e+00
   6.6235077e-01
   1.2934872e+00
   1.7760737e+00
   2.0005426e+00
   1.5697782e+00
   1.9851383e+00
   1.9683249e+00
   1.9375570e+00
   1.9703438e+00
   2.1359553e+00
   2.3627834e+00
   2.3233986e+00
   2.2311924e+00
   2.3303189e+00
   2.4956076e+00
   2.6033840e+00
   2.6214013e+00
   2.5726328e+00
   2.6499760e+00
   2.4711225e+00
   2.2910767e+00
   2.0275781e+00
   2.0376358e+00
   1.7942480e+00
   1.4869447e+00
   1.1821313e+00
   9.1181469e-01
   7.6642466e-01
   7.3971373e-01
   6.6720951e-01
   3.8295233e-01
   2.1150400e-01
   3.4395987e-01
   3.9553490e-01
   2.5644335e-01
   2.3545501e-01
   2.9102559e+00
   2.7564821e+00
   2.4264610e+00
   1.4806808e+00
   1.1146915e+00
   1.9341648e+00
   1.9242777e+00
   1.5707012e+00
   1.5104787e+00
   2.3604813e+00
   2.9808495e+00
   3.4288671e+00
   3.6148574e+00
   3.8604009e+00
   4.1589146e+00
   4.4008312e+00
   4.5411105e+00
   4.6058283e+00
   4.8222432e+00
   3.0453482e+00
   3.7448049e+00
   3.8897548e+00
   4.0236878e+00
   3.9329586e+00
   3.7704999e+00
   3.6891050e+00
   3.5618818e+00
   3.5960393e+00
   3.6912043e+00
   3.6819358e+00
   3.5950036e+00
   3.4031787e+00
   3.1531167e+00
   3.1645396e+00
   3.1335568e+00
   3.1640146e+00
   2.1458313e+00
   1.5942132e+00
   1.2495568e+00
   9.1867399e-01
   1.0012451e+00
   1.7428488e+00
   1.9213668e+00
   1.7662030e+00
   1.8654859e+00
   2.7424867e+00
   3.1386259e+00
   3.6581759e+00
   4.0063472e+00
   4.3341780e+00
   4.7066665e+00
   5.0193310e+00
   5.2172270e+00
   5.3686295e+00
   5.4776773e+00
   3.1723583e+00
   3.7526796e+00
   4.4723287e+00
   5.1240258e+00
   5.3244381e+00
   5.4018731e+00
   5.5505633e+00
   5.4663997e+00
   5.4177694e+00
   5.3723044e+00
   5.1592865e+00
   5.0876493e+00
   5.0639439e+00
   4.9282441e+00
   4.9744740e+00
   4.9460492e+00
   4.7679734e+00
   1.9485736e+00
   1.3270671e+00
   1.2742859e+00
   9.4675028e-01
   9.1606938e-01
   1.6587928e+00
   2.1850147e+00
   2.3444571e+00
   2.7869994e+00
   2.9212602e+00
   3.0624947e+00
   3.3256819e+00
   3.5562636e+00
   3.8112662e+00
   4.1551330e+00
   4.5249782e+00
   4.8338841e+00
   5.0852879e+00
   4.9727560e+00
   2.6709069e+00
   2.8945119e+00
   3.8506422e+00
   4.9383386e+00
   5.5342587e+00
   5.8842060e+00
   6.2349180e+00
   6.0596880e+00
   5.6474979e+00
   5.2077139e+00
   4.7224691e+00
   4.7849155e+00
   5.0938414e+00
   5.3253616e+00
   5.4999134e+00
   5.4752620e+00
   5.0546888e+00
   1.6511295e+00
   9.0722555e-01
   1.0056936e+00
   9.4241059e-01
   1.0055300e+00
   2.0122685e+00
   2.3746738e+00
   2.4085310e+00
   2.6098711e+00
   2.6111646e+00
   2.5694940e+00
   2.5876987e+00
   2.6220293e+00
   2.7336850e+00
   3.0255675e+00
   3.4193008e+00
   3.7779698e+00
   4.0273557e+00
   3.6793933e+00
   1.8177195e+00
   1.9088622e+00
   2.1990173e+00
   3.6644278e+00
   4.6791759e+00
   5.3478680e+00
   5.7111969e+00
   5.1776266e+00
   4.3436828e+00
   4.0537429e+00
   3.3817682e+00
   3.4418669e+00
   3.9173279e+00
   4.4742513e+00
   4.7825217e+00
   4.8296566e+00
   4.4773850e+00
   2.3478841e+00
   9.6853721e-01
   8.7628198e-01
   8.0436435e-01
   1.3189828e+00
   2.5125437e+00
   2.2994957e+00
   2.1202288e+00
   1.9455451e+00
   1.7293569e+00
   1.5318265e+00
   1.3767952e+00
   1.2928429e+00
   1.3286777e+00
   1.4815226e+00
   1.7550173e+00
   2.0362713e+00
   2.1238332e+00
   1.6357730e+00
   9.6844983e-01
   8.1167436e-01
   3.3318265e-01
   1.7086782e+00
   2.9409978e+00
   3.7390006e+00
   3.8661766e+00
   2.7004194e+00
   1.2477402e+00
   9.0020138e-01
   1.3653075e+00
   1.5335360e+00
   1.9367586e+00
   2.6035531e+00
   2.9749287e+00
   3.0914850e+00
   3.0245516e+00
   2.0648100e+00
   1.4055171e+00
   7.8579050e-01
   7.0916212e-01
   1.3793169e+00
   1.9126318e+00
   1.6487371e+00
   1.2192844e+00
   8.4202653e-01
   5.4897231e-01
   3.3000845e-01
   1.7702167e-01
   8.0515958e-02
   3.6429323e-02
   6.5146476e-02
   1.8606465e-01
   2.8143111e-01
   1.4497101e-01
  -2.4645951e-01
   2.8499430e-01
  -3.1318170e-01
  -5.0140375e-01
   1.2051691e-01
   1.3385061e+00
   1.8477768e+00
   1.6454053e+00
   2.2043718e-01
   5.2489012e-01
   2.1877418e-01
  -5.6235152e-01
  -6.2240019e-02
   3.6798370e-01
   7.3521459e-01
   1.0418504e+00
   1.2079841e+00
   1.3362094e+00
  -2.2138688e-01
   9.0942276e-01
   4.3831253e-01
  -7.3065557e-02
   5.6714304e-02
   2.8886616e-01
  -1.2552583e-01
  -5.6799769e-01
  -9.1151124e-01
  -1.1146225e+00
  -1.2383168e+00
  -1.2840725e+00
  -1.3404539e+00
  -1.4161346e+00
  -1.4995131e+00
  -1.6514691e+00
  -1.8942506e+00
  -2.3231091e+00
  -2.0881214e+00
   2.1838602e-01
  -5.1869857e-01
  -8.0998170e-01
  -1.5027978e+00
  -6.8258488e-01
  -7.1869814e-01
  -1.2992374e+00
  -1.9248879e+00
  -3.7874401e-01
  -4.3646783e-01
  -1.6956557e+00
  -1.5224735e+00
  -1.6421791e+00
  -1.5754855e+00
  -1.3638380e+00
  -1.2679279e+00
  -1.0679727e+00
  -2.1070750e+00
  -7.2714365e-01
  -4.5424536e-01
  -9.5739663e-01
  -1.4842999e+00
  -1.5217690e+00
  -1.7503055e+00
  -2.0441217e+00
  -2.2537978e+00
  -2.3041816e+00
  -2.2680032e+00
  -2.2172914e+00
  -2.2384348e+00
  -2.3360496e+00
  -2.5552084e+00
  -2.9340351e+00
  -3.4244919e+00
  -3.9658060e+00
  -3.3864222e+00
  -6.4133728e-01
  -6.4098573e-01
  -9.8182565e-01
  -2.1867781e+00
  -2.3259149e+00
  -2.7748313e+00
  -3.2436368e+00
  -1.6939901e+00
  -4.5704439e-01
  -8.7025416e-01
  -2.0122058e+00
  -2.3330874e+00
  -3.0483217e+00
  -3.1206651e+00
  -3.0856974e+00
  -3.1581411e+00
  -2.9640188e+00
  -3.7460158e+00
  -2.5789428e+00
  -1.2601635e+00
  -1.3270453e+00
  -2.8753021e+00
  -3.0119939e+00
  -3.0229511e+00
  -3.1154218e+00
  -3.1766219e+00
  -3.1132801e+00
  -2.9922574e+00
  -2.9308388e+00
  -2.9849629e+00
  -3.1831858e+00
  -3.6123977e+00
  -4.2051883e+00
  -4.8218222e+00
  -5.2130766e+00
  -4.5760703e+00
  -8.3305204e-01
  -3.4999499e-01
  -8.8466918e-01
  -2.0577364e+00
  -3.9561696e+00
  -4.5567875e+00
  -4.4169421e+00
  -1.1966459e+00
  -2.1932597e-01
  -9.6007884e-01
  -1.4905013e+00
  -2.0673606e+00
  -3.8985355e+00
  -4.2752504e+00
  -4.5303822e+00
  -4.7523541e+00
  -4.5528278e+00
  -4.5615311e+00
  -3.4461575e+00
  -1.6991682e+00
  -2.3451121e+00
  -3.5904403e+00
  -3.5205629e+00
  -3.4300187e+00
  -3.3810842e+00
  -3.3638916e+00
  -3.3197634e+00
  -3.2927589e+00
  -3.3627198e+00
  -3.5798457e+00
  -3.9934804e+00
  -4.5932622e+00
  -5.2215934e+00
  -5.7046618e+00
  -5.7597651e+00
  -4.5058913e+00
  -3.5293597e-01
  -2.0489193e-01
  -8.1052947e-01
  -2.2230117e+00
  -4.9991045e+00
  -5.4304285e+00
  -4.5015807e+00
  -6.7462248e-01
  -5.7673864e-03
  -9.1145849e-01
  -1.0129985e+00
  -1.5072798e+00
  -4.0872869e+00
  -4.7389393e+00
  -5.1796479e+00
  -5.4546843e+00
  -5.2736115e+00
  -4.6228266e+00
  -3.5652726e+00
  -2.4414806e+00
  -3.0228231e+00
  -3.3325593e+00
  -3.2405322e+00
  -3.1197822e+00
  -3.0290465e+00
  -3.0161977e+00
  -3.0999908e+00
  -3.3154755e+00
  -3.7056322e+00
  -4.2161446e+00
  -4.7800226e+00
  -5.3506622e+00
  -5.7832170e+00
  -5.9774194e+00
  -5.5711174e+00
  -3.0847092e+00
  -3.9917630e-01
  -4.7174263e-01
  -8.8621843e-01
  -2.9334414e+00
  -5.4261422e+00
  -5.4417677e+00
  -3.8203819e+00
  -2.1081778e-01
   1.0203092e-01
  -7.0253384e-01
  -1.4856231e+00
  -2.6998754e+00
  -3.9005413e+00
  -4.6927614e+00
  -5.1614618e+00
  -5.3872113e+00
  -5.2331014e+00
  -3.9731109e+00
  -2.9807763e+00
  -2.1365972e+00
  -2.2691836e+00
  -2.4044559e+00
  -2.3927412e+00
  -2.3252733e+00
  -2.3108821e+00
  -2.4726717e+00
  -2.8100073e+00
  -3.3271413e+00
  -4.0914660e+00
  -4.8181653e+00
  -5.3674932e+00
  -5.7158914e+00
  -5.8174572e+00
  -5.5894189e+00
  -4.5292363e+00
  -1.6425194e+00
  -1.1874477e+00
  -1.2377001e+00
  -1.0527648e+00
  -2.9119437e+00
  -4.9115429e+00
  -4.6589704e+00
  -2.6074240e+00
   5.2234751e-01
   4.1410080e-01
  -5.3682351e-01
  -1.8066627e+00
  -3.1976964e+00
  -3.5518486e+00
  -4.3444414e+00
  -4.6984415e+00
  -4.7318025e+00
  -4.4953976e+00
  -2.8770833e+00
  -1.8655674e+00
  -1.2065254e+00
  -1.1561836e+00
  -1.3615868e+00
  -1.5671769e+00
  -1.7472250e+00
  -1.9966295e+00
  -2.4045088e+00
  -2.8990266e+00
  -3.5172131e+00
  -4.3045802e+00
  -4.9666972e+00
  -5.3696384e+00
  -5.4616170e+00
  -5.2248206e+00
  -4.5387387e+00
  -2.7611916e+00
  -1.8125625e-01
  -2.7783260e+00
  -3.1858914e+00
  -1.3867509e+00
  -1.9707178e+00
  -3.8284788e+00
  -3.3709757e+00
  -1.3404062e+00
   1.2393793e+00
   6.7182529e-01
  -3.1954449e-01
  -2.2998953e+00
  -2.8735948e+00
  -2.9730613e+00
  -3.7838521e+00
  -3.9651730e+00
  -3.7673359e+00
  -3.3568010e+00
  -1.4813442e+00
  -3.9617831e-01
  -4.7728586e-01
  -4.9368933e-01
  -1.0210863e+00
  -1.6430428e+00
  -2.1893644e+00
  -2.7359350e+00
  -3.3296409e+00
  -3.8695171e+00
  -4.4009790e+00
  -4.9204330e+00
  -5.2823048e+00
  -5.4141235e+00
  -5.2098722e+00
  -4.5840130e+00
  -3.4242902e+00
  -1.1153744e+00
   6.9000071e-01
  -3.5694263e+00
  -4.9951367e+00
  -2.3467250e+00
  -2.2304301e+00
  -3.1768975e+00
  -1.9424911e+00
  -1.8114965e-01
   1.4901098e+00
   7.7735251e-01
  -5.3775199e-02
  -2.8043442e+00
  -2.4205742e+00
  -2.2928605e+00
  -2.8440096e+00
  -2.9521072e+00
  -2.9609931e+00
  -2.4599895e+00
  -3.4478020e-01
   1.5925232e-02
  -2.9970526e-01
  -6.3365452e-01
  -1.6334924e+00
  -2.6656379e+00
  -3.4649759e+00
  -4.1554613e+00
  -4.8015937e+00
  -5.3188718e+00
  -5.7268670e+00
  -5.9731686e+00
  -6.0097802e+00
  -5.8690980e+00
  -5.4404615e+00
  -4.5770664e+00
  -3.1004101e+00
  -3.9668549e-01
   1.0078958e+00
  -3.3528474e+00
  -5.2239536e+00
  -3.6875096e+00
  -3.6053849e+00
  -1.9730370e+00
  -3.6767109e-01
   1.1147827e+00
   1.8428439e+00
   8.1959113e-01
   1.4954064e-01
  -2.6154286e+00
  -1.8174759e+00
  -1.4136809e+00
  -1.3680249e+00
  -1.8551235e+00
  -2.3717172e+00
  -1.9206222e+00
  -9.0777468e-02
  -2.6795267e-02
  -4.3778072e-01
  -1.4301791e+00
  -2.5442633e+00
  -3.4665139e+00
  -4.0641475e+00
  -4.5146255e+00
  -4.9411315e+00
  -5.3253301e+00
  -5.6521385e+00
  -5.8566005e+00
  -5.8817613e+00
  -5.7835586e+00
  -5.4694794e+00
  -4.7248534e+00
  -3.4801341e+00
  -1.4727898e+00
   6.4107619e-01
  -1.6668582e+00
  -3.6936562e+00
  -5.1353558e+00
  -4.0893159e+00
  -2.8497913e-01
   1.7720167e+00
   2.7387866e+00
   1.3514393e+00
   5.9594684e-01
   2.8055030e-01
  -1.4159101e+00
  -7.3519811e-01
  -1.1547071e-01
   1.4074848e-01
  -9.4924623e-01
  -1.1509993e+00
  -1.1127702e+00
  -2.7492833e-01
  -5.4642892e-01
  -1.1433681e+00
  -2.0711780e+00
  -2.9227808e+00
  -3.5414412e+00
  -3.8721478e+00
  -4.0735183e+00
  -4.3039250e+00
  -4.5865436e+00
  -4.8276525e+00
  -4.9178357e+00
  -4.8157840e+00
  -4.6338887e+00
  -4.5452213e+00
  -4.4650049e+00
  -4.2059884e+00
  -3.6420760e+00
  -1.1016356e+00
  -1.7710031e+00
  -5.0512857e+00
  -5.5418086e+00
  -3.3745997e+00
   8.7168610e-01
   2.1274731e+00
   1.1186844e+00
   7.1252584e-01
   3.9724073e-01
   3.4470257e-01
  -2.8094867e-01
   4.3347910e-01
   1.0224431e+00
   9.5974064e-01
  -9.6130773e-02
   3.6728930e-01
  -4.3844613e-01
  -3.2600832e-01
  -1.1380421e+00
  -2.1593547e+00
  -2.8336346e+00
  -3.4673834e+00
  -3.9306755e+00
  -4.1642175e+00
  -4.3101463e+00
  -4.5026412e+00
  -4.7423882e+00
  -4.9246349e+00
  -4.8972454e+00
  -4.6063876e+00
  -4.1704202e+00
  -3.8581405e+00
  -4.0757055e+00
  -4.5175662e+00
  -5.1920819e+00
  -4.3383293e+00
  -3.5533109e+00
  -6.5878577e+00
  -5.4048076e+00
  -2.9186225e+00
   1.1660954e+00
   1.4149917e+00
   5.0956780e-01
   4.3540740e-01
   2.7437574e-01
   3.3151716e-01
   1.8771061e-01
   7.4217051e-01
   1.8334162e+00
   1.9566973e+00
   4.7227228e-01
   8.7527001e-01
  -1.1022258e-01
  -3.7193063e-01
  -1.5463582e+00
  -3.1068456e+00
  -3.7086062e+00
  -4.2584295e+00
  -4.6675005e+00
  -4.9115868e+00
  -5.1109595e+00
  -5.3673854e+00
  -5.6666293e+00
  -5.9335661e+00
  -5.9741726e+00
  -5.6164455e+00
  -4.8929372e+00
  -3.8963351e+00
  -3.1896336e+00
  -3.2759957e+00
  -4.7834725e+00
  -6.9710808e+00
  -7.1753407e+00
  -6.1635780e+00
  -4.7935438e+00
  -2.8274689e+00
   4.1009313e-01
   8.8519204e-01
   2.2967710e-01
   1.7678368e-01
   2.5538584e-02
   3.2517907e-01
   2.9207367e-01
   8.0188042e-01
   2.6763370e+00
   2.6353741e+00
   7.3710394e-01
   3.1049588e-01
   2.4598602e-02
  -5.5234313e-01
  -2.1695879e+00
  -2.5492506e+00
  -4.2944202e+00
  -5.0064850e+00
  -5.4161000e+00
  -5.6365023e+00
  -5.7731557e+00
  -5.9182529e+00
  -6.1997347e+00
  -6.6113100e+00
  -6.8792825e+00
  -6.6638422e+00
  -5.7802997e+00
  -3.9613879e+00
  -1.8643676e+00
  -1.7817594e-01
  -2.6023600e+00
  -5.5904837e+00
  -5.9742780e+00
  -5.0410652e+00
  -4.3040810e+00
  -3.2624376e+00
  -6.6494578e-01
   4.9606475e-01
  -4.6848632e-02
  -3.3484552e-02
  -2.2371754e-01
   2.4035265e-01
   2.9056674e-01
   6.5285301e-01
   2.1033037e+00
   2.7417974e+00
   4.7744176e-01
   5.1438248e-01
  -5.0982499e-01
  -4.8995391e-01
  -2.8462512e+00
  -3.7766891e+00
  -4.7768731e+00
  -5.3320389e+00
  -5.6934061e+00
  -5.8141861e+00
  -5.7630520e+00
  -5.6583176e+00
  -5.7527695e+00
  -6.1366158e+00
  -6.5381794e+00
  -6.4810615e+00
  -5.6437483e+00
  -3.4220874e+00
  -7.0133895e-01
   2.4932218e-01
  -2.6469617e+00
  -3.6799333e+00
  -4.4661055e+00
  -4.1511230e+00
  -4.0798340e+00
  -3.8908083e+00
  -2.1284366e+00
  -1.1602137e-01
  -2.9125956e-01
  -3.6485830e-01
  -5.6318653e-01
  -1.2037908e-01
  -8.3185248e-03
   4.5615268e-01
   7.5030446e-01
   8.7704325e-01
   1.3062891e-01
   1.0568275e+00
  -1.1283195e+00
  -4.2444706e-01
  -2.6535687e+00
  -3.7629995e+00
  -4.3957815e+00
  -4.7561030e+00
  -4.9426327e+00
  -4.9181933e+00
  -4.7201295e+00
  -4.4863076e+00
  -4.4680390e+00
  -4.7528410e+00
  -5.1955571e+00
  -5.3008919e+00
  -4.6106563e+00
  -2.2861276e+00
   5.0665253e-01
  -2.5480008e-01
  -4.0460544e+00
  -2.7358103e+00
  -3.3491595e+00
  -3.2070572e+00
  -3.5014715e+00
  -3.9968402e+00
  -3.4436979e+00
  -7.4511892e-01
  -7.0188564e-01
  -9.0894860e-01
  -1.5119389e+00
  -8.0327392e-01
  -1.8164605e-01
   1.9943067e-01
   1.2581141e-01
   2.3528954e-01
   4.5038322e-01
   1.7369531e-01
  -5.4626423e-01
  -3.3351740e-01
  -1.2735100e+00
  -2.3717463e+00
  -2.7487726e+00
  -2.8774791e+00
  -2.8893733e+00
  -2.8070359e+00
  -2.6346264e+00
  -2.4876881e+00
  -2.5662231e+00
  -2.8721845e+00
  -3.2896910e+00
  -3.4973519e+00
  -2.9682531e+00
  -8.2336104e-01
   9.9494559e-01
  -3.7063578e-01
  -2.6708379e+00
  -1.0581312e+00
  -1.6309046e+00
  -1.8558269e+00
  -2.2742481e+00
  -3.0655305e+00
  -3.5309949e+00
  -1.4512655e+00
  -1.4545641e+00
  -1.9543812e+00
  -2.0865073e+00
  -1.2744833e+00
   1.4270350e-01
  -1.4516713e-01
  -2.0589291e-01
   1.1697847e-02
  -1.5611202e-02
  -1.3315953e-01
  -5.9212607e-01
   6.0617007e-02
  -2.2043559e-01
  -6.2672812e-01
  -4.9666077e-01
  -4.6875438e-01
  -4.5988542e-01
  -4.4907036e-01
  -3.8765302e-01
  -3.7946802e-01
  -5.8719540e-01
  -9.8844171e-01
  -1.4271928e+00
  -1.6475790e+00
  -1.2238216e+00
   7.3814303e-01
   1.0862207e+00
  -3.2540464e-01
  -3.6540595e-01
   2.0517108e-01
   2.5573525e-01
  -3.1065947e-01
  -7.9973471e-01
  -1.5710950e+00
  -2.5627806e+00
  -1.6667261e+00
  -1.0737487e+00
  -2.0130284e+00
  -1.3351276e+00
  -7.3790729e-01
   6.3215756e-01
  -3.3356631e-01
  -6.8344676e-01
  -5.4230237e-01
  -4.0779573e-01
  -1.3408488e+00
  -1.2056885e+00
   1.9744365e-01
   6.8100393e-02
   9.4689059e-01
   1.7619032e+00
   2.0825162e+00
   2.0989656e+00
   2.0651193e+00
   2.0613818e+00
   1.9786754e+00
   1.7020174e+00
   1.2749989e+00
   8.6232960e-01
   6.5366685e-01
   8.6490166e-01
   2.1681552e+00
   9.6933287e-01
   1.9835231e-01
   4.3430570e-01
   7.9473931e-01
   1.8793254e+00
   1.5289285e+00
   1.0447092e+00
   4.5133081e-01
  -5.1982319e-01
  -1.0637029e+00
   9.8456398e-02
  -2.0823631e-01
   8.9693087e-01
   1.9970515e+00
   1.0110935e+00
  -2.2069626e-02
  -1.8518931e-01
   1.3693511e-01
  -5.6980288e-01
  -1.2098835e-01
  -1.8225476e-01
   7.2205255e-01
   6.3099772e-02
   1.1277474e+00
   2.4663875e+00
   2.9453094e+00
   3.1038365e+00
   3.2017358e+00
   3.2393935e+00
   3.1613791e+00
   2.9701866e+00
   2.6940053e+00
   2.4216268e+00
   2.2387569e+00
   2.1419556e+00
   2.2821338e+00
   8.2760956e-01
   4.4857219e-01
   4.7093421e-01
   8.1138041e-01
   2.0813811e+00
   2.4637024e+00
   2.1605794e+00
   1.7951522e+00
   1.1709661e+00
   8.3640953e-01
   6.6717303e-01
   1.4324635e+00
   1.7151258e+00
   1.5621325e+00
   6.3349617e-01
   5.2163654e-01
  -2.9876256e-01
   2.5422218e-01
   7.0242701e-01
   2.0399949e-01
   8.2800347e-01
   6.7090666e-01
   4.1888811e-02
   5.7220900e-01
   1.8991570e+00
   2.9556751e+00
   3.2779493e+00
   3.5579493e+00
   3.6369221e+00
   3.5848396e+00
   3.5349152e+00
   3.5089018e+00
   3.4677248e+00
   3.3286867e+00
   2.9158602e+00
   1.0224800e+00
   6.9134527e-01
   3.5572490e-01
   3.8211265e-01
   7.8999537e-01
   1.5083911e+00
   2.9283683e+00
   2.7741163e+00
   2.6900103e+00
   2.4806256e+00
   1.5796349e+00
   5.0044316e-01
   1.6595622e+00
   7.4554461e-01
   2.2609544e-01
   3.5009909e-01
  -1.4050606e-01
  -1.0603975e+00
  -4.2836949e-02
   1.1760457e+00
   1.0173682e+00
   1.4527719e+00
   5.8380146e-01
   3.9566243e-01
   5.3159267e-01
   1.1204214e+00
   2.4032283e+00
   2.5932422e+00
   2.8609601e+00
   2.9906893e+00
   3.0418682e+00
   3.0990275e+00
   3.2317569e+00
   3.3630536e+00
   3.2983235e+00
   2.8771372e+00
   1.0466112e+00
   6.0754598e-01
   2.3756522e-01
   2.0083471e-01
   6.3561477e-01
   8.4786046e-01
   1.4890791e+00
   2.3229700e+00
   2.7636600e+00
   2.9132593e+00
   2.5304287e+00
   1.1204227e+00
   6.3777977e-01
   2.9454074e-01
   1.3118412e-01
  -6.0098197e-02
  -2.0279976e-01
  -3.4237120e-01
  -1.1011684e-01
   3.9073534e-01
   5.6599689e-01
   6.2631482e-01
   3.0027691e-01
   3.0510553e-01
   3.5700347e-01
   5.5677956e-01
   7.4758264e-01
   9.3065334e-01
   1.1377767e+00
   1.3957898e+00
   1.5834973e+00
   1.7768726e+00
   2.0781925e+00
   2.3396697e+00
   2.3585260e+00
   2.0431759e+00
   6.2703453e-01
   4.7364178e-01
   1.9106541e-01
   2.2988510e-01
   4.8893014e-01
   5.6223755e-01
   5.2562600e-01
   1.3124310e+00
   2.3090250e+00
   2.6557154e+00
   2.5730877e+00
   9.3919522e-01
   4.4562728e-01
   1.6098909e-01
   2.8415207e-02
  -1.7758323e-01
  -2.1723607e-01
  -1.8487368e-01
  -4.2997072e-01
  -9.4272450e-02
   3.9751832e-01
   4.5856163e-01
   2.2618365e-01
   2.3205383e-01
   8.0903538e-02
   4.6685591e-01
  -2.8030436e-02
  -7.4313134e-01
  -4.7374517e-01
  -5.1269954e-01
  -2.8627521e-01
   1.0969613e-02
   5.0281638e-01
   9.3770516e-01
   1.1050634e+00
   5.4847747e-01
  -9.2222176e-02
   2.5445943e-01
   3.6821522e-02
   2.7267721e-01
   4.0610459e-01
   3.5407200e-01
   5.4361993e-01
   9.0750080e-01
   1.4520613e+00
   1.5609415e+00
   7.9061006e-01
   2.7069801e-01
   7.7781773e-01
   1.6715087e-01
  -4.6651803e-02
  -8.5597172e-02
  -5.0666618e-02
   5.0082006e-02
   1.9248277e-01
   3.4128871e-01
   3.7643284e-01
   3.8048944e-01
   2.9191443e-01
   6.1466998e-01
   4.0886667e-01
   4.0506145e-01
  -9.5868641e-01
  -1.1557080e+00
  -6.5629137e-01
  -1.9587867e+00
  -1.7828971e+00
  -1.1712604e+00
  -4.6559000e-01
  -2.2642727e-01
  -3.0747423e-01
  -6.3699836e-01
  -2.5170041e-02
  -6.5315790e-02
  -6.8314895e-02
   3.1532085e-01
   2.5632223e-01
   1.9712578e-01
   5.1212096e-01
   3.0992857e-01
   8.8596232e-02
  -1.1438040e-01
  -2.1053927e-01
  -6.8247788e-02
  -1.8046899e-01
  -1.2829742e-01
  -9.0844795e-02
   1.2943290e-02
   1.6966118e-02
   1.0233348e-01
   7.7678777e-02
   2.9692437e-02
   7.7246755e-02
   1.5239342e-01
   3.1055161e-01
   4.1308159e-01
   7.1543142e-02
  -1.7792250e-01
   1.9683300e-01
   1.0514189e-01
  -4.4644920e-01
  -5.0170010e-01
  -1.1528653e+00
  -4.4684238e-01
  -4.7908646e-01
  -5.4772025e-01
  -4.3210403e-01
  -1.8805787e-01
  -2.4072329e-02
  -1.4783680e-01
   2.0795278e-01
   1.8481047e-01
   1.1953311e-01
  -3.4516450e-02
   3.0154642e-01
  -2.3606962e-01
  -3.2414451e-01
  -5.4148537e-01
  -3.9174901e-01
  -8.0040359e-01
  -4.0679851e-01
  -1.9245876e-01
  -1.2000528e-01
  -1.2279999e-02
  -5.3237059e-02
   3.8954794e-02
  -3.1507272e-02
   1.7034441e-02
  -2.4605057e-01
   1.2921052e-01
   1.4309238e-01
   1.3299525e-01
   1.5464389e-01
   1.5263651e-01
   7.6889887e-02
   5.0780155e-02
   2.7629895e-02
   5.5161271e-02
  -9.5202222e-02
  -3.6486423e-01
  -5.2461863e-01
  -5.0541222e-01
  -5.9981906e-01
  -4.8797441e-01
  -2.1378797e-01
   3.7418243e-02
   1.8348813e-01
   8.4540725e-02
  -5.6724485e-02
   4.5005310e-02
  -1.9938709e-01
  -2.5825086e-01
  -2.7652308e-01
  -2.0820448e-01
   1.7190492e-01
  -2.6673114e-01
  -5.6510639e-01
  -3.8573617e-01
  -2.4377902e-01
  -2.2822812e-01
  -2.1241505e-01
  -1.2563552e-01
  -7.7948585e-02
  -1.3424659e-01
  -9.6150950e-02
   4.5055948e-02
