   0.0000000e+00
   7.2211294e-02
   0.0000000e+00
   1.9082706e-02
   0.0000000e+00
   0.0000000e+00
   2.2914090e-02
   1.5927271e-02
   1.3442496e-02
   1.3912412e-02
   1.3246215e-02
   1.4014045e-02
   1.7144946e-02
   1.5837335e-02
   1.6369705e-02
   1.3019923e-02
   1.0137624e-02
   9.1653535e-03
   2.2134990e-02
   0.0000000e+00
   3.5574420e-03
  -3.7474693e-03
  -3.6293948e-03
   2.4855327e-03
  -2.3477253e-02
  -0.0000000e+00
   0.0000000e+00
   0.0000000e+00
   0.0000000e+00
   0.0000000e+00
   0.0000000e+00
   0.0000000e+00
   0.0000000e+00
   0.0000000e+00
   0.0000000e+00
   0.0000000e+00
   3.8585335e-02
   1.6450334e-02
   5.6945667e-03
   7.6929705e-03
   5.2085625e-03
   7.6159992e-03
   8.8886488e-03
   5.6131058e-03
   5.5875564e-03
   8.5593509e-03
   1.2022089e-02
   1.1944819e-02
   1.3219391e-02
   1.1463098e-02
   1.1289848e-02
   9.4235875e-03
   6.2171845e-03
   2.3503285e-03
  -2.0358126e-03
  -4.1193305e-03
  -3.1170181e-03
  -1.7469299e-03
   9.3835848e-04
   3.5452647e-03
   1.2338396e-03
  -2.7983741e-03
  -7.0216535e-03
  -5.5676834e-03
  -1.0502324e-02
  -1.1375358e-02
   0.0000000e+00
   0.0000000e+00
   2.8880565e-02
   7.7967400e-03
   8.4435273e-03
   0.0000000e+00
  -7.7390936e-03
  -6.3221008e-03
  -2.3977291e-03
   4.5767461e-05
   1.7837446e-03
   4.7129290e-03
   2.3833076e-03
   5.4761751e-04
   3.1175213e-03
   5.5103330e-03
   7.2981091e-03
   6.3216970e-03
   4.0197629e-03
   1.8340530e-03
   1.5175941e-03
   5.8713765e-04
  -2.9042757e-03
  -6.4220503e-03
  -7.6736339e-03
  -5.9467158e-03
  -3.5808419e-03
  -1.8744831e-03
   2.5408522e-03
   4.8835301e-03
   3.0962836e-03
  -1.7138039e-03
  -8.3178971e-03
  -1.2465131e-02
  -1.0773205e-02
  -4.9702716e-03
   7.4561071e-03
   1.7205495e-02
   1.7598348e-02
   1.0326736e-02
   1.2600747e-03
  -4.6782019e-03
  -2.1501265e-02
  -1.2839305e-02
  -7.8299022e-03
   0.0000000e+00
   0.0000000e+00
   4.4843173e-03
  -8.7012828e-04
  -5.9095967e-03
  -3.5426660e-04
  -9.4068004e-04
  -8.0255442e-05
  -3.1598499e-03
  -7.8620557e-03
  -9.6591422e-03
  -8.9762928e-03
  -9.7855190e-03
  -1.2736745e-02
  -1.5798260e-02
  -2.1421949e-02
  -0.0000000e+00
  -5.1513957e-03
  -5.9237145e-03
   1.3900509e-03
   2.6353362e-03
  -1.1232959e-03
  -7.8908373e-03
  -1.7575057e-02
  -2.3053654e-02
  -1.9714117e-02
  -1.1800081e-02
  -7.6400273e-04
   5.7619894e-03
   5.9975325e-03
  -1.0186875e-03
  -1.2230811e-02
  -2.2602423e-02
   0.0000000e+00
   0.0000000e+00
   0.0000000e+00
   0.0000000e+00
   0.0000000e+00
   5.3160232e-03
  -3.4632739e-03
  -8.0472871e-03
  -1.0114315e-02
  -8.4623462e-03
  -8.0404971e-03
  -1.2248520e-02
  -1.6282950e-02
  -1.6696889e-02
  -1.5228410e-02
  -1.5328025e-02
  -1.7057423e-02
  -1.8944157e-02
  -2.5995774e-02
  -0.0000000e+00
  -8.5541728e-03
  -8.5196346e-03
  -1.6758689e-03
  -2.2212339e-03
  -6.6206646e-03
  -1.4463239e-02
  -2.6161114e-02
  -2.8472247e-02
  -2.1600477e-02
  -1.3590387e-02
  -4.0509808e-03
  -4.7651373e-04
  -3.0063007e-03
  -1.1393046e-02
  -2.1458443e-02
  -3.0723617e-02
   0.0000000e+00
   0.0000000e+00
   0.0000000e+00
   0.0000000e+00
   0.0000000e+00
   2.9500503e-03
  -5.6640719e-03
  -9.6680240e-03
  -1.1553042e-02
  -1.2495057e-02
  -1.3156562e-02
  -1.6088340e-02
  -1.7758056e-02
  -1.7192900e-02
  -1.5837411e-02
  -1.5873645e-02
  -1.6123463e-02
  -1.6301055e-02
  -1.6412433e-02
   0.0000000e+00
  -0.0000000e+00
  -9.1395793e-03
  -3.9303219e-03
  -6.5919994e-03
  -9.6862117e-03
  -1.7860756e-02
  -2.6753729e-02
  -2.2136788e-02
  -1.0853736e-02
  -6.6090249e-03
  -1.6821620e-03
  -3.2098728e-03
  -8.7202597e-03
  -1.6845211e-02
  -2.1653457e-02
  -2.3591051e-02
   0.0000000e+00
   0.0000000e+00
   0.0000000e+00
   0.0000000e+00
   0.0000000e+00
   1.7639556e-03
  -7.1114404e-03
  -1.1420359e-02
  -1.2122748e-02
  -1.2569159e-02
  -1.3028857e-02
  -1.4281144e-02
  -1.4809292e-02
  -1.4673816e-02
  -1.4132532e-02
  -1.4108807e-02
  -1.2872494e-02
  -9.6315918e-03
   2.3755728e-03
   0.0000000e+00
  -0.0000000e+00
  -9.3277479e-03
  -6.4035365e-03
  -9.8705133e-03
  -1.0605394e-02
  -1.4636822e-02
  -1.5841793e-02
  -9.9026505e-03
   1.3713904e-04
  -1.1206446e-03
   1.1050089e-03
  -4.9329833e-03
  -1.0910591e-02
  -1.6234398e-02
  -1.5614163e-02
  -9.0857610e-03
   1.4435120e-02
   0.0000000e+00
   0.0000000e+00
   0.0000000e+00
   0.0000000e+00
  -7.3136418e-04
  -1.0298172e-02
  -1.1246374e-02
  -9.7988043e-03
  -8.4917368e-03
  -8.2090431e-03
  -8.9964885e-03
  -1.0038593e-02
  -1.0706488e-02
  -1.0738382e-02
  -1.0065922e-02
  -7.3742355e-03
   1.3024569e-03
   2.6396938e-02
   0.0000000e+00
   0.0000000e+00
  -0.0000000e+00
  -1.1114894e-02
  -1.0521636e-02
  -6.0996786e-03
   1.4688899e-03
   1.2403740e-02
  -7.8014817e-03
   3.4664258e-03
   3.4643854e-03
   2.0339489e-03
  -5.2659207e-03
  -8.4318807e-03
  -9.7365305e-03
  -5.6735568e-03
   7.2934752e-03
   1.8240522e-02
   0.0000000e+00
   0.0000000e+00
   0.0000000e+00
   3.5645279e-03
  -3.8353584e-03
  -7.6597882e-03
  -6.1064116e-03
  -4.1103717e-03
  -2.7281328e-03
  -2.5834274e-03
  -3.7904307e-03
  -5.2452306e-03
  -6.2680626e-03
  -6.8483613e-03
  -5.8068018e-03
  -1.8780188e-03
   1.1283504e-02
   4.4251238e-02
   0.0000000e+00
   0.0000000e+00
  -0.0000000e+00
  -1.7135071e-02
  -8.0340495e-03
   2.0130402e-03
   2.0325646e-02
   3.2790866e-02
   0.0000000e+00
   0.0000000e+00
   5.6715081e-03
  -1.2972581e-03
  -3.4731471e-03
  -3.0372781e-03
  -2.2877103e-03
   2.7997775e-03
   1.4704718e-02
   2.4215451e-02
   1.9782690e-02
   0.0000000e+00
   0.0000000e+00
   1.3512636e-03
   2.0880832e-03
   2.4200310e-03
   2.9980829e-03
   3.8796403e-03
   4.4722296e-03
   3.5423543e-03
   1.8793528e-03
  -2.0411538e-04
  -1.7792233e-03
  -2.7405175e-03
  -9.4782218e-04
   5.1136506e-03
   2.2403905e-02
   5.0344808e-02
   2.8298390e-02
   0.0000000e+00
  -0.0000000e+00
  -2.0995867e-02
  -2.2118094e-03
   1.2963651e-02
   4.6492398e-02
   6.9937319e-02
   0.0000000e+00
   0.0000000e+00
   1.1322892e-02
   9.0571702e-04
   4.1949088e-03
   4.5795972e-03
   5.5046929e-03
   1.0880080e-02
   1.9593900e-02
   2.7382523e-02
   2.4967782e-02
   0.0000000e+00
   0.0000000e+00
   7.2969943e-03
   9.8452475e-03
   9.1901999e-03
   8.5752048e-03
   8.6879190e-03
   8.4189875e-03
   6.6255559e-03
   4.5488360e-03
   1.6635618e-03
  -4.6304151e-05
  -5.6104793e-04
   2.6321837e-03
   1.1345578e-02
   3.1145755e-02
   4.5380827e-02
   2.6354980e-02
   0.0000000e+00
  -0.0000000e+00
  -2.0809546e-02
   3.0625756e-03
   2.2367200e-02
   5.9941337e-02
   7.3314726e-02
   0.0000000e+00
   0.0000000e+00
   1.0828846e-02
   5.4327715e-03
   9.6452953e-03
   8.8846833e-03
   1.0631531e-02
   1.6466834e-02
   2.3531213e-02
   3.2163154e-02
   3.4049198e-02
   0.0000000e+00
   0.0000000e+00
   1.4143053e-02
   1.4528646e-02
   1.3092568e-02
   1.1809787e-02
   1.1077428e-02
   9.9486923e-03
   7.4118497e-03
   4.4464692e-03
   1.2956628e-03
   5.9186557e-04
   2.0888639e-03
   8.1448145e-03
   2.0483045e-02
   4.3202147e-02
   4.5198998e-02
   2.5097401e-02
   0.0000000e+00
   0.0000000e+00
  -0.0000000e+00
   1.0668925e-02
   3.3179332e-02
   6.6527357e-02
   7.1051640e-02
   0.0000000e+00
   0.0000000e+00
   0.0000000e+00
   0.0000000e+00
   1.2762938e-02
   1.2568209e-02
   1.6875906e-02
   2.3435604e-02
   2.8730385e-02
   3.5883468e-02
   3.5316115e-02
   1.4268151e-02
   1.5528783e-02
   1.6839441e-02
   1.5703680e-02
   1.3775088e-02
   1.1743952e-02
   1.0191971e-02
   8.2223890e-03
   5.1590935e-03
   1.8323169e-03
   2.1340762e-04
   1.7920719e-03
   6.3611800e-03
   1.5574924e-02
   3.0765889e-02
   5.4087531e-02
   5.4292500e-02
   0.0000000e+00
   0.0000000e+00
   0.0000000e+00
   0.0000000e+00
   2.0202469e-02
   4.2200994e-02
   6.1543891e-02
   3.4443611e-02
   0.0000000e+00
   0.0000000e+00
  -0.0000000e+00
   1.8421055e-02
   1.5596395e-02
   1.6946018e-02
   2.3440046e-02
   2.9543962e-02
   3.3275940e-02
   3.6083043e-02
   3.2622091e-02
   1.7361602e-02
   1.6748704e-02
   1.5675524e-02
   1.4153462e-02
   1.1645959e-02
   9.2936456e-03
   7.4838744e-03
   5.4623210e-03
   2.7180181e-03
   7.7972817e-04
   1.5765119e-03
   5.3902143e-03
   1.2017729e-02
   2.2301290e-02
   3.7159268e-02
   5.4705501e-02
   4.4996844e-02
   0.0000000e+00
   0.0000000e+00
   0.0000000e+00
   0.0000000e+00
   2.8626869e-02
   4.5701746e-02
   4.9738582e-02
   3.0805565e-02
   0.0000000e+00
   0.0000000e+00
   0.0000000e+00
   2.3882866e-02
   1.8893605e-02
   2.1225795e-02
   2.7752806e-02
   3.2581989e-02
   3.5317093e-02
   3.1558823e-02
   2.7620034e-02
   1.6968515e-02
   1.2267307e-02
   9.8847952e-03
   8.1094624e-03
   5.9057092e-03
   4.2838221e-03
   3.4436355e-03
   2.6909516e-03
   1.9318152e-03
   2.7585416e-03
   6.2090396e-03
   1.1602156e-02
   1.8414972e-02
   2.6777487e-02
   3.6094457e-02
   4.1170713e-02
   0.0000000e+00
   0.0000000e+00
   0.0000000e+00
   0.0000000e+00
   0.0000000e+00
   3.4440689e-02
   4.2379126e-02
   3.7322466e-02
   2.4872085e-02
   0.0000000e+00
   0.0000000e+00
   0.0000000e+00
   2.5997721e-02
   2.1357108e-02
   2.2831235e-02
   2.8280893e-02
   3.1536441e-02
   3.2991555e-02
   2.3007377e-02
   1.9850834e-02
   1.0335033e-02
   4.2833798e-03
   1.2097725e-03
  -5.0392200e-04
  -2.2739344e-03
  -3.4368562e-03
  -4.1243033e-03
  -4.1234684e-03
  -3.0147908e-03
   3.4835096e-04
   6.3947542e-03
   1.3203750e-02
   1.9748531e-02
   2.5875658e-02
   2.8211869e-02
   2.0674622e-02
   0.0000000e+00
   0.0000000e+00
   0.0000000e+00
   0.0000000e+00
   0.0000000e+00
   3.5474163e-02
   3.5540447e-02
   2.8594264e-02
   0.0000000e+00
   0.0000000e+00
   0.0000000e+00
   0.0000000e+00
   2.2613775e-02
   1.9838506e-02
   1.9168807e-02
   2.2824896e-02
   2.4175089e-02
   2.4036722e-02
   2.1346131e-02
   0.0000000e+00
   3.3453284e-03
  -1.3272057e-03
  -4.6972712e-03
  -6.9416240e-03
  -9.2189303e-03
  -1.1116031e-02
  -1.2637122e-02
  -1.3242789e-02
  -1.1990745e-02
  -7.8922436e-03
  -1.1460183e-03
   5.4661268e-03
   1.0840076e-02
   1.4742874e-02
   1.5159340e-02
   8.3874092e-03
   0.0000000e+00
   0.0000000e+00
   0.0000000e+00
   0.0000000e+00
   0.0000000e+00
   3.2171369e-02
   2.8284833e-02
   2.0743274e-02
   0.0000000e+00
   0.0000000e+00
   0.0000000e+00
   0.0000000e+00
   1.6943982e-02
   1.6249372e-02
   1.5697845e-02
   1.5394364e-02
   1.3926991e-02
   1.4430861e-02
   0.0000000e+00
   0.0000000e+00
  -6.1159898e-04
  -3.3464991e-03
  -6.3153777e-03
  -7.9233218e-03
  -8.8873802e-03
  -9.4591275e-03
  -9.7712816e-03
  -9.5670407e-03
  -8.4311989e-03
  -5.7661559e-03
  -1.7634328e-03
   1.4126005e-03
   2.9345389e-03
   3.0388267e-03
   2.1124440e-03
   1.3013923e-03
   0.0000000e+00
   0.0000000e+00
   0.0000000e+00
   0.0000000e+00
   2.5107519e-02
   2.4940564e-02
   2.1573172e-02
   1.5049540e-02
   0.0000000e+00
   0.0000000e+00
   0.0000000e+00
   0.0000000e+00
   1.3345573e-02
   1.3016376e-02
   1.1203792e-02
   1.1534805e-02
   6.3517375e-03
   5.0044973e-03
   0.0000000e+00
   0.0000000e+00
  -0.0000000e+00
  -2.0499024e-03
  -2.5769667e-03
  -1.7078010e-03
   1.8402556e-04
   2.1727727e-03
   3.6640505e-03
   4.8515670e-03
   6.4098883e-03
   9.0100782e-03
   1.2587198e-02
   1.4353076e-02
   1.1673252e-02
   4.3754265e-03
  -4.8023512e-03
  -9.3647193e-03
   0.0000000e+00
   0.0000000e+00
   0.0000000e+00
  -0.0000000e+00
   1.5881635e-02
   1.6243273e-02
   1.7056325e-02
   1.6465122e-02
   0.0000000e+00
   0.0000000e+00
   0.0000000e+00
   0.0000000e+00
   1.5984125e-02
   1.0590108e-02
   5.1088890e-03
   1.3452414e-02
   5.1324865e-03
  -5.9705730e-03
  -2.6554107e-02
  -1.9872844e-02
  -7.8403746e-03
  -7.2091524e-03
  -7.8639509e-03
  -7.0041353e-03
  -4.3631266e-03
  -1.0598273e-03
   1.3494084e-03
   2.5499011e-03
   3.6747232e-03
   5.8612041e-03
   9.5053967e-03
   1.2145439e-02
   9.7378138e-03
   1.0323024e-03
  -1.0520970e-02
  -2.1888329e-02
   0.0000000e+00
   0.0000000e+00
  -0.0000000e+00
  -1.2067247e-02
   1.3487303e-03
   7.0049891e-03
   0.0000000e+00
   0.0000000e+00
   0.0000000e+00
   0.0000000e+00
   0.0000000e+00
   0.0000000e+00
   2.0765870e-02
   1.0434320e-02
   4.2587514e-03
   0.0000000e+00
   1.0961790e-02
  -6.4541896e-03
  -2.7146507e-02
  -2.2523539e-02
  -1.7547542e-02
  -1.6979113e-02
  -1.9093556e-02
  -1.9909000e-02
  -1.8149815e-02
  -1.4609779e-02
  -1.1756109e-02
  -1.1336396e-02
  -1.2377930e-02
  -1.3095746e-02
  -1.1488416e-02
  -6.2045339e-03
   3.7478388e-04
   7.6079997e-04
  -7.4411924e-03
  -2.6874004e-02
  -4.0027869e-02
   0.0000000e+00
  -1.8315589e-02
  -1.8655172e-02
  -1.4675562e-02
  -5.6010033e-03
   0.0000000e+00
   0.0000000e+00
   0.0000000e+00
   0.0000000e+00
   0.0000000e+00
   0.0000000e+00
   0.0000000e+00
   1.4070018e-02
   6.4246813e-03
   0.0000000e+00
   0.0000000e+00
  -0.0000000e+00
  -0.0000000e+00
  -2.5016515e-02
  -2.6173224e-02
  -2.5006603e-02
  -2.7045216e-02
  -2.8919511e-02
  -2.8406251e-02
  -2.5205184e-02
  -2.1622028e-02
  -2.0811178e-02
  -2.3350203e-02
  -2.7095281e-02
  -2.8852988e-02
  -2.3562737e-02
  -1.0418687e-02
   1.1292318e-03
   5.1710031e-05
  -1.9519649e-02
  -1.4015830e-02
  -6.0186886e-03
  -1.3761600e-02
  -2.2197064e-02
  -2.8433301e-02
  -2.6716651e-02
   0.0000000e+00
   0.0000000e+00
   0.0000000e+00
   0.0000000e+00
   0.0000000e+00
   0.0000000e+00
   0.0000000e+00
   2.6138454e-02
   7.1034745e-03
   0.0000000e+00
   0.0000000e+00
   0.0000000e+00
  -0.0000000e+00
  -2.7693720e-02
  -2.8785549e-02
  -2.7482225e-02
  -2.8145738e-02
  -3.0193467e-02
  -3.0970464e-02
  -2.8720241e-02
  -2.4477731e-02
  -2.1812290e-02
  -2.4260251e-02
  -3.0030616e-02
  -3.5356063e-02
  -3.3662915e-02
  -2.0296803e-02
  -2.9429023e-03
   1.0432943e-03
  -0.0000000e+00
  -2.5481726e-03
  -8.1087690e-04
  -8.9038284e-03
  -2.1425169e-02
  -3.7270281e-02
  -4.1779295e-02
   0.0000000e+00
   0.0000000e+00
   0.0000000e+00
   0.0000000e+00
   0.0000000e+00
   0.0000000e+00
   0.0000000e+00
   2.8361612e-02
   0.0000000e+00
   0.0000000e+00
   0.0000000e+00
   0.0000000e+00
  -0.0000000e+00
  -2.3831298e-02
  -2.6573140e-02
  -2.6252564e-02
  -2.6142322e-02
  -2.8171742e-02
  -2.9739035e-02
  -2.8393669e-02
  -2.3625113e-02
  -1.8193170e-02
  -1.8299971e-02
  -2.4091225e-02
  -3.1941801e-02
  -3.5199948e-02
  -2.5337122e-02
  -7.3619549e-03
   0.0000000e+00
   0.0000000e+00
   5.7618559e-04
   5.0086458e-04
  -4.5473995e-03
  -1.6990202e-02
  -4.0169887e-02
  -5.3247459e-02
   0.0000000e+00
   0.0000000e+00
   0.0000000e+00
   0.0000000e+00
   0.0000000e+00
   0.0000000e+00
   0.0000000e+00
   0.0000000e+00
   0.0000000e+00
   0.0000000e+00
   0.0000000e+00
   0.0000000e+00
  -0.0000000e+00
  -1.5431690e-02
  -2.2048654e-02
  -2.1651234e-02
  -2.1391081e-02
  -2.3317726e-02
  -2.5494182e-02
  -2.5336614e-02
  -2.1306043e-02
  -1.4242617e-02
  -1.0605315e-02
  -1.4556006e-02
  -2.3932470e-02
  -3.2871906e-02
  -2.9611498e-02
  -9.3795965e-03
   0.0000000e+00
   6.2396103e-03
   2.9715259e-03
   1.4433974e-03
  -1.3722401e-03
  -1.0731904e-02
  -3.4805864e-02
  -5.5546159e-02
   0.0000000e+00
   0.0000000e+00
   0.0000000e+00
   0.0000000e+00
   0.0000000e+00
   0.0000000e+00
   0.0000000e+00
   0.0000000e+00
   0.0000000e+00
   0.0000000e+00
   0.0000000e+00
   0.0000000e+00
   0.0000000e+00
  -1.0424277e-02
  -1.1786541e-02
  -1.3224298e-02
  -1.3470829e-02
  -1.5332539e-02
  -1.7743234e-02
  -1.7950956e-02
  -1.4768789e-02
  -9.0611484e-03
  -4.5892568e-03
  -6.5347152e-03
  -1.7282374e-02
  -3.1618714e-02
  -3.4689964e-02
   0.0000000e+00
   0.0000000e+00
   9.9920988e-03
   8.5619114e-03
   2.8585524e-03
   5.0560001e-04
  -4.6872785e-03
  -2.3755906e-02
  -5.1041043e-02
   0.0000000e+00
   0.0000000e+00
   0.0000000e+00
   0.0000000e+00
   0.0000000e+00
   0.0000000e+00
   0.0000000e+00
   0.0000000e+00
   0.0000000e+00
   0.0000000e+00
   0.0000000e+00
   0.0000000e+00
   0.0000000e+00
  -0.0000000e+00
  -6.4372760e-03
  -5.2588298e-03
  -4.6101445e-03
  -5.8974964e-03
  -8.3419690e-03
  -7.8445021e-03
  -4.2021456e-03
   2.1207295e-04
   2.3648585e-03
  -3.3971650e-05
  -1.2329843e-02
  -3.1665478e-02
  -3.8053221e-02
   0.0000000e+00
   0.0000000e+00
   9.4028928e-03
   1.3342682e-02
   7.4975663e-03
   2.7854622e-03
   1.8565886e-05
  -1.3676010e-02
  -4.4648826e-02
   0.0000000e+00
   0.0000000e+00
   0.0000000e+00
   0.0000000e+00
   0.0000000e+00
   0.0000000e+00
   0.0000000e+00
   0.0000000e+00
   0.0000000e+00
   0.0000000e+00
   0.0000000e+00
   0.0000000e+00
   0.0000000e+00
  -0.0000000e+00
  -1.2492721e-02
  -4.2677489e-03
   1.3441233e-03
   3.3269918e-03
   1.2728412e-03
   3.4111193e-03
   9.7855367e-03
   1.5536313e-02
   1.5249631e-02
   9.8553030e-03
  -5.0119772e-03
  -3.1926330e-02
  -3.7631515e-02
   0.0000000e+00
   0.0000000e+00
   0.0000000e+00
   0.0000000e+00
   1.3895677e-02
   8.4940977e-03
   6.0798042e-03
  -2.1540811e-03
  -2.7868316e-02
  -2.8667910e-02
   0.0000000e+00
  -0.0000000e+00
  -0.0000000e+00
  -0.0000000e+00
   0.0000000e+00
   0.0000000e+00
   0.0000000e+00
   0.0000000e+00
   0.0000000e+00
   0.0000000e+00
   0.0000000e+00
   0.0000000e+00
  -0.0000000e+00
  -2.3481782e-02
  -1.4429986e-02
  -4.1806078e-03
   2.0394698e-03
   2.2878221e-03
   6.2405748e-03
   1.5024561e-02
   2.3873841e-02
   2.4889477e-02
   1.8170035e-02
   1.8831639e-03
  -3.0198507e-02
  -3.4558871e-02
   0.0000000e+00
   0.0000000e+00
   0.0000000e+00
   0.0000000e+00
   1.2882272e-02
   1.1464003e-02
   1.1017725e-02
   5.9229659e-03
  -1.3114559e-02
  -2.3178408e-02
  -0.0000000e+00
  -0.0000000e+00
  -0.0000000e+00
   0.0000000e+00
   0.0000000e+00
   0.0000000e+00
   0.0000000e+00
   0.0000000e+00
   0.0000000e+00
   0.0000000e+00
   0.0000000e+00
   0.0000000e+00
   0.0000000e+00
  -0.0000000e+00
  -2.4586395e-02
  -1.1129769e-02
  -1.2463785e-03
   1.7928558e-03
   5.8254870e-03
   1.3800947e-02
   2.4022277e-02
   2.8657770e-02
   2.4108931e-02
   9.3178106e-03
  -1.6618562e-02
   0.0000000e+00
   0.0000000e+00
   0.0000000e+00
   0.0000000e+00
   0.0000000e+00
   6.6618834e-03
   9.1991993e-03
   1.2633241e-02
   1.1907606e-02
   8.0441404e-04
   0.0000000e+00
  -0.0000000e+00
  -0.0000000e+00
   0.0000000e+00
   0.0000000e+00
   0.0000000e+00
   0.0000000e+00
   0.0000000e+00
   0.0000000e+00
   0.0000000e+00
   0.0000000e+00
   0.0000000e+00
   0.0000000e+00
   0.0000000e+00
   0.0000000e+00
  -0.0000000e+00
  -1.2186596e-02
  -2.5022035e-03
  -9.7401848e-05
   2.3489658e-03
   8.1466809e-03
   1.6635673e-02
   2.3465171e-02
   2.3193387e-02
   1.3373233e-02
   3.9966667e-04
   0.0000000e+00
   0.0000000e+00
   0.0000000e+00
   0.0000000e+00
   0.0000000e+00
   0.0000000e+00
   0.0000000e+00
   8.3408980e-03
   1.2095520e-02
   1.0838704e-02
   8.2037098e-03
   0.0000000e+00
   0.0000000e+00
   0.0000000e+00
   0.0000000e+00
   0.0000000e+00
   0.0000000e+00
   0.0000000e+00
   0.0000000e+00
   0.0000000e+00
   0.0000000e+00
   0.0000000e+00
   0.0000000e+00
   0.0000000e+00
   0.0000000e+00
  -0.0000000e+00
  -2.2931617e-02
  -1.1086673e-02
  -9.7701948e-03
  -7.1670595e-03
  -2.2099635e-03
   4.5668091e-03
   1.2225194e-02
   1.6567334e-02
   1.4274074e-02
   7.3232067e-03
   0.0000000e+00
   0.0000000e+00
   0.0000000e+00
   0.0000000e+00
   0.0000000e+00
   0.0000000e+00
   0.0000000e+00
  -9.3306293e-04
   9.1142571e-03
   1.3839468e-02
   1.1582299e-02
   0.0000000e+00
   0.0000000e+00
   0.0000000e+00
   0.0000000e+00
   0.0000000e+00
   0.0000000e+00
   0.0000000e+00
   0.0000000e+00
   0.0000000e+00
   0.0000000e+00
   0.0000000e+00
   0.0000000e+00
   0.0000000e+00
   0.0000000e+00
  -0.0000000e+00
  -3.0586561e-02
  -1.6682346e-02
  -2.6614632e-02
  -2.1457796e-02
  -1.7189888e-02
  -1.2150152e-02
  -3.2700067e-03
   6.5402472e-03
   1.3505048e-02
   1.9556229e-02
   0.0000000e+00
   0.0000000e+00
   0.0000000e+00
   0.0000000e+00
   0.0000000e+00
   0.0000000e+00
  -0.0000000e+00
  -1.2381946e-02
   3.4191704e-03
   1.1649773e-02
   1.6628977e-02
   0.0000000e+00
   0.0000000e+00
   0.0000000e+00
   0.0000000e+00
   0.0000000e+00
   0.0000000e+00
   0.0000000e+00
   0.0000000e+00
   0.0000000e+00
   0.0000000e+00
   0.0000000e+00
   0.0000000e+00
   0.0000000e+00
   0.0000000e+00
  -0.0000000e+00
  -2.9472204e-02
  -2.5047523e-02
  -0.0000000e+00
  -3.9274574e-02
  -3.3441028e-02
  -2.6058492e-02
  -1.1496976e-02
   1.3607618e-04
   1.0572219e-02
   0.0000000e+00
   0.0000000e+00
   0.0000000e+00
   0.0000000e+00
   0.0000000e+00
   0.0000000e+00
   0.0000000e+00
  -0.0000000e+00
  -1.5694353e-02
  -2.5411028e-03
   6.9383879e-03
   1.0204029e-02
   1.2771338e-02
   0.0000000e+00
   0.0000000e+00
   0.0000000e+00
   0.0000000e+00
   0.0000000e+00
   0.0000000e+00
   0.0000000e+00
   0.0000000e+00
   0.0000000e+00
   0.0000000e+00
   0.0000000e+00
   0.0000000e+00
   0.0000000e+00
   0.0000000e+00
   0.0000000e+00
   0.0000000e+00
   0.0000000e+00
  -0.0000000e+00
  -0.0000000e+00
   0.0000000e+00
   0.0000000e+00
   0.0000000e+00
   0.0000000e+00
   0.0000000e+00
   0.0000000e+00
   0.0000000e+00
   0.0000000e+00
   0.0000000e+00
   0.0000000e+00
  -0.0000000e+00
  -0.0000000e+00
   0.0000000e+00
   0.0000000e+00
   0.0000000e+00
  -7.1130531e-03
   7.7871199e-03
   1.4301396e-02
   0.0000000e+00
   0.0000000e+00
   0.0000000e+00
   0.0000000e+00
   0.0000000e+00
   0.0000000e+00
   0.0000000e+00
   0.0000000e+00
   0.0000000e+00
   0.0000000e+00
   0.0000000e+00
   0.0000000e+00
   0.0000000e+00
   0.0000000e+00
   0.0000000e+00
  -0.0000000e+00
  -0.0000000e+00
  -0.0000000e+00
  -0.0000000e+00
  -0.0000000e+00
  -0.0000000e+00
  -0.0000000e+00
  -0.0000000e+00
  -0.0000000e+00
  -0.0000000e+00
  -0.0000000e+00
  -0.0000000e+00
  -0.0000000e+00
  -0.0000000e+00
  -0.0000000e+00
  -0.0000000e+00
  -0.0000000e+00
  -0.0000000e+00
  -0.0000000e+00
  -2.3011647e-03
   6.3440815e-03
   8.2836589e-03
   8.9014257e-03
   9.6285098e-03
   7.4264316e-03
   4.2999922e-03
   6.0848766e-03
   0.0000000e+00
   0.0000000e+00
   0.0000000e+00
