  2.971307e-01
  1.549718e-01
  1.335300e-01
  1.156111e-01
  1.179121e-01
  1.213103e-01
  1.229682e-01
  1.232652e-01
  1.366101e-01
  1.459486e-01
  1.264501e-01
  9.731668e-02
  8.725420e-02
  8.020897e-02
  7.508671e-02
  7.522342e-02
  7.532503e-02
  8.263061e-02
  8.380498e-02
  7.862754e-02
  7.381629e-02
  6.544670e-02
  6.093831e-02
  6.309472e-02
  7.026969e-02
  7.235389e-02
  8.227942e-02
  8.337419e-02
  7.587070e-02
  7.108999e-02
  6.975080e-02
  7.091564e-02
  7.115785e-02
  7.208195e-02
  1.504919e-01
  5.212731e-01
