  0.3717  0.3764  0.3866  0.3658  0.3609  0.3566  0.3647  0.3859  0.4090  0.4249  0.4194  0.4228  0.4527  0.4427  0.4040  0.3762  0.3714  0.3582  0.3603  0.3703  0.3965  0.3779  0.3479  0.3729  0.3739  0.4181  0.4364  0.4224  0.4429  0.4459  0.4241  0.4180  0.4093  0.3690  0.3638  0.3603
  0.3233  0.3229  0.3264  0.3391  0.3336  0.3172  0.3343  0.3362  0.3237  0.3152  0.3210  0.3249  0.3196  0.3206  0.3037  0.3007  0.3107  0.3090  0.3136  0.3189  0.3496  0.3733  0.3354  0.3540  0.3568  0.3576  0.3580  0.3365  0.3252  0.3325  0.3128  0.3142  0.3067  0.3010  0.3060  0.3189
  0.3115  0.3137  0.3215  0.3403  0.3409  0.3402  0.3394  0.3399  0.3414  0.3292  0.3212  0.3135  0.3072  0.3335  0.3067  0.2842  0.2922  0.2920  0.2971  0.3105  0.3547  0.3538  0.3398  0.3326  0.3255  0.3033  0.3048  0.2973  0.2964  0.2988  0.2990  0.2971  0.2913  0.3008  0.3071  0.3065
  0.2951  0.3026  0.3073  0.3305  0.3172  0.3335  0.3522  0.3501  0.3513  0.3448  0.3342  0.3207  0.3020  0.3080  0.3288  0.2821  0.2653  0.2778  0.2886  0.3066  0.3276  0.3299  0.3439  0.3463  0.3238  0.3012  0.2759  0.2761  0.2752  0.2756  0.2778  0.2833  0.2973  0.3048  0.2931  0.3033
  0.2822  0.2851  0.2898  0.3212  0.3341  0.3500  0.3549  0.3518  0.3456  0.3371  0.3280  0.3166  0.3006  0.2775  0.2984  0.2840  0.2581  0.2658  0.2777  0.2998  0.3165  0.3173  0.3461  0.3412  0.3020  0.2926  0.2897  0.2744  0.2696  0.2659  0.2873  0.3069  0.3065  0.3024  0.2801  0.2873
  0.2784  0.2830  0.3000  0.3140  0.3332  0.3443  0.3412  0.3333  0.3250  0.3166  0.3091  0.3001  0.2880  0.2642  0.2834  0.2828  0.2669  0.2580  0.2722  0.2835  0.2953  0.3161  0.3329  0.3243  0.2915  0.2989  0.2682  0.2654  0.2657  0.2621  0.3005  0.3336  0.3165  0.2903  0.3066  0.3018
  0.2690  0.2648  0.2869  0.3114  0.3263  0.3257  0.3179  0.3113  0.3054  0.2984  0.2917  0.2845  0.2748  0.2520  0.2737  0.2644  0.2593  0.2581  0.2708  0.2510  0.2889  0.3107  0.3108  0.2973  0.2656  0.2635  0.2080  0.2514  0.2613  0.2650  0.3113  0.3299  0.3065  0.3247  0.3334  0.3333
  0.2716  0.2557  0.2683  0.3127  0.3235  0.3155  0.3053  0.2974  0.2914  0.2844  0.2786  0.2717  0.2620  0.2402  0.2406  0.2506  0.2485  0.2630  0.2672  0.2342  0.2773  0.2856  0.2779  0.2627  0.2153  0.2328  0.2028  0.2116  0.2403  0.2607  0.3206  0.3228  0.3200  0.3310  0.3295  0.3119
  0.2820  0.2596  0.2661  0.3025  0.2976  0.2852  0.2767  0.2704  0.2651  0.2603  0.2574  0.2521  0.2421  0.2238  0.2285  0.2344  0.2451  0.2436  0.2370  0.2333  0.2454  0.2444  0.2392  0.2240  0.2232  0.2831  0.2842  0.2000  0.1871  0.3008  0.3265  0.3235  0.3276  0.3233  0.3209  0.3218
  0.2774  0.2700  0.2774  0.2859  0.2716  0.2579  0.2496  0.2448  0.2411  0.2389  0.2393  0.2357  0.2273  0.2149  0.2002  0.2397  0.2344  0.2119  0.2156  0.2156  0.2196  0.2221  0.2202  0.1998  0.2173  0.2609  0.3042  0.2840  0.2707  0.3085  0.3202  0.3215  0.3246  0.3141  0.3197  0.3231
  0.2755  0.2807  0.2847  0.2628  0.2535  0.2422  0.2366  0.2328  0.2294  0.2280  0.2281  0.2237  0.2188  0.2155  0.2033  0.2111  0.2445  0.1887  0.2106  0.1983  0.2048  0.2107  0.2078  0.1792  0.2484  0.2613  0.2927  0.3035  0.3101  0.3063  0.3047  0.2764  0.2513  0.2651  0.2830  0.2956
  0.2754  0.2535  0.2588  0.2588  0.2522  0.2445  0.2413  0.2366  0.2311  0.2259  0.2212  0.2164  0.2181  0.2209  0.2151  0.2089  0.2480  0.2241  0.2152  0.1946  0.2006  0.2072  0.2010  0.1768  0.2393  0.2368  0.2401  0.2593  0.2685  0.2568  0.2605  0.2503  0.2600  0.3078  0.3164  0.2959
  0.2693  0.2466  0.2528  0.2622  0.2542  0.2493  0.2468  0.2398  0.2301  0.2201  0.2143  0.2149  0.2214  0.2257  0.2219  0.2153  0.2447  0.2743  0.2088  0.1938  0.1986  0.2076  0.2033  0.1800  0.2451  0.2527  0.2667  0.2521  0.2353  0.2424  0.2380  0.2650  0.2945  0.3583  0.3690  0.3008
  0.2681  0.2544  0.2659  0.2612  0.2526  0.2484  0.2469  0.2419  0.2337  0.2254  0.2237  0.2275  0.2344  0.2360  0.2292  0.2211  0.2246  0.2839  0.1727  0.1768  0.1891  0.2107  0.2177  0.2022  0.2497  0.2722  0.2848  0.2713  0.2427  0.2544  0.2493  0.2327  0.3042  0.3537  0.3756  0.2820
  0.2639  0.2608  0.2672  0.2669  0.2558  0.2517  0.2508  0.2496  0.2470  0.2453  0.2489  0.2549  0.2585  0.2505  0.2323  0.2130  0.1926  0.2213  0.1724  0.1951  0.1785  0.2070  0.2224  0.2193  0.2568  0.2761  0.2809  0.2755  0.2501  0.2632  0.2492  0.2026  0.2558  0.3319  0.3457  0.2959
  0.2407  0.2571  0.2826  0.2744  0.2664  0.2631  0.2617  0.2615  0.2610  0.2635  0.2711  0.2793  0.2805  0.2633  0.2341  0.2034  0.1807  0.1847  0.1902  0.2601  0.2349  0.1988  0.2092  0.2187  0.2705  0.2803  0.2791  0.2688  0.2519  0.2745  0.2483  0.2005  0.2326  0.3089  0.2886  0.2648
  0.2589  0.2725  0.2854  0.2642  0.2529  0.2439  0.2382  0.2350  0.2324  0.2317  0.2361  0.2423  0.2461  0.2387  0.2269  0.2180  0.2141  0.2198  0.2515  0.2672  0.3027  0.2036  0.2010  0.2245  0.2688  0.2831  0.2856  0.2726  0.2553  0.2677  0.2328  0.2148  0.2347  0.2650  0.2287  0.2316
  0.2937  0.3113  0.2870  0.2397  0.2180  0.1996  0.1847  0.1747  0.1682  0.1631  0.1606  0.1598  0.1613  0.1626  0.1731  0.1952  0.2236  0.2446  0.2854  0.2899  0.3032  0.2685  0.1944  0.2313  0.2460  0.2442  0.2824  0.2796  0.2645  0.2831  0.2277  0.2189  0.2347  0.2367  0.2144  0.2248
  0.2894  0.3150  0.2627  0.2348  0.2165  0.1980  0.1810  0.1681  0.1578  0.1491  0.1441  0.1445  0.1520  0.1632  0.1818  0.2073  0.2339  0.2488  0.2728  0.2949  0.3124  0.2733  0.2041  0.2226  0.2347  0.2394  0.2698  0.2831  0.2691  0.2896  0.2055  0.2179  0.2312  0.2397  0.2295  0.2410
  0.2483  0.2959  0.2600  0.2505  0.2448  0.2389  0.2314  0.2245  0.2161  0.2076  0.2015  0.2000  0.2057  0.2181  0.2371  0.2549  0.2629  0.2531  0.2537  0.2927  0.3198  0.2747  0.2226  0.2252  0.2386  0.2392  0.2561  0.2786  0.2636  0.2392  0.2041  0.2286  0.2290  0.2376  0.2538  0.2539
  0.2262  0.2278  0.2542  0.2634  0.2644  0.2641  0.2627  0.2616  0.2577  0.2512  0.2416  0.2294  0.2220  0.2249  0.2372  0.2485  0.2594  0.2592  0.2218  0.2978  0.3101  0.2514  0.2461  0.2348  0.2397  0.2367  0.2375  0.2642  0.2542  0.2355  0.2129  0.2344  0.2309  0.2366  0.2484  0.2455
  0.2236  0.2277  0.2436  0.2540  0.2598  0.2617  0.2617  0.2610  0.2568  0.2484  0.2359  0.2198  0.2069  0.2045  0.2126  0.2253  0.2436  0.2440  0.2111  0.2780  0.2696  0.2514  0.2516  0.2323  0.2383  0.2321  0.2119  0.2681  0.2615  0.2406  0.2201  0.2301  0.2255  0.2261  0.2309  0.2307
  0.2176  0.2187  0.2172  0.2320  0.2409  0.2466  0.2495  0.2514  0.2506  0.2444  0.2342  0.2217  0.2080  0.1995  0.1999  0.2079  0.2194  0.2126  0.1973  0.2668  0.2695  0.2596  0.2490  0.2206  0.2288  0.2193  0.1956  0.2728  0.2741  0.2447  0.2227  0.2233  0.2204  0.2191  0.2218  0.2220
  0.2157  0.2063  0.1901  0.2090  0.2252  0.2328  0.2372  0.2428  0.2464  0.2469  0.2443  0.2389  0.2283  0.2143  0.2043  0.2019  0.2048  0.2008  0.1741  0.2637  0.2606  0.2687  0.2528  0.2150  0.2157  0.2040  0.1898  0.2505  0.2684  0.2438  0.2460  0.2187  0.2167  0.2136  0.2160  0.2187
  0.2096  0.1911  0.2227  0.2524  0.2181  0.2241  0.2297  0.2367  0.2433  0.2486  0.2525  0.2522  0.2461  0.2328  0.2190  0.2104  0.2081  0.2023  0.1856  0.2344  0.2493  0.2628  0.2492  0.2150  0.2129  0.1952  0.2229  0.2390  0.2635  0.2241  0.2464  0.2161  0.2158  0.2124  0.2111  0.2132
  0.2014  0.1796  0.2215  0.2803  0.2155  0.2202  0.2257  0.2330  0.2401  0.2477  0.2557  0.2609  0.2584  0.2482  0.2346  0.2231  0.2169  0.2099  0.1894  0.1966  0.2515  0.2595  0.2348  0.2243  0.2163  0.1970  0.1771  0.2454  0.2554  0.2146  0.2378  0.2185  0.2191  0.2164  0.2126  0.2104
  0.1968  0.1871  0.2778  0.2750  0.2173  0.2321  0.2304  0.2353  0.2412  0.2478  0.2551  0.2631  0.2656  0.2602  0.2508  0.2391  0.2292  0.2225  0.1947  0.2085  0.2668  0.2493  0.2398  0.2442  0.2284  0.2095  0.1719  0.2891  0.2636  0.2187  0.2414  0.2299  0.2311  0.2292  0.2240  0.2167
  0.2009  0.2165  0.2795  0.2647  0.2140  0.2527  0.2480  0.2467  0.2496  0.2526  0.2567  0.2628  0.2679  0.2675  0.2632  0.2550  0.2456  0.2358  0.2054  0.2564  0.2840  0.2470  0.2473  0.2603  0.2474  0.2270  0.1922  0.2635  0.2616  0.2323  0.2483  0.2486  0.2463  0.2468  0.2423  0.2296
  0.2230  0.2434  0.2543  0.2527  0.2253  0.2540  0.2714  0.2677  0.2661  0.2652  0.2657  0.2687  0.2733  0.2772  0.2783  0.2760  0.2726  0.2647  0.2355  0.2563  0.2909  0.2373  0.2514  0.2769  0.2772  0.2649  0.2332  0.2455  0.2583  0.2569  0.2647  0.2672  0.2666  0.2687  0.2666  0.2535
  0.2931  0.2709  0.2686  0.2551  0.2615  0.2499  0.2817  0.2823  0.2799  0.2793  0.2793  0.2802  0.2822  0.2872  0.2919  0.2938  0.2948  0.2929  0.2718  0.2881  0.2810  0.2252  0.2688  0.2963  0.3034  0.3020  0.2849  0.2662  0.2684  0.2793  0.2800  0.2838  0.2847  0.2871  0.2869  0.2774
  0.3390  0.3043  0.2867  0.2673  0.2886  0.2680  0.2950  0.2972  0.2875  0.2946  0.2987  0.3005  0.3010  0.3053  0.3109  0.3150  0.3184  0.3205  0.3093  0.3455  0.2644  0.2530  0.3019  0.3233  0.3288  0.3324  0.3251  0.3107  0.3008  0.2981  0.3024  0.3064  0.3071  0.3083  0.3079  0.3012
  0.3646  0.3187  0.3039  0.3005  0.3055  0.2838  0.3085  0.3236  0.2985  0.3067  0.3199  0.3239  0.3243  0.3282  0.3337  0.3374  0.3397  0.3417  0.3382  0.3885  0.2637  0.2925  0.3370  0.3496  0.3505  0.3523  0.3478  0.3422  0.3371  0.3312  0.3292  0.3293  0.3280  0.3296  0.3279  0.3224
  0.3359  0.3211  0.3111  0.3211  0.3332  0.3018  0.3225  0.3465  0.3327  0.3257  0.3397  0.3427  0.3420  0.3471  0.3526  0.3560  0.3560  0.3569  0.3592  0.3906  0.3192  0.3305  0.3596  0.3663  0.3651  0.3632  0.3593  0.3557  0.3523  0.3470  0.3451  0.3460  0.3472  0.3490  0.3461  0.3399
  0.3639  0.3585  0.3504  0.3447  0.3520  0.3429  0.3489  0.3490  0.3465  0.3511  0.3602  0.3626  0.3636  0.3691  0.3737  0.3755  0.3756  0.3757  0.3748  0.3741  0.3668  0.3681  0.3774  0.3788  0.3764  0.3736  0.3704  0.3672  0.3611  0.3577  0.3580  0.3623  0.3648  0.3693  0.3702  0.3696
  0.4203  0.3803  0.4364  0.3984  0.3825  0.3960  0.3805  0.3823  0.3826  0.3860  0.3897  0.3937  0.3946  0.3968  0.3972  0.3969  0.3978  0.3982  0.3958  0.4667  0.3905  0.3900  0.3861  0.3822  0.3710  0.3595  0.3673  0.3896  0.3705  0.4009  0.4602  0.4903  0.3684  0.4198  0.4656  0.5100
  0.5618  0.4866  0.5625  0.4650  0.5210  0.5589  0.4647  0.4552  0.4618  0.4606  0.4563  0.4963  0.5125  0.5114  0.4999  0.4765  0.4684  0.4903  0.4962  0.5414  0.4609  0.4523  0.4465  0.4781  0.4780  0.5026  0.5418  0.6321  0.6357  0.6466  0.6490  0.6499  0.6370  0.6482  0.6494  0.6436
