  -0.0000000e+00
  -5.4841147e-02
  -0.0000000e+00
  -8.7585394e-02
  -0.0000000e+00
  -0.0000000e+00
  -6.8277442e-02
  -6.7132129e-02
  -8.2671199e-02
  -8.2054231e-02
  -7.6444214e-02
   0.0000000e+00
   0.0000000e+00
   0.0000000e+00
  -7.8046251e-02
  -9.1372590e-02
  -9.3540858e-02
  -6.1267246e-02
  -9.6913092e-02
  -0.0000000e+00
  -7.4317449e-02
  -8.0340334e-02
  -1.0590063e-01
  -7.3881072e-02
  -7.9862732e-02
  -0.0000000e+00
  -0.0000000e+00
   0.0000000e+00
   0.0000000e+00
   0.0000000e+00
   0.0000000e+00
   0.0000000e+00
   0.0000000e+00
   0.0000000e+00
   0.0000000e+00
   0.0000000e+00
  -3.5250786e-02
  -2.8672081e-02
  -2.0358765e-02
  -1.8184994e-02
   1.0331176e-03
   1.7760026e-02
   6.2079664e-04
  -1.1793645e-03
  -5.2368259e-03
  -8.7242620e-03
  -1.2512144e-02
  -1.1147289e-02
  -1.3463495e-02
  -1.4202835e-02
  -1.8032074e-02
  -2.0269489e-02
  -2.2336541e-02
  -2.6149500e-02
  -2.3287228e-02
   0.0000000e+00
  -2.2800501e-02
  -2.0945946e-02
  -2.3882797e-02
  -2.5168133e-02
  -2.5174311e-02
  -2.6954700e-02
  -3.6739528e-02
  -5.3964535e-02
  -5.7145083e-02
  -8.6067151e-02
   0.0000000e+00
   0.0000000e+00
  -8.3348244e-02
  -8.3919015e-02
  -1.2173533e-01
   0.0000000e+00
  -1.3014909e-02
   3.9767125e-03
   1.8132262e-02
   2.4892861e-02
   2.5478926e-02
   2.7077746e-02
   2.8974591e-02
   2.8015694e-02
   2.6184749e-02
   2.7004112e-02
   2.8177632e-02
   2.5113445e-02
   2.2695175e-02
   2.3620142e-02
   2.4946183e-02
   2.5456176e-02
   2.4405453e-02
   2.2509983e-02
   2.3220679e-02
   2.8337601e-02
   2.0669213e-02
   1.8139776e-02
   1.6066769e-02
   1.1125142e-02
   5.2629945e-03
  -7.7186571e-04
  -9.1603063e-03
  -1.6096160e-02
  -1.7895455e-02
  -2.5205783e-02
  -2.0139507e-02
  -2.6833641e-02
  -2.1709827e-02
  -2.8986698e-02
  -3.3291040e-02
  -3.2860122e-02
   4.0097381e-02
   4.3848623e-02
   4.4039634e-02
   0.0000000e+00
   0.0000000e+00
   3.0145291e-02
   3.0667959e-02
   3.2196090e-02
   3.3022324e-02
   3.6170996e-02
   4.8048716e-02
   5.4255627e-02
   5.4749177e-02
   5.8387518e-02
   6.3508384e-02
   6.7686751e-02
   6.9806874e-02
   6.9911323e-02
   7.4322453e-02
   0.0000000e+00
   6.0300970e-02
   5.2158171e-02
   5.4341715e-02
   5.2642703e-02
   4.8513109e-02
   4.5224566e-02
   4.2074874e-02
   4.2041055e-02
   4.3556955e-02
   4.3922391e-02
   4.1883937e-02
   3.8300373e-02
   3.5396397e-02
   3.6064896e-02
   3.4819920e-02
   3.5171803e-02
   0.0000000e+00
   0.0000000e+00
   0.0000000e+00
   0.0000000e+00
   0.0000000e+00
   2.3703667e-02
   2.7079372e-02
   2.8590495e-02
   3.0046400e-02
   3.8577329e-02
   5.2424043e-02
   6.4715549e-02
   7.0938617e-02
   7.7122152e-02
   8.5133567e-02
   9.1857828e-02
   9.5495790e-02
   9.7771786e-02
   1.0165916e-01
   0.0000000e+00
   6.8314176e-02
   7.2412044e-02
   8.5072093e-02
   8.8665679e-02
   8.8426888e-02
   8.9487270e-02
   8.6746864e-02
   8.6358912e-02
   8.6836718e-02
   8.4102966e-02
   8.2545392e-02
   8.1360891e-02
   7.7597760e-02
   7.8937575e-02
   7.8205161e-02
   7.6483205e-02
   0.0000000e+00
   0.0000000e+00
   0.0000000e+00
   0.0000000e+00
   0.0000000e+00
   2.2474107e-02
   2.8383138e-02
   3.2046485e-02
   4.2003318e-02
   4.5024434e-02
   5.1255239e-02
   5.9872948e-02
   6.6320925e-02
   7.2765528e-02
   8.0978466e-02
   8.8987303e-02
   9.4363894e-02
   9.8589662e-02
   9.6933137e-02
   0.0000000e+00
   0.0000000e+00
   6.9365895e-02
   9.3801428e-02
   1.0512673e-01
   1.1053474e-01
   1.1757385e-01
   1.1367750e-01
   1.0807891e-01
   1.0175202e-01
   9.1263239e-02
   9.0361994e-02
   9.4432641e-02
   9.6368197e-02
   9.9695455e-02
   9.8444852e-02
   8.9026753e-02
   0.0000000e+00
   0.0000000e+00
   0.0000000e+00
   0.0000000e+00
   0.0000000e+00
   2.8486261e-02
   3.4183305e-02
   3.6188997e-02
   4.1878235e-02
   4.4018652e-02
   4.5725878e-02
   4.8371959e-02
   5.0880447e-02
   5.4567911e-02
   6.1087962e-02
   6.8749823e-02
   7.5290203e-02
   7.9922259e-02
   7.2495364e-02
   0.0000000e+00
   0.0000000e+00
   5.3412272e-02
   7.8195550e-02
   9.6902311e-02
   1.0821695e-01
   1.1714001e-01
   1.0852330e-01
   9.6629232e-02
   8.8029027e-02
   7.2703391e-02
   7.1630664e-02
   8.0630302e-02
   8.9983426e-02
   9.5166467e-02
   9.3865894e-02
   8.1757277e-02
   5.4627337e-02
   0.0000000e+00
   0.0000000e+00
   0.0000000e+00
   0.0000000e+00
   3.6684884e-02
   3.7262905e-02
   3.7170246e-02
   3.7718784e-02
   3.6150365e-02
   3.4053463e-02
   3.1996511e-02
   3.0902650e-02
   3.1893604e-02
   3.5462417e-02
   4.0681130e-02
   4.5602392e-02
   4.7714412e-02
   3.8031864e-02
   0.0000000e+00
   0.0000000e+00
   0.0000000e+00
   4.5624267e-02
   6.6574581e-02
   8.1372423e-02
   8.5568756e-02
   6.7563862e-02
   6.6938427e-02
   6.2078179e-02
   4.5842618e-02
   4.3220444e-02
   5.0632048e-02
   6.3127302e-02
   6.9090872e-02
   6.8651915e-02
   6.0787428e-02
   3.3245684e-02
   0.0000000e+00
   0.0000000e+00
   0.0000000e+00
   2.5846762e-02
   3.4376126e-02
   3.3753388e-02
   2.9811008e-02
   2.5817670e-02
   2.1476086e-02
   1.7586173e-02
   1.4008738e-02
   1.1690235e-02
   1.1006841e-02
   1.1925175e-02
   1.4474506e-02
   1.6893445e-02
   1.6270591e-02
   8.0994749e-03
   0.0000000e+00
   0.0000000e+00
   0.0000000e+00
   1.6085399e-02
   3.3489492e-02
   4.3940369e-02
   4.2393539e-02
   2.3557494e-02
   0.0000000e+00
   0.0000000e+00
   1.2395364e-02
   1.6554793e-02
   2.1438586e-02
   2.9984176e-02
   3.4581956e-02
   3.5445958e-02
   3.3583652e-02
   1.1837622e-02
   1.6946616e-02
   0.0000000e+00
   0.0000000e+00
   1.4656042e-02
   1.9268062e-02
   1.5867675e-02
   1.0050327e-02
   4.9344823e-03
   1.0381951e-03
  -2.3794430e-03
  -5.0001242e-03
  -7.1499986e-03
  -8.5146269e-03
  -8.7076379e-03
  -8.3044814e-03
  -8.5483557e-03
  -1.1752505e-02
  -1.5398172e-02
  -8.9648189e-03
   0.0000000e+00
  -0.0000000e+00
  -6.0912908e-03
   5.3949645e-03
   8.9297369e-03
   3.2539973e-03
  -1.5023651e-02
   0.0000000e+00
   0.0000000e+00
  -1.0470669e-02
  -4.9372443e-03
  -6.1302953e-03
  -3.4480863e-03
   1.7506641e-04
   2.3583318e-03
   4.4436269e-03
  -1.2999679e-02
  -3.6100835e-03
  -1.4985251e-02
   0.0000000e+00
  -5.7184363e-03
  -4.7898684e-03
  -8.2586640e-03
  -1.2851208e-02
  -1.6591720e-02
  -1.8611459e-02
  -1.9753054e-02
  -2.0382171e-02
  -2.1196717e-02
  -2.2003852e-02
  -2.2855280e-02
  -2.4693266e-02
  -2.8092848e-02
  -3.4062609e-02
  -3.1126242e-02
  -8.2417645e-03
   0.0000000e+00
   0.0000000e+00
  -2.2236236e-02
  -1.5053249e-02
  -1.7437026e-02
  -2.6355471e-02
  -3.2059220e-02
   0.0000000e+00
   0.0000000e+00
  -2.2792243e-02
  -2.6639301e-02
  -2.8877465e-02
  -2.8623082e-02
  -2.5812586e-02
  -2.4243400e-02
  -2.1144221e-02
  -3.5324302e-02
  -2.4152124e-02
  -1.9153719e-02
   0.0000000e+00
  -2.6812494e-02
  -2.6376037e-02
  -2.7322564e-02
  -2.9917741e-02
  -3.2171600e-02
  -3.2251615e-02
  -3.1257309e-02
  -3.0356748e-02
  -2.9941618e-02
  -3.0621938e-02
  -3.3382162e-02
  -3.8469039e-02
  -4.5405168e-02
  -5.3135775e-02
  -4.7113489e-02
  -1.8532092e-02
   0.0000000e+00
   0.0000000e+00
  -0.0000000e+00
  -3.2390073e-02
  -3.9623670e-02
  -4.6316691e-02
  -3.0670915e-02
   0.0000000e+00
   0.0000000e+00
  -0.0000000e+00
  -0.0000000e+00
  -4.1323431e-02
  -4.4667553e-02
  -4.4891678e-02
  -4.5838818e-02
  -4.3335661e-02
  -4.9112190e-02
  -3.7419878e-02
  -2.5785302e-02
  -3.7925873e-02
  -3.7556611e-02
  -3.5766970e-02
  -3.5195824e-02
  -3.5877712e-02
  -3.6689073e-02
  -3.6129490e-02
  -3.4627281e-02
  -3.3519637e-02
  -3.3537403e-02
  -3.5965394e-02
  -4.1682970e-02
  -4.9594350e-02
  -5.8077827e-02
  -6.5033779e-02
  -5.8312876e-02
  -0.0000000e+00
   0.0000000e+00
   0.0000000e+00
   0.0000000e+00
  -4.4772375e-02
  -5.4218516e-02
  -5.3885795e-02
  -3.2328154e-02
   0.0000000e+00
   0.0000000e+00
   0.0000000e+00
  -3.9967611e-02
  -4.4472873e-02
  -5.1758394e-02
  -5.5846304e-02
  -5.9090614e-02
  -5.7053611e-02
  -5.5554334e-02
  -4.2033412e-02
  -2.4243598e-02
  -3.3285902e-02
  -3.8095828e-02
  -3.6424931e-02
  -3.5203114e-02
  -3.4549654e-02
  -3.4287281e-02
  -3.3870123e-02
  -3.3765893e-02
  -3.4956396e-02
  -3.8321033e-02
  -4.4103265e-02
  -5.2174807e-02
  -6.0238492e-02
  -6.6459298e-02
  -6.7786798e-02
  -5.0308844e-02
   0.0000000e+00
   0.0000000e+00
   0.0000000e+00
   0.0000000e+00
  -5.4428358e-02
  -6.1931301e-02
  -4.9400084e-02
  -1.1015473e-02
   0.0000000e+00
   0.0000000e+00
  -0.0000000e+00
  -2.8263383e-02
  -4.4509798e-02
  -5.4985870e-02
  -6.1344080e-02
  -6.4752273e-02
  -6.3011400e-02
  -5.1764537e-02
  -3.8172953e-02
  -2.4206581e-02
  -2.7408531e-02
  -2.9627774e-02
  -2.9430734e-02
  -2.8591525e-02
  -2.8206825e-02
  -2.8737266e-02
  -3.0230323e-02
  -3.3138100e-02
  -3.8960144e-02
  -4.6558786e-02
  -5.4524764e-02
  -6.1698575e-02
  -6.5867797e-02
  -6.5785579e-02
  -5.7149623e-02
  -3.7344959e-02
   0.0000000e+00
   0.0000000e+00
   0.0000000e+00
   0.0000000e+00
  -5.6274414e-02
  -5.6928530e-02
  -3.6078509e-02
  -4.5235803e-03
   0.0000000e+00
   0.0000000e+00
  -0.0000000e+00
  -3.4056563e-02
  -4.3409951e-02
  -5.3307083e-02
  -5.8517639e-02
  -6.0304578e-02
  -5.8524609e-02
  -4.0288772e-02
  -2.7743021e-02
  -1.5347750e-02
  -1.4551355e-02
  -1.6746737e-02
  -1.8226203e-02
  -1.8870577e-02
  -2.0087317e-02
  -2.2662312e-02
  -2.6368825e-02
  -3.2021619e-02
  -4.1150838e-02
  -5.1070865e-02
  -5.9738472e-02
  -6.4943515e-02
  -6.4624287e-02
  -5.7268016e-02
  -3.7767440e-02
  -1.3777189e-02
   0.0000000e+00
   0.0000000e+00
   0.0000000e+00
   0.0000000e+00
  -4.8641598e-02
  -4.3451563e-02
  -2.1720640e-02
  -5.5791125e-04
   0.0000000e+00
   0.0000000e+00
  -0.0000000e+00
  -3.3416416e-02
  -3.7731603e-02
  -4.5928929e-02
  -4.8724853e-02
  -4.8928346e-02
  -4.6051152e-02
  -2.5911830e-02
  -0.0000000e+00
  -4.9050338e-03
  -2.7397475e-03
  -6.2511195e-03
  -1.0034187e-02
  -1.3056467e-02
  -1.6472768e-02
  -2.0796498e-02
  -2.5648354e-02
  -3.1735625e-02
  -3.9933149e-02
  -4.8060890e-02
  -5.4503761e-02
  -5.6768071e-02
  -5.2375194e-02
  -4.0181141e-02
  -1.7082831e-02
   1.6985625e-03
   0.0000000e+00
   0.0000000e+00
   0.0000000e+00
   0.0000000e+00
  -3.4956236e-02
  -2.6014792e-02
  -8.4044049e-03
   5.4857607e-03
   0.0000000e+00
   0.0000000e+00
  -0.0000000e+00
  -2.6623517e-02
  -2.7217697e-02
  -3.4134229e-02
  -3.4567561e-02
  -3.3249725e-02
  -3.0044721e-02
  -1.1838904e-02
   0.0000000e+00
   1.3439567e-03
   3.9073839e-04
  -6.6268011e-03
  -1.3809332e-02
  -1.9686305e-02
  -2.5285199e-02
  -3.1197311e-02
  -3.6634172e-02
  -4.1558184e-02
  -4.5561176e-02
  -4.7773286e-02
  -4.8261289e-02
  -4.5233134e-02
  -3.6685972e-02
  -2.2939777e-02
  -4.0309788e-03
   5.9613991e-03
   0.0000000e+00
   0.0000000e+00
   0.0000000e+00
  -4.0046183e-02
  -2.3816327e-02
  -8.1197708e-03
   3.6978603e-03
   1.0804281e-02
   0.0000000e+00
   0.0000000e+00
   0.0000000e+00
  -1.6632827e-02
  -1.4682441e-02
  -1.7846023e-02
  -1.9894194e-02
  -2.0285606e-02
  -1.7537106e-02
  -0.0000000e+00
   0.0000000e+00
  -0.0000000e+00
  -4.3526716e-03
  -1.3433776e-02
  -2.1453580e-02
  -2.7181197e-02
  -3.1936746e-02
  -3.6728051e-02
  -4.1061137e-02
  -4.4714559e-02
  -4.7048453e-02
  -4.7476873e-02
  -4.6388231e-02
  -4.2070836e-02
  -3.2978572e-02
  -2.0209743e-02
  -4.1874219e-03
   5.3728488e-03
   0.0000000e+00
   0.0000000e+00
  -0.0000000e+00
  -3.9216199e-02
  -9.6692033e-03
   6.4761355e-03
   1.5814565e-02
   0.0000000e+00
   0.0000000e+00
   0.0000000e+00
   0.0000000e+00
  -4.2487970e-03
  -3.9867940e-03
  -4.6739327e-03
  -1.3041903e-02
  -1.3248508e-02
  -1.3051936e-02
  -9.2463866e-03
   0.0000000e+00
  -6.7726378e-03
  -1.1831366e-02
  -2.0742957e-02
  -2.7291743e-02
  -3.0803034e-02
  -3.3033211e-02
  -3.5786707e-02
  -3.9119715e-02
  -4.2214652e-02
  -4.4124024e-02
  -4.4238693e-02
  -4.3411383e-02
  -4.1400363e-02
  -3.5561325e-02
  -2.7120791e-02
  -1.6842537e-02
  -3.7849760e-03
   0.0000000e+00
   0.0000000e+00
  -4.9652986e-02
  -3.5964858e-02
   9.1906625e-04
   1.6765514e-02
   0.0000000e+00
   0.0000000e+00
   0.0000000e+00
   0.0000000e+00
   0.0000000e+00
   7.9664914e-03
   7.4347206e-03
   4.1678303e-03
  -0.0000000e+00
  -3.9287596e-03
  -1.1310743e-02
  -8.4910709e-03
  -1.9443216e-02
  -2.1429498e-02
  -2.6549648e-02
  -3.4304239e-02
  -3.9038833e-02
  -3.9892789e-02
  -3.8914170e-02
  -3.8992278e-02
  -4.1116010e-02
  -4.3475010e-02
  -4.4066902e-02
  -4.1792672e-02
  -3.7840605e-02
  -3.5375375e-02
  -3.6862720e-02
  -3.9185222e-02
  -4.2997286e-02
  -3.6456031e-02
   0.0000000e+00
  -6.4504341e-02
  -5.4783785e-02
  -3.2236587e-02
   7.3428216e-03
   0.0000000e+00
   0.0000000e+00
   0.0000000e+00
   0.0000000e+00
   0.0000000e+00
   0.0000000e+00
   0.0000000e+00
   2.2732671e-02
   1.3696030e-02
  -0.0000000e+00
   0.0000000e+00
  -0.0000000e+00
   0.0000000e+00
  -2.9336438e-02
  -3.8995408e-02
  -4.5315232e-02
  -5.2037805e-02
  -5.6026574e-02
  -5.6101982e-02
  -5.4284379e-02
  -5.3834479e-02
  -5.6202646e-02
  -5.9610654e-02
  -6.1106503e-02
  -5.7823122e-02
  -4.9133107e-02
  -3.6521886e-02
  -3.0478580e-02
  -3.4453470e-02
  -5.7270346e-02
  -7.1911667e-02
  -8.4803585e-02
  -6.3625035e-02
  -5.5184837e-02
  -3.2503031e-02
  -3.8742429e-04
   0.0000000e+00
   0.0000000e+00
   0.0000000e+00
   0.0000000e+00
   0.0000000e+00
   0.0000000e+00
   0.0000000e+00
   4.0412002e-02
   2.9904951e-02
   0.0000000e+00
   0.0000000e+00
   0.0000000e+00
   0.0000000e+00
  -4.2312672e-02
  -4.4762513e-02
  -5.9197162e-02
  -6.4453706e-02
  -6.7625478e-02
  -6.7919247e-02
  -6.6695824e-02
  -6.6518433e-02
  -6.9458298e-02
  -7.4788839e-02
  -7.8695446e-02
  -7.5871795e-02
  -6.3625507e-02
  -4.0462311e-02
  -1.9467441e-02
  -1.5785684e-02
   0.0000000e+00
  -8.2745126e-02
  -7.8726806e-02
  -5.9211373e-02
  -5.1495813e-02
  -3.6329404e-02
  -9.4855974e-03
   0.0000000e+00
   0.0000000e+00
   0.0000000e+00
   0.0000000e+00
   0.0000000e+00
   0.0000000e+00
   0.0000000e+00
   5.7694140e-02
   6.2355836e-02
   0.0000000e+00
   0.0000000e+00
   0.0000000e+00
   0.0000000e+00
  -5.0207987e-02
  -5.5298986e-02
  -6.6405413e-02
  -6.9526225e-02
  -7.2347663e-02
  -7.2927183e-02
  -7.1703158e-02
  -7.0077747e-02
  -7.1537017e-02
  -7.7278182e-02
  -8.3251782e-02
  -8.2011876e-02
  -6.8547674e-02
  -3.8672950e-02
  -9.5377639e-03
  -0.0000000e+00
   0.0000000e+00
  -4.9387973e-02
  -5.5495016e-02
  -4.7782112e-02
  -4.6156740e-02
  -4.1944951e-02
  -2.5070228e-02
   0.0000000e+00
   0.0000000e+00
   0.0000000e+00
   0.0000000e+00
   0.0000000e+00
   0.0000000e+00
   0.0000000e+00
   0.0000000e+00
   0.0000000e+00
   0.0000000e+00
   0.0000000e+00
   0.0000000e+00
   0.0000000e+00
  -4.5834884e-02
  -5.6721408e-02
  -6.2447019e-02
  -6.5330029e-02
  -6.7535423e-02
  -6.7628056e-02
  -6.5203972e-02
  -6.1402563e-02
  -6.0127024e-02
  -6.3492678e-02
  -6.9180079e-02
  -6.9312640e-02
  -5.7846759e-02
  -2.8679704e-02
  -1.3914068e-03
   0.0000000e+00
   0.0000000e+00
  -2.6382497e-02
  -3.6423693e-02
  -3.5312701e-02
  -3.8371973e-02
  -4.4703763e-02
  -4.3340166e-02
   0.0000000e+00
   0.0000000e+00
   0.0000000e+00
   0.0000000e+00
   0.0000000e+00
   0.0000000e+00
   0.0000000e+00
   0.0000000e+00
   0.0000000e+00
   0.0000000e+00
   0.0000000e+00
   0.0000000e+00
   0.0000000e+00
  -3.6361370e-02
  -4.2921148e-02
  -4.7874574e-02
  -4.9885366e-02
  -5.0533786e-02
  -4.9405228e-02
  -4.6077993e-02
  -4.1991830e-02
  -4.0960096e-02
  -4.3483011e-02
  -4.8194867e-02
  -4.9512465e-02
  -4.1316602e-02
  -1.6607814e-02
   5.9059925e-03
   0.0000000e+00
  -3.1492586e-02
  -2.2623621e-02
  -2.4084314e-02
  -2.4850458e-02
  -2.9027365e-02
  -3.8969718e-02
  -4.5506003e-02
  -0.0000000e+00
   0.0000000e+00
   0.0000000e+00
   0.0000000e+00
   0.0000000e+00
   0.0000000e+00
   0.0000000e+00
   0.0000000e+00
   0.0000000e+00
   0.0000000e+00
   0.0000000e+00
   0.0000000e+00
   0.0000000e+00
  -0.0000000e+00
  -1.8502753e-02
  -1.5714314e-02
  -1.5335014e-02
  -1.3960930e-02
  -1.1639077e-02
  -8.1341108e-03
  -5.6921269e-03
  -8.0179870e-03
  -1.3795431e-02
  -2.0109042e-02
  -2.3647296e-02
  -1.9496053e-02
  -3.7365065e-05
   0.0000000e+00
   0.0000000e+00
  -1.8195443e-02
  -8.8791051e-03
  -7.0419084e-03
  -1.0777611e-02
  -1.5076896e-02
  -2.4302355e-02
  -3.6903701e-02
  -3.3691598e-02
   0.0000000e+00
   0.0000000e+00
   0.0000000e+00
   0.0000000e+00
   0.0000000e+00
   0.0000000e+00
   0.0000000e+00
   0.0000000e+00
   0.0000000e+00
   0.0000000e+00
   0.0000000e+00
   0.0000000e+00
   0.0000000e+00
   1.2163881e-02
   2.3718657e-02
   2.9442376e-02
   3.1887032e-02
   3.4471754e-02
   3.7466545e-02
   3.7100136e-02
   3.0477505e-02
   2.0251568e-02
   1.0284616e-02
   4.0055150e-03
   3.6439742e-03
   1.6432528e-02
   0.0000000e+00
   0.0000000e+00
   0.0000000e+00
   0.0000000e+00
   1.4260655e-02
   7.6907161e-03
   1.9825110e-03
  -5.5115349e-03
  -1.8852640e-02
  -2.4518287e-02
   0.0000000e+00
   0.0000000e+00
   0.0000000e+00
   0.0000000e+00
   0.0000000e+00
   0.0000000e+00
   0.0000000e+00
   0.0000000e+00
   0.0000000e+00
   0.0000000e+00
   0.0000000e+00
   0.0000000e+00
   0.0000000e+00
   3.8530519e-02
   5.2663080e-02
   6.4298779e-02
   6.8256304e-02
   7.1157873e-02
   7.3432036e-02
   7.0887186e-02
   6.3269623e-02
   5.2366704e-02
   4.0870070e-02
   3.2295261e-02
   2.6234504e-02
   3.1018426e-02
   0.0000000e+00
   0.0000000e+00
   0.0000000e+00
   0.0000000e+00
   2.9446537e-02
   2.8178655e-02
   2.2739541e-02
   1.6835868e-02
   6.3181887e-03
   1.8119017e-04
   0.0000000e+00
   0.0000000e+00
   0.0000000e+00
   0.0000000e+00
   0.0000000e+00
   0.0000000e+00
   0.0000000e+00
   0.0000000e+00
   0.0000000e+00
   0.0000000e+00
   0.0000000e+00
   0.0000000e+00
   0.0000000e+00
   0.0000000e+00
   5.2357405e-02
   6.7321353e-02
   7.5124510e-02
   8.0907171e-02
   8.2703710e-02
   7.9142675e-02
   7.4202141e-02
   6.8264186e-02
   6.0635202e-02
   5.2376130e-02
   4.1465417e-02
   2.8609547e-02
   0.0000000e+00
   0.0000000e+00
   0.0000000e+00
   0.0000000e+00
   3.5628476e-02
   4.1924488e-02
   4.0179784e-02
   3.8044039e-02
   3.1001890e-02
   2.0570861e-02
   0.0000000e+00
   0.0000000e+00
   0.0000000e+00
   0.0000000e+00
   0.0000000e+00
   0.0000000e+00
   0.0000000e+00
   0.0000000e+00
   0.0000000e+00
   0.0000000e+00
   0.0000000e+00
   0.0000000e+00
   0.0000000e+00
   0.0000000e+00
   0.0000000e+00
   5.9174836e-02
   6.3357264e-02
   6.7396097e-02
   6.7535043e-02
   6.4678892e-02
   6.2767431e-02
   6.2981792e-02
   6.2346727e-02
   5.7525273e-02
   4.5718908e-02
   2.3164297e-02
   0.0000000e+00
   0.0000000e+00
   0.0000000e+00
   0.0000000e+00
   0.0000000e+00
   0.0000000e+00
   4.7215246e-02
   5.0565090e-02
   4.9849261e-02
   4.2645868e-02
   0.0000000e+00
   0.0000000e+00
   0.0000000e+00
   0.0000000e+00
   0.0000000e+00
   0.0000000e+00
   0.0000000e+00
   0.0000000e+00
   0.0000000e+00
   0.0000000e+00
   0.0000000e+00
   0.0000000e+00
   0.0000000e+00
   0.0000000e+00
   0.0000000e+00
   2.9933957e-02
   3.1765196e-02
   3.4563120e-02
   3.6626995e-02
   3.7766449e-02
   3.9686452e-02
   4.3767679e-02
   4.7480021e-02
   4.6627944e-02
   3.8316559e-02
   0.0000000e+00
   0.0000000e+00
   0.0000000e+00
   0.0000000e+00
   0.0000000e+00
   0.0000000e+00
   0.0000000e+00
   4.0946002e-02
   5.1218279e-02
   5.5825174e-02
   5.1504476e-02
   0.0000000e+00
   0.0000000e+00
   0.0000000e+00
   0.0000000e+00
   0.0000000e+00
   0.0000000e+00
   0.0000000e+00
   0.0000000e+00
   0.0000000e+00
   0.0000000e+00
   0.0000000e+00
   0.0000000e+00
   0.0000000e+00
   0.0000000e+00
   0.0000000e+00
   4.6883227e-04
  -4.4737274e-03
  -4.1217584e-03
  -1.7998207e-03
   1.9354183e-03
   7.2427401e-03
   1.5433770e-02
   2.2851300e-02
   2.5568435e-02
   2.1846462e-02
   0.0000000e+00
   0.0000000e+00
   0.0000000e+00
   0.0000000e+00
   0.0000000e+00
   0.0000000e+00
   0.0000000e+00
   3.0996762e-02
   4.1414766e-02
   4.5944737e-02
   4.9338883e-02
   0.0000000e+00
   0.0000000e+00
   0.0000000e+00
   0.0000000e+00
   0.0000000e+00
   0.0000000e+00
   0.0000000e+00
   0.0000000e+00
   0.0000000e+00
   0.0000000e+00
   0.0000000e+00
   0.0000000e+00
   0.0000000e+00
   0.0000000e+00
   0.0000000e+00
  -1.5454068e-02
  -2.9363343e-02
  -0.0000000e+00
  -3.4101702e-02
  -3.0515332e-02
  -2.4705887e-02
  -7.8486174e-03
   1.6654509e-03
   2.8433603e-03
   0.0000000e+00
   0.0000000e+00
   0.0000000e+00
   0.0000000e+00
   0.0000000e+00
   0.0000000e+00
   0.0000000e+00
   0.0000000e+00
   1.9970969e-02
   2.0989618e-02
   1.7661424e-02
   1.0431061e-02
   9.1743149e-03
   0.0000000e+00
   0.0000000e+00
   0.0000000e+00
   0.0000000e+00
   0.0000000e+00
   0.0000000e+00
   0.0000000e+00
   0.0000000e+00
   0.0000000e+00
   0.0000000e+00
   0.0000000e+00
   0.0000000e+00
   0.0000000e+00
   0.0000000e+00
  -0.0000000e+00
  -0.0000000e+00
  -0.0000000e+00
  -0.0000000e+00
  -0.0000000e+00
  -0.0000000e+00
   0.0000000e+00
  -0.0000000e+00
  -0.0000000e+00
   0.0000000e+00
   0.0000000e+00
   0.0000000e+00
   0.0000000e+00
   0.0000000e+00
   0.0000000e+00
   0.0000000e+00
   0.0000000e+00
   0.0000000e+00
   0.0000000e+00
  -0.0000000e+00
  -1.1268420e-02
  -5.3719971e-03
  -3.5971578e-03
   0.0000000e+00
   0.0000000e+00
   0.0000000e+00
   0.0000000e+00
   0.0000000e+00
   0.0000000e+00
   0.0000000e+00
   0.0000000e+00
   0.0000000e+00
   0.0000000e+00
   0.0000000e+00
   0.0000000e+00
   0.0000000e+00
   0.0000000e+00
   0.0000000e+00
   0.0000000e+00
   0.0000000e+00
  -0.0000000e+00
  -0.0000000e+00
  -0.0000000e+00
  -0.0000000e+00
  -0.0000000e+00
  -0.0000000e+00
  -0.0000000e+00
   0.0000000e+00
   0.0000000e+00
   0.0000000e+00
   0.0000000e+00
   0.0000000e+00
  -0.0000000e+00
  -0.0000000e+00
   0.0000000e+00
   0.0000000e+00
  -0.0000000e+00
  -1.5438921e-02
  -1.1320887e-02
  -9.1566984e-03
  -7.7717020e-03
  -3.0755744e-03
  -3.5607547e-03
  -5.2795394e-05
  -2.3745219e-03
   0.0000000e+00
   0.0000000e+00
   0.0000000e+00
