   0.0000000e+00
   1.6780925e-01
   0.0000000e+00
   3.7918028e-02
   0.0000000e+00
   0.0000000e+00
   4.0544033e-02
   2.8058418e-02
   2.0965171e-02
   2.1153397e-02
   1.7454780e-02
   0.0000000e+00
   0.0000000e+00
   0.0000000e+00
   1.9466657e-02
   1.2500259e-02
   1.3896629e-02
   1.1675134e-02
   2.3341436e-02
   0.0000000e+00
   1.2547413e-02
  -2.1491704e-03
  -1.4819615e-02
  -5.8845517e-03
  -7.2521835e-04
  -0.0000000e+00
  -0.0000000e+00
   0.0000000e+00
   0.0000000e+00
   0.0000000e+00
   0.0000000e+00
   0.0000000e+00
   0.0000000e+00
   0.0000000e+00
   0.0000000e+00
   0.0000000e+00
   1.1876745e-01
   6.2232062e-02
   2.2885069e-02
   1.9918047e-02
   1.0007564e-02
   6.4895211e-03
   1.3962594e-02
   1.2603657e-02
   8.1856623e-03
   8.9878831e-03
   1.1091176e-02
   1.2977153e-02
   1.4714351e-02
   1.5032494e-02
   1.4478205e-02
   1.3600076e-02
   1.0518009e-02
   6.7897416e-03
   3.0426240e-03
   0.0000000e+00
  -9.7560039e-04
  -1.4685170e-04
  -1.1147687e-03
   1.4786365e-03
   1.2497591e-03
  -3.6222055e-03
  -7.6258918e-03
  -7.9088084e-03
  -6.9678947e-03
  -2.2088393e-02
   0.0000000e+00
   0.0000000e+00
   4.3007313e-02
   1.0264887e-02
  -3.2940675e-03
   0.0000000e+00
   9.3409048e-03
   5.0225579e-03
   1.8100858e-03
   4.1536898e-03
   3.2768660e-03
   4.9742763e-03
   6.5229658e-03
   3.7282461e-03
   2.7084618e-03
   5.7148405e-03
   9.2821494e-03
   1.0357693e-02
   9.6107635e-03
   8.2960613e-03
   6.9875852e-03
   6.5072492e-03
   4.2672162e-03
   2.7442278e-04
  -2.7133253e-03
  -5.2616160e-03
  -4.4550230e-03
  -3.4039578e-03
  -1.3880462e-04
   3.4640592e-03
   4.6502388e-03
   1.7869389e-03
  -4.0913345e-03
  -7.3877825e-03
  -8.0543319e-03
  -9.1207331e-03
  -2.3329392e-04
   2.1867604e-02
   2.7334797e-02
   1.6880985e-02
   7.6701184e-03
   7.1320607e-03
  -1.7711643e-02
  -1.4507444e-02
  -8.1451655e-03
  -0.0000000e+00
  -0.0000000e+00
   4.0442804e-03
   2.9473655e-03
  -2.1351921e-03
   2.3737715e-03
   2.5086707e-03
   3.1551125e-03
   3.4648459e-03
  -8.8822195e-05
  -3.3072503e-03
  -4.3069106e-03
  -4.1312519e-03
  -6.1853779e-03
  -9.9552954e-03
  -1.2540517e-02
  -0.0000000e+00
  -3.2716247e-03
  -4.9019003e-03
  -3.0097205e-04
   4.0280423e-03
   3.3504719e-03
  -9.8453776e-04
  -8.8709509e-03
  -1.6016532e-02
  -1.7769659e-02
  -1.2145187e-02
  -2.7519273e-03
   7.2353031e-03
   1.2063331e-02
   8.9963086e-03
  -5.3631054e-05
  -1.1072422e-02
  -0.0000000e+00
  -0.0000000e+00
  -0.0000000e+00
   0.0000000e+00
   0.0000000e+00
   8.1423753e-03
   1.8137450e-03
  -5.4842411e-03
  -6.1041463e-03
  -5.4650404e-03
  -4.4785202e-03
  -5.3825541e-03
  -1.1008748e-02
  -1.3855604e-02
  -1.3533600e-02
  -1.2735374e-02
  -1.4345560e-02
  -1.6622709e-02
  -2.0830231e-02
  -0.0000000e+00
  -4.0899698e-03
  -9.2692338e-03
  -3.3809305e-03
   1.1670772e-03
  -1.6017032e-03
  -6.7723449e-03
  -1.7374957e-02
  -2.5911704e-02
  -2.5406010e-02
  -1.8214248e-02
  -8.3464654e-03
   4.1214039e-04
   2.1268511e-03
  -1.6970178e-03
  -1.2027345e-02
  -2.4135765e-02
  -0.0000000e+00
   0.0000000e+00
   0.0000000e+00
   0.0000000e+00
   0.0000000e+00
   8.5036999e-03
  -8.6369169e-04
  -6.5183167e-03
  -1.0926252e-02
  -1.1333458e-02
  -1.0909315e-02
  -1.2720861e-02
  -1.6876364e-02
  -1.8035644e-02
  -1.6741732e-02
  -1.5695836e-02
  -1.6373595e-02
  -1.7150027e-02
  -1.9635306e-02
  -0.0000000e+00
  -0.0000000e+00
  -1.1733409e-02
  -5.3358360e-03
  -2.6872062e-03
  -6.7351993e-03
  -1.1089451e-02
  -2.3437223e-02
  -2.8968666e-02
  -2.2617710e-02
  -1.3801438e-02
  -6.8726951e-03
  -1.6929859e-03
  -4.0860283e-03
  -9.8802063e-03
  -1.8944075e-02
  -2.6425651e-02
  -0.0000000e+00
   0.0000000e+00
   0.0000000e+00
   0.0000000e+00
   0.0000000e+00
   3.5888799e-03
  -2.3311102e-03
  -9.3703084e-03
  -1.0989191e-02
  -1.2596780e-02
  -1.3223817e-02
  -1.4732907e-02
  -1.6385203e-02
  -1.6510291e-02
  -1.5561601e-02
  -1.5021131e-02
  -1.5117798e-02
  -1.4060107e-02
  -1.0260161e-02
  -0.0000000e+00
  -0.0000000e+00
  -1.2277170e-02
  -6.0601789e-03
  -6.1597358e-03
  -9.7357789e-03
  -1.2789297e-02
  -2.1538505e-02
  -2.0453643e-02
  -9.3687335e-03
  -3.1273831e-03
  -8.9484267e-04
  -1.1419775e-03
  -7.2779511e-03
  -1.3856468e-02
  -1.8727813e-02
  -1.8314060e-02
   2.5057234e-03
   0.0000000e+00
   0.0000000e+00
   0.0000000e+00
   0.0000000e+00
   4.2433320e-03
  -3.6605103e-03
  -1.1601788e-02
  -1.1592277e-02
  -1.1328547e-02
  -1.0768258e-02
  -1.1348118e-02
  -1.2192268e-02
  -1.2712462e-02
  -1.2805259e-02
  -1.2578149e-02
  -1.1502654e-02
  -8.1434473e-03
   5.8333741e-03
   0.0000000e+00
   0.0000000e+00
  -0.0000000e+00
  -7.6209554e-03
  -9.9253226e-03
  -1.0126679e-02
  -8.9962436e-03
  -4.3436051e-03
  -0.0000000e+00
   7.0121925e-04
   5.3419813e-04
   3.2426441e-03
  -1.8021195e-03
  -8.1168814e-03
  -1.2371235e-02
  -1.2992392e-02
  -5.3730900e-03
   1.5588504e-02
   0.0000000e+00
   0.0000000e+00
   0.0000000e+00
   4.4912042e-03
   2.4366463e-03
  -7.1446137e-03
  -1.0042789e-02
  -8.0153467e-03
  -6.3621518e-03
  -5.3677149e-03
  -5.7710381e-03
  -7.0731076e-03
  -8.0650970e-03
  -8.7329978e-03
  -8.6140279e-03
  -6.7508295e-03
  -7.7078899e-04
   2.2197912e-02
   0.0000000e+00
   0.0000000e+00
  -0.0000000e+00
  -1.3140762e-02
  -1.2572596e-02
  -5.9490018e-03
   2.4029841e-03
   1.9455650e-02
   0.0000000e+00
   0.0000000e+00
   2.9180332e-03
   4.5544566e-03
  -3.6360959e-03
  -5.4409630e-03
  -6.3183131e-03
  -4.6267752e-03
   5.1043723e-03
   2.0451616e-02
   2.1017380e-02
   0.0000000e+00
   0.0000000e+00
   2.0548122e-03
  -4.7499980e-04
  -2.8760210e-03
  -2.3642634e-03
  -6.1272935e-04
   6.3174259e-04
   1.0925325e-03
   4.0610656e-05
  -1.6375795e-03
  -3.1020038e-03
  -4.2879996e-03
  -4.2861374e-03
  -1.6198127e-03
   7.3121805e-03
   3.5517070e-02
   5.6007031e-02
   0.0000000e+00
  -0.0000000e+00
  -2.1076234e-02
  -1.2098847e-02
   9.0780255e-04
   1.6398650e-02
   4.8467939e-02
   0.0000000e+00
   0.0000000e+00
   6.0006069e-03
   1.7451136e-03
  -1.5087477e-03
   7.8569411e-04
   1.1375078e-03
   3.5058372e-03
   1.2415426e-02
   2.4181665e-02
   2.3389457e-02
   0.0000000e+00
   0.0000000e+00
   2.6706045e-03
   5.4035163e-03
   6.1437299e-03
   5.7704193e-03
   6.0948902e-03
   6.6290681e-03
   6.0299630e-03
   4.2844866e-03
   2.1370125e-03
  -3.1721131e-05
  -1.4336425e-03
  -9.3757880e-04
   3.1621743e-03
   1.5399409e-02
   4.2150496e-02
   3.9731658e-02
   0.0000000e+00
   0.0000000e+00
  -2.6985370e-02
  -9.2212036e-03
   8.0279354e-03
   3.1033926e-02
   7.0736870e-02
   0.0000000e+00
   0.0000000e+00
   1.1505706e-02
   1.5829864e-03
   5.8274413e-03
   6.9989595e-03
   6.9367724e-03
   9.9256365e-03
   1.7761951e-02
   2.8482877e-02
   3.0008195e-02
   0.0000000e+00
   0.0000000e+00
   9.1120725e-03
   1.3090541e-02
   1.2491785e-02
   1.1126935e-02
   1.0535296e-02
   1.0251374e-02
   8.6663375e-03
   6.2639327e-03
   3.2400985e-03
   8.8823127e-04
   2.2292734e-04
   2.4639326e-03
   9.2889806e-03
   2.5508394e-02
   4.7513057e-02
   3.4300088e-02
   0.0000000e+00
   0.0000000e+00
  -0.0000000e+00
  -4.2138919e-03
   1.6390320e-02
   4.4765819e-02
   7.3598540e-02
   0.0000000e+00
   0.0000000e+00
   0.0000000e+00
   0.0000000e+00
   1.1472167e-02
   1.0778669e-02
   1.1835719e-02
   1.6571589e-02
   2.3652919e-02
   3.2692846e-02
   3.5318859e-02
   3.5904879e-02
   1.2091167e-02
   1.4623016e-02
   1.6061379e-02
   1.4725279e-02
   1.2941638e-02
   1.1529136e-02
   1.0529443e-02
   8.2573909e-03
   5.0754575e-03
   1.6868744e-03
   4.9845473e-04
   1.8845710e-03
   6.8852338e-03
   1.6740346e-02
   3.6187612e-02
   5.6312487e-02
   0.0000000e+00
   0.0000000e+00
   0.0000000e+00
   0.0000000e+00
   3.8376830e-03
   2.4986340e-02
   5.3040609e-02
   7.2720046e-02
   0.0000000e+00
   0.0000000e+00
   0.0000000e+00
   0.0000000e+00
   1.4981127e-02
   1.3227430e-02
   1.6696867e-02
   2.3126397e-02
   2.9131897e-02
   3.5733890e-02
   3.6485173e-02
   2.5045541e-02
   1.3962707e-02
   1.7031331e-02
   1.5982222e-02
   1.4235528e-02
   1.1822552e-02
   9.6583636e-03
   7.9185944e-03
   5.3129992e-03
   2.0515625e-03
   2.1864659e-04
   1.4635774e-03
   5.9292004e-03
   1.3771872e-02
   2.5791684e-02
   4.6082303e-02
   5.4030217e-02
   0.0000000e+00
   0.0000000e+00
   0.0000000e+00
   0.0000000e+00
   1.5973119e-02
   3.4502354e-02
   5.4275710e-02
   4.5953777e-02
   0.0000000e+00
   0.0000000e+00
  -0.0000000e+00
   1.2735523e-02
   1.9752484e-02
   1.7175591e-02
   2.2544278e-02
   2.8998159e-02
   3.3386745e-02
   3.4934085e-02
   3.3491939e-02
   2.4384983e-02
   1.5813624e-02
   1.4062775e-02
   1.2288913e-02
   1.0273630e-02
   7.8937672e-03
   6.0995622e-03
   4.8770481e-03
   3.1580871e-03
   1.6813079e-03
   2.4868473e-03
   5.9256582e-03
   1.2042858e-02
   2.0101583e-02
   3.0514311e-02
   4.5599185e-02
   4.9318086e-02
   0.0000000e+00
   0.0000000e+00
   0.0000000e+00
   0.0000000e+00
   2.5705998e-02
   3.9039500e-02
   4.7287911e-02
   3.4121608e-02
   0.0000000e+00
   0.0000000e+00
   0.0000000e+00
   1.7957285e-02
   2.3685528e-02
   2.0685634e-02
   2.5630636e-02
   3.0954510e-02
   3.4014732e-02
   2.8201547e-02
   2.5517743e-02
   1.9205132e-02
   1.0854287e-02
   7.1601733e-03
   4.8810542e-03
   3.2312393e-03
   1.6208641e-03
   7.8915223e-04
   4.7773612e-04
   4.0675321e-04
   1.5043335e-03
   4.9055140e-03
   1.0303022e-02
   1.7065553e-02
   2.3980986e-02
   3.0697605e-02
   3.4707181e-02
   2.8145077e-02
   0.0000000e+00
   0.0000000e+00
   0.0000000e+00
   0.0000000e+00
   3.4443146e-02
   3.7987269e-02
   3.8096622e-02
   2.8659055e-02
   0.0000000e+00
   0.0000000e+00
   0.0000000e+00
   2.1431625e-02
   2.3413459e-02
   2.0729927e-02
   2.3947798e-02
   2.8053176e-02
   2.9474510e-02
   2.0839067e-02
   0.0000000e+00
   9.8214466e-03
   3.5823989e-03
  -5.3971604e-04
  -2.9499710e-03
  -4.7980170e-03
  -6.6058235e-03
  -8.0580451e-03
  -8.7883743e-03
  -8.4666628e-03
  -5.7793916e-03
  -2.7783398e-04
   6.7506214e-03
   1.3889200e-02
   1.9551393e-02
   2.3209756e-02
   2.0041585e-02
   9.2976931e-03
   0.0000000e+00
   0.0000000e+00
   0.0000000e+00
   0.0000000e+00
   3.5615413e-02
   3.3263251e-02
   2.9366659e-02
   0.0000000e+00
   0.0000000e+00
   0.0000000e+00
   0.0000000e+00
   1.9486735e-02
   1.9925443e-02
   1.6960958e-02
   1.7504154e-02
   1.9854318e-02
   1.9171882e-02
   0.0000000e+00
   0.0000000e+00
   1.8659390e-03
  -1.0610560e-03
  -4.7760527e-03
  -7.5598485e-03
  -9.5447950e-03
  -1.1189427e-02
  -1.2691552e-02
  -1.3541696e-02
  -1.3374381e-02
  -1.1007021e-02
  -6.2859146e-03
  -8.4517046e-04
   3.6773535e-03
   6.2796645e-03
   7.2712279e-03
   6.1369478e-03
   2.4052742e-03
   0.0000000e+00
   0.0000000e+00
   0.0000000e+00
   1.7111104e-02
   3.1648442e-02
   2.5481540e-02
   2.1509295e-02
   0.0000000e+00
   0.0000000e+00
   0.0000000e+00
   0.0000000e+00
   1.3905551e-02
   1.5415248e-02
   1.3606797e-02
   1.2466501e-02
   1.1421626e-02
   7.1443780e-03
  -0.0000000e+00
   0.0000000e+00
  -0.0000000e+00
  -1.6063119e-03
  -3.5568874e-03
  -4.5414353e-03
  -4.3715285e-03
  -3.6458112e-03
  -2.9203352e-03
  -2.2279611e-03
  -1.3091851e-03
   5.8138859e-04
   3.5046549e-03
   6.5049212e-03
   7.3283128e-03
   5.1584207e-03
   9.0754509e-04
  -3.6127537e-03
  -2.8126782e-03
   0.0000000e+00
   0.0000000e+00
  -0.0000000e+00
   7.9684407e-03
   2.3967385e-02
   1.8836984e-02
   1.7658547e-02
   0.0000000e+00
   0.0000000e+00
   0.0000000e+00
   0.0000000e+00
   1.3437863e-02
   1.4352123e-02
   9.0776322e-03
   1.3303432e-02
   9.5166685e-03
   1.8409418e-04
  -0.0000000e+00
   0.0000000e+00
  -3.7122220e-03
  -3.0171847e-03
  -3.5354122e-03
  -3.0227030e-03
  -1.1472917e-03
   1.5788070e-03
   4.1202661e-03
   5.6983092e-03
   7.0984754e-03
   9.5432421e-03
   1.3157069e-02
   1.6588476e-02
   1.5582054e-02
   8.1214034e-03
  -2.1883729e-03
  -1.3175938e-02
  -1.4218650e-02
   0.0000000e+00
   0.0000000e+00
  -1.2196666e-02
   9.6869480e-04
   1.2806687e-02
   1.3086086e-02
   0.0000000e+00
   0.0000000e+00
   0.0000000e+00
   0.0000000e+00
   0.0000000e+00
   1.7675847e-02
   1.4532308e-02
   6.1133676e-03
   0.0000000e+00
   1.1220893e-02
  -4.3513012e-03
  -0.0000000e+00
  -2.6701314e-02
  -1.3431694e-02
  -1.1978530e-02
  -1.3085482e-02
  -1.4007586e-02
  -1.2866687e-02
  -9.8726712e-03
  -6.3955039e-03
  -4.8414432e-03
  -4.7231857e-03
  -4.5415754e-03
  -3.0291425e-03
   4.0017004e-04
   4.2785606e-03
   3.1146251e-03
  -4.0507508e-03
  -1.8644404e-02
  -3.1295183e-02
   0.0000000e+00
  -0.0000000e+00
  -1.9705115e-02
  -1.1465850e-02
  -3.4149155e-03
   0.0000000e+00
   0.0000000e+00
   0.0000000e+00
   0.0000000e+00
   0.0000000e+00
   0.0000000e+00
   0.0000000e+00
   2.2554342e-02
   6.4906528e-03
   0.0000000e+00
   0.0000000e+00
  -0.0000000e+00
   0.0000000e+00
  -2.6554053e-02
  -2.2976962e-02
  -2.2452287e-02
  -2.3021206e-02
  -2.5395628e-02
  -2.5721150e-02
  -2.3362000e-02
  -1.9447889e-02
  -1.7511876e-02
  -1.8494803e-02
  -2.1075292e-02
  -2.2687893e-02
  -2.0359095e-02
  -1.0875178e-02
  -6.4866082e-04
   2.9736679e-04
  -1.4208717e-02
  -2.9260550e-02
  -7.6819297e-03
  -1.1597165e-02
  -1.8878601e-02
  -2.2227282e-02
  -2.1399453e-02
   0.0000000e+00
   0.0000000e+00
   0.0000000e+00
   0.0000000e+00
   0.0000000e+00
   0.0000000e+00
   0.0000000e+00
   3.5660002e-02
   9.3818763e-03
   0.0000000e+00
   0.0000000e+00
   0.0000000e+00
   0.0000000e+00
  -2.7222926e-02
  -2.6109875e-02
  -2.7500444e-02
  -2.7099978e-02
  -2.9281622e-02
  -3.0552410e-02
  -2.9263737e-02
  -2.5425971e-02
  -2.2368686e-02
  -2.3021899e-02
  -2.7380561e-02
  -3.2026771e-02
  -3.2660961e-02
  -2.3158174e-02
  -6.7513436e-03
   1.2469654e-03
   0.0000000e+00
  -9.6692730e-03
  -3.3862700e-03
  -7.2433865e-03
  -1.6799308e-02
  -2.8070459e-02
  -3.4813399e-02
   0.0000000e+00
   0.0000000e+00
   0.0000000e+00
   0.0000000e+00
   0.0000000e+00
   0.0000000e+00
   0.0000000e+00
   0.0000000e+00
   0.0000000e+00
   0.0000000e+00
   0.0000000e+00
   0.0000000e+00
   0.0000000e+00
  -2.4725218e-02
  -2.8227210e-02
  -2.8006481e-02
  -2.6848219e-02
  -2.8442169e-02
  -3.0286897e-02
  -3.0235454e-02
  -2.6656130e-02
  -2.1812643e-02
  -2.0353444e-02
  -2.4743462e-02
  -3.1603392e-02
  -3.6182061e-02
  -3.0692371e-02
  -1.2744858e-02
  -0.0000000e+00
   0.0000000e+00
   9.1277383e-04
   3.8082850e-04
  -3.0288589e-03
  -1.2242703e-02
  -2.8505718e-02
  -4.6165537e-02
   0.0000000e+00
   0.0000000e+00
   0.0000000e+00
   0.0000000e+00
   0.0000000e+00
   0.0000000e+00
   0.0000000e+00
   0.0000000e+00
   0.0000000e+00
   0.0000000e+00
   0.0000000e+00
   0.0000000e+00
   0.0000000e+00
  -1.5575384e-02
  -2.3339361e-02
  -2.4983758e-02
  -2.3626987e-02
  -2.4801964e-02
  -2.6973359e-02
  -2.7998697e-02
  -2.5256770e-02
  -1.9088050e-02
  -1.3946113e-02
  -1.5673071e-02
  -2.3041161e-02
  -3.1436443e-02
  -3.3537928e-02
  -1.7430605e-02
   0.0000000e+00
   0.0000000e+00
   1.3180034e-03
   1.6921607e-03
  -3.6668644e-04
  -6.7566256e-03
  -2.3325561e-02
  -5.0580144e-02
   0.0000000e+00
   0.0000000e+00
   0.0000000e+00
   0.0000000e+00
   0.0000000e+00
   0.0000000e+00
   0.0000000e+00
   0.0000000e+00
   0.0000000e+00
   0.0000000e+00
   0.0000000e+00
   0.0000000e+00
   0.0000000e+00
  -1.0175536e-02
  -1.4528359e-02
  -1.8402958e-02
  -1.7906411e-02
  -1.8920382e-02
  -2.1294784e-02
  -2.2889746e-02
  -2.1211769e-02
  -1.5885133e-02
  -9.4959969e-03
  -8.1496798e-03
  -1.5019669e-02
  -2.6253428e-02
  -3.5638049e-02
  -2.2899835e-02
   0.0000000e+00
   1.0288359e-02
   8.1910953e-03
   3.9783059e-03
   5.7574740e-04
  -2.9850197e-03
  -1.5865549e-02
  -4.5266331e-02
  -0.0000000e+00
   0.0000000e+00
   0.0000000e+00
   0.0000000e+00
   0.0000000e+00
   0.0000000e+00
   0.0000000e+00
   0.0000000e+00
   0.0000000e+00
   0.0000000e+00
   0.0000000e+00
   0.0000000e+00
   0.0000000e+00
  -0.0000000e+00
  -9.5385479e-03
  -8.6256945e-03
  -8.6842281e-03
  -9.4566120e-03
  -1.1883268e-02
  -1.3318735e-02
  -1.1486831e-02
  -7.1174145e-03
  -2.6863617e-03
  -1.2205931e-03
  -7.8050131e-03
  -2.2661195e-02
  -3.7640224e-02
  -0.0000000e+00
   0.0000000e+00
   0.0000000e+00
   0.0000000e+00
   8.6726284e-03
   2.4504901e-03
   3.8166797e-04
  -7.4110297e-03
  -3.5222720e-02
  -5.3621764e-02
   0.0000000e+00
   0.0000000e+00
   0.0000000e+00
   0.0000000e+00
   0.0000000e+00
   0.0000000e+00
   0.0000000e+00
   0.0000000e+00
   0.0000000e+00
   0.0000000e+00
   0.0000000e+00
   0.0000000e+00
   0.0000000e+00
  -8.2743449e-03
  -5.6989891e-03
  -1.7172241e-03
   2.1768571e-04
  -1.6807207e-03
  -2.7805297e-03
   7.0771854e-04
   5.9121959e-03
   8.6088059e-03
   7.2393231e-03
  -6.2313082e-04
  -1.9622860e-02
  -3.8141157e-02
  -0.0000000e+00
   0.0000000e+00
   0.0000000e+00
   0.0000000e+00
   1.4484243e-02
   7.4943099e-03
   4.2911884e-03
  -1.2611382e-04
  -2.1215755e-02
  -4.6741139e-02
   0.0000000e+00
   0.0000000e+00
  -0.0000000e+00
  -0.0000000e+00
   0.0000000e+00
   0.0000000e+00
   0.0000000e+00
   0.0000000e+00
   0.0000000e+00
   0.0000000e+00
   0.0000000e+00
   0.0000000e+00
   0.0000000e+00
  -1.4517037e-02
  -1.3750823e-02
  -4.5401920e-03
   2.7728642e-03
   2.9699306e-03
   2.9765761e-03
   9.1080861e-03
   1.7328426e-02
   2.1322971e-02
   1.7904257e-02
   7.7206506e-03
  -1.5186820e-02
  -3.8535677e-02
   0.0000000e+00
   0.0000000e+00
   0.0000000e+00
   0.0000000e+00
   1.4345248e-02
   1.2012416e-02
   9.5486753e-03
   6.8321484e-03
  -7.3263757e-03
  -2.6823010e-02
   0.0000000e+00
  -0.0000000e+00
  -0.0000000e+00
  -0.0000000e+00
   0.0000000e+00
   0.0000000e+00
   0.0000000e+00
   0.0000000e+00
   0.0000000e+00
   0.0000000e+00
   0.0000000e+00
   0.0000000e+00
   0.0000000e+00
  -0.0000000e+00
  -2.5534868e-02
  -1.7058061e-02
  -3.2083630e-03
   7.9203184e-04
   3.1560464e-03
   1.0475080e-02
   2.0570782e-02
   2.7803343e-02
   2.5910050e-02
   1.5096753e-02
  -8.1491014e-03
  -0.0000000e+00
   0.0000000e+00
   0.0000000e+00
   0.0000000e+00
   0.0000000e+00
   1.0309575e-02
   1.0262019e-02
   1.1971345e-02
   1.2070855e-02
   3.6897762e-03
  -1.4276965e-02
   0.0000000e+00
  -0.0000000e+00
  -0.0000000e+00
   0.0000000e+00
   0.0000000e+00
   0.0000000e+00
   0.0000000e+00
   0.0000000e+00
   0.0000000e+00
   0.0000000e+00
   0.0000000e+00
   0.0000000e+00
   0.0000000e+00
   0.0000000e+00
  -0.0000000e+00
  -1.9853814e-02
  -3.8762931e-03
   5.7798775e-04
   2.6847313e-03
   7.8635858e-03
   1.6054517e-02
   2.4683671e-02
   2.6809288e-02
   1.9254137e-02
   1.4136749e-03
  -0.0000000e+00
   0.0000000e+00
   0.0000000e+00
   0.0000000e+00
   0.0000000e+00
   0.0000000e+00
   0.0000000e+00
   9.7581767e-03
   1.2247466e-02
   1.1102631e-02
   3.9982017e-03
   0.0000000e+00
  -0.0000000e+00
   0.0000000e+00
   0.0000000e+00
   0.0000000e+00
   0.0000000e+00
   0.0000000e+00
   0.0000000e+00
   0.0000000e+00
   0.0000000e+00
   0.0000000e+00
   0.0000000e+00
   0.0000000e+00
   0.0000000e+00
  -0.0000000e+00
  -2.6776766e-02
  -9.3528060e-03
  -4.5534646e-03
  -3.1971498e-03
   7.9736905e-04
   7.1622260e-03
   1.5017577e-02
   2.0511992e-02
   1.8454041e-02
   7.6878686e-03
   0.0000000e+00
   0.0000000e+00
   0.0000000e+00
   0.0000000e+00
   0.0000000e+00
   0.0000000e+00
   0.0000000e+00
   2.9381889e-03
   7.9215867e-03
   1.2856628e-02
   1.1697588e-02
   0.0000000e+00
   0.0000000e+00
   0.0000000e+00
   0.0000000e+00
   0.0000000e+00
   0.0000000e+00
   0.0000000e+00
   0.0000000e+00
   0.0000000e+00
   0.0000000e+00
   0.0000000e+00
   0.0000000e+00
   0.0000000e+00
   0.0000000e+00
  -0.0000000e+00
  -3.7341756e-02
  -1.9124533e-02
  -1.7410352e-02
  -1.5960418e-02
  -1.1501260e-02
  -6.5640677e-03
   2.7304716e-04
   8.9485718e-03
   1.3821871e-02
   1.3359613e-02
   0.0000000e+00
   0.0000000e+00
   0.0000000e+00
   0.0000000e+00
   0.0000000e+00
   0.0000000e+00
   0.0000000e+00
  -1.2766395e-02
   3.7325216e-04
   1.0867242e-02
   1.3978317e-02
   0.0000000e+00
   0.0000000e+00
   0.0000000e+00
   0.0000000e+00
   0.0000000e+00
   0.0000000e+00
   0.0000000e+00
   0.0000000e+00
   0.0000000e+00
   0.0000000e+00
   0.0000000e+00
   0.0000000e+00
   0.0000000e+00
   0.0000000e+00
   0.0000000e+00
  -3.1427479e-02
  -2.4706648e-02
  -0.0000000e+00
  -3.0768599e-02
  -2.6789878e-02
  -2.4014738e-02
  -0.0000000e+00
  -0.0000000e+00
   0.0000000e+00
   0.0000000e+00
   0.0000000e+00
   0.0000000e+00
   0.0000000e+00
   0.0000000e+00
   0.0000000e+00
   0.0000000e+00
  -0.0000000e+00
  -2.3208991e-02
  -6.8594246e-03
   6.4267907e-03
   1.3216362e-02
   1.0258197e-02
   0.0000000e+00
   0.0000000e+00
   0.0000000e+00
   0.0000000e+00
   0.0000000e+00
   0.0000000e+00
   0.0000000e+00
   0.0000000e+00
   0.0000000e+00
   0.0000000e+00
   0.0000000e+00
   0.0000000e+00
   0.0000000e+00
   0.0000000e+00
  -0.0000000e+00
  -0.0000000e+00
  -0.0000000e+00
  -0.0000000e+00
  -0.0000000e+00
  -0.0000000e+00
   0.0000000e+00
  -0.0000000e+00
   0.0000000e+00
   0.0000000e+00
   0.0000000e+00
   0.0000000e+00
   0.0000000e+00
   0.0000000e+00
   0.0000000e+00
   0.0000000e+00
  -0.0000000e+00
  -0.0000000e+00
  -0.0000000e+00
   0.0000000e+00
   1.0684563e-03
   8.7990685e-03
   1.7781983e-02
   0.0000000e+00
   0.0000000e+00
   0.0000000e+00
   0.0000000e+00
   0.0000000e+00
   0.0000000e+00
   0.0000000e+00
   0.0000000e+00
   0.0000000e+00
   0.0000000e+00
   0.0000000e+00
   0.0000000e+00
   0.0000000e+00
   0.0000000e+00
   0.0000000e+00
   0.0000000e+00
   0.0000000e+00
  -0.0000000e+00
  -0.0000000e+00
  -0.0000000e+00
  -0.0000000e+00
  -0.0000000e+00
  -0.0000000e+00
  -0.0000000e+00
   0.0000000e+00
   0.0000000e+00
   0.0000000e+00
   0.0000000e+00
   0.0000000e+00
  -0.0000000e+00
  -0.0000000e+00
   0.0000000e+00
   0.0000000e+00
  -0.0000000e+00
  -8.3149720e-03
   7.5395779e-03
   9.6859317e-03
   9.0856281e-03
   7.9215217e-03
   8.6492087e-03
   2.5025431e-03
   1.7333478e-03
   0.0000000e+00
   0.0000000e+00
   0.0000000e+00
