   7.1071666e-01
   5.7969308e-01
   4.5665330e-01
   4.1217381e-01
   4.8425353e-01
   8.1515826e-02
   4.0705469e-01
   1.1257133e+00
   8.7372881e-01
   7.8439295e-01
   7.2988373e-01
   5.6471360e-01
   5.1546764e-01
   6.4060372e-01
   7.1794021e-01
   6.5216637e-01
   6.3723046e-01
   3.8839695e-01
   2.1102196e-01
   2.5542846e-01
   3.1629995e-01
   6.3622075e-01
   6.9357812e-01
   2.7516916e-01
   1.8851882e-02
   2.3487452e-03
   6.2107820e-02
   8.0026828e-02
   3.0385357e-01
   2.0251647e-01
   1.3050282e-01
   3.9574948e-01
   4.4772375e-01
   2.8971168e-01
   3.5072288e-01
   4.9674073e-01
  -4.7651559e-02
  -1.0521942e-01
   1.9057509e-01
   4.5278019e-01
   7.0333260e-01
   3.3137527e-01
   9.5912862e-01
   1.0347984e+00
   7.7767271e-01
   6.6930026e-01
   5.9406161e-01
   6.5801221e-01
   7.1872932e-01
   7.2232974e-01
   7.1386558e-01
   6.4592040e-01
   5.0033152e-01
  -2.2554067e-01
   1.8029551e-01
   2.1535355e-01
   1.6372174e-02
   3.0874521e-01
   4.7359452e-01
   3.9397031e-01
   2.3664308e-01
   1.5459621e-01
   9.7339958e-02
   9.8811917e-02
   3.3577314e-01
   3.9825505e-01
   6.2615305e-01
   9.0041435e-01
   9.9120384e-01
   7.3390383e-01
   5.1135433e-01
   2.8175461e-01
  -6.9714963e-01
  -2.1796747e-01
   2.6589395e-02
   1.8077885e-01
   9.4879761e-02
   2.0988674e-01
   7.8020531e-01
   7.3431194e-01
   1.8268345e-01
   4.6673372e-02
   1.4296933e-01
   3.1302673e-01
   4.3730310e-01
   4.6258554e-01
   4.0339586e-01
   3.5368228e-01
   2.7571562e-01
   3.9495736e-02
  -1.7217793e-01
  -5.9456170e-01
  -6.4710194e-01
  -1.5557912e-01
   2.8026840e-01
   3.8212761e-01
   2.0270158e-01
  -1.3378337e-01
  -4.2146656e-01
  -3.8966644e-01
  -2.9742986e-02
   3.5254318e-01
   6.4981496e-01
   7.9308796e-01
   7.2602290e-01
   5.5949098e-01
   3.3400178e-01
  -9.0577111e-02
  -9.2661196e-01
  -4.8908666e-01
  -3.3616823e-01
  -2.7257510e-02
  -1.9976781e-01
   2.1577066e-01
   3.3080068e-01
   7.2141044e-02
  -2.0989341e-01
  -3.9869511e-01
  -3.6711112e-01
  -2.2818124e-01
  -1.0783514e-01
  -4.4901751e-02
  -1.0701536e-01
  -1.1050455e-01
  -1.6945526e-01
  -3.9718390e-01
  -8.4166861e-01
  -1.5253367e+00
  -8.0683041e-01
  -4.4379160e-01
   3.9419256e-02
   1.2810905e-01
  -2.1879962e-01
  -7.4165118e-01
  -1.1460645e+00
  -9.7155303e-01
  -3.9168039e-01
   1.2270935e-01
   4.2373574e-01
   4.3587247e-01
   1.7782523e-01
  -6.4859279e-02
  -3.4109753e-01
  -8.1990266e-01
  -7.4099344e-01
  -7.0322537e-01
  -3.8306856e-01
  -4.4401324e-01
  -4.5270568e-01
   1.6638227e-01
  -4.4133712e-02
  -5.3191233e-01
  -7.6023334e-01
  -8.3234560e-01
  -7.9172868e-01
  -6.2803030e-01
  -5.4955995e-01
  -4.9715382e-01
  -5.1659375e-01
  -5.3646129e-01
  -6.0750479e-01
  -7.9476613e-01
  -1.1839210e+00
  -1.6785852e+00
  -6.5184468e-01
  -6.7007667e-01
  -2.9374558e-01
  -2.5460145e-01
  -7.2666007e-01
  -1.2953244e+00
  -1.7782793e+00
  -9.5177889e-01
  -3.4555390e-01
  -5.9703253e-03
   1.5721588e-01
   5.5209152e-02
  -3.1882271e-01
  -6.1419231e-01
  -7.6329845e-01
  -7.8740323e-01
  -3.3133088e-01
  -6.9233070e-01
  -3.4308096e-01
  -6.7185958e-01
  -3.8892936e-01
  -1.8539771e-02
  -2.4117955e-01
  -9.1932755e-01
  -1.1027426e+00
  -1.0693107e+00
  -9.4587892e-01
  -8.0042689e-01
  -7.5626859e-01
  -7.1785049e-01
  -6.8361257e-01
  -7.2055950e-01
  -7.9843061e-01
  -8.8587260e-01
  -1.0036156e+00
  -1.4274119e+00
  -3.0020757e-01
  -8.3820425e-01
  -6.1730394e-01
  -6.6251544e-01
  -1.0808196e+00
  -1.3099399e+00
  -1.6462593e+00
  -7.7305171e-01
  -3.2419260e-01
  -1.9028881e-01
   4.8271181e-02
  -1.2560930e-01
  -6.0784719e-01
  -8.9584939e-01
  -8.7625479e-01
  -6.3356892e-01
   1.2222741e-01
  -1.1411770e-01
  -4.4411469e-01
  -6.0758841e-01
  -2.2012213e-01
  -5.2647270e-02
  -6.6993517e-01
  -1.2230359e+00
  -1.2610198e+00
  -1.1148376e+00
  -9.3176484e-01
  -7.9519898e-01
  -7.4206579e-01
  -6.9048131e-01
  -6.5273547e-01
  -6.6863787e-01
  -7.4086618e-01
  -7.5726652e-01
  -4.5623106e-01
   9.9600539e-02
  -1.5701103e-01
  -7.8447533e-01
  -8.8414538e-01
  -9.9370503e-01
  -1.1344677e+00
  -6.9235802e-01
  -6.2645751e-01
  -3.4416956e-01
  -5.4672414e-01
  -3.7416565e-01
   2.5538501e-01
  -7.7664994e-02
  -7.1693206e-01
  -9.2505848e-01
  -7.9050672e-01
  -4.1760385e-01
   5.1273179e-01
   8.0049855e-01
  -1.3418958e-01
   2.0199705e-01
   2.1984126e-02
  -3.3963272e-01
  -9.5490629e-01
  -1.1613169e+00
  -1.0680037e+00
  -8.7698354e-01
  -6.9775891e-01
  -5.8540136e-01
  -5.3747969e-01
  -5.1768255e-01
  -5.0507098e-01
  -5.1094198e-01
  -5.3190267e-01
  -3.7227890e-01
   4.4627914e-01
   2.1159079e+00
  -2.9714665e-01
  -9.3194638e-02
  -8.6627406e-01
  -1.2872326e+00
  -8.2929697e-01
   1.0463551e+00
  -6.4979292e-02
  -1.1853662e-01
  -6.4645094e-01
  -2.5705886e-01
   4.2605902e-01
  -6.5124005e-02
  -7.4444717e-01
  -7.4124256e-01
  -5.4490703e-01
  -8.2466587e-02
   8.9689225e-01
   1.3322457e+00
   1.2356397e+00
   3.6966783e-01
   3.3745542e-02
  -2.9495037e-01
  -6.6225827e-01
  -7.3489225e-01
  -6.4324421e-01
  -4.8255053e-01
  -3.6644268e-01
  -3.0864659e-01
  -2.9504472e-01
  -3.3810398e-01
  -3.5040286e-01
  -3.4861585e-01
  -2.9570672e-01
   7.1996450e-02
   1.2951627e+00
   3.5351336e+00
   6.5201128e-01
   4.3593514e-01
  -6.9565928e-01
  -1.6145228e+00
  -4.1020924e-01
   2.6317515e+00
   1.2918657e-01
   1.4005600e-01
  -1.6958067e-01
  -4.5494348e-02
   7.5566286e-01
   3.2779217e-01
  -5.3035247e-01
  -4.8478085e-01
  -2.3708776e-01
   3.2970679e-01
   1.4220929e+00
   1.8914318e+00
   1.6342686e+00
   2.7625096e-01
   3.4036428e-01
   3.3099914e-01
   1.0773250e-01
  -1.3972482e-02
   1.2825986e-02
   8.5030384e-02
   7.5482160e-02
   6.7910224e-02
   1.0712348e-02
  -9.3056008e-02
  -1.3990723e-01
  -1.1902349e-01
   6.3227229e-02
   6.9508499e-01
   2.2587717e+00
   5.0312195e+00
   2.3825486e-01
   3.0251735e-01
   6.0179085e-02
  -2.0054624e+00
   2.6993871e-01
   4.2150412e+00
   5.4283994e-01
   1.1813026e-03
   6.3771911e-02
   3.4637153e-03
   1.1812168e+00
   7.4994171e-01
   1.9926192e-01
  -4.1516730e-01
   9.5064104e-02
   8.7215185e-01
   1.8761390e+00
   2.3570335e+00
   2.3527040e+00
   1.2095015e+00
   9.9443853e-01
   9.4923496e-01
   6.6087043e-01
   4.9350339e-01
   4.7351259e-01
   4.6920615e-01
   3.9089301e-01
   3.1557667e-01
   1.9748123e-01
   7.3084950e-02
  -1.6115712e-02
   6.2646106e-02
   3.9586902e-01
   1.2375928e+00
   2.9529803e+00
   5.3570852e+00
  -1.5935016e-01
  -2.2381898e-02
  -2.0913528e-01
  -1.4433185e+00
   9.9950695e-01
   5.1248174e+00
   4.0906611e-01
  -1.3732573e-02
  -1.1820600e-01
   2.8619844e-01
   1.7310733e+00
   9.4600964e-01
   4.7592545e-01
  -6.6009350e-03
   3.6760074e-01
   1.2870350e+00
   2.4094543e+00
   2.7623713e+00
   2.5774777e+00
   1.7769111e+00
   1.5307949e+00
   1.3447385e+00
   1.0481372e+00
   8.6516362e-01
   8.1075835e-01
   7.3719066e-01
   5.8574718e-01
   4.1176292e-01
   2.4458252e-01
   9.6253708e-02
   3.6314406e-02
   2.9489857e-01
   8.5375804e-01
   1.9081991e+00
   3.6232023e+00
   4.6412802e+00
  -2.8956789e-01
  -4.1641012e-01
  -5.1663119e-01
  -8.0882704e-01
   1.9891865e+00
   5.4017510e+00
   6.8974763e-01
   5.7593919e-04
  -7.7728726e-02
   6.4039218e-01
   1.9267824e+00
   1.0458648e+00
   3.2990403e-02
   8.4175833e-02
   1.0614055e+00
   1.8651433e+00
   2.7242467e+00
   2.8481874e+00
   2.5758312e+00
   2.0094991e+00
   1.6768460e+00
   1.4060153e+00
   1.1408186e+00
   9.6308404e-01
   8.7039089e-01
   7.1649307e-01
   4.8577574e-01
   2.4134247e-01
   6.8213321e-02
  -1.0326732e-02
   1.5929312e-01
   6.5683007e-01
   1.4107807e+00
   2.6028047e+00
   4.1352763e+00
   3.4696851e+00
  -2.6308632e-01
  -6.0356569e-01
  -4.0779033e-01
   9.7315609e-03
   2.8724382e+00
   5.2161446e+00
   1.4900948e+00
  -1.3275370e-01
  -2.4890570e-01
   7.5019532e-01
   1.7447155e+00
   1.3521230e+00
  -4.3499023e-01
   2.1689051e-01
   1.7701132e+00
   2.3179452e+00
   2.7631269e+00
   2.6898136e+00
   2.3900163e+00
   1.8756387e+00
   1.4402397e+00
   1.1492882e+00
   9.1906130e-01
   7.7138567e-01
   6.4629722e-01
   4.5528612e-01
   2.2169137e-01
   2.4978593e-02
  -2.4440592e-02
   9.7655386e-02
   4.8742807e-01
   1.0984284e+00
   1.9192382e+00
   3.0494514e+00
   4.1661882e+00
   2.1647911e+00
  -3.0158564e-01
  -4.0669781e-01
  -2.0022626e-01
   7.4495387e-01
   3.5052457e+00
   4.8992023e+00
   1.4726840e+00
  -1.7996682e-01
  -1.0798328e-01
   7.7259272e-01
   1.3990234e+00
   9.2300105e-01
  -4.7443017e-01
   9.7061312e-01
   2.1293330e+00
   2.5148137e+00
   2.5130477e+00
   2.2470860e+00
   1.8576843e+00
   1.3267504e+00
   8.3563149e-01
   5.5233192e-01
   3.7101376e-01
   2.8691539e-01
   2.1769388e-01
   1.2722093e-01
   5.0965991e-02
   8.1952028e-02
   2.4913578e-01
   5.3727537e-01
   9.8768073e-01
   1.5533121e+00
   2.2594109e+00
   3.0596089e+00
   3.5861559e+00
   1.0910423e+00
  -3.1287137e-01
  -3.0569008e-01
  -1.6548128e-01
   6.4429605e-01
   3.9443028e+00
   4.3953543e+00
   1.0059725e+00
   7.8393497e-02
   6.0700625e-01
   1.0157886e+00
   7.7658916e-01
   2.2555348e-01
   2.8253788e-01
   1.9363368e+00
   2.1947415e+00
   2.4526834e+00
   2.0077496e+00
   1.5979720e+00
   1.1710849e+00
   6.8793333e-01
   1.7574954e-01
  -1.1422702e-01
  -2.9913566e-01
  -3.8408279e-01
  -4.2542332e-01
  -3.9399379e-01
  -2.5265983e-01
   5.4074448e-02
   4.2420596e-01
   7.9765499e-01
   1.1973805e+00
   1.6435822e+00
   2.1694183e+00
   2.6794732e+00
   2.7882037e+00
   5.3120649e-01
  -1.8766665e-01
  -4.2181805e-01
  -5.1954561e-01
   5.9336925e-01
   3.8837445e+00
   3.6680262e+00
   4.3899992e-01
   2.6738355e-01
   1.0621333e+00
   8.7777644e-01
   1.2561575e-01
  -6.1309886e-01
   9.4705504e-01
   2.0803354e+00
   2.0410781e+00
   2.0814383e+00
   1.7174060e+00
   1.1379071e+00
   5.7971144e-01
   2.6242027e-01
  -2.6130515e-01
  -5.9216523e-01
  -8.7950587e-01
  -1.0921787e+00
  -1.2320137e+00
  -1.1944792e+00
  -9.5586824e-01
  -4.9203512e-01
   1.7290451e-02
   4.5337817e-01
   7.8490388e-01
   1.0503429e+00
   1.3513575e+00
   1.7348807e+00
   1.7627070e+00
   1.7532402e-01
  -3.0676958e-01
  -9.6748239e-01
  -1.0701792e+00
   9.9081457e-01
   3.3681076e+00
   2.7485986e+00
   4.1961476e-01
   2.8037655e-01
   1.1668228e+00
   9.7509342e-01
   1.1269534e-01
   1.9606119e-01
   1.9766464e+00
   2.0571644e+00
   1.8268421e+00
   1.4995139e+00
   1.3302898e+00
   7.3440668e-01
   1.5882383e-01
   3.9239082e-02
  -3.3979361e-01
  -5.4432678e-01
  -7.5498220e-01
  -9.2886461e-01
  -1.0360839e+00
  -9.7190369e-01
  -7.4654207e-01
  -3.5546033e-01
   5.4584795e-02
   3.8922177e-01
   5.6236684e-01
   5.4667997e-01
   4.6292115e-01
   3.3965566e-01
   1.3184749e-01
  -1.8688596e-01
  -5.6438100e-01
  -2.0578434e+00
  -1.6566127e+00
   1.6082728e+00
   2.1008274e+00
   1.2119552e+00
   4.9333995e-02
   1.3098979e-01
   7.7054366e-01
   6.7563621e-01
   2.8721317e-01
   6.2177454e-01
   1.9575343e+00
   2.0446403e+00
   1.8413204e+00
   1.2914819e+00
   2.9889646e-01
  -6.2448524e-02
  -1.9865147e-01
   5.2817752e-02
   5.6879931e-02
   3.0875980e-01
   5.6325423e-01
   7.6628884e-01
   9.1199781e-01
   1.0714588e+00
   1.2729227e+00
   1.5534235e+00
   1.8471308e+00
   2.0794542e+00
   2.0704293e+00
   1.6225449e+00
   7.6216093e-01
  -6.0011433e-01
  -1.7243737e+00
  -8.8081087e-01
  -1.5349460e+00
  -2.3261106e+00
  -1.8025979e+00
   1.4155336e+00
   1.0240674e+00
   6.4956097e-01
  -1.9544355e-01
  -2.1792105e-01
   2.8555268e-01
   1.4125697e-01
   7.4848226e-01
   9.5960945e-01
   1.8555470e+00
   2.2941472e+00
   1.9310790e+00
   1.4383918e+00
  -3.2113123e-01
   5.7265021e-02
  -2.7313653e-01
  -2.2213200e-01
  -1.8079153e-01
   1.3727872e-01
   5.3292859e-01
   9.0336955e-01
   1.2101606e+00
   1.4278623e+00
   1.5790650e+00
   1.7079438e+00
   1.8191094e+00
   1.8832425e+00
   1.6867205e+00
   1.0116936e+00
  -3.4762368e-02
  -1.3690641e+00
  -2.5516768e+00
  -1.9098883e+00
  -2.2192252e+00
  -2.4881546e+00
  -2.1035690e+00
   7.6283671e-02
   6.8323708e-01
   4.8820871e-01
  -3.6664551e-01
  -4.8121741e-01
  -1.5436894e-01
  -2.8039366e-01
   1.8846635e-02
   4.2681769e-01
   1.0994486e+00
   1.7996337e+00
   1.8467147e+00
   1.4563148e+00
   9.8683074e-02
  -4.7929466e-02
  -4.1421199e-01
  -6.3231719e-01
  -7.4672830e-01
  -6.2729412e-01
  -3.6155102e-01
  -7.2732583e-02
   1.9421785e-01
   3.2026568e-01
   3.0765373e-01
   2.0421402e-01
   8.0569021e-02
  -6.9631487e-03
  -6.5793514e-02
  -2.0371655e-01
  -5.9174198e-01
  -1.3159153e+00
  -2.3796086e+00
  -3.1672778e+00
  -3.0640531e+00
  -2.5990756e+00
  -2.6869206e+00
  -1.6350530e+00
   3.8225225e-01
   3.3193243e-01
  -3.8920265e-01
  -7.6892370e-01
  -3.9717343e-01
  -5.4573947e-01
  -9.2773747e-01
  -4.9943277e-01
   3.8497758e-01
   1.5438521e+00
   1.4507281e+00
   5.7821000e-01
   2.3764937e-01
   5.1880389e-02
  -8.1004190e-01
  -9.4906425e-01
  -1.1892203e+00
  -1.2932951e+00
  -1.2162758e+00
  -1.0332047e+00
  -7.8385520e-01
  -6.4673638e-01
  -6.8409646e-01
  -9.0520573e-01
  -1.2116629e+00
  -1.4825960e+00
  -1.5826316e+00
  -1.3107451e+00
  -9.1763115e-01
  -9.9773002e-01
  -1.5778524e+00
  -1.3212727e+00
  -1.3987722e+00
  -2.0799658e+00
  -3.1885719e+00
  -3.2967446e+00
  -1.2531233e-01
   5.8006790e-02
  -3.6468408e-01
  -1.0274636e+00
  -5.8766079e-01
  -4.2398816e-01
  -1.3173085e+00
  -1.4875275e+00
  -8.3881631e-02
   7.4231839e-01
   1.2630328e+00
   4.3908376e-01
   2.4938984e-01
   3.7807578e-01
  -7.9444808e-01
  -1.0575696e+00
  -1.3014017e+00
  -1.5297898e+00
  -1.6108305e+00
  -1.5554914e+00
  -1.3599466e+00
  -1.2189615e+00
  -1.1943197e+00
  -1.4020602e+00
  -1.7826592e+00
  -2.1857591e+00
  -2.5073156e+00
  -2.4518321e+00
  -1.6616426e+00
  -4.1841069e-01
  -1.1899923e+00
  -1.0474217e+00
  -1.0820978e+00
  -1.7786653e+00
  -3.1925449e+00
  -4.4497676e+00
  -8.3347100e-01
  -2.3367605e-01
  -2.4874978e-01
  -1.2164198e+00
  -9.9133539e-01
  -3.6760890e-01
  -1.7082096e+00
  -1.7412107e+00
  -1.5481369e+00
  -4.7874561e-01
   9.1957939e-01
   6.5262812e-01
   4.2808646e-01
   6.4429677e-01
  -6.1549497e-01
  -9.8190629e-01
  -1.2095809e+00
  -1.5023106e+00
  -1.6737782e+00
  -1.7115679e+00
  -1.5723101e+00
  -1.4135640e+00
  -1.2915469e+00
  -1.3582047e+00
  -1.6582371e+00
  -2.0592287e+00
  -2.5331740e+00
  -2.9408278e+00
  -2.5788732e+00
   1.0648632e-01
   2.9730445e-01
  -7.0917553e-01
  -8.7574607e-01
  -1.4553733e+00
  -2.7268300e+00
  -4.6025681e+00
  -2.0362997e+00
  -6.2055576e-01
  -6.2670153e-01
  -1.6868366e+00
  -2.0958800e+00
  -8.1010473e-01
  -2.0553939e+00
  -2.0661652e+00
  -2.0209992e+00
  -5.7372534e-01
   3.7997851e-01
   6.9528300e-01
   6.8597233e-01
   1.0338202e+00
  -2.3892111e-01
  -7.2459036e-01
  -9.4272858e-01
  -1.2853575e+00
  -1.5322546e+00
  -1.6444228e+00
  -1.5592120e+00
  -1.3641666e+00
  -1.1345385e+00
  -9.9413085e-01
  -1.1318915e+00
  -1.4529686e+00
  -1.9909029e+00
  -2.8018358e+00
  -3.3521464e+00
   2.5509933e-01
   1.6097928e+00
   7.2030544e-02
  -5.8008254e-01
  -1.0288821e+00
  -2.0591385e+00
  -3.7173417e+00
  -3.8515611e+00
  -1.1268560e+00
  -9.9093699e-01
  -1.6590141e+00
  -1.9605328e+00
  -1.2763048e+00
  -1.6791215e+00
  -2.4864249e+00
  -1.9480585e+00
  -1.0704874e+00
  -2.8323799e-01
   4.1931480e-01
   4.8587495e-01
   1.0612584e+00
   2.1301265e-01
  -2.9382360e-01
  -4.7216746e-01
  -8.1235874e-01
  -1.1296611e+00
  -1.3119193e+00
  -1.3035682e+00
  -1.1417388e+00
  -8.8081193e-01
  -6.2503427e-01
  -6.3290936e-01
  -9.0715367e-01
  -1.5004038e+00
  -2.5845337e+00
  -3.7440450e+00
  -2.9621452e-02
   1.1596471e+00
   3.9261872e-01
  -7.1323216e-02
  -3.8606763e-01
  -1.2322223e+00
  -2.4189270e+00
  -3.6352589e+00
  -1.5997703e+00
  -5.0794953e-01
  -1.0141482e+00
  -1.1022680e+00
  -1.1524163e+00
  -1.4967986e+00
  -2.4847927e+00
  -1.9766287e+00
  -1.3554949e+00
  -7.1479464e-01
   6.9967560e-02
   3.2708076e-01
   9.2312753e-01
   6.6993684e-01
   2.3340289e-01
   9.6803188e-02
  -2.0608240e-01
  -5.6043077e-01
  -8.0219579e-01
  -8.7476659e-01
  -8.0969608e-01
  -6.0593337e-01
  -3.8015300e-01
  -3.3931643e-01
  -5.9435451e-01
  -1.2343867e+00
  -2.4234891e+00
  -3.3767419e+00
   2.2178900e-01
   1.5743135e+00
   4.2977229e-01
   4.8912370e-01
   3.7185833e-01
  -3.5277206e-01
  -1.3645713e+00
  -2.6627719e+00
  -1.0917492e+00
  -3.1258094e-01
  -5.4621154e-01
  -4.4884697e-01
  -1.1891018e+00
  -1.4469603e+00
  -2.0445430e+00
  -1.6317738e+00
  -1.3487808e+00
  -7.0457101e-01
  -1.7387521e-01
   9.6010640e-02
   6.8212044e-01
   9.0586489e-01
   8.6731005e-01
   8.8045549e-01
   6.3877863e-01
   2.7369681e-01
  -2.4411626e-02
  -1.9028282e-01
  -2.4027246e-01
  -1.5497620e-01
  -5.0003249e-02
  -3.0202972e-02
  -2.8191233e-01
  -9.7530252e-01
  -2.2154388e+00
  -2.5731595e+00
   3.3715314e-01
   1.3832513e+00
   4.7790098e-01
   9.0237039e-01
   1.0632472e+00
   6.0081536e-01
  -9.0345137e-02
  -1.4422508e+00
  -3.2451591e-01
   1.4464311e-01
  -1.1815354e-01
  -1.4501058e-01
  -8.9176345e-01
  -7.4300247e-01
  -8.6811286e-01
  -5.5117702e-01
  -8.5280210e-01
  -5.9397948e-01
   1.4987184e-01
   1.3370997e-01
   4.5837793e-01
   4.4698030e-01
   7.9368528e-01
   1.2381231e+00
   1.1839930e+00
   8.7923367e-01
   5.7194161e-01
   3.6958507e-01
   2.5456372e-01
   2.5606108e-01
   2.6640964e-01
   2.2697014e-01
  -5.1100593e-02
  -7.8474081e-01
  -2.0351007e+00
  -1.5198727e+00
   1.7856428e-01
   7.6065150e-01
   5.9661287e-01
   1.1304133e+00
   1.3494482e+00
   1.0990474e+00
   7.3134720e-01
  -4.2844052e-01
  -5.7710534e-01
   4.0898722e-02
   1.4368799e-01
  -2.5246419e-02
  -4.3741310e-01
  -9.0370220e-02
  -3.6460397e-01
  -5.3613192e-01
  -5.5719107e-01
  -3.0027464e-01
   3.0040833e-01
   2.7171212e-01
   3.2475576e-01
   3.4073722e-01
   5.1875234e-01
   1.2756190e+00
   1.4560654e+00
   1.3292661e+00
   1.1022837e+00
   9.0219057e-01
   7.7111584e-01
   7.1442747e-01
   6.5053397e-01
   5.2304363e-01
   1.9993924e-01
  -5.9407192e-01
  -1.8275675e+00
  -4.7902122e-01
   9.4825573e-02
   2.2761124e-01
   4.8933241e-01
   6.2720913e-01
   1.2622854e+00
   1.3383650e+00
   1.3559583e+00
   7.5864750e-01
  -2.3020066e-01
  -2.3413854e-02
   1.0315542e-01
   2.5233829e-01
   1.7169589e-01
  -1.9189693e-02
  -2.5736421e-01
  -2.5094153e-02
  -2.1012700e-01
   2.9703602e-03
   4.2234176e-01
   2.1214665e-01
   2.6046169e-01
   8.3510362e-02
  -1.9301876e-01
   7.8427547e-01
   1.2416146e+00
   1.3552230e+00
   1.3099144e+00
   1.1827592e+00
   1.0930264e+00
   1.0306592e+00
   9.4188815e-01
   7.7547518e-01
   3.9801106e-01
  -3.8413242e-01
  -1.5398517e+00
   1.5283579e-01
   1.8668836e-01
  -9.9420969e-03
   1.1086749e-01
   4.7002453e-01
   6.7253735e-01
   1.0739570e+00
   1.5431981e+00
   1.0514829e+00
   4.8844767e-01
   7.2290897e-02
   1.0775271e-01
   1.8659025e-01
   1.0333475e-01
  -3.0605853e-03
  -1.0286330e-01
  -1.9199072e-01
  -1.4950145e-01
  -8.6244866e-03
   8.8547684e-02
  -2.4938811e-01
  -2.1877532e-01
  -2.9786490e-02
  -9.6573037e-01
   7.3235138e-02
   7.6496342e-01
   1.1033159e+00
   1.2514752e+00
   1.2504422e+00
   1.2235851e+00
   1.1970000e+00
   1.1081582e+00
   9.5240629e-01
   6.0036169e-01
  -1.3601626e-01
  -7.6190907e-01
   3.7017192e-01
  -1.6287745e-01
  -2.6903641e-01
  -2.1341154e-01
   6.6501811e-02
   3.9510146e-01
   4.1026200e-01
   1.1570573e+00
   1.0040352e+00
   7.7263930e-01
   1.5529924e-01
   3.6036292e-01
   2.6000842e-01
   8.4479851e-02
   8.4335998e-02
   3.9859700e-02
   5.0628067e-02
   2.8848761e-01
   2.1659911e-01
  -1.6346932e-01
  -4.1055440e-01
  -4.7989333e-01
  -5.5422527e-01
  -1.3333327e+00
  -6.2149215e-01
   6.1943661e-02
   5.2884653e-01
   8.4726304e-01
   1.0167576e+00
   1.1167179e+00
   1.1572436e+00
   1.1002046e+00
   9.9650246e-01
   7.3539346e-01
   1.1183932e-01
  -1.6245292e-01
   5.0974637e-01
  -3.0105141e-01
  -4.0883558e-01
  -3.1283009e-01
  -1.7367342e-01
   1.7523489e-01
   1.3740592e-01
   3.4255806e-01
   2.4475935e-01
   7.0049757e-01
   4.9872181e-01
   1.7672228e-01
   1.8173784e-01
   6.4785190e-02
   4.3032936e-02
  -7.2638236e-02
   2.4589013e-02
   1.3626567e-01
   2.6953912e-01
  -3.4166254e-02
   1.9859314e-01
  -1.0729410e-01
  -1.4103372e+00
  -1.5830313e+00
  -1.4142977e+00
  -7.9757780e-01
  -4.0949687e-01
   5.7368740e-02
   4.0500998e-01
   6.1952096e-01
   7.5502598e-01
   8.5253894e-01
   8.2871968e-01
   7.2446185e-01
   3.1077492e-01
   5.4524678e-01
   3.7645817e-01
  -2.9850528e-01
  -3.1498137e-01
  -3.8521048e-01
  -2.4941283e-01
   8.0365804e-05
   3.9687585e-03
   3.5584140e-01
   3.5692751e-01
  -4.3054003e-01
   2.6003790e-01
   3.2944763e-01
  -2.9739799e-02
  -8.9011922e-02
   8.4938020e-02
  -1.9735786e-01
   5.5506997e-02
   2.8363743e-01
   8.2429096e-02
   2.8634813e-01
   9.1694203e-02
   1.5794162e-01
  -2.0521577e-01
  -1.0186949e+00
  -1.3766078e+00
  -8.5180038e-01
  -1.7292821e+00
  -9.7059435e-01
  -6.6331851e-01
  -3.1793763e-01
   1.7555483e-02
   1.5240344e-01
   1.2140208e-01
   2.7060756e-01
   6.7224222e-01
   4.5706320e-01
  -1.4064038e-01
  -1.3438372e-01
  -1.7881421e-01
  -5.0538045e-01
  -4.8636273e-01
  -3.1784310e-01
  -1.4231172e-01
  -1.5703809e-01
   2.1968258e-01
   2.7268520e-01
  -3.8545972e-01
  -2.3121708e-02
  -5.0287478e-02
  -2.6050156e-01
  -1.6401033e-01
  -1.6151260e-01
   5.2061159e-02
   4.5434911e-01
   2.4829270e-01
   3.5291120e-02
  -6.4212256e-03
   5.0554741e-03
   8.4911287e-02
   1.2543851e-01
  -2.4536777e-02
  -2.4041295e-01
  -7.4203342e-01
  -1.1729037e+00
  -1.2621701e+00
  -5.3276634e-01
  -8.8516608e-02
  -7.6434612e-02
  -5.9340619e-02
   6.1083201e-02
   2.5983620e-01
   2.6086271e-01
   1.2324644e-01
   1.6644798e-01
   1.4137477e-01
  -7.8413628e-02
  -1.8465024e-01
  -1.6244020e-01
  -1.6522390e-01
  -9.4305031e-02
   6.2738126e-04
  -1.5769237e-01
  -2.3659608e-01
  -1.4055075e-01
  -1.6160084e-01
  -1.5393128e-01
  -2.1755354e-01
  -2.1079174e-01
  -8.4580757e-02
  -6.4006016e-02
  -6.5135032e-02
  -6.6179663e-02
