   0.0000000e+00
   3.9371741e-03
   7.3440650e-03
   0.0000000e+00
   1.6350588e-03
   0.0000000e+00
   0.0000000e+00
   1.6984122e-02
   9.2501898e-03
   8.4456024e-03
   6.0356223e-03
   6.0869599e-03
   0.0000000e+00
   9.4903653e-03
   8.6478454e-03
   9.0160796e-03
   0.0000000e+00
   5.4694609e-03
   2.6047013e-03
   6.7830617e-04
   2.0895819e-03
   7.0954834e-03
   2.4568013e-03
  -0.0000000e+00
   0.0000000e+00
   0.0000000e+00
  -0.0000000e+00
  -0.0000000e+00
   0.0000000e+00
   0.0000000e+00
   0.0000000e+00
   0.0000000e+00
   0.0000000e+00
   0.0000000e+00
   0.0000000e+00
   0.0000000e+00
  -5.5094984e-03
  -3.7177556e-03
   1.7380322e-03
   6.7319197e-03
   5.6915365e-03
   1.4284492e-02
   1.5263889e-02
   1.1159859e-02
   8.1245424e-03
   6.6835820e-03
   6.8806517e-03
   8.7668942e-03
   9.9756885e-03
   9.6681872e-03
   9.6032033e-03
   6.6420548e-03
  -1.4585913e-04
  -8.2495728e-03
   0.0000000e+00
  -1.8575387e-03
  -4.9574161e-04
   2.6317749e-03
   2.9493886e-03
   8.2961824e-04
  -3.3598544e-04
  -1.2171105e-03
  -1.8517784e-03
  -9.3088686e-04
   9.3360637e-04
   2.8695242e-03
   8.6559554e-03
   1.1718797e-02
   9.7346670e-03
   4.9267318e-03
   2.1191927e-03
  -3.9316213e-03
  -0.0000000e+00
  -0.0000000e+00
   0.0000000e+00
   0.0000000e+00
   0.0000000e+00
   0.0000000e+00
   1.0181719e-02
   4.8838457e-03
   6.1948961e-03
   5.4423332e-03
   4.6654716e-03
   6.4018206e-03
   7.4940496e-03
   6.4869002e-03
   5.3208284e-03
   4.3672896e-03
   1.8712521e-03
  -1.9637516e-03
  -5.3148240e-03
  -9.9399016e-03
  -6.4398465e-03
  -5.4574915e-04
   2.4665601e-03
   1.8531198e-03
  -1.8082879e-03
  -6.9554038e-03
  -9.3068611e-03
  -5.6545804e-03
  -2.1229727e-04
   4.7087222e-03
   9.0200752e-03
   9.6744262e-03
   8.0510592e-03
   5.0410992e-03
   7.1276934e-04
  -6.4214764e-03
   0.0000000e+00
   0.0000000e+00
   0.0000000e+00
   0.0000000e+00
   0.0000000e+00
   0.0000000e+00
   3.9552408e-03
  -4.1468886e-03
  -9.1335692e-03
  -8.7435999e-03
  -4.4064739e-03
  -1.8816672e-03
  -1.6711063e-04
  -1.1407265e-03
  -1.8026755e-03
  -1.9112896e-03
  -4.4316873e-03
  -8.7481588e-03
  -1.7894066e-02
  -0.0000000e+00
  -6.3598208e-03
  -2.8906940e-03
   4.2377374e-05
  -2.0716400e-03
  -9.5195407e-03
  -1.6973626e-02
  -1.7579507e-02
  -9.9409474e-03
  -2.3751475e-03
   3.0572868e-03
   6.5867412e-03
   4.2130267e-03
   5.3077412e-04
  -4.1870689e-03
  -8.7325023e-03
  -1.7643014e-02
   0.0000000e+00
   0.0000000e+00
   0.0000000e+00
   0.0000000e+00
   0.0000000e+00
   1.1401000e-02
  -2.8425930e-03
  -1.1562314e-02
  -1.4530423e-02
  -1.4224412e-02
  -1.1720554e-02
  -9.2435116e-03
  -8.5122464e-03
  -8.7003373e-03
  -8.7706177e-03
  -9.2967916e-03
  -1.0989262e-02
  -1.4914214e-02
  -2.0165066e-02
   0.0000000e+00
  -0.0000000e+00
  -5.1831268e-03
  -3.6999676e-03
  -8.1386426e-03
  -1.8282361e-02
  -2.7072339e-02
  -2.2499748e-02
  -3.8642817e-03
  -3.7103842e-04
   2.1883058e-03
   3.2499013e-03
  -1.1950809e-03
  -7.3056389e-03
  -1.1894678e-02
  -1.2857003e-02
  -1.2228098e-02
  -3.2000764e-03
   0.0000000e+00
   0.0000000e+00
   0.0000000e+00
   0.0000000e+00
   9.6228464e-03
  -7.7210367e-03
  -1.6528374e-02
  -1.8071109e-02
  -1.6502923e-02
  -1.4158830e-02
  -1.2710641e-02
  -1.2975425e-02
  -1.2541240e-02
  -1.2101489e-02
  -1.2907483e-02
  -1.3883664e-02
  -1.5580359e-02
  -1.6519708e-02
  -2.6481247e-02
  -0.0000000e+00
  -7.9447613e-03
  -7.6710554e-03
  -1.4044912e-02
  -2.2342395e-02
  -2.6736145e-02
   0.0000000e+00
   0.0000000e+00
  -2.3063950e-04
   2.0928840e-03
   2.6099625e-03
  -4.5176978e-03
  -1.2475610e-02
  -1.5816339e-02
  -1.3637373e-02
  -7.2675817e-03
   2.3364271e-03
   0.0000000e+00
  -0.0000000e+00
   0.0000000e+00
   7.5879895e-03
   2.1589187e-03
  -1.4604155e-02
  -1.9687790e-02
  -1.8840451e-02
  -1.6073953e-02
  -1.3664446e-02
  -1.2832295e-02
  -1.3091102e-02
  -1.2445446e-02
  -1.2051594e-02
  -1.2386676e-02
  -1.3159422e-02
  -1.1872177e-02
  -4.0218243e-03
  -3.1637948e-03
   0.0000000e+00
  -9.4826663e-03
  -1.0688492e-02
  -1.6507924e-02
  -1.7031111e-02
  -1.5950837e-02
   0.0000000e+00
  -0.0000000e+00
  -4.4164922e-03
   5.4885921e-03
   6.4562503e-03
  -5.3768689e-03
  -1.3493748e-02
  -1.4966039e-02
  -1.1748984e-02
  -5.1635024e-03
   7.1839046e-03
   8.0444466e-03
  -1.9693389e-04
   8.0361877e-03
   5.8719220e-03
  -7.5862985e-03
  -1.6472446e-02
  -1.7007360e-02
  -1.4412535e-02
  -1.1861078e-02
  -9.8286725e-03
  -9.5139090e-03
  -9.5866770e-03
  -9.4246983e-03
  -9.2577599e-03
  -9.3146358e-03
  -8.8396351e-03
  -4.3753050e-03
   1.4032513e-02
   2.5778105e-02
   0.0000000e+00
  -0.0000000e+00
  -1.3550465e-02
  -1.5925977e-02
  -2.4895924e-03
   1.2149032e-02
   0.0000000e+00
   0.0000000e+00
  -0.0000000e+00
   1.0353624e-02
   8.8219112e-03
  -6.3190704e-03
  -1.0005589e-02
  -9.6934075e-03
  -6.4264631e-03
  -6.6951383e-04
   1.0818692e-02
   1.2028472e-02
   3.8912151e-03
   0.0000000e+00
   3.0981498e-03
  -6.6159675e-03
  -1.0194279e-02
  -9.8016383e-03
  -7.6035960e-03
  -6.0790759e-03
  -4.9326913e-03
  -4.9466775e-03
  -5.3797392e-03
  -5.7474901e-03
  -5.8078552e-03
  -5.4578600e-03
  -3.5949696e-03
   3.2880711e-03
   2.5364906e-02
   3.4577768e-02
   0.0000000e+00
   0.0000000e+00
  -0.0000000e+00
  -1.5659889e-02
   1.0571582e-02
   3.2647956e-02
   0.0000000e+00
   0.0000000e+00
   0.0000000e+00
   9.3679305e-03
   1.4453951e-02
  -4.9828843e-03
  -4.9224300e-03
  -4.3530120e-03
  -1.5014259e-04
   5.1005534e-03
   1.6464463e-02
   1.9744499e-02
   1.2984239e-02
   6.0649961e-03
   4.6794666e-03
   2.2842619e-03
   1.7344629e-04
  -2.5662413e-04
   8.8365364e-04
   1.1463191e-03
   1.2642053e-03
   1.0536565e-03
   9.0935995e-05
  -8.5215253e-04
  -1.2654962e-03
  -3.1571701e-04
   2.9530493e-03
   1.2178499e-02
   3.8668498e-02
   5.4633420e-02
   0.0000000e+00
   0.0000000e+00
  -0.0000000e+00
  -1.5877768e-02
   2.5116021e-02
   5.0551824e-02
   0.0000000e+00
   0.0000000e+00
  -0.0000000e+00
  -9.6796679e-04
   2.1281595e-02
   0.0000000e+00
  -1.5883046e-03
  -1.7212469e-03
   6.4376695e-03
   1.1750124e-02
   2.2003025e-02
   2.4610210e-02
   1.6756525e-02
   1.1335800e-02
   1.0292158e-02
   8.3299540e-03
   5.9337411e-03
   5.4790359e-03
   6.0768211e-03
   5.8163190e-03
   5.4028891e-03
   4.7552148e-03
   3.3197473e-03
   1.8523700e-03
   1.2584757e-03
   2.9548644e-03
   7.7530676e-03
   1.9241070e-02
   4.6829268e-02
   5.4115377e-02
   0.0000000e+00
   0.0000000e+00
  -0.0000000e+00
  -9.4366230e-03
   3.5178602e-02
   6.0416531e-02
   0.0000000e+00
   0.0000000e+00
   0.0000000e+00
   8.9131711e-03
   2.2016009e-02
   0.0000000e+00
  -0.0000000e+00
   6.9235373e-04
   1.0318765e-02
   1.6693948e-02
   2.8443405e-02
   2.9179543e-02
   2.1815620e-02
   1.6333738e-02
   1.5251421e-02
   1.2398308e-02
   1.0097504e-02
   9.7182030e-03
   9.7282566e-03
   8.8118389e-03
   7.3795337e-03
   5.8603911e-03
   3.8608459e-03
   2.1159037e-03
   2.5974421e-03
   6.4085857e-03
   1.3815780e-02
   2.8059551e-02
   5.1379245e-02
   3.9780330e-02
   0.0000000e+00
   0.0000000e+00
   0.0000000e+00
   0.0000000e+00
   4.3173093e-02
   5.9186015e-02
   0.0000000e+00
   0.0000000e+00
   0.0000000e+00
   1.2476217e-02
   1.9074085e-02
   0.0000000e+00
   0.0000000e+00
   0.0000000e+00
   1.6424363e-02
   2.3217255e-02
   3.1774905e-02
   3.0164715e-02
   2.3959812e-02
   1.9256689e-02
   1.6766364e-02
   1.3877815e-02
   1.1884367e-02
   1.1212599e-02
   1.0203298e-02
   8.1640426e-03
   5.5904221e-03
   3.2984135e-03
   1.5232753e-03
   1.4523857e-03
   4.6764412e-03
   1.1148814e-02
   2.1006020e-02
   3.6555819e-02
   5.1281821e-02
   4.6020202e-02
   0.0000000e+00
   0.0000000e+00
   0.0000000e+00
   0.0000000e+00
   4.7522902e-02
   5.3492524e-02
   0.0000000e+00
   0.0000000e+00
   0.0000000e+00
   1.1570853e-02
   1.8126388e-02
   0.0000000e+00
   0.0000000e+00
   0.0000000e+00
   2.2187645e-02
   2.8316380e-02
   3.1380460e-02
   2.8106261e-02
   2.2900106e-02
   1.7735213e-02
   1.4480993e-02
   1.2037040e-02
   1.0455064e-02
   9.4664227e-03
   7.7429279e-03
   5.2184025e-03
   2.6588240e-03
   9.8346383e-04
   1.0091636e-03
   3.4923886e-03
   8.7365070e-03
   1.6562806e-02
   2.6787756e-02
   3.9974310e-02
   4.5683668e-02
   3.3348541e-02
   0.0000000e+00
   0.0000000e+00
   0.0000000e+00
   0.0000000e+00
   4.9568530e-02
   4.7486447e-02
   0.0000000e+00
   0.0000000e+00
   0.0000000e+00
   9.4958749e-03
   1.6357265e-02
   0.0000000e+00
   0.0000000e+00
   2.3553827e-02
   2.5409501e-02
   3.0196665e-02
   2.6674148e-02
   2.1952998e-02
   1.6865926e-02
   1.1416480e-02
   8.1129186e-03
   6.3639078e-03
   5.3934739e-03
   4.9300734e-03
   3.9961436e-03
   2.8668134e-03
   2.2255906e-03
   2.9545841e-03
   5.4773772e-03
   9.5892055e-03
   1.5020849e-02
   2.1926027e-02
   2.9002897e-02
   3.5064097e-02
   3.1831205e-02
   0.0000000e+00
   0.0000000e+00
   0.0000000e+00
   0.0000000e+00
   0.0000000e+00
   4.6879947e-02
   3.8022544e-02
   0.0000000e+00
   0.0000000e+00
   0.0000000e+00
   5.4521630e-03
   9.6551975e-03
   0.0000000e+00
   0.0000000e+00
   2.5148083e-02
   2.5524776e-02
   2.7895803e-02
   1.8497551e-02
   1.3618179e-02
   9.4752088e-03
   4.3077823e-03
   1.2937004e-03
  -2.5343464e-04
  -1.0430216e-03
  -1.2591548e-03
  -1.3509941e-03
  -6.7868130e-04
   1.3078878e-03
   4.9376646e-03
   9.7149797e-03
   1.4446146e-02
   1.9042905e-02
   2.3591543e-02
   2.6512986e-02
   2.6119642e-02
   1.6976333e-02
   0.0000000e+00
   0.0000000e+00
   0.0000000e+00
   0.0000000e+00
   0.0000000e+00
   3.6444888e-02
   2.6898058e-02
   0.0000000e+00
   0.0000000e+00
   0.0000000e+00
   0.0000000e+00
  -1.0094424e-04
   9.1222378e-03
   2.5439038e-02
   2.3295354e-02
   2.1468826e-02
   2.1112368e-02
   1.4692573e-02
   7.3124836e-03
   4.6200519e-03
   2.4871490e-04
  -2.7254422e-03
  -4.6977382e-03
  -6.4646136e-03
  -7.7627539e-03
  -8.4164944e-03
  -7.4320585e-03
  -4.2596087e-03
   7.8135036e-04
   6.4490642e-03
   1.0964306e-02
   1.4199975e-02
   1.6164819e-02
   1.6514696e-02
   1.4558755e-02
   7.9375307e-03
   0.0000000e+00
   0.0000000e+00
   0.0000000e+00
   0.0000000e+00
   3.3767086e-02
   2.8947313e-02
   2.1612434e-02
   0.0000000e+00
   0.0000000e+00
   0.0000000e+00
   0.0000000e+00
  -3.4368871e-04
   1.3126316e-02
   2.4033258e-02
   1.9588413e-02
   1.5489096e-02
   1.3576710e-02
   1.5345561e-02
   0.0000000e+00
   1.8227013e-03
  -8.7041054e-04
  -2.8291197e-03
  -4.1369628e-03
  -5.5881918e-03
  -6.7777691e-03
  -7.1533738e-03
  -6.0630047e-03
  -3.3824936e-03
   3.9489842e-04
   4.2931456e-03
   6.8899217e-03
   7.6367054e-03
   6.4969218e-03
   4.2242254e-03
   8.6132566e-04
   5.4068005e-05
   0.0000000e+00
   0.0000000e+00
   0.0000000e+00
   0.0000000e+00
   2.7436057e-02
   0.0000000e+00
   0.0000000e+00
   0.0000000e+00
   0.0000000e+00
   0.0000000e+00
   0.0000000e+00
   2.2966228e-03
   1.4367850e-02
   1.8944563e-02
   1.6890604e-02
   1.1874702e-02
   1.0333140e-02
   0.0000000e+00
  -3.7049579e-03
  -2.3751977e-04
  -2.1962938e-04
   5.8637995e-04
   2.3319828e-03
   4.1268128e-03
   5.3761972e-03
   6.7560041e-03
   8.6384936e-03
   1.0987951e-02
   1.3620628e-02
   1.6154988e-02
   1.7115462e-02
   1.4792401e-02
   7.9923561e-03
  -9.0210827e-04
  -9.9752347e-03
  -1.0358290e-02
  -1.0587870e-02
   0.0000000e+00
  -0.0000000e+00
   3.8874430e-03
   1.8088821e-02
   0.0000000e+00
   0.0000000e+00
   0.0000000e+00
   0.0000000e+00
   0.0000000e+00
   0.0000000e+00
   6.8836658e-03
   1.1909421e-02
   1.6178969e-02
   1.6842261e-02
   1.0511618e-02
   9.8012899e-03
  -0.0000000e+00
  -5.2341545e-03
  -4.0797121e-03
  -3.8634972e-03
  -2.4821374e-03
   4.3784009e-04
   3.8816906e-03
   6.6975788e-03
   9.0521192e-03
   1.0974699e-02
   1.2394103e-02
   1.3415052e-02
   1.4149374e-02
   1.3599512e-02
   9.6893515e-03
   1.4578797e-03
  -7.6174908e-03
  -1.6613517e-02
  -2.0157441e-02
  -1.7441448e-02
   0.0000000e+00
  -0.0000000e+00
  -7.1752314e-03
   3.4593216e-03
   0.0000000e+00
   0.0000000e+00
   0.0000000e+00
   0.0000000e+00
   0.0000000e+00
   0.0000000e+00
   0.0000000e+00
   6.4564594e-03
   1.1942141e-02
   1.5743732e-02
   1.8437296e-02
   0.0000000e+00
  -0.0000000e+00
  -0.0000000e+00
  -8.7289447e-03
  -1.0582549e-02
  -1.0723045e-02
  -8.7732133e-03
  -5.5816825e-03
  -2.5395681e-03
  -4.4352020e-04
   8.0546131e-05
  -5.7104276e-04
  -1.8199664e-03
  -2.9580342e-03
  -3.4458681e-03
  -3.6224993e-03
  -5.1888726e-03
  -9.3779685e-03
  -1.6808234e-02
  -3.1264722e-02
  -3.8806122e-02
   0.0000000e+00
  -2.7084202e-02
  -2.2838594e-02
  -1.4328359e-02
   0.0000000e+00
   0.0000000e+00
   0.0000000e+00
   0.0000000e+00
   0.0000000e+00
   0.0000000e+00
  -9.6615436e-03
  -4.3113349e-04
   7.7146809e-03
   1.2878316e-02
   0.0000000e+00
   0.0000000e+00
   0.0000000e+00
  -0.0000000e+00
  -1.3316014e-02
  -1.6219389e-02
  -1.8581167e-02
  -1.8764341e-02
  -1.6828557e-02
  -1.3645026e-02
  -1.0848167e-02
  -1.0099082e-02
  -1.1413222e-02
  -1.4224663e-02
  -1.7571121e-02
  -1.9442780e-02
  -1.7647626e-02
  -1.1766287e-02
  -8.8694310e-03
  -1.3354700e-02
  -1.9625863e-02
  -9.0581699e-03
  -1.8102846e-02
  -2.9626675e-02
  -3.8918134e-02
  -3.7035711e-02
   0.0000000e+00
   0.0000000e+00
   0.0000000e+00
   0.0000000e+00
   0.0000000e+00
  -0.0000000e+00
  -1.5422477e-02
  -9.0648757e-03
   0.0000000e+00
   0.0000000e+00
   0.0000000e+00
   0.0000000e+00
   0.0000000e+00
  -1.3915407e-02
  -1.4679844e-02
  -1.6949214e-02
  -2.0333309e-02
  -2.2396427e-02
  -2.2472631e-02
  -2.0395370e-02
  -1.7819392e-02
  -1.6551947e-02
  -1.7539984e-02
  -2.1095490e-02
  -2.6187377e-02
  -3.0176859e-02
  -3.0751819e-02
  -2.2683071e-02
  -9.4024785e-03
  -1.2229189e-02
  -1.4556659e-02
  -1.0415252e-02
  -1.5050629e-02
  -2.6840188e-02
  -4.8295554e-02
  -5.8581494e-02
   0.0000000e+00
   0.0000000e+00
   0.0000000e+00
   0.0000000e+00
   0.0000000e+00
  -0.0000000e+00
  -2.0953091e-02
  -1.5637122e-02
  -1.7012787e-02
   0.0000000e+00
   0.0000000e+00
   0.0000000e+00
   0.0000000e+00
  -6.3175258e-03
  -1.3415222e-02
  -1.4781738e-02
  -1.8520925e-02
  -2.1560173e-02
  -2.3145096e-02
  -2.2372842e-02
  -2.0196324e-02
  -1.8213024e-02
  -1.7773462e-02
  -2.0108802e-02
  -2.4685852e-02
  -2.9385746e-02
  -3.3102859e-02
  -3.0467082e-02
  -1.3290493e-02
  -1.1129252e-02
  -9.5535306e-03
  -8.3656441e-03
  -1.1040940e-02
  -2.0925123e-02
  -4.3695174e-02
  -6.2732205e-02
   0.0000000e+00
   0.0000000e+00
   0.0000000e+00
   0.0000000e+00
   0.0000000e+00
  -0.0000000e+00
  -2.7215401e-02
  -2.8154605e-02
  -1.7012786e-02
   0.0000000e+00
   0.0000000e+00
   0.0000000e+00
   0.0000000e+00
   4.0171487e-04
  -9.6650803e-03
  -1.1178810e-02
  -1.4982088e-02
  -1.8860230e-02
  -2.1488512e-02
  -2.1813752e-02
  -1.9895412e-02
  -1.6945660e-02
  -1.4371243e-02
  -1.4173337e-02
  -1.6774449e-02
  -2.0897336e-02
  -2.6506631e-02
  -3.2606941e-02
  -2.4491748e-02
   0.0000000e+00
  -0.0000000e+00
  -5.2096792e-03
  -7.4611586e-03
  -1.4888441e-02
  -3.0678399e-02
  -4.8791133e-02
  -4.5649465e-02
   0.0000000e+00
  -0.0000000e+00
  -1.8870500e-02
  -1.9036616e-02
  -1.7459625e-02
  -2.8678676e-02
  -2.9827748e-02
   0.0000000e+00
   0.0000000e+00
   0.0000000e+00
   0.0000000e+00
   0.0000000e+00
   6.0324898e-03
  -4.0694317e-03
  -6.0609225e-03
  -9.3155289e-03
  -1.3559994e-02
  -1.7083509e-02
  -1.8136531e-02
  -1.7047141e-02
  -1.3947853e-02
  -1.0393878e-02
  -8.5432259e-03
  -9.7703487e-03
  -1.3416925e-02
  -2.0197082e-02
  -3.2873206e-02
  -3.1442873e-02
   0.0000000e+00
   5.5702835e-03
  -1.3549128e-03
  -2.3503904e-03
  -8.4156543e-03
  -1.8834852e-02
  -3.3433292e-02
  -4.2582020e-02
   0.0000000e+00
  -0.0000000e+00
  -1.3855927e-02
  -1.1644384e-02
  -1.2312869e-02
  -2.6622414e-02
  -2.9543560e-02
   0.0000000e+00
   0.0000000e+00
   0.0000000e+00
   0.0000000e+00
   0.0000000e+00
   0.0000000e+00
   3.0695084e-03
   7.2267832e-04
  -2.0510689e-03
  -6.4525772e-03
  -1.0582970e-02
  -1.2385077e-02
  -1.2200526e-02
  -9.9344244e-03
  -6.9342935e-03
  -5.0155390e-03
  -5.8024293e-03
  -9.4171781e-03
  -1.6951533e-02
  -3.2879837e-02
  -3.4387015e-02
   0.0000000e+00
   8.4664738e-03
   1.5241979e-03
   4.8937956e-03
  -8.7708374e-04
  -9.0336660e-03
  -2.0930875e-02
  -2.5672063e-02
  -1.2114334e-03
  -4.3182989e-03
  -9.5137541e-03
  -1.1011632e-02
  -1.4957056e-02
  -2.1803212e-02
  -2.2696813e-02
   0.0000000e+00
   0.0000000e+00
   0.0000000e+00
   0.0000000e+00
   0.0000000e+00
   9.6501900e-03
   1.1001742e-02
   1.2064746e-02
   1.0480735e-02
   5.5126916e-03
   3.9421354e-04
  -2.5303138e-03
  -3.4321332e-03
  -2.4688307e-03
  -1.0606716e-03
  -2.3034267e-04
  -1.3562223e-03
  -5.5803615e-03
  -1.4338356e-02
  -3.0694587e-02
  -3.4857497e-02
   0.0000000e+00
   7.1639705e-03
   3.8346566e-03
   1.1355659e-02
   9.0789096e-03
   3.0536766e-03
  -6.6492390e-03
  -1.6762488e-02
   0.0000000e+00
  -1.2876430e-03
   0.0000000e+00
  -9.1483455e-03
  -1.0850524e-02
  -1.3953146e-02
   0.0000000e+00
   0.0000000e+00
   0.0000000e+00
   0.0000000e+00
   0.0000000e+00
  -0.0000000e+00
   2.0591336e-03
   5.1841093e-03
   1.5865186e-02
   1.9879691e-02
   1.6159832e-02
   1.0601691e-02
   6.9649081e-03
   5.2507403e-03
   5.1959176e-03
   5.3131444e-03
   4.7917757e-03
   2.8018374e-03
  -2.6180024e-03
  -1.2704484e-02
  -2.8074068e-02
  -2.8852388e-02
   0.0000000e+00
   0.0000000e+00
   0.0000000e+00
   1.4690125e-02
   1.4356366e-02
   1.2186654e-02
   5.2429195e-03
  -4.9501798e-03
   0.0000000e+00
   0.0000000e+00
  -0.0000000e+00
  -6.0808282e-03
  -7.4834289e-03
   0.0000000e+00
   0.0000000e+00
   0.0000000e+00
   0.0000000e+00
   0.0000000e+00
   0.0000000e+00
   0.0000000e+00
  -0.0000000e+00
  -3.1849995e-03
   1.4188843e-02
   2.5040155e-02
   2.4855757e-02
   2.0864971e-02
   1.7276336e-02
   1.5148398e-02
   1.4329270e-02
   1.3188289e-02
   1.1052906e-02
   7.7270069e-03
   8.2456792e-04
  -1.2045302e-02
  -2.3492734e-02
   0.0000000e+00
   0.0000000e+00
   0.0000000e+00
   0.0000000e+00
   0.0000000e+00
   1.5714271e-02
   1.9316262e-02
   1.6958935e-02
   7.3262993e-03
   1.0904786e-03
   0.0000000e+00
   0.0000000e+00
   0.0000000e+00
   0.0000000e+00
   0.0000000e+00
   0.0000000e+00
   0.0000000e+00
   0.0000000e+00
   0.0000000e+00
   0.0000000e+00
   0.0000000e+00
   0.0000000e+00
  -0.0000000e+00
   1.4723109e-03
   2.0196241e-02
   2.4815941e-02
   2.4818394e-02
   2.2848940e-02
   2.1132709e-02
   2.0072097e-02
   1.8596329e-02
   1.5493467e-02
   1.1261005e-02
   3.6662626e-03
  -1.1062563e-02
  -2.2847366e-02
   0.0000000e+00
   0.0000000e+00
   0.0000000e+00
   0.0000000e+00
   0.0000000e+00
   0.0000000e+00
   2.0486777e-02
   2.0431098e-02
   1.4270191e-02
   1.0396841e-02
   0.0000000e+00
   0.0000000e+00
   0.0000000e+00
   0.0000000e+00
   0.0000000e+00
   0.0000000e+00
   0.0000000e+00
   0.0000000e+00
   0.0000000e+00
   0.0000000e+00
   0.0000000e+00
   0.0000000e+00
  -0.0000000e+00
  -1.3964564e-02
   9.5573207e-03
   1.9259601e-02
   2.3261347e-02
   2.3531470e-02
   2.2689608e-02
   2.1685115e-02
   2.0405537e-02
   1.7365627e-02
   1.3227353e-02
   6.2979432e-03
  -7.4169762e-03
  -2.2575852e-03
   0.0000000e+00
   0.0000000e+00
   0.0000000e+00
   0.0000000e+00
   0.0000000e+00
   0.0000000e+00
   0.0000000e+00
   1.4574135e-02
   1.6590910e-02
   9.1489514e-03
   0.0000000e+00
   0.0000000e+00
   0.0000000e+00
   0.0000000e+00
   0.0000000e+00
   0.0000000e+00
   0.0000000e+00
   0.0000000e+00
   0.0000000e+00
   0.0000000e+00
   0.0000000e+00
   0.0000000e+00
  -0.0000000e+00
  -2.1821609e-02
  -3.4855865e-03
   8.1204157e-03
   1.4827272e-02
   1.7872091e-02
   1.8993253e-02
   1.9224543e-02
   1.8211103e-02
   1.6244823e-02
   1.3143483e-02
   8.2193301e-03
  -2.4285256e-03
   9.4613138e-03
   0.0000000e+00
   0.0000000e+00
   0.0000000e+00
   0.0000000e+00
   0.0000000e+00
   0.0000000e+00
   0.0000000e+00
   7.2882394e-03
   1.2193810e-02
   1.0096959e-02
   0.0000000e+00
   0.0000000e+00
   0.0000000e+00
   0.0000000e+00
   0.0000000e+00
   0.0000000e+00
   0.0000000e+00
   0.0000000e+00
   0.0000000e+00
   0.0000000e+00
   0.0000000e+00
   0.0000000e+00
  -0.0000000e+00
  -2.7034107e-02
  -1.7215839e-02
  -9.7956719e-03
  -1.1073257e-03
   4.9670115e-03
   8.1681814e-03
   1.0302538e-02
   1.1048403e-02
   1.0804064e-02
   1.0114964e-02
   8.6258650e-03
   6.5803743e-03
   0.0000000e+00
   0.0000000e+00
   0.0000000e+00
   0.0000000e+00
   0.0000000e+00
   0.0000000e+00
   0.0000000e+00
   0.0000000e+00
   0.0000000e+00
   0.0000000e+00
   0.0000000e+00
   0.0000000e+00
   0.0000000e+00
  -0.0000000e+00
  -0.0000000e+00
   0.0000000e+00
   0.0000000e+00
   0.0000000e+00
   0.0000000e+00
   0.0000000e+00
   0.0000000e+00
   0.0000000e+00
   0.0000000e+00
   0.0000000e+00
   0.0000000e+00
  -0.0000000e+00
  -0.0000000e+00
  -2.6627054e-02
  -1.6507052e-02
  -1.0465155e-02
  -4.5546796e-03
   1.3987172e-03
   3.2084668e-03
   4.7092314e-03
   1.1816541e-02
   1.5980428e-02
   0.0000000e+00
   0.0000000e+00
   0.0000000e+00
   0.0000000e+00
   0.0000000e+00
   0.0000000e+00
   0.0000000e+00
   0.0000000e+00
   0.0000000e+00
   0.0000000e+00
   0.0000000e+00
  -0.0000000e+00
  -0.0000000e+00
   0.0000000e+00
   0.0000000e+00
   0.0000000e+00
   0.0000000e+00
   0.0000000e+00
   0.0000000e+00
   0.0000000e+00
   0.0000000e+00
  -0.0000000e+00
  -0.0000000e+00
  -0.0000000e+00
  -0.0000000e+00
  -0.0000000e+00
  -0.0000000e+00
  -0.0000000e+00
  -0.0000000e+00
  -2.7305951e-02
  -0.0000000e+00
  -0.0000000e+00
  -0.0000000e+00
  -0.0000000e+00
   0.0000000e+00
   0.0000000e+00
   0.0000000e+00
   0.0000000e+00
   0.0000000e+00
   0.0000000e+00
   0.0000000e+00
   0.0000000e+00
   0.0000000e+00
   0.0000000e+00
   0.0000000e+00
   0.0000000e+00
  -0.0000000e+00
  -0.0000000e+00
   0.0000000e+00
   0.0000000e+00
   0.0000000e+00
   0.0000000e+00
   0.0000000e+00
   0.0000000e+00
   0.0000000e+00
   0.0000000e+00
  -0.0000000e+00
