  -3.0195367e-01
  -5.4188532e-01
  -3.6916420e-01
  -1.7346448e-01
  -3.6242929e-01
  -5.5867809e-01
  -1.6107254e-01
  -1.3164981e-01
  -6.0721469e-01
  -7.2001976e-01
  -8.2709002e-01
  -8.6459512e-01
  -8.3567154e-01
  -9.4577467e-01
  -1.0984557e+00
  -9.8830688e-01
  -8.9585948e-01
  -1.0528243e+00
  -7.9116189e-01
  -7.5473201e-01
  -7.6735467e-01
  -5.7349074e-01
  -6.1461961e-01
  -6.1759150e-01
  -6.0950935e-01
  -5.6242061e-01
  -6.0810375e-01
  -7.5976938e-01
  -4.5908296e-01
  -3.8469264e-01
  -3.4286520e-01
  -3.7956509e-01
  -8.0814081e-01
  -5.9176934e-01
  -3.6228150e-01
  -9.8584220e-02
  -1.4681232e+00
  -1.1616009e+00
  -7.9995728e-01
  -7.4169713e-01
  -6.2880409e-01
  -5.2417284e-01
  -4.7325495e-01
  -6.1682707e-01
  -6.5695667e-01
  -5.6662464e-01
  -5.1960081e-01
  -4.6693152e-01
  -5.9172934e-01
  -7.9083472e-01
  -8.9171910e-01
  -9.8667437e-01
  -1.0239066e+00
  -1.3371842e+00
  -1.0537013e+00
  -1.2387664e+00
  -1.0669701e+00
  -7.2977757e-01
  -5.4737955e-01
  -5.5224693e-01
  -6.8539453e-01
  -7.8803569e-01
  -6.3960046e-01
  -5.6015021e-01
  -4.4048178e-01
  -5.9077412e-01
  -7.0155954e-01
  -9.5417356e-01
  -1.1434859e+00
  -1.3667095e+00
  -1.6470542e+00
  -1.6796687e+00
  -2.4479122e-01
  -6.4191699e-02
  -2.8983146e-01
  -1.5211940e-01
  -4.7419209e-02
   1.1159842e-01
  -2.1829052e-01
  -2.5483161e-02
   8.4816702e-02
   2.2772872e-01
   4.6555093e-01
   7.3304933e-01
   9.1937721e-01
   9.2718732e-01
   8.1790662e-01
   7.4695128e-01
   5.6685668e-01
   2.5338948e-01
  -4.1535672e-02
  -1.1968528e-01
   1.2735598e-01
   3.7575546e-01
   4.8623207e-01
   3.3810973e-01
   1.8766439e-01
   1.5281132e-01
   3.0419019e-01
   5.7975602e-01
   8.1632411e-01
   8.7479448e-01
   7.3897517e-01
   4.9268258e-01
   2.8339368e-01
   1.5130273e-01
   1.3539199e-02
  -7.3409311e-02
   6.2234211e-01
   6.5515041e-01
   7.2608769e-01
   4.0380597e-01
   3.7324834e-01
   5.2863711e-01
   5.3334379e-01
   8.1772453e-01
   1.2637774e+00
   1.5443395e+00
   1.8710043e+00
   2.2542930e+00
   2.4851480e+00
   2.6897628e+00
   2.7888052e+00
   2.8520002e+00
   2.8789804e+00
   2.8211117e+00
   2.7712994e+00
   1.4815395e+00
   1.6885865e+00
   1.7936120e+00
   1.9501565e+00
   1.9250289e+00
   1.8503700e+00
   1.9204593e+00
   2.1327019e+00
   2.3295755e+00
   2.4045696e+00
   2.3772120e+00
   2.3644478e+00
   2.3605549e+00
   2.3561730e+00
   2.4333177e+00
   2.4601851e+00
   2.1180782e+00
   1.4172835e+00
   1.0448503e+00
   1.1003480e+00
   1.0433420e+00
   1.0130411e+00
   1.3026420e+00
   1.7476913e+00
   1.7514825e+00
   2.1261079e+00
   2.4953322e+00
   2.8055696e+00
   3.1383796e+00
   3.4405277e+00
   3.7902787e+00
   4.0518556e+00
   4.2867184e+00
   4.5128217e+00
   4.6156421e+00
   4.5167284e+00
   2.0894709e+00
   2.0067439e+00
   2.6140115e+00
   3.0551403e+00
   3.3429916e+00
   3.4693456e+00
   3.5216544e+00
   3.4406791e+00
   3.2082987e+00
   2.9911225e+00
   3.2097013e+00
   3.4213862e+00
   3.6304235e+00
   3.7985668e+00
   4.0151129e+00
   4.1673551e+00
   3.7476747e+00
   3.9699001e+00
   1.5215205e+00
   1.2990926e+00
   1.1925268e+00
   1.4007917e+00
   2.4541701e+00
   2.7811588e+00
   2.6299416e+00
   2.7382158e+00
   2.8743104e+00
   3.0284690e+00
   3.2511358e+00
   3.5239098e+00
   3.8663919e+00
   4.2489779e+00
   4.5905438e+00
   4.8798798e+00
   5.1393221e+00
   5.0238925e+00
   3.2092220e+00
   1.8828397e+00
   2.3285149e+00
   3.3383596e+00
   3.9671643e+00
   4.2670899e+00
   4.1439202e+00
   2.4135298e+00
   1.6965831e+00
   2.2194628e+00
   3.1180846e+00
   3.5965130e+00
   3.8412158e+00
   4.1621416e+00
   4.4461628e+00
   4.6670902e+00
   4.6672094e+00
   4.2864499e+00
   2.3849428e+00
   1.6163166e+00
   2.3861232e+00
   2.2089586e+00
   3.7727854e+00
   3.5159309e+00
   3.2753582e+00
   3.0387924e+00
   2.8509049e+00
   2.7494011e+00
   2.7808478e+00
   2.9369345e+00
   3.1820281e+00
   3.5530808e+00
   3.9468410e+00
   4.3097539e+00
   4.5853124e+00
   4.4793386e+00
   2.7478151e+00
   1.6732461e+00
   1.1579528e+00
   2.3871772e+00
   3.4246688e+00
   3.9301825e+00
   3.4130294e+00
   1.6270260e+00
   1.0129769e+00
   1.2034024e+00
   2.1021729e+00
   2.8284371e+00
   2.9214733e+00
   3.4059482e+00
   3.7557559e+00
   4.0169001e+00
   4.2167411e+00
   2.9979469e+00
   3.2511244e+00
   2.8737588e+00
   2.6230587e+00
   3.4996607e+00
   3.8224115e+00
   3.4877408e+00
   3.0183275e+00
   2.5032218e+00
   2.0876188e+00
   1.8258294e+00
   1.7117532e+00
   1.7213042e+00
   1.8454013e+00
   2.1401379e+00
   2.4897005e+00
   2.8027608e+00
   2.9905274e+00
   2.8025621e+00
   2.2644656e+00
   1.6991190e+00
   4.2829371e-01
   4.3324381e-01
   1.7284276e+00
   2.3943822e+00
   1.6280631e+00
   9.4779330e-01
   8.7929238e-01
   4.2758897e-01
   7.4885392e-01
   1.3277528e+00
   1.2671528e+00
   1.7418536e+00
   2.0157642e+00
   2.3633492e+00
   2.6709969e+00
   1.2321905e+00
   1.8507848e+00
   1.8327998e+00
   1.0918082e+00
   2.3702943e+00
   2.6835878e+00
   2.3547640e+00
   1.8815271e+00
   1.3761797e+00
   9.2839468e-01
   6.2561899e-01
   5.0874156e-01
   4.7460517e-01
   5.2419698e-01
   6.8143898e-01
   9.0227622e-01
   1.0624207e+00
   1.0608943e+00
   8.0967134e-01
   6.7101991e-01
   5.4999125e-01
  -3.1816313e-01
  -6.7880714e-01
  -1.6014710e-01
   7.0596802e-01
   2.7214789e-01
   5.1691294e-01
   1.1366623e-01
  -2.1294411e-01
   3.0116653e-03
  -1.2604196e-02
  -2.2281608e-01
  -2.6771891e-01
   1.3793430e-01
   5.7063353e-01
   8.8721144e-01
  -1.2232901e+00
  -7.5790870e-01
   1.6093647e-01
   2.5676361e-01
   4.3449873e-01
   2.8117198e-01
   1.0354323e-01
  -1.5852672e-01
  -5.0502133e-01
  -7.7468264e-01
  -9.8238659e-01
  -1.0794182e+00
  -1.1025592e+00
  -1.1372721e+00
  -1.1532824e+00
  -1.1408373e+00
  -1.2349900e+00
  -1.5190034e+00
  -1.8219067e+00
  -1.6495318e+00
  -1.2288051e-01
  -7.3471206e-01
  -9.5747733e-01
  -2.0697610e+00
  -1.3300860e+00
  -1.1313081e+00
  -4.2383879e-01
  -7.1563238e-01
  -5.1729774e-01
  -3.4198883e-01
  -7.6973110e-01
  -6.3991886e-01
  -2.0267458e+00
  -2.0081856e+00
  -1.4814284e+00
  -1.4412628e+00
  -3.0292120e+00
  -2.6903574e+00
  -1.7857256e+00
  -1.4973673e+00
  -1.7856103e+00
  -1.7188249e+00
  -1.7051206e+00
  -1.8027198e+00
  -1.9646199e+00
  -2.0590749e+00
  -2.1690812e+00
  -2.2144580e+00
  -2.2250819e+00
  -2.3173254e+00
  -2.4379246e+00
  -2.5911877e+00
  -2.8945112e+00
  -3.3449068e+00
  -3.5754254e+00
  -2.1570642e+00
  -3.3681437e-02
  -6.7276752e-01
  -5.4662567e-01
  -2.1481895e+00
  -2.7470505e+00
  -1.8964812e+00
  -5.6765556e-01
  -1.2062888e+00
  -8.6459935e-01
  -1.4823161e+00
  -1.4384178e+00
  -6.0571671e-01
  -1.2377421e+00
  -2.4997740e+00
  -2.8168147e+00
  -3.0767293e+00
  -4.3915973e+00
  -4.0613923e+00
  -3.3970995e+00
  -3.2816803e+00
  -3.3727446e+00
  -3.1867230e+00
  -3.0777125e+00
  -3.0890117e+00
  -3.1108229e+00
  -3.0800805e+00
  -3.0997152e+00
  -3.1209333e+00
  -3.1599586e+00
  -3.2810161e+00
  -3.5349996e+00
  -3.9105065e+00
  -4.3667965e+00
  -4.8070254e+00
  -4.6846089e+00
  -2.5087287e+00
   1.7787096e-01
  -3.8773832e-01
  -5.7835442e-01
  -2.0312960e+00
  -3.9406199e+00
  -2.1295764e+00
  -1.7845245e-01
  -1.0011767e+00
  -9.0878254e-01
  -2.5167754e+00
  -1.8233178e+00
  -2.2544189e-01
  -8.2328492e-01
  -1.9681666e+00
  -4.0436749e+00
  -4.3714314e+00
  -4.7486086e+00
  -4.3660812e+00
  -3.8492453e+00
  -3.7703416e+00
  -3.7582459e+00
  -3.5973637e+00
  -3.5358348e+00
  -3.5503993e+00
  -3.5598931e+00
  -3.5023699e+00
  -3.4948606e+00
  -3.5616248e+00
  -3.6986914e+00
  -3.9516523e+00
  -4.4174528e+00
  -4.9113517e+00
  -5.3038092e+00
  -5.4706335e+00
  -4.9005404e+00
  -1.9957061e+00
   6.9606937e-03
  -3.3386904e-01
  -7.6723188e-01
  -2.6870816e+00
  -4.4426246e+00
  -2.1186922e+00
  -1.6213620e-01
  -8.1797820e-01
  -1.0379618e+00
  -2.5129840e+00
  -1.8769792e+00
  -3.2436839e-01
  -8.2169545e-01
  -2.2387571e+00
  -4.5312386e+00
  -4.7624636e+00
  -4.3244047e+00
  -3.9085431e+00
  -3.4203100e+00
  -3.3012402e+00
  -3.2652872e+00
  -3.2050385e+00
  -3.2470119e+00
  -3.3630638e+00
  -3.4852057e+00
  -3.5589981e+00
  -3.6674809e+00
  -3.8869493e+00
  -4.2143345e+00
  -4.6394172e+00
  -5.1342945e+00
  -5.4986067e+00
  -5.6363983e+00
  -5.3505878e+00
  -4.2375498e+00
  -7.8512055e-01
  -1.9942853e-01
  -5.7540089e-01
  -8.8080776e-01
  -2.5628319e+00
  -4.1439004e+00
  -1.9565656e+00
  -7.9264939e-02
  -8.6048257e-01
  -1.4296341e+00
  -3.1402981e+00
  -1.9864173e+00
  -1.5942007e-01
  -1.4850365e+00
  -3.5663896e+00
  -4.3244505e+00
  -4.4207716e+00
  -3.2729599e+00
  -2.8655281e+00
  -2.3010468e+00
  -2.1532431e+00
  -2.2017221e+00
  -2.3181992e+00
  -2.5432889e+00
  -2.8467307e+00
  -3.2100368e+00
  -3.6093836e+00
  -4.0477462e+00
  -4.5251279e+00
  -4.9450784e+00
  -5.3129778e+00
  -5.5556564e+00
  -5.5688906e+00
  -5.2802901e+00
  -4.4334426e+00
  -2.7039051e+00
  -2.4659391e-02
  -4.2797959e-01
  -8.7405354e-01
  -9.2607903e-01
  -1.6278756e+00
  -3.3936126e+00
  -1.6008012e+00
   1.7436600e-01
  -9.5933568e-01
  -1.7692130e+00
  -3.0773861e+00
  -2.3578837e+00
  -7.0425816e-02
  -2.3181818e+00
  -3.9561586e+00
  -3.7684884e+00
  -3.5408115e+00
  -2.0070975e+00
  -1.7187676e+00
  -1.1093235e+00
  -1.0359241e+00
  -1.2742834e+00
  -1.6385014e+00
  -2.0864029e+00
  -2.5661399e+00
  -3.1355846e+00
  -3.7974548e+00
  -4.4841681e+00
  -5.0783434e+00
  -5.4371147e+00
  -5.6269903e+00
  -5.5773048e+00
  -5.1869493e+00
  -4.4197555e+00
  -3.1018925e+00
  -9.7405565e-01
   7.6689607e-01
  -4.9595234e-01
  -1.1707758e+00
  -1.1303488e+00
  -2.0095544e+00
  -2.5884507e+00
  -7.8277159e-01
   4.1956013e-01
  -1.0563695e+00
  -2.5870340e+00
  -3.3443997e+00
  -3.0363169e+00
  -1.2921743e+00
  -2.6906993e+00
  -3.2955465e+00
  -3.0378840e+00
  -2.4424810e+00
  -9.1883147e-01
  -9.0550733e-01
  -3.5400236e-01
  -4.4477114e-01
  -9.2451113e-01
  -1.5933971e+00
  -2.3177907e+00
  -2.9976995e+00
  -3.7000782e+00
  -4.4020305e+00
  -5.0481901e+00
  -5.5439415e+00
  -5.7904744e+00
  -5.8395233e+00
  -5.6125937e+00
  -4.9832911e+00
  -3.8929749e+00
  -2.1540120e+00
   2.4179058e-01
   1.2552073e+00
  -4.1666096e-01
  -1.5888273e+00
  -1.4404924e+00
  -2.8705916e+00
  -1.4451406e+00
   1.3041332e-01
   4.2993265e-01
  -1.2068942e+00
  -3.9186449e+00
  -4.6645184e+00
  -3.9189582e+00
  -3.1669657e+00
  -3.0693879e+00
  -2.6079719e+00
  -2.4052567e+00
  -1.6098359e+00
   1.1746465e-02
  -4.3133650e-01
  -1.7190344e-01
  -4.0268497e-01
  -1.1017002e+00
  -2.0373313e+00
  -3.0296406e+00
  -3.9266219e+00
  -4.7494592e+00
  -5.4052332e+00
  -5.8702381e+00
  -6.1177685e+00
  -6.1402857e+00
  -6.0210588e+00
  -5.6929062e+00
  -5.0138911e+00
  -3.8486769e+00
  -1.8566120e+00
   8.4733041e-01
   1.1659430e+00
  -3.1893431e-01
  -2.4130351e+00
  -2.0001681e+00
  -2.4122369e+00
   3.3450749e-02
   4.4920415e-01
   3.3937197e-01
  -1.0527841e+00
  -3.8631962e+00
  -4.8864926e+00
  -4.0977282e+00
  -3.2425664e+00
  -2.2334122e+00
  -1.6691637e+00
  -1.6894433e+00
  -9.8189521e-01
   4.4289453e-01
  -6.3286637e-01
  -5.2804738e-01
  -8.4937866e-01
  -1.4722746e+00
  -2.2427253e+00
  -3.0873200e+00
  -3.9120889e+00
  -4.6939272e+00
  -5.3083690e+00
  -5.7160924e+00
  -5.8936803e+00
  -5.8514226e+00
  -5.6797197e+00
  -5.3560684e+00
  -4.7713803e+00
  -3.8040922e+00
  -2.3889701e+00
  -4.4739128e-01
   1.0156717e+00
  -7.1438972e-01
  -2.2563717e+00
  -2.9359454e+00
  -5.0263697e-01
   9.1537137e-01
   5.8230888e-01
   2.0949096e-01
  -6.4424000e-01
  -2.6804680e+00
  -4.6147827e+00
  -3.5591398e+00
  -2.0042677e+00
  -5.3198379e-01
   1.7113523e-01
   6.8409345e-02
   4.3509344e-01
   2.0905173e-01
  -5.0207675e-01
  -8.5384291e-01
  -1.3732519e+00
  -1.8034672e+00
  -2.1883883e+00
  -2.5843554e+00
  -3.0173175e+00
  -3.5171666e+00
  -3.9864378e+00
  -4.3168812e+00
  -4.4516792e+00
  -4.3793831e+00
  -4.2470112e+00
  -4.2131186e+00
  -4.1901479e+00
  -4.0459661e+00
  -3.8320093e+00
  -3.0924850e+00
  -4.7902280e-01
  -2.5008733e+00
  -4.0821185e+00
  -3.3871813e+00
   6.8032926e-01
   1.1024598e+00
   4.9441665e-01
   2.9839016e-04
  -5.6374395e-01
  -1.4277017e+00
  -2.8167422e+00
  -2.1729844e+00
  -6.1281133e-01
   1.2301977e+00
   2.3990316e+00
   1.3872312e+00
   1.8962291e-01
   1.5593597e-01
  -1.4958608e-01
  -1.3143533e+00
  -2.0668018e+00
  -2.4462037e+00
  -2.6398461e+00
  -2.7106571e+00
  -2.7706249e+00
  -2.9363375e+00
  -3.2135947e+00
  -3.4927020e+00
  -3.6707382e+00
  -3.7014906e+00
  -3.7340779e+00
  -3.9200568e+00
  -4.2446003e+00
  -4.6610775e+00
  -5.0490546e+00
  -5.2820926e+00
  -3.7440896e+00
  -4.5166721e+00
  -5.7914906e+00
  -3.3908486e+00
   1.1214292e+00
   1.0823473e+00
   3.2684374e-01
  -3.1792861e-01
  -6.3384432e-01
  -1.0063833e+00
  -1.6080998e+00
  -2.0096321e+00
  -2.6956591e-01
   2.5102358e+00
   2.2608364e+00
   1.0813484e+00
  -8.6602211e-02
  -7.2718859e-02
  -5.0461912e-01
  -2.2708471e+00
  -2.9054766e+00
  -3.3023279e+00
  -3.5006418e+00
  -3.4952209e+00
  -3.4112554e+00
  -3.4516883e+00
  -3.6810846e+00
  -4.0538688e+00
  -4.5142770e+00
  -4.8779926e+00
  -5.1364775e+00
  -5.1753511e+00
  -4.9622083e+00
  -4.8900900e+00
  -5.2168603e+00
  -5.8291445e+00
  -6.8816133e+00
  -6.3118534e+00
  -5.5030379e+00
  -3.5031588e+00
   3.0232725e-01
   6.4002949e-01
  -1.5504658e-03
  -6.1123568e-01
  -7.4160272e-01
  -8.1708342e-01
  -1.3817523e+00
  -2.2954237e+00
  -1.4720729e-01
   1.0742834e+00
   1.0830095e+00
   6.2419093e-01
  -3.4163840e-02
  -4.2922139e-01
  -1.1970679e+00
  -3.2462904e+00
  -3.5913961e+00
  -4.0301828e+00
  -4.2919216e+00
  -4.3814111e+00
  -4.3835979e+00
  -4.5135341e+00
  -4.8340235e+00
  -5.2602940e+00
  -5.8449283e+00
  -6.3177290e+00
  -6.5570846e+00
  -6.3676119e+00
  -5.5947785e+00
  -4.4324007e+00
  -4.1925397e+00
  -5.4013615e+00
  -5.9836731e+00
  -5.6266203e+00
  -4.9622221e+00
  -3.9147565e+00
  -1.5440390e+00
  -1.8307249e-01
  -4.4239587e-01
  -8.9103699e-01
  -1.0833488e+00
  -9.7045076e-01
  -1.4892626e+00
  -2.4022369e+00
  -4.8512042e-01
   8.8596594e-01
   1.4030319e+00
   4.6318075e-01
   8.2637548e-02
  -1.0705229e+00
  -2.5856924e+00
  -3.3619866e+00
  -3.9151185e+00
  -4.4120231e+00
  -4.7689962e+00
  -4.9692030e+00
  -5.0874643e+00
  -5.2537313e+00
  -5.5213747e+00
  -5.8439341e+00
  -6.2734108e+00
  -6.6237988e+00
  -6.7472887e+00
  -6.4878364e+00
  -5.5347133e+00
  -3.3990934e+00
  -1.5121930e+00
  -3.6847413e+00
  -4.8320980e+00
  -4.6495218e+00
  -4.4275274e+00
  -4.2309012e+00
  -3.3878884e+00
  -1.2038925e+00
  -1.0390618e+00
  -1.8295753e+00
  -2.3236039e+00
  -2.5118723e+00
  -2.6606064e+00
  -2.8819094e+00
  -1.0859792e+00
   1.2526269e+00
   9.2596823e-01
   4.4220287e-01
   2.2152296e-01
  -7.3962647e-01
  -2.4714365e+00
  -3.0181813e+00
  -3.7280772e+00
  -4.3069410e+00
  -4.7703505e+00
  -5.0535164e+00
  -5.2244153e+00
  -5.3288803e+00
  -5.4171553e+00
  -5.5435357e+00
  -5.7410541e+00
  -5.9197617e+00
  -5.9442625e+00
  -5.6598401e+00
  -4.6676388e+00
  -2.0145750e+00
   5.7876742e-01
  -1.5985724e+00
  -3.1651742e+00
  -3.1403632e+00
  -3.3867176e+00
  -3.8753524e+00
  -4.6790948e+00
  -3.4834189e+00
  -2.3342888e+00
  -4.1323581e+00
  -4.5789518e+00
  -4.6607418e+00
  -3.6468341e+00
  -2.1199467e+00
  -1.5236260e+00
   5.2237785e-01
   2.7759340e-01
   2.6849830e-01
   2.1813598e-01
  -5.0605661e-01
  -1.5301815e+00
  -2.2148654e+00
  -2.8280873e+00
  -3.3934216e+00
  -3.9240880e+00
  -4.2713165e+00
  -4.4508948e+00
  -4.5076380e+00
  -4.4797511e+00
  -4.4677644e+00
  -4.4849858e+00
  -4.5061903e+00
  -4.4453211e+00
  -4.1214657e+00
  -3.1587632e+00
  -8.1328738e-01
   3.6274979e-01
  -1.9270631e+00
  -1.0250838e+00
  -8.7408388e-01
  -1.6256121e+00
  -2.5933268e+00
  -3.8098660e+00
  -4.2685776e+00
  -3.5807977e+00
  -3.0380466e+00
  -3.2901225e+00
  -3.3337142e+00
  -2.5634933e+00
  -1.5749241e+00
  -1.0649483e+00
   2.5977716e-01
   1.1063459e-01
  -7.1805576e-03
   9.4705544e-02
  -2.9014996e-01
  -5.6825638e-01
  -9.8263013e-01
  -1.4157404e+00
  -1.8994396e+00
  -2.4264386e+00
  -2.7969365e+00
  -3.0214705e+00
  -3.1107059e+00
  -3.1043196e+00
  -3.0814025e+00
  -3.0387535e+00
  -2.9644530e+00
  -2.8293793e+00
  -2.4386024e+00
  -1.4920418e+00
   5.0174963e-01
   2.4364498e-01
  -8.4995663e-01
   1.2890543e+00
   1.3056637e+00
   1.9721095e-01
  -9.2450905e-01
  -2.2691576e+00
  -2.9553771e+00
  -2.8759947e+00
  -2.4551444e+00
  -1.3407665e+00
  -1.5529058e+00
  -1.1184852e+00
  -7.8807783e-01
   1.6086833e-01
   1.1376119e+00
   3.0083135e-01
   1.8239942e-01
  -1.4258716e-02
  -1.1940308e-01
  -1.9942388e-02
   8.2401150e-01
   7.8522736e-01
   4.1099215e-01
  -4.6975497e-02
  -4.2622480e-01
  -7.1620029e-01
  -9.0900064e-01
  -1.0063618e+00
  -1.0655838e+00
  -1.0569619e+00
  -9.6181977e-01
  -7.9541236e-01
  -3.8111344e-01
   4.8559055e-01
   1.5199676e+00
   4.6347925e-01
   1.3073723e+00
   2.8346024e+00
   2.7941208e+00
   1.9782128e+00
   1.0684105e+00
  -9.3443587e-02
  -9.1777438e-01
  -5.3775758e-01
  -3.1589627e-01
   3.6920705e-01
  -7.0654310e-02
   7.3778749e-01
   1.3467770e+00
   1.8319352e+00
   1.5876516e+00
   8.3062857e-01
   5.7261372e-01
   4.4301277e-01
   1.9155493e-02
   6.5368891e-01
   1.7842522e+00
   2.2150962e+00
   2.1035392e+00
   1.7793305e+00
   1.4502196e+00
   1.1500373e+00
   8.8180202e-01
   6.8813822e-01
   5.4038030e-01
   4.6300927e-01
   5.1170748e-01
   6.3909322e-01
   9.8035884e-01
   1.7074643e+00
   1.6062503e+00
   7.6851082e-01
   1.0172394e+00
   1.1945742e+00
   2.0727363e+00
   2.7894639e+00
   2.3020761e+00
   1.4364944e+00
   1.8749584e-01
  -4.5675822e-03
   3.7736359e-01
   5.1362634e-01
   1.3058801e+00
   1.4353032e+00
   9.8174644e-01
   7.6578838e-01
   3.7987402e-01
   6.6065929e-01
   6.7523569e-01
   8.6900383e-01
   7.2372842e-01
   6.9588196e-01
   2.0093017e+00
   3.3279853e+00
   3.2412007e+00
   3.1992817e+00
   3.0714238e+00
   2.8390784e+00
   2.5622025e+00
   2.3086002e+00
   2.0754821e+00
   1.9080899e+00
   1.8399653e+00
   1.8783673e+00
   2.0367057e+00
   2.5833871e+00
   1.5114248e+00
   1.0497570e+00
   7.8578800e-01
   9.3063068e-01
   1.2506256e+00
   2.8800874e+00
   3.2287633e+00
   2.5659535e+00
   1.6326994e+00
   9.4183987e-01
   4.4548514e-01
   6.4781195e-01
   1.0395749e+00
   1.0345942e+00
   6.2442392e-01
   4.8598656e-01
   5.0860077e-01
   6.8861544e-01
   1.1273421e+00
   1.0773636e+00
   7.8992060e-01
   6.5470207e-01
   9.5059323e-01
   2.8124658e+00
   3.0463059e+00
   3.4070911e+00
   3.5734961e+00
   3.5341210e+00
   3.3491111e+00
   3.1373674e+00
   2.9273915e+00
   2.7528129e+00
   2.6240159e+00
   2.5504565e+00
   2.4954259e+00
   2.3866396e+00
   1.1416835e+00
   9.4714987e-01
   6.7223682e-01
   6.9372761e-01
   8.7047672e-01
   1.2296968e+00
   1.8881568e+00
   2.2894001e+00
   2.3819681e+00
   2.1807597e+00
   1.1872301e+00
   8.2278703e-01
   6.8592662e-01
   6.9112462e-01
   4.8347264e-01
   3.3030471e-01
   3.2170013e-01
   5.8654870e-01
   8.1568569e-01
   8.5271907e-01
   4.7739786e-01
   4.3775458e-01
   8.4463795e-01
   2.0892260e+00
   2.3341877e+00
   2.8935655e+00
   3.1959257e+00
   3.3280631e+00
   3.3202618e+00
   3.2343106e+00
   3.1215592e+00
   3.0120908e+00
   2.8978884e+00
   2.7608732e+00
   2.5773718e+00
   2.0429828e+00
   7.4058810e-01
   5.0933730e-01
   4.3082061e-01
   4.5497335e-01
   5.7212197e-01
   5.3657544e-01
   5.9957652e-01
   1.6582323e+00
   2.5325856e+00
   1.7278581e+00
   2.4367172e+00
   9.9681437e-01
   7.0996085e-01
   6.0703354e-01
   4.4369954e-01
   4.5849202e-01
   5.2721202e-01
   4.7656101e-01
   8.5465874e-01
   7.3197147e-01
   5.8384702e-01
   2.7583817e-01
   7.5139076e-01
   1.4446064e+00
   1.3367850e+00
   1.6088994e+00
   1.9596291e+00
   2.2489567e+00
   2.4442084e+00
   2.5352062e+00
   2.5815868e+00
   2.6094677e+00
   2.5882353e+00
   2.5221529e+00
   2.3815181e+00
   1.7375513e+00
   6.5643317e-01
   4.7370237e-01
   2.5663193e-01
   3.2122684e-01
   3.6786935e-01
   3.8653001e-01
   5.2598065e-01
   4.5022905e-01
   1.3984558e+00
   1.8702831e+00
   1.1971741e+00
   5.6381503e-01
   4.3743363e-01
   3.9775363e-01
   3.5202976e-01
   4.1992009e-01
   3.2245156e-01
   3.8827282e-01
   7.2156161e-01
   4.6291542e-01
   8.3874035e-01
   6.8307197e-01
   7.6402229e-01
  -8.8256240e-02
  -3.2472762e-01
  -8.2398072e-02
   1.7964908e-01
   5.8259296e-01
   8.9835638e-01
   1.1589682e+00
   1.4084573e+00
   1.6201277e+00
   1.7769166e+00
   1.8538426e+00
   1.8070486e+00
   6.7460281e-01
   4.1727510e-01
   3.7529746e-01
   2.1436293e-01
   2.9766026e-01
   3.0810750e-01
   2.3223734e-01
   2.4180718e-01
   1.1732510e-01
   2.8018072e-01
   4.7363460e-01
   4.9318224e-01
   3.5659939e-01
   1.8386745e-01
   2.1611169e-01
   2.7346253e-01
   3.6728278e-01
   2.6458713e-01
   9.7291417e-02
   3.1930947e-01
   5.3733718e-01
   6.4743824e-02
  -8.6929888e-02
   1.2610856e-02
  -1.2453416e-03
  -2.0783569e-01
  -3.7992883e-01
  -7.9654058e-01
  -1.0199223e+00
  -6.5970767e-01
  -3.4975250e-01
  -2.0188543e-01
  -2.0872004e-02
   1.3358512e-01
   3.0536938e-01
  -2.8486171e-01
  -2.5509512e-01
   3.8473389e-01
   1.5560772e-01
   1.1273590e-02
   1.8188746e-01
  -6.3340716e-02
  -1.5778784e-01
  -1.6685639e-01
   1.0116238e-01
  -3.2401610e-02
   1.6373685e-01
   4.1284788e-02
  -1.3318881e-01
  -8.5837021e-03
   3.9604176e-02
   4.4911774e-02
   1.9409680e-01
   1.4311519e-02
   3.0444814e-02
   3.6719471e-01
   3.8352287e-01
   2.4035182e-02
   1.2467586e-01
   5.6109987e-02
   4.8152301e-02
   2.0138092e-02
  -2.8090453e-02
  -1.5705913e-01
  -3.9725769e-01
  -7.1261936e-01
  -9.7653663e-01
  -9.0378600e-01
  -5.3907847e-01
  -4.2083028e-01
  -4.0497181e-01
  -3.2527691e-01
  -6.4853720e-02
  -4.4824854e-02
  -2.5613269e-01
  -1.6609757e-01
  -7.5880401e-02
  -8.6917743e-02
  -1.0201455e-01
  -5.8263883e-02
  -1.7256644e-01
  -1.5788917e-01
   9.5012479e-02
   5.7722844e-02
  -9.3568996e-02
  -1.4636852e-01
  -1.6571246e-01
  -1.3886786e-01
  -1.6862880e-01
  -1.7647499e-01
  -9.4809778e-02
  -1.9091733e-02
  -4.3675965e-03
