    124.76    162.97    186.88    306.96    294.71    292.13    251.00         0         0         0    338.94    410.67    430.36    483.28    528.03    517.51    257.57    181.31    241.01    200.91    150.40    144.65    158.01    136.77    263.92    312.21    182.75     87.23      0.00      0.00     92.34      0.00     71.27     98.12     91.13     93.19
    338.82    553.55    914.19    738.02    343.58    339.93         0         0         0         0         0         0         0         0         0    875.89    504.22    263.62    256.52    242.96     98.30    159.31    224.84    126.87    333.32    458.06    358.77    186.55    193.83    129.72    108.33     41.17     47.41    395.82    436.74    341.92
    721.77    721.24    560.60         0         0         0         0         0         0         0         0         0         0         0         0         0    763.42    298.47    174.81    196.34     85.26    157.71    160.00    153.24    787.86   1206.02    467.28    392.51    190.94     77.54    209.95    111.59     65.24    256.88    414.50    493.94
    901.87    475.27    334.84         0         0         0         0         0         0         0         0         0         0         0         0         0    868.04    445.91    228.50    331.85    308.40    342.67    408.57         0         0         0         0    208.41    111.94    176.77    243.04    121.63    105.02    240.83    679.26    922.31
    887.27    298.54    291.28         0         0         0         0         0         0         0         0         0         0         0         0         0   1650.54    704.12    305.14    315.64    320.16    368.32    258.83         0         0         0         0     85.85    172.02    171.86    215.33    250.91    203.54    865.35   1653.26   1321.62
    960.17    359.13    410.78         0         0         0         0         0         0         0         0         0         0         0         0         0    984.36    717.21    356.51    200.35    365.41    353.51         0         0         0         0    183.75    157.90    167.09    165.05     91.58    232.82    597.09    773.23   1531.48   1351.37
    976.36    290.23         0         0         0         0         0         0         0         0         0         0         0         0         0         0    613.53    696.03    289.37    247.24    415.25         0         0         0         0         0    179.15    195.93    116.83    170.02     61.06    151.82    631.32   1338.86   1090.32   1205.39
    414.91         0         0         0         0         0         0         0         0         0         0         0         0         0         0         0         0    677.14    125.47    189.50         0         0         0         0         0    322.07    170.38    250.42         0         0    111.73    212.98    866.95    676.99    860.96   1360.26
    448.44         0         0         0         0         0         0         0         0         0         0         0         0         0         0         0         0    588.13         0         0         0         0         0         0         0    164.19         0         0         0         0         0         0     31.14    307.35    674.78   1338.38
    468.26         0         0         0         0         0         0         0         0         0         0         0         0         0         0         0         0    868.17         0         0         0         0         0         0         0         0         0         0         0         0         0         0    103.45    340.32    849.10   1030.33
    642.98         0         0         0         0         0         0         0         0         0         0         0         0         0         0         0         0    828.31         0         0         0         0         0         0         0    316.09    315.92         0         0         0         0         0    164.84    359.92    583.31   1008.48
    512.27         0         0         0         0         0         0         0         0         0         0         0         0         0         0         0         0    633.52    251.63         0         0         0         0         0         0    385.56    230.19         0         0         0         0         0    175.12    249.49    450.47   1109.67
    599.15         0         0         0         0         0         0         0         0         0         0         0         0         0         0         0         0         0         0         0         0         0         0         0    266.47    335.83    391.27    225.75     83.83    201.87         0         0         0    158.83    417.85   1012.07
    401.91         0         0         0         0         0         0         0         0         0         0         0         0         0         0         0         0         0         0         0         0         0         0         0    275.65    328.57    860.45    288.08    285.94    331.73         0         0         0    100.57    327.69    684.00
    266.38         0         0         0         0         0         0         0         0         0         0         0         0         0         0         0         0         0         0         0         0         0         0         0    213.19    332.67    735.87    372.73    282.65    376.14         0         0         0    408.13    295.07    538.26
    267.27    173.39         0         0         0         0         0         0         0         0         0         0         0         0         0         0         0         0         0         0    452.11         0         0         0    208.77    325.08    555.94    328.75    277.09    334.14         0         0         0         0    331.03    282.94
    114.10         0         0         0         0         0         0         0         0         0         0         0         0         0         0         0         0         0         0         0    291.41    276.69         0         0    397.08    298.40    359.13    360.24    302.67    311.41    334.56         0         0         0         0    439.32
    178.13         0         0         0         0         0         0         0         0         0         0         0         0         0         0         0         0         0         0         0    575.64    469.86         0         0    403.60    281.59    378.49    352.07    317.14    352.49         0         0         0         0         0         0
         0    125.94         0         0         0         0         0         0         0         0         0         0         0         0         0         0         0         0         0    744.26    209.72    284.62    287.35         0         0    143.42    422.71    365.74    325.30    416.07         0         0         0         0         0         0
         0         0         0         0         0         0         0         0         0         0         0         0         0         0         0         0         0         0         0    448.22    128.38    197.88    262.50         0         0         0    613.14    446.53    254.28    375.48         0         0         0         0         0         0
         0         0         0         0         0         0         0         0         0         0         0         0         0         0         0         0         0         0         0    756.00    145.19    197.13    309.41    408.54         0         0    458.62    379.21    331.48    279.49         0         0         0         0         0         0
         0         0         0         0         0         0         0         0         0         0         0         0         0         0         0         0         0         0         0   1238.68    227.19    229.22    347.61    538.60         0         0    407.57    349.61    348.67         0         0    269.22    233.02         0         0         0
         0         0         0         0         0         0         0         0         0         0         0         0         0         0         0         0         0         0         0         0    423.51    302.34    398.62    537.16         0         0    383.91    301.04    285.79         0         0    213.16    257.49         0         0         0
         0         0         0         0         0         0         0         0         0         0         0         0         0         0         0         0         0         0         0         0   1106.34    406.26    582.51    636.80         0         0    466.46    383.58    408.83         0         0         0    363.74    206.12         0         0
         0         0         0         0         0         0         0         0         0         0         0         0         0         0         0         0         0         0         0         0   1464.62    281.90    791.13    595.56         0         0    779.71    636.56    513.90         0         0         0    358.48    236.76         0         0
         0         0         0         0         0         0         0         0         0         0         0         0         0         0         0         0         0         0         0         0   1401.37    280.41    738.55         0         0         0   1100.73    661.83    529.24         0         0    441.11    371.70         0         0         0
         0         0         0         0         0         0         0         0         0         0         0         0         0         0         0         0         0         0         0         0   1280.96    238.25    709.38         0         0         0    807.66    468.78    545.98         0         0         0         0         0         0         0
         0         0         0    219.55         0         0         0         0         0         0         0         0         0         0         0         0         0         0         0         0    705.67    210.56         0         0         0         0    884.46    450.64    677.74         0         0         0         0         0         0         0
         0         0         0         0         0         0         0         0         0         0         0         0         0         0         0         0         0         0         0         0    629.66    166.82         0         0         0         0    868.64    568.19         0         0         0         0         0         0         0         0
         0    197.37    165.17         0         0         0         0         0         0         0         0         0         0         0         0         0         0         0         0         0    536.39         0         0         0         0         0    751.50    828.68         0         0         0         0         0         0         0         0
         0    261.32    277.86    192.09    465.16         0         0         0         0         0         0         0         0         0         0         0         0         0         0         0    649.15         0         0         0         0         0         0    756.50         0         0         0         0         0         0         0         0
    332.59    371.05    535.19    220.03    320.91         0         0         0         0         0         0         0         0         0         0         0         0         0         0    507.61    400.87         0         0         0         0         0         0         0         0         0         0         0         0         0         0         0
    492.77    492.98    465.00    136.06    190.94    337.05         0         0         0         0         0         0         0         0         0         0         0         0         0    302.95         0         0         0         0         0         0         0         0         0         0         0         0         0         0         0         0
    308.76    293.00    139.91    192.31    127.60    289.52         0         0         0         0         0         0         0         0         0         0         0         0         0         0         0         0         0         0         0         0         0         0         0         0         0         0         0         0         0         0
         0         0         0         0         0         0         0         0         0         0         0         0         0         0         0         0         0         0    444.25         0         0         0         0         0         0         0         0         0         0         0         0         0         0         0         0         0
    231.43         0         0     59.56         0         0    438.08         0         0         0         0         0         0         0         0         0    125.05         0         0         0         0         0         0         0    255.19    362.01    508.17    635.70    597.97    411.25    452.46    501.12    682.94    571.60    480.01    358.56
