  -1.2036996e-02
  -1.2816740e-02
  -7.5252322e-03
  -0.0000000e+00
  -4.9213838e-03
  -6.7242091e-03
   0.0000000e+00
  -1.1283249e-03
  -1.0155162e-02
  -1.4950481e-02
  -1.6274205e-02
  -2.0154205e-02
  -2.4208444e-02
  -2.4854103e-02
  -2.5504630e-02
  -2.4525820e-02
   0.0000000e+00
  -2.2090058e-02
  -2.1029919e-02
  -1.7841675e-02
  -1.5603432e-02
  -1.4131273e-02
  -9.9723479e-03
  -8.3994099e-03
  -0.0000000e+00
   0.0000000e+00
   0.0000000e+00
   0.0000000e+00
   0.0000000e+00
   0.0000000e+00
   0.0000000e+00
   0.0000000e+00
   0.0000000e+00
   0.0000000e+00
   0.0000000e+00
   0.0000000e+00
  -1.7300546e-02
  -1.4572188e-02
  -1.0800125e-02
  -8.4523926e-03
  -4.3805642e-03
  -7.1146426e-03
  -1.0766508e-02
  -7.7846492e-03
  -1.0079175e-02
  -8.8911513e-03
  -8.8930763e-03
  -9.8887182e-03
  -1.3550785e-02
  -1.6047347e-02
  -1.7117975e-02
  -1.8717448e-02
  -1.7405437e-02
  -2.0596661e-02
  -1.6480874e-02
  -1.5544727e-02
  -1.6847052e-02
  -1.3131662e-02
  -1.1685736e-02
  -1.1600178e-02
  -1.4024155e-02
  -1.6483049e-02
  -1.3623797e-02
  -1.5929389e-02
  -1.1274008e-02
  -1.4817308e-02
  -1.4191279e-02
  -1.9592531e-02
  -1.8794079e-02
  -2.3906800e-02
  -2.9037789e-02
  -3.2786738e-02
  -0.0000000e+00
  -0.0000000e+00
  -1.1329554e-02
  -1.0113198e-02
  -0.0000000e+00
  -0.0000000e+00
  -8.7821057e-03
  -8.7254560e-03
  -8.3293139e-03
  -4.4563848e-03
  -1.7306422e-03
   2.0579889e-03
   3.9015529e-03
   2.1857028e-03
   1.8638658e-04
  -6.6799756e-04
  -2.9605690e-03
  -9.2606183e-03
  -0.0000000e+00
  -1.1853444e-02
  -6.6324803e-03
  -2.1340295e-03
  -5.9178559e-04
  -1.7962210e-03
  -3.9202506e-03
  -4.5463890e-03
  -2.0777998e-03
   1.8920755e-03
   4.8390613e-03
   4.2068050e-03
  -8.7458412e-05
  -4.8477161e-03
  -8.4784832e-03
  -1.1850081e-02
  -1.6044358e-02
  -2.0604093e-02
   0.0000000e+00
   0.0000000e+00
   0.0000000e+00
   0.0000000e+00
   0.0000000e+00
   0.0000000e+00
  -8.4042770e-04
   4.1806432e-03
   1.1231335e-02
   2.3962347e-02
   2.3130012e-02
   2.4617046e-02
   2.9546000e-02
   3.2667302e-02
   3.3294544e-02
   3.3492774e-02
   3.2352280e-02
   3.0267376e-02
   2.8714817e-02
   1.9015916e-02
   2.0293901e-02
   1.9489990e-02
   2.0927981e-02
   1.9518599e-02
   1.8389802e-02
   2.0272736e-02
   2.5239725e-02
   2.9224921e-02
   3.0288279e-02
   2.9089656e-02
   2.7527918e-02
   2.5415715e-02
   2.3826571e-02
   2.3628830e-02
   2.3364579e-02
   2.4061292e-02
   0.0000000e+00
   0.0000000e+00
   0.0000000e+00
   0.0000000e+00
   0.0000000e+00
   1.7676377e-02
   1.4677998e-02
   1.7693883e-02
   2.5941536e-02
   3.3061627e-02
   3.9234731e-02
   4.6570662e-02
   5.1546864e-02
   5.6960892e-02
   6.0046799e-02
   6.3208625e-02
   6.6059612e-02
   6.7003541e-02
   6.5330170e-02
   0.0000000e+00
   0.0000000e+00
   3.4592066e-02
   4.1652367e-02
   4.4861879e-02
   4.6878722e-02
   4.9955994e-02
   5.6043681e-02
   5.5137545e-02
   4.7279451e-02
   4.5858312e-02
   4.7165051e-02
   5.0126273e-02
   5.2519601e-02
   5.6115687e-02
   5.7583217e-02
   5.3606947e-02
   6.7705978e-02
   0.0000000e+00
   0.0000000e+00
   0.0000000e+00
   0.0000000e+00
   3.2461724e-02
   3.5220507e-02
   3.3867810e-02
   3.8751754e-02
   4.3662036e-02
   4.8199555e-02
   5.3038837e-02
   5.8317949e-02
   6.4828954e-02
   7.0676952e-02
   7.5987702e-02
   8.0943634e-02
   8.4227552e-02
   8.0008207e-02
   6.7470054e-02
   0.0000000e+00
   3.7685288e-02
   5.2362283e-02
   6.2120207e-02
   6.7921608e-02
   6.8990558e-02
   6.7236905e-02
   0.0000000e+00
   4.3493182e-02
   5.0012754e-02
   5.6354851e-02
   6.1944664e-02
   6.7994221e-02
   7.3070026e-02
   7.6189084e-02
   7.1842451e-02
   6.8343323e-02
   5.8561654e-02
   0.0000000e+00
   4.6097668e-02
   4.8026579e-02
   4.6274694e-02
   4.9305331e-02
   4.7595881e-02
   4.6817627e-02
   4.5994774e-02
   4.6147928e-02
   4.8061889e-02
   5.1509473e-02
   5.6377675e-02
   6.2829092e-02
   6.9363415e-02
   7.4971408e-02
   7.9239890e-02
   7.5060226e-02
   5.6162727e-02
   0.0000000e+00
   3.2369062e-02
   4.7123078e-02
   6.1838735e-02
   7.0102856e-02
   6.5466315e-02
   5.4709408e-02
   0.0000000e+00
   2.7127990e-02
   4.3794841e-02
   5.3425859e-02
   5.5985335e-02
   6.4933002e-02
   7.0990860e-02
   7.4210994e-02
   7.2875060e-02
   5.5974060e-02
   5.3061867e-02
   4.5605875e-02
   4.5871845e-02
   5.2858246e-02
   5.9046719e-02
   5.8955159e-02
   5.3813364e-02
   4.6657030e-02
   4.0959651e-02
   3.7446771e-02
   3.6088098e-02
   3.6564435e-02
   3.8581613e-02
   4.2955995e-02
   4.8403492e-02
   5.3533468e-02
   5.6345601e-02
   5.1609227e-02
   3.7765336e-02
   0.0000000e+00
   0.0000000e+00
   2.6012418e-02
   4.1044313e-02
   5.0108024e-02
   3.7967376e-02
   0.0000000e+00
   0.0000000e+00
   1.6546190e-02
   2.3089007e-02
   3.6461572e-02
   3.5523821e-02
   4.4247929e-02
   4.9355061e-02
   5.3011008e-02
   5.5161238e-02
   3.0845895e-02
   3.4744233e-02
   3.7168859e-02
   0.0000000e+00
   4.6731874e-02
   5.0914556e-02
   4.8820950e-02
   4.2064138e-02
   3.3772267e-02
   2.6844794e-02
   2.2240330e-02
   2.0087911e-02
   1.8945128e-02
   1.9088181e-02
   2.1275278e-02
   2.4424093e-02
   2.7192488e-02
   2.7587323e-02
   2.2857189e-02
   1.6732161e-02
   0.0000000e+00
   0.0000000e+00
   5.1445284e-03
   1.3100788e-02
   2.2802386e-02
   1.2870798e-02
   0.0000000e+00
   0.0000000e+00
   0.0000000e+00
   6.2732889e-03
   1.5095230e-02
   1.3471964e-02
   1.5823061e-02
   1.9060036e-02
   2.3840902e-02
   2.7502902e-02
   1.4185524e-03
   6.9662258e-03
   1.1108068e-02
   8.2508354e-03
   1.8692523e-02
   2.2801811e-02
   2.1835763e-02
   1.7404092e-02
   1.1591315e-02
   6.4510917e-03
   2.4190394e-03
   5.6186976e-04
  -4.4016217e-04
  -9.4342267e-04
  -3.0650460e-04
   8.7085756e-04
   1.1577357e-03
  -6.8005250e-04
  -4.9682111e-03
  -8.0141798e-03
   0.0000000e+00
   0.0000000e+00
  -0.0000000e+00
  -1.2027618e-02
  -1.6914655e-03
  -5.6617931e-03
   0.0000000e+00
   0.0000000e+00
   0.0000000e+00
  -3.2777404e-03
  -7.3790611e-03
  -8.0362204e-03
  -1.2643340e-02
  -9.2198597e-03
  -4.9628038e-03
  -2.1058433e-03
  -2.3472157e-02
  -1.9283025e-02
  -1.1974094e-02
  -1.0944095e-02
  -7.0182048e-03
  -5.3940876e-03
  -5.6482947e-03
  -7.6593142e-03
  -1.1077716e-02
  -1.3683818e-02
  -1.6289260e-02
  -1.7586553e-02
  -1.7613003e-02
  -1.7712597e-02
  -1.7688252e-02
  -1.7799768e-02
  -1.9543001e-02
  -2.3545785e-02
  -2.8182766e-02
  -2.1976557e-02
   0.0000000e+00
   0.0000000e+00
   0.0000000e+00
  -2.3149799e-02
  -1.9901460e-02
  -1.7365681e-02
   0.0000000e+00
   0.0000000e+00
   0.0000000e+00
  -7.8435295e-03
  -1.4991250e-02
  -0.0000000e+00
  -0.0000000e+00
  -2.6446284e-02
  -2.3842804e-02
  -2.4894923e-02
  -4.3200787e-02
  -3.9919585e-02
  -3.1262748e-02
  -2.9390894e-02
  -2.9363120e-02
  -2.7382595e-02
  -2.6445974e-02
  -2.7277291e-02
  -2.8603051e-02
  -2.9100114e-02
  -2.9959019e-02
  -3.0134073e-02
  -2.9562015e-02
  -2.9327592e-02
  -3.0046148e-02
  -3.2217167e-02
  -3.6499687e-02
  -4.2799588e-02
  -4.6237998e-02
  -2.5337944e-02
   0.0000000e+00
   0.0000000e+00
   0.0000000e+00
  -0.0000000e+00
  -3.3862595e-02
  -2.2817602e-02
   0.0000000e+00
   0.0000000e+00
   0.0000000e+00
  -2.1809635e-02
  -1.8009560e-02
  -9.6230833e-03
   0.0000000e+00
  -0.0000000e+00
  -3.7013914e-02
  -4.2050976e-02
  -5.2737799e-02
  -4.8778594e-02
  -4.0538941e-02
  -3.8828064e-02
  -3.9145097e-02
  -3.7044208e-02
  -3.5878021e-02
  -3.6037456e-02
  -3.6084857e-02
  -3.5169836e-02
  -3.4633461e-02
  -3.4212925e-02
  -3.3785336e-02
  -3.4171849e-02
  -3.7303753e-02
  -4.2359810e-02
  -4.8281047e-02
  -5.4641619e-02
  -5.4398812e-02
  -3.3247259e-02
   0.0000000e+00
   0.0000000e+00
   0.0000000e+00
  -0.0000000e+00
  -4.1512139e-02
  -2.3556951e-02
   0.0000000e+00
   0.0000000e+00
   0.0000000e+00
  -2.6645508e-02
  -1.6980851e-02
  -7.3894113e-03
   0.0000000e+00
  -0.0000000e+00
  -4.5086201e-02
  -5.0919421e-02
  -5.2613460e-02
  -4.7797378e-02
  -4.0546849e-02
  -3.8755424e-02
  -3.8488459e-02
  -3.7207369e-02
  -3.6906939e-02
  -3.6933005e-02
  -3.6523174e-02
  -3.5453171e-02
  -3.4649350e-02
  -3.4999724e-02
  -3.6779433e-02
  -4.0542465e-02
  -4.6983641e-02
  -5.3202156e-02
  -5.7783850e-02
  -5.9510753e-02
  -5.1656071e-02
  -2.9042287e-02
   0.0000000e+00
   0.0000000e+00
   0.0000000e+00
  -0.0000000e+00
  -4.3834256e-02
  -2.3984130e-02
   0.0000000e+00
   0.0000000e+00
   0.0000000e+00
  -2.9920849e-02
  -1.7324626e-02
  -0.0000000e+00
   0.0000000e+00
  -4.5233492e-02
  -4.7439951e-02
  -5.1540535e-02
  -4.3242026e-02
  -3.8476571e-02
  -3.0804306e-02
  -2.8534044e-02
  -2.8446620e-02
  -2.8667411e-02
  -2.9797349e-02
  -3.1071492e-02
  -3.2320790e-02
  -3.3818085e-02
  -3.6129266e-02
  -4.0148757e-02
  -4.5489077e-02
  -5.1814023e-02
  -5.7825822e-02
  -6.0994346e-02
  -6.0413979e-02
  -5.4040585e-02
  -3.7765503e-02
  -0.0000000e+00
   0.0000000e+00
   0.0000000e+00
   0.0000000e+00
   0.0000000e+00
  -4.0425645e-02
  -2.1581348e-02
   0.0000000e+00
   0.0000000e+00
   0.0000000e+00
  -3.6054671e-02
  -2.0613501e-02
  -0.0000000e+00
  -0.0000000e+00
  -4.4781671e-02
  -4.4031341e-02
  -4.4269368e-02
  -2.8907973e-02
  -2.4801267e-02
  -1.7323097e-02
  -1.4976775e-02
  -1.5899509e-02
  -1.7760526e-02
  -2.0495595e-02
  -2.3587730e-02
  -2.7511192e-02
  -3.2928240e-02
  -3.9726119e-02
  -4.7631137e-02
  -5.4872476e-02
  -6.1194438e-02
  -6.4659894e-02
  -6.3092366e-02
  -5.6136020e-02
  -4.1987889e-02
  -1.9404810e-02
  -0.0000000e+00
   0.0000000e+00
   0.0000000e+00
   0.0000000e+00
   0.0000000e+00
  -3.2648776e-02
  -1.4837193e-02
   0.0000000e+00
   0.0000000e+00
   0.0000000e+00
  -0.0000000e+00
  -2.1818195e-02
  -5.5997842e-03
  -4.0451698e-02
  -4.0596522e-02
  -3.6555644e-02
  -3.2707017e-02
  -1.4201412e-02
  -1.1844635e-02
  -5.3240159e-03
  -4.0795514e-03
  -6.5686903e-03
  -1.0419627e-02
  -1.5038352e-02
  -1.9817065e-02
  -2.5611613e-02
  -3.3061884e-02
  -4.1604858e-02
  -5.0183829e-02
  -5.6692909e-02
  -6.1264403e-02
  -6.2022500e-02
  -5.6533866e-02
  -4.4801090e-02
  -2.6450515e-02
  -4.6644178e-03
   0.0000000e+00
   0.0000000e+00
   0.0000000e+00
   0.0000000e+00
  -3.6410931e-02
  -2.2720655e-02
  -4.6545946e-03
   0.0000000e+00
   0.0000000e+00
   0.0000000e+00
   0.0000000e+00
  -2.6906988e-02
  -2.1904856e-02
  -3.2851518e-02
  -3.0100405e-02
  -2.6009183e-02
  -1.9470058e-02
  -5.3138825e-03
  -6.4012656e-03
   3.5274916e-04
  -3.2726631e-04
  -4.8622782e-03
  -1.1135481e-02
  -1.8186758e-02
  -2.5074596e-02
  -3.2298058e-02
  -3.9382415e-02
  -4.5617845e-02
  -5.0229970e-02
  -5.2446361e-02
  -5.3028867e-02
  -5.0575413e-02
  -4.3320316e-02
  -3.1194741e-02
  -1.4094509e-02
   3.1029775e-03
   0.0000000e+00
   0.0000000e+00
   0.0000000e+00
   0.0000000e+00
  -2.8482273e-02
  -1.7060360e-02
   0.0000000e+00
   0.0000000e+00
   0.0000000e+00
   0.0000000e+00
   0.0000000e+00
  -2.8409332e-02
  -2.7250336e-02
  -2.3613526e-02
  -1.6929871e-02
  -1.5253973e-02
  -9.6630435e-03
   0.0000000e+00
   0.0000000e+00
  -5.1203091e-04
  -2.1351911e-03
  -7.2602150e-03
  -1.3783197e-02
  -2.1174263e-02
  -2.8493289e-02
  -3.5783008e-02
  -4.1973479e-02
  -4.6433426e-02
  -4.8613288e-02
  -4.8478797e-02
  -4.7075972e-02
  -4.3533087e-02
  -3.6483299e-02
  -2.5926575e-02
  -1.2409820e-02
   1.5655139e-03
   7.9946145e-03
   0.0000000e+00
   0.0000000e+00
  -2.5838164e-02
  -1.6489403e-02
  -0.0000000e+00
   0.0000000e+00
   0.0000000e+00
   0.0000000e+00
   0.0000000e+00
   0.0000000e+00
  -2.6323695e-02
  -2.0870967e-02
  -1.0631582e-02
  -4.8981509e-03
  -5.4762145e-03
  -7.1803085e-04
   7.9181409e-03
   0.0000000e+00
  -4.0764958e-03
  -6.5818447e-03
  -1.0651558e-02
  -1.4949748e-02
  -1.9847350e-02
  -2.5268550e-02
  -3.1443376e-02
  -3.7110241e-02
  -4.1272459e-02
  -4.3162034e-02
  -4.2650713e-02
  -4.1168520e-02
  -3.9122512e-02
  -3.5055345e-02
  -2.8432527e-02
  -2.0909761e-02
  -1.0853155e-02
   1.7152561e-03
   0.0000000e+00
   0.0000000e+00
  -2.6728163e-02
  -5.5574956e-03
   0.0000000e+00
   0.0000000e+00
   0.0000000e+00
   0.0000000e+00
   0.0000000e+00
   0.0000000e+00
  -0.0000000e+00
  -1.0550916e-02
   2.3592741e-03
   9.7056605e-03
   7.9504855e-03
   4.4740036e-03
   0.0000000e+00
   0.0000000e+00
  -1.1579441e-02
  -1.6904211e-02
  -2.0330248e-02
  -2.1824155e-02
  -2.2247437e-02
  -2.2637898e-02
  -2.4352346e-02
  -2.7196048e-02
  -2.9792430e-02
  -3.1297706e-02
  -3.1389464e-02
  -3.1737953e-02
  -3.3973601e-02
  -3.6504220e-02
  -3.7924003e-02
  -3.8823001e-02
  -3.7511054e-02
  -2.5877535e-02
   0.0000000e+00
  -4.4963366e-02
  -3.0238580e-02
   2.2420228e-03
   0.0000000e+00
   0.0000000e+00
   0.0000000e+00
   0.0000000e+00
   0.0000000e+00
   0.0000000e+00
  -1.9732666e-02
  -2.6359978e-03
   1.6637427e-02
   2.8543577e-02
   0.0000000e+00
   0.0000000e+00
   0.0000000e+00
   1.8970624e-03
  -2.4734759e-02
  -3.0563794e-02
  -3.5410661e-02
  -3.7126835e-02
  -3.5950780e-02
  -3.3317976e-02
  -3.1705663e-02
  -3.2859206e-02
  -3.5752606e-02
  -3.9520409e-02
  -4.2596899e-02
  -4.5011453e-02
  -4.5689415e-02
  -4.3896016e-02
  -4.3545946e-02
  -4.7430396e-02
  -5.5726819e-02
  -6.7552856e-02
  -6.3779191e-02
  -5.2589820e-02
  -3.4932531e-02
  -2.1489750e-03
   0.0000000e+00
   0.0000000e+00
   0.0000000e+00
   0.0000000e+00
   0.0000000e+00
   0.0000000e+00
  -2.2346531e-02
  -3.5382658e-03
   2.2597911e-02
   0.0000000e+00
   0.0000000e+00
   0.0000000e+00
  -0.0000000e+00
  -5.4377800e-03
  -3.5789835e-02
  -4.1501023e-02
  -4.7576524e-02
  -5.0587825e-02
  -5.0159547e-02
  -4.7636714e-02
  -4.5995302e-02
  -4.7570851e-02
  -5.1745079e-02
  -5.8393911e-02
  -6.4453542e-02
  -6.8003558e-02
  -6.5141246e-02
  -5.4178216e-02
  -4.2784687e-02
  -4.5224097e-02
  -5.6474805e-02
  -7.0820801e-02
  -6.1157554e-02
  -5.3299461e-02
  -4.1175760e-02
  -1.7319359e-02
   0.0000000e+00
   0.0000000e+00
   0.0000000e+00
   0.0000000e+00
   0.0000000e+00
   0.0000000e+00
  -2.5311953e-02
  -3.9426442e-03
   0.0000000e+00
   0.0000000e+00
   0.0000000e+00
   0.0000000e+00
  -0.0000000e+00
  -2.6030663e-02
  -4.0174611e-02
  -4.6755368e-02
  -5.3468395e-02
  -5.7755642e-02
  -5.9218791e-02
  -5.8872946e-02
  -5.9043888e-02
  -6.1430350e-02
  -6.5897122e-02
  -7.2947204e-02
  -7.9373663e-02
  -8.2230814e-02
  -7.7543065e-02
  -6.1562859e-02
  -3.6044128e-02
  -2.8797329e-02
  -4.9642575e-02
  -5.3792182e-02
  -5.0492287e-02
  -4.7631381e-02
  -4.6278525e-02
  -4.0023882e-02
   0.0000000e+00
   0.0000000e+00
   0.0000000e+00
   0.0000000e+00
   0.0000000e+00
  -4.3861183e-02
  -3.2031861e-02
  -1.4869250e-02
   2.1261712e-02
   0.0000000e+00
   0.0000000e+00
   0.0000000e+00
  -0.0000000e+00
  -3.5243794e-02
  -3.7922218e-02
  -4.5671679e-02
  -5.3008661e-02
  -5.8952939e-02
  -6.2414039e-02
  -6.4425327e-02
  -6.5680981e-02
  -6.6773780e-02
  -6.8879545e-02
  -7.2419927e-02
  -7.5781450e-02
  -7.6297954e-02
  -7.1073122e-02
  -5.5367749e-02
  -2.3664182e-02
  -0.0000000e+00
  -0.0000000e+00
  -3.7739960e-02
  -3.5753179e-02
  -3.7786275e-02
  -4.4417389e-02
  -5.7548963e-02
  -6.6760153e-02
   0.0000000e+00
   0.0000000e+00
  -5.4785844e-02
  -5.8674599e-02
  -4.1452326e-02
  -3.5829999e-02
  -2.4435431e-02
   0.0000000e+00
   0.0000000e+00
   0.0000000e+00
   0.0000000e+00
   0.0000000e+00
  -2.7569572e-02
  -3.1209484e-02
  -3.9405245e-02
  -4.6752051e-02
  -5.3740028e-02
  -5.8570750e-02
  -6.1533585e-02
  -6.2724039e-02
  -6.2024832e-02
  -6.1176442e-02
  -6.0865950e-02
  -6.0892440e-02
  -5.9579443e-02
  -5.4618143e-02
  -4.1800059e-02
  -1.4523853e-02
   0.0000000e+00
   0.0000000e+00
  -2.0049197e-02
  -2.0264624e-02
  -2.5690405e-02
  -3.5481684e-02
  -5.3263180e-02
  -5.5972800e-02
   0.0000000e+00
   0.0000000e+00
  -4.6784254e-02
  -5.1254749e-02
  -3.4588441e-02
  -2.8847132e-02
  -2.1429900e-02
   0.0000000e+00
   0.0000000e+00
   0.0000000e+00
   0.0000000e+00
   0.0000000e+00
  -1.3968320e-02
  -1.6742688e-02
  -2.3825253e-02
  -3.0525223e-02
  -3.7666275e-02
  -4.3113796e-02
  -4.6297105e-02
  -4.7348512e-02
  -4.6295857e-02
  -4.4358524e-02
  -4.2222849e-02
  -4.0217253e-02
  -3.8023605e-02
  -3.3341877e-02
  -2.3307315e-02
  -3.3580964e-03
   0.0000000e+00
  -1.3857620e-02
   3.1367136e-03
   3.0155476e-03
  -6.6167830e-03
  -1.7980812e-02
  -3.4344788e-02
  -4.4430804e-02
  -2.4225820e-02
  -2.5402681e-02
  -3.1555231e-02
  -3.2595398e-02
  -2.4084384e-02
  -1.6460175e-02
  -1.1691032e-02
   0.0000000e+00
   0.0000000e+00
   0.0000000e+00
   0.0000000e+00
   0.0000000e+00
   4.7882839e-03
   6.3031698e-03
   2.1005915e-03
  -4.4169552e-03
  -1.1762976e-02
  -1.7123446e-02
  -2.0843538e-02
  -2.2605781e-02
  -2.2857310e-02
  -2.2626793e-02
  -2.1516494e-02
  -1.9628793e-02
  -1.7179957e-02
  -1.2715631e-02
  -4.2700670e-03
   7.3938556e-03
   0.0000000e+00
   5.8774528e-03
   2.8503470e-02
   2.7105650e-02
   1.4666506e-02
   2.9992010e-03
  -1.1433655e-02
  -2.1387460e-02
  -0.0000000e+00
  -1.9012919e-02
  -1.0253678e-02
  -1.4775374e-02
  -6.0157196e-03
   4.2990874e-03
   6.1248422e-03
   0.0000000e+00
   0.0000000e+00
   0.0000000e+00
   0.0000000e+00
   0.0000000e+00
   1.9580400e-02
   3.2049723e-02
   3.7295528e-02
   3.1729367e-02
   2.4258418e-02
   1.8344559e-02
   1.3390027e-02
   9.5068980e-03
   6.4971508e-03
   3.8118404e-03
   2.5067066e-03
   2.9613066e-03
   4.6774982e-03
   8.4087104e-03
   1.4999443e-02
   2.0210575e-02
   0.0000000e+00
   0.0000000e+00
   0.0000000e+00
   3.8230644e-02
   3.3562787e-02
   2.5109533e-02
   1.2840466e-02
  -8.0480014e-04
   0.0000000e+00
  -0.0000000e+00
  -0.0000000e+00
   7.8366896e-03
   1.0975109e-02
   0.0000000e+00
   0.0000000e+00
   0.0000000e+00
   0.0000000e+00
   0.0000000e+00
   0.0000000e+00
   0.0000000e+00
   2.8135098e-02
   4.7423365e-02
   6.5329380e-02
   6.3916370e-02
   5.8305882e-02
   5.2848798e-02
   4.6986524e-02
   4.0756274e-02
   3.4812919e-02
   2.9553514e-02
   2.6050372e-02
   2.5046401e-02
   2.5465587e-02
   2.7000731e-02
   3.1045338e-02
   0.0000000e+00
   0.0000000e+00
   0.0000000e+00
   0.0000000e+00
   0.0000000e+00
   4.3440214e-02
   4.3738633e-02
   3.4069587e-02
   1.9384362e-02
   1.5647095e-02
   0.0000000e+00
   0.0000000e+00
   0.0000000e+00
   0.0000000e+00
   0.0000000e+00
   0.0000000e+00
   0.0000000e+00
   0.0000000e+00
   0.0000000e+00
   0.0000000e+00
   0.0000000e+00
   0.0000000e+00
   0.0000000e+00
   7.3516012e-02
   7.4056171e-02
   7.5228319e-02
   7.4583195e-02
   7.0680737e-02
   6.3721038e-02
   5.6549087e-02
   5.0662447e-02
   4.6300255e-02
   4.4146430e-02
   4.2769436e-02
   4.0529124e-02
   3.8601678e-02
   0.0000000e+00
   0.0000000e+00
   0.0000000e+00
   0.0000000e+00
   0.0000000e+00
   0.0000000e+00
   5.2855497e-02
   4.5366749e-02
   3.6880247e-02
   3.2678106e-02
   0.0000000e+00
   0.0000000e+00
   0.0000000e+00
   0.0000000e+00
   0.0000000e+00
   0.0000000e+00
   0.0000000e+00
   0.0000000e+00
   0.0000000e+00
   0.0000000e+00
   0.0000000e+00
   0.0000000e+00
   0.0000000e+00
   5.6306720e-02
   5.9679739e-02
   6.9603927e-02
   7.4185348e-02
   7.4098006e-02
   6.9921717e-02
   6.4797863e-02
   6.0757544e-02
   5.7334755e-02
   5.4848880e-02
   5.1536709e-02
   4.5723341e-02
   3.6227432e-02
   0.0000000e+00
   0.0000000e+00
   0.0000000e+00
   0.0000000e+00
   0.0000000e+00
   0.0000000e+00
   0.0000000e+00
   4.2365815e-02
   4.4845266e-02
   4.1642730e-02
   4.4723181e-02
   0.0000000e+00
   0.0000000e+00
   0.0000000e+00
   0.0000000e+00
   0.0000000e+00
   0.0000000e+00
   0.0000000e+00
   0.0000000e+00
   0.0000000e+00
   0.0000000e+00
   0.0000000e+00
   0.0000000e+00
   3.8482709e-02
   3.7825174e-02
   4.7503529e-02
   5.4551702e-02
   5.8782049e-02
   6.0173527e-02
   5.9346322e-02
   5.7866842e-02
   5.6924605e-02
   5.4892216e-02
   5.1167754e-02
   4.5223648e-02
   3.6685204e-02
   0.0000000e+00
   0.0000000e+00
   0.0000000e+00
   0.0000000e+00
   0.0000000e+00
   0.0000000e+00
   0.0000000e+00
   3.2292261e-02
   4.0486580e-02
   3.9027480e-02
   4.0410634e-02
   0.0000000e+00
   0.0000000e+00
   0.0000000e+00
   0.0000000e+00
   0.0000000e+00
   0.0000000e+00
   0.0000000e+00
   0.0000000e+00
   0.0000000e+00
   0.0000000e+00
   0.0000000e+00
   0.0000000e+00
   1.1933719e-02
   5.5005956e-03
   1.0662778e-02
   2.0162941e-02
   2.8527651e-02
   3.4735650e-02
   3.8593291e-02
   4.1563820e-02
   4.3591168e-02
   4.3922657e-02
   4.2268950e-02
   3.8220435e-02
   3.0136425e-02
   0.0000000e+00
   0.0000000e+00
   0.0000000e+00
   0.0000000e+00
   0.0000000e+00
   0.0000000e+00
   0.0000000e+00
   0.0000000e+00
   0.0000000e+00
   0.0000000e+00
   1.5078341e-02
   0.0000000e+00
   0.0000000e+00
   0.0000000e+00
   0.0000000e+00
   0.0000000e+00
   0.0000000e+00
   0.0000000e+00
   0.0000000e+00
   0.0000000e+00
   0.0000000e+00
   0.0000000e+00
   0.0000000e+00
  -0.0000000e+00
  -0.0000000e+00
  -0.0000000e+00
  -1.4436648e-02
  -6.6617941e-03
   9.7404036e-04
   7.6819011e-03
   1.3244328e-02
   1.7446315e-02
   2.0102051e-02
   2.1831989e-02
   1.8887261e-02
   0.0000000e+00
   0.0000000e+00
   0.0000000e+00
   0.0000000e+00
   0.0000000e+00
   0.0000000e+00
   0.0000000e+00
   0.0000000e+00
   0.0000000e+00
   0.0000000e+00
   0.0000000e+00
  -0.0000000e+00
  -5.3403608e-03
  -0.0000000e+00
   0.0000000e+00
  -0.0000000e+00
   0.0000000e+00
   0.0000000e+00
   0.0000000e+00
   0.0000000e+00
   0.0000000e+00
   0.0000000e+00
   0.0000000e+00
   0.0000000e+00
   0.0000000e+00
   0.0000000e+00
   0.0000000e+00
  -0.0000000e+00
  -2.6708338e-02
  -1.8894027e-02
  -1.7421800e-02
  -0.0000000e+00
   0.0000000e+00
   0.0000000e+00
   0.0000000e+00
  -0.0000000e+00
   0.0000000e+00
   0.0000000e+00
   0.0000000e+00
   0.0000000e+00
   0.0000000e+00
   0.0000000e+00
   0.0000000e+00
   0.0000000e+00
   0.0000000e+00
   0.0000000e+00
   0.0000000e+00
  -4.4987981e-05
  -6.1581797e-03
  -4.8427172e-03
  -4.2724695e-03
  -4.0860876e-03
  -3.6852670e-03
  -4.1908321e-03
  -3.4418739e-03
  -3.8726803e-04
   2.6247659e-04
