  -0.0000000e+00
  -1.0674238e-02
  -6.6442171e-03
  -0.0000000e+00
  -5.6296141e-03
   0.0000000e+00
  -0.0000000e+00
  -5.7784325e-03
  -1.0332749e-02
  -1.0279160e-02
  -1.2741525e-02
  -1.8656826e-02
  -2.2469724e-02
  -1.9925790e-02
  -2.2006757e-02
  -2.1510563e-02
  -0.0000000e+00
  -2.3083365e-02
  -1.5818585e-02
  -1.6718160e-02
  -1.5608818e-02
  -1.2788814e-02
  -1.2112395e-02
  -7.2304785e-03
   0.0000000e+00
   0.0000000e+00
  -0.0000000e+00
  -0.0000000e+00
   0.0000000e+00
   0.0000000e+00
   0.0000000e+00
  -0.0000000e+00
  -0.0000000e+00
   0.0000000e+00
   0.0000000e+00
   0.0000000e+00
  -1.6992778e-02
  -1.4214078e-02
  -1.2510638e-02
  -1.0198564e-02
  -6.8071029e-03
  -7.6944220e-03
  -1.1465249e-02
  -1.1136574e-02
  -9.3838368e-03
  -7.6367096e-03
  -6.2664696e-03
  -6.0987417e-03
  -8.8291420e-03
  -1.0811541e-02
  -1.1321255e-02
  -1.2286733e-02
  -1.4042758e-02
  -2.0740715e-02
  -0.0000000e+00
  -1.6883424e-02
  -1.1438690e-02
  -8.5681472e-03
  -7.7271119e-03
  -9.2813584e-03
  -1.2055151e-02
  -1.1538624e-02
  -9.1982644e-03
  -6.9659432e-03
  -6.4991942e-03
  -7.7668373e-03
  -1.2487119e-02
  -1.6354714e-02
  -1.8546168e-02
  -2.4326659e-02
  -2.8323387e-02
  -2.7699148e-02
  -0.0000000e+00
  -0.0000000e+00
  -0.0000000e+00
  -0.0000000e+00
  -0.0000000e+00
  -0.0000000e+00
  -4.9926722e-03
  -1.0924716e-03
  -6.8510945e-03
   8.9670018e-04
   1.0049600e-02
   1.4762072e-02
   1.7623529e-02
   1.6827846e-02
   1.6169710e-02
   1.4771651e-02
   1.1149123e-02
   5.5940338e-03
   3.6288038e-03
   2.1995063e-03
   7.4628657e-03
   9.4510103e-03
   8.7409066e-03
   6.5416181e-03
   5.7675643e-03
   8.0934167e-03
   1.2470598e-02
   1.6519062e-02
   1.7696861e-02
   1.6358595e-02
   1.2494447e-02
   8.2105976e-03
   5.8676205e-03
   3.8422910e-03
   3.1421147e-03
   9.3673178e-05
   0.0000000e+00
   0.0000000e+00
   0.0000000e+00
   0.0000000e+00
   0.0000000e+00
   0.0000000e+00
   7.1349754e-03
   1.4775295e-02
   2.4419955e-02
   3.0052044e-02
   3.4194806e-02
   3.9492380e-02
   4.4381823e-02
   4.7305472e-02
   4.9019285e-02
   5.0404392e-02
   5.0627112e-02
   4.9701914e-02
   4.9336468e-02
   0.0000000e+00
   2.8406097e-02
   3.0729465e-02
   3.2645769e-02
   3.2333050e-02
   3.3821002e-02
   3.7925538e-02
   4.2928372e-02
   4.2366169e-02
   3.9999045e-02
   3.8358752e-02
   3.8740739e-02
   3.8969800e-02
   4.0238596e-02
   4.1989215e-02
   4.1539006e-02
   3.6558293e-02
   0.0000000e+00
   0.0000000e+00
   0.0000000e+00
   0.0000000e+00
   0.0000000e+00
   2.5561070e-02
   2.4453662e-02
   2.9180177e-02
   3.6109578e-02
   4.2814076e-02
   4.8593692e-02
   5.4222167e-02
   6.0428504e-02
   6.5871514e-02
   6.9668621e-02
   7.4541084e-02
   7.7632785e-02
   7.7516720e-02
   7.1675902e-02
   0.0000000e+00
   0.0000000e+00
   4.3792110e-02
   5.2090578e-02
   5.7235744e-02
   6.0691487e-02
   6.2993560e-02
   6.6983901e-02
   5.1590924e-02
   4.7652829e-02
   5.1254537e-02
   5.5768397e-02
   6.0296811e-02
   6.4580165e-02
   6.8885744e-02
   6.7861207e-02
   6.3559443e-02
   6.4156800e-02
   0.0000000e+00
   0.0000000e+00
   0.0000000e+00
   0.0000000e+00
   4.1576891e-02
   4.1495884e-02
   4.2322298e-02
   4.4396716e-02
   4.6793989e-02
   4.9624356e-02
   5.3547579e-02
   5.8987539e-02
   6.5308944e-02
   7.1561028e-02
   7.7724186e-02
   8.2542616e-02
   8.3784332e-02
   7.0936085e-02
   5.1970145e-02
   0.0000000e+00
   4.3921414e-02
   5.8697260e-02
   6.8805475e-02
   7.1919937e-02
   6.5610932e-02
   0.0000000e+00
   0.0000000e+00
   4.0331171e-02
   5.3070485e-02
   5.8260750e-02
   6.5014609e-02
   7.1753663e-02
   7.6356348e-02
   7.7003376e-02
   7.1835754e-02
   6.2026715e-02
   0.0000000e+00
   0.0000000e+00
   0.0000000e+00
   5.0849212e-02
   5.5580281e-02
   5.4202825e-02
   5.0624248e-02
   4.6504773e-02
   4.3567866e-02
   4.2698044e-02
   4.3974087e-02
   4.6608955e-02
   5.1192615e-02
   5.7196554e-02
   6.3678898e-02
   6.8689995e-02
   6.9788031e-02
   5.6153622e-02
   3.9993390e-02
   0.0000000e+00
   3.0332881e-02
   4.6710759e-02
   5.9682995e-02
   6.1125983e-02
   5.0228632e-02
   0.0000000e+00
   0.0000000e+00
   2.7914714e-02
   4.7224871e-02
   4.6220049e-02
   5.1872011e-02
   6.0103610e-02
   6.4879864e-02
   6.6802710e-02
   6.6477083e-02
   4.5035663e-02
   4.1565602e-02
   4.2870442e-02
   4.9755667e-02
   5.6140366e-02
   5.7785399e-02
   5.3478558e-02
   4.5497092e-02
   3.7817907e-02
   3.1874828e-02
   2.8973930e-02
   2.7685940e-02
   2.7614173e-02
   2.9684425e-02
   3.3494368e-02
   3.8013712e-02
   4.1017788e-02
   4.0050697e-02
   3.0761302e-02
   2.2211555e-02
   0.0000000e+00
   0.0000000e+00
   2.0487407e-02
   3.2334957e-02
   3.2810461e-02
   1.7344953e-02
   0.0000000e+00
   0.0000000e+00
   1.1758043e-02
   2.2916468e-02
   2.4204167e-02
   2.6305324e-02
   3.1774271e-02
   3.5839058e-02
   3.9887740e-02
   4.2248219e-02
   2.0651037e-02
   2.6192951e-02
   3.6106996e-02
   0.0000000e+00
   3.8213242e-02
   3.9770581e-02
   3.5464361e-02
   2.8318126e-02
   2.1680482e-02
   1.5537791e-02
   1.2575915e-02
   1.1059049e-02
   1.0028576e-02
   1.0636453e-02
   1.2440108e-02
   1.4587057e-02
   1.5277120e-02
   1.2902632e-02
   7.6724458e-03
   5.3563882e-03
   0.0000000e+00
   0.0000000e+00
  -5.5322227e-03
   7.8697102e-03
   8.8474099e-03
   1.1199281e-03
   0.0000000e+00
   0.0000000e+00
  -0.0000000e+00
   1.0992635e-02
   3.6929480e-03
   2.8164363e-03
   3.2946663e-03
   7.8862021e-03
   1.2355316e-02
   1.5349403e-02
  -1.1193524e-02
  -5.6678652e-03
  -8.1558098e-03
   1.1808060e-03
   5.5453246e-03
   6.2902910e-03
   4.2465823e-03
   3.5974797e-04
  -3.4993291e-03
  -7.3050968e-03
  -9.6854884e-03
  -1.0569075e-02
  -1.0972681e-02
  -1.1084845e-02
  -1.0609600e-02
  -1.0725532e-02
  -1.2590149e-02
  -1.6412696e-02
  -2.0002732e-02
  -1.6640648e-02
   0.0000000e+00
   0.0000000e+00
  -0.0000000e+00
  -1.4731553e-02
  -1.4025217e-02
  -1.1576157e-02
   0.0000000e+00
   0.0000000e+00
  -0.0000000e+00
  -4.9578860e-03
  -1.3058182e-02
  -2.4739835e-02
  -2.2720784e-02
  -1.7999401e-02
  -1.6857894e-02
  -1.5191806e-02
  -3.2314893e-02
  -2.5998371e-02
  -1.8491715e-02
  -1.9527094e-02
  -1.7974077e-02
  -1.6582575e-02
  -1.7234109e-02
  -1.9266382e-02
  -2.1145403e-02
  -2.2895059e-02
  -2.4365073e-02
  -2.4404747e-02
  -2.4070257e-02
  -2.4188077e-02
  -2.4472117e-02
  -2.6347423e-02
  -3.0412715e-02
  -3.5866342e-02
  -3.5480902e-02
  -1.5299687e-02
   0.0000000e+00
   0.0000000e+00
  -0.0000000e+00
  -2.5937745e-02
  -2.7064655e-02
  -1.6126174e-02
   0.0000000e+00
   0.0000000e+00
  -0.0000000e+00
  -1.7993526e-02
  -1.4138423e-02
   0.0000000e+00
  -0.0000000e+00
  -2.8889898e-02
  -3.2558102e-02
  -3.4113795e-02
  -4.8092600e-02
  -4.1419346e-02
  -3.5008971e-02
  -3.5819404e-02
  -3.4587484e-02
  -3.2547493e-02
  -3.2366071e-02
  -3.3130556e-02
  -3.3218596e-02
  -3.3033025e-02
  -3.3114124e-02
  -3.2665931e-02
  -3.2167349e-02
  -3.2766163e-02
  -3.5405997e-02
  -4.0084179e-02
  -4.6211742e-02
  -5.1833410e-02
  -4.3587781e-02
  -1.6658706e-02
   0.0000000e+00
   0.0000000e+00
   0.0000000e+00
  -0.0000000e+00
  -3.5990518e-02
  -1.3341540e-02
   0.0000000e+00
   0.0000000e+00
  -0.0000000e+00
  -2.3803737e-02
  -1.1021368e-02
   0.0000000e+00
   0.0000000e+00
  -0.0000000e+00
  -4.4947941e-02
  -4.8800331e-02
  -5.2519318e-02
  -4.5447189e-02
  -4.0254258e-02
  -4.0565990e-02
  -3.9399490e-02
  -3.7862193e-02
  -3.7609093e-02
  -3.7494890e-02
  -3.6616933e-02
  -3.5337877e-02
  -3.4678038e-02
  -3.4707636e-02
  -3.5774633e-02
  -3.9176885e-02
  -4.5065656e-02
  -5.1318735e-02
  -5.6625534e-02
  -5.8646202e-02
  -4.3480970e-02
  -2.7991403e-02
   0.0000000e+00
   0.0000000e+00
   0.0000000e+00
  -0.0000000e+00
  -3.9078236e-02
  -1.4014386e-02
   0.0000000e+00
   0.0000000e+00
  -0.0000000e+00
  -2.4336694e-02
  -1.0725257e-02
   0.0000000e+00
   0.0000000e+00
  -0.0000000e+00
  -5.0087731e-02
  -5.3825527e-02
  -4.7668125e-02
  -4.0542133e-02
  -3.5677727e-02
  -3.5190344e-02
  -3.4486573e-02
  -3.4260344e-02
  -3.4777448e-02
  -3.4982093e-02
  -3.4800109e-02
  -3.4562409e-02
  -3.5391759e-02
  -3.7820928e-02
  -4.2391710e-02
  -4.8458964e-02
  -5.4698169e-02
  -5.9004143e-02
  -5.9768584e-02
  -5.4901429e-02
  -3.6170715e-02
  -2.0884758e-02
   0.0000000e+00
   0.0000000e+00
   0.0000000e+00
  -0.0000000e+00
  -3.7732825e-02
  -1.4729006e-02
   0.0000000e+00
   0.0000000e+00
  -0.0000000e+00
  -2.8430304e-02
  -1.0925288e-02
   0.0000000e+00
  -0.0000000e+00
  -4.6167464e-02
  -4.7906023e-02
  -4.9786076e-02
  -3.4512684e-02
  -2.7898323e-02
  -2.2182819e-02
  -2.1779140e-02
  -2.2388304e-02
  -2.3906428e-02
  -2.6143633e-02
  -2.8442219e-02
  -3.1392578e-02
  -3.5650004e-02
  -4.1047148e-02
  -4.7319368e-02
  -5.4357119e-02
  -6.0109265e-02
  -6.3034430e-02
  -6.1554864e-02
  -5.4676242e-02
  -4.0709224e-02
  -1.7730996e-02
   0.0000000e+00
   0.0000000e+00
   0.0000000e+00
   0.0000000e+00
  -0.0000000e+00
  -3.0637143e-02
  -1.1961603e-02
   0.0000000e+00
   0.0000000e+00
  -0.0000000e+00
  -3.2089952e-02
  -1.1247701e-02
   0.0000000e+00
  -0.0000000e+00
  -4.2244129e-02
  -3.9856587e-02
  -3.7784584e-02
  -1.8338209e-02
  -1.3700558e-02
  -8.3445320e-03
  -8.8180322e-03
  -1.1234391e-02
  -1.4504596e-02
  -1.8647175e-02
  -2.2960296e-02
  -2.8765708e-02
  -3.6893819e-02
  -4.5508958e-02
  -5.3479530e-02
  -6.0268577e-02
  -6.4237811e-02
  -6.3514069e-02
  -5.6131229e-02
  -4.2763378e-02
  -2.3023240e-02
  -1.4795111e-03
   0.0000000e+00
   0.0000000e+00
   0.0000000e+00
   0.0000000e+00
  -0.0000000e+00
  -1.8509854e-02
  -4.4694720e-03
   0.0000000e+00
   0.0000000e+00
   0.0000000e+00
  -0.0000000e+00
  -1.5714820e-02
  -2.9438608e-02
  -3.5544456e-02
  -3.3119507e-02
  -2.8218675e-02
  -2.2488240e-02
  -9.1552077e-03
  -5.2489054e-03
  -7.7059446e-04
  -2.9801116e-03
  -7.3292926e-03
  -1.2770197e-02
  -1.8982902e-02
  -2.4895672e-02
  -3.1807952e-02
  -3.9951682e-02
  -4.7270931e-02
  -5.2999672e-02
  -5.6816660e-02
  -5.7969905e-02
  -5.4483663e-02
  -4.4421062e-02
  -2.9201791e-02
  -9.8081455e-03
   5.3005274e-03
   0.0000000e+00
   0.0000000e+00
   0.0000000e+00
  -0.0000000e+00
  -2.6783606e-02
  -1.1433735e-02
   7.4043268e-04
   0.0000000e+00
   0.0000000e+00
   0.0000000e+00
  -0.0000000e+00
  -2.4669640e-02
  -2.9487208e-02
  -2.6153410e-02
  -2.2416893e-02
  -1.7922824e-02
  -1.1004886e-02
  -4.7426352e-03
  -0.0000000e+00
   9.5463050e-04
  -3.1609836e-03
  -8.9671871e-03
  -1.6130697e-02
  -2.4108906e-02
  -3.1200301e-02
  -3.8103900e-02
  -4.4210801e-02
  -4.8102891e-02
  -4.9872553e-02
  -4.9850942e-02
  -4.8325268e-02
  -4.3548985e-02
  -3.3902917e-02
  -2.0486311e-02
  -4.0219896e-03
   8.2700178e-03
   0.0000000e+00
   0.0000000e+00
   0.0000000e+00
  -0.0000000e+00
  -1.9617875e-02
   0.0000000e+00
   0.0000000e+00
   0.0000000e+00
   0.0000000e+00
   0.0000000e+00
   0.0000000e+00
  -2.7515727e-02
  -2.2385516e-02
  -1.3892853e-02
  -1.1779271e-02
  -9.9766559e-03
  -5.2244408e-03
   0.0000000e+00
  -3.3309495e-03
  -2.2627855e-03
  -6.7682654e-03
  -1.1657374e-02
  -1.7494276e-02
  -2.4348813e-02
  -3.0895943e-02
  -3.7374198e-02
  -4.2899227e-02
  -4.6062024e-02
  -4.6822274e-02
  -4.5656746e-02
  -4.3407703e-02
  -3.8969642e-02
  -3.0862354e-02
  -2.0918372e-02
  -1.0666183e-02
   1.4257439e-03
   4.3813576e-03
   0.0000000e+00
  -0.0000000e+00
  -1.8936751e-02
  -2.7900344e-03
   0.0000000e+00
   0.0000000e+00
   0.0000000e+00
   0.0000000e+00
   0.0000000e+00
   0.0000000e+00
  -2.1730833e-02
  -8.9491446e-03
   1.1342347e-03
   2.7444848e-03
   1.5427907e-03
   6.4426168e-03
   0.0000000e+00
  -6.2821660e-03
  -8.7251849e-03
  -1.3271360e-02
  -1.6167503e-02
  -1.8572362e-02
  -2.1384932e-02
  -2.4774769e-02
  -2.9129278e-02
  -3.3292480e-02
  -3.5772488e-02
  -3.6242928e-02
  -3.5382442e-02
  -3.5224322e-02
  -3.5647817e-02
  -3.4364570e-02
  -3.1622004e-02
  -2.8516918e-02
  -1.5201166e-02
  -4.9699238e-03
   0.0000000e+00
  -0.0000000e+00
  -1.3768057e-02
   6.4145941e-03
   0.0000000e+00
   0.0000000e+00
   0.0000000e+00
   0.0000000e+00
   0.0000000e+00
   0.0000000e+00
  -0.0000000e+00
   1.9071946e-03
   1.6451230e-02
   1.8405256e-02
   1.2756806e-02
   0.0000000e+00
   0.0000000e+00
  -0.0000000e+00
  -1.9493056e-02
  -2.5163187e-02
  -2.7761564e-02
  -2.7958972e-02
  -2.6756434e-02
  -2.5797572e-02
  -2.6723310e-02
  -2.9139195e-02
  -3.1586051e-02
  -3.3259165e-02
  -3.4382753e-02
  -3.6142487e-02
  -3.8200982e-02
  -4.0232182e-02
  -4.2602912e-02
  -4.6223927e-02
  -4.7574151e-02
  -4.3560021e-02
   0.0000000e+00
  -4.3153979e-02
  -1.4191468e-02
   1.1106927e-02
   0.0000000e+00
   0.0000000e+00
   0.0000000e+00
   0.0000000e+00
   0.0000000e+00
   0.0000000e+00
  -1.4226241e-02
   9.8643983e-03
   2.5137152e-02
   3.3484187e-02
   0.0000000e+00
   0.0000000e+00
  -0.0000000e+00
  -3.1246182e-02
  -3.3005640e-02
  -3.9742220e-02
  -4.3825850e-02
  -4.4430472e-02
  -4.2137798e-02
  -3.9285637e-02
  -3.8740080e-02
  -4.1276094e-02
  -4.5778487e-02
  -5.0908890e-02
  -5.5208333e-02
  -5.6569204e-02
  -5.2487947e-02
  -4.5298409e-02
  -4.4407200e-02
  -5.1236741e-02
  -6.5935217e-02
  -7.2076943e-02
  -5.8602793e-02
  -4.7232334e-02
  -2.2995437e-02
   2.0441250e-03
   0.0000000e+00
   0.0000000e+00
   0.0000000e+00
   0.0000000e+00
   0.0000000e+00
  -0.0000000e+00
  -1.4666381e-02
   5.7536757e-03
   2.7252454e-02
   0.0000000e+00
   0.0000000e+00
   0.0000000e+00
  -0.0000000e+00
  -3.7563749e-02
  -4.1622113e-02
  -4.8896872e-02
  -5.4005828e-02
  -5.6160953e-02
  -5.5431396e-02
  -5.3937498e-02
  -5.4616116e-02
  -5.8161356e-02
  -6.4182431e-02
  -7.1536392e-02
  -7.7239700e-02
  -7.7307262e-02
  -6.8469480e-02
  -4.8809689e-02
  -3.5731223e-02
  -4.9151750e-02
  -5.8322448e-02
  -6.0169552e-02
  -5.3609096e-02
  -4.7795877e-02
  -3.8320497e-02
  -2.2055518e-02
   0.0000000e+00
   0.0000000e+00
   0.0000000e+00
   0.0000000e+00
   0.0000000e+00
  -0.0000000e+00
  -1.6817962e-02
   8.2717799e-03
   2.3410086e-02
   0.0000000e+00
   0.0000000e+00
   0.0000000e+00
  -0.0000000e+00
  -3.8923295e-02
  -4.3301269e-02
  -5.0853185e-02
  -5.6820150e-02
  -6.0542151e-02
  -6.2086403e-02
  -6.2743001e-02
  -6.4033061e-02
  -6.6938780e-02
  -7.1669638e-02
  -7.7449262e-02
  -8.1590742e-02
  -8.0316141e-02
  -7.0844568e-02
  -4.5783885e-02
  -1.8586902e-02
  -4.5184633e-02
  -4.6414221e-02
  -4.5301814e-02
  -4.3238223e-02
  -4.4485167e-02
  -4.9296755e-02
  -4.8461981e-02
   0.0000000e+00
   0.0000000e+00
   0.0000000e+00
   0.0000000e+00
   0.0000000e+00
  -0.0000000e+00
  -3.0083463e-02
   6.6357261e-03
   2.3410085e-02
   0.0000000e+00
   0.0000000e+00
   0.0000000e+00
  -0.0000000e+00
  -3.3150654e-02
  -3.8931288e-02
  -4.7303762e-02
  -5.4148562e-02
  -5.9545852e-02
  -6.2938392e-02
  -6.4909406e-02
  -6.5420255e-02
  -6.5677039e-02
  -6.6729859e-02
  -6.8497002e-02
  -6.9394261e-02
  -6.6947311e-02
  -5.8479909e-02
  -3.5314295e-02
  -9.4495204e-03
   0.0000000e+00
  -0.0000000e+00
  -2.8661933e-02
  -2.9864263e-02
  -3.6041610e-02
  -4.8776016e-02
  -6.2882365e-02
  -5.0829672e-02
   0.0000000e+00
  -0.0000000e+00
  -5.5178587e-02
  -5.5008753e-02
  -3.3567325e-02
  -2.9260661e-02
  -1.3509019e-02
   0.0000000e+00
   0.0000000e+00
   0.0000000e+00
   0.0000000e+00
  -0.0000000e+00
  -2.2374189e-02
  -2.8302286e-02
  -3.6310643e-02
  -4.3108251e-02
  -4.9491033e-02
  -5.3902239e-02
  -5.5917095e-02
  -5.5807061e-02
  -5.4004733e-02
  -5.2245636e-02
  -5.0697483e-02
  -4.9234536e-02
  -4.6229880e-02
  -3.9294869e-02
  -2.1161081e-02
  -2.5244264e-03
  -0.0000000e+00
  -1.0118460e-02
  -7.4174339e-03
  -1.1774863e-02
  -2.1401271e-02
  -3.4931220e-02
  -5.1001064e-02
  -4.9851894e-02
   0.0000000e+00
  -0.0000000e+00
  -4.0299997e-02
  -3.7491646e-02
  -2.7172771e-02
  -2.0899630e-02
  -1.9554220e-02
   0.0000000e+00
   0.0000000e+00
   0.0000000e+00
   0.0000000e+00
   0.0000000e+00
  -6.3440331e-03
  -1.0829436e-02
  -1.7739072e-02
  -2.4374597e-02
  -3.0825973e-02
  -3.5371516e-02
  -3.7475646e-02
  -3.7785038e-02
  -3.6376279e-02
  -3.4845985e-02
  -3.2603495e-02
  -3.0396823e-02
  -2.7174026e-02
  -2.0962391e-02
  -6.5009035e-03
   3.9173871e-03
  -0.0000000e+00
   3.7012454e-03
   1.6611699e-02
   8.9850295e-03
  -3.5067312e-03
  -1.6632264e-02
  -3.1611055e-02
  -3.0828717e-02
  -2.7872670e-02
  -2.1876933e-02
  -2.7596592e-02
  -2.1155940e-02
  -1.4775747e-02
  -7.5708151e-03
   4.6691759e-03
   0.0000000e+00
   0.0000000e+00
   0.0000000e+00
   0.0000000e+00
   0.0000000e+00
   1.8663390e-02
   2.2789560e-02
   1.8585602e-02
   1.1151359e-02
   4.6143243e-03
  -6.2653655e-04
  -4.0287958e-03
  -6.1234012e-03
  -7.6260515e-03
  -8.5257934e-03
  -7.9862690e-03
  -6.2420946e-03
  -3.2459169e-03
   2.0576252e-03
   1.2256504e-02
   1.6330186e-02
   0.0000000e+00
   2.8076700e-02
   3.8239608e-02
   3.1837158e-02
   2.0543005e-02
   9.1923056e-03
  -4.8180735e-03
  -1.0231602e-02
  -0.0000000e+00
  -5.7122070e-03
   0.0000000e+00
  -5.5087531e-05
   7.5272571e-03
   1.5305100e-02
   0.0000000e+00
   0.0000000e+00
   0.0000000e+00
   0.0000000e+00
   0.0000000e+00
   0.0000000e+00
   3.2240068e-02
   4.6727780e-02
   5.0739370e-02
   4.4548119e-02
   3.8429406e-02
   3.2231160e-02
   2.7212969e-02
   2.2572866e-02
   1.7965747e-02
   1.4830904e-02
   1.3475496e-02
   1.3971688e-02
   1.5947964e-02
   1.9924365e-02
   2.5100580e-02
   2.1762035e-02
   0.0000000e+00
   0.0000000e+00
   0.0000000e+00
   3.9717745e-02
   3.7560787e-02
   2.9757939e-02
   1.5995270e-02
   4.6259589e-03
   0.0000000e+00
   0.0000000e+00
   0.0000000e+00
   1.6259205e-02
   1.5819336e-02
   0.0000000e+00
   0.0000000e+00
   0.0000000e+00
   0.0000000e+00
   0.0000000e+00
   0.0000000e+00
   0.0000000e+00
   0.0000000e+00
   6.5666319e-02
   7.7329844e-02
   7.2000906e-02
   6.9324613e-02
   6.4532772e-02
   5.8379371e-02
   5.1342793e-02
   4.4415984e-02
   3.9311960e-02
   3.6518343e-02
   3.5489663e-02
   3.5263229e-02
   3.5683990e-02
   3.6287350e-02
   0.0000000e+00
   0.0000000e+00
   0.0000000e+00
   0.0000000e+00
   0.0000000e+00
   4.9447365e-02
   4.7648970e-02
   3.6215823e-02
   2.3716565e-02
   1.9448958e-02
   0.0000000e+00
   0.0000000e+00
   0.0000000e+00
   0.0000000e+00
   0.0000000e+00
   0.0000000e+00
   0.0000000e+00
   0.0000000e+00
   0.0000000e+00
   0.0000000e+00
   0.0000000e+00
   0.0000000e+00
   0.0000000e+00
   6.8081357e-02
   7.0918867e-02
   7.6137945e-02
   7.6154374e-02
   7.1966374e-02
   6.5462261e-02
   5.9357025e-02
   5.4801735e-02
   5.1718619e-02
   4.9399894e-02
   4.6172531e-02
   4.1646931e-02
   3.4570491e-02
   0.0000000e+00
   0.0000000e+00
   0.0000000e+00
   0.0000000e+00
   0.0000000e+00
   0.0000000e+00
   4.7996098e-02
   4.3471612e-02
   3.9748976e-02
   3.9740611e-02
   0.0000000e+00
   0.0000000e+00
   0.0000000e+00
   0.0000000e+00
   0.0000000e+00
   0.0000000e+00
   0.0000000e+00
   0.0000000e+00
   0.0000000e+00
   0.0000000e+00
   0.0000000e+00
   0.0000000e+00
   0.0000000e+00
   4.7089202e-02
   5.5010892e-02
   6.4151078e-02
   6.8287089e-02
   6.8291761e-02
   6.5628446e-02
   6.2420394e-02
   5.9770022e-02
   5.7843462e-02
   5.4695320e-02
   4.9516872e-02
   4.3058316e-02
   2.8089762e-02
   0.0000000e+00
   0.0000000e+00
   0.0000000e+00
   0.0000000e+00
   0.0000000e+00
   0.0000000e+00
   0.0000000e+00
   4.1349335e-02
   4.5671103e-02
   4.3949054e-02
   4.6661837e-02
   0.0000000e+00
   0.0000000e+00
   0.0000000e+00
   0.0000000e+00
   0.0000000e+00
   0.0000000e+00
   0.0000000e+00
   0.0000000e+00
   0.0000000e+00
   0.0000000e+00
   0.0000000e+00
   0.0000000e+00
   2.3640085e-02
   2.6387831e-02
   3.4392677e-02
   4.2166762e-02
   4.7368492e-02
   5.0158694e-02
   5.1178668e-02
   5.1762077e-02
   5.1436618e-02
   4.9398959e-02
   4.5193328e-02
   3.9082114e-02
   3.2023366e-02
   0.0000000e+00
   0.0000000e+00
   0.0000000e+00
   0.0000000e+00
   0.0000000e+00
   0.0000000e+00
   0.0000000e+00
   3.2731039e-02
   3.2571775e-02
   2.8606805e-02
   0.0000000e+00
   0.0000000e+00
   0.0000000e+00
   0.0000000e+00
   0.0000000e+00
   0.0000000e+00
   0.0000000e+00
   0.0000000e+00
   0.0000000e+00
   0.0000000e+00
   0.0000000e+00
   0.0000000e+00
   0.0000000e+00
  -1.3798974e-02
  -7.8172674e-03
  -3.0979848e-03
   6.0853735e-03
   1.4748180e-02
   2.1055562e-02
   2.6272884e-02
   3.0497031e-02
   3.3441734e-02
   3.4478396e-02
   3.2521579e-02
   2.7332354e-02
   0.0000000e+00
   0.0000000e+00
   0.0000000e+00
   0.0000000e+00
   0.0000000e+00
   0.0000000e+00
   0.0000000e+00
   0.0000000e+00
   0.0000000e+00
   0.0000000e+00
   0.0000000e+00
   0.0000000e+00
   0.0000000e+00
   0.0000000e+00
   0.0000000e+00
   0.0000000e+00
   0.0000000e+00
   0.0000000e+00
   0.0000000e+00
   0.0000000e+00
   0.0000000e+00
   0.0000000e+00
   0.0000000e+00
   0.0000000e+00
   0.0000000e+00
  -0.0000000e+00
  -0.0000000e+00
  -2.2767408e-02
  -1.5888065e-02
  -8.7470291e-03
  -3.8287230e-03
   4.7495343e-03
   8.2370257e-03
   1.1497576e-02
   9.9836946e-03
   8.8078818e-03
   0.0000000e+00
   0.0000000e+00
   0.0000000e+00
   0.0000000e+00
   0.0000000e+00
   0.0000000e+00
   0.0000000e+00
   0.0000000e+00
   0.0000000e+00
   0.0000000e+00
   0.0000000e+00
  -0.0000000e+00
  -0.0000000e+00
  -0.0000000e+00
  -0.0000000e+00
  -0.0000000e+00
  -0.0000000e+00
   0.0000000e+00
   0.0000000e+00
   0.0000000e+00
   0.0000000e+00
   0.0000000e+00
   0.0000000e+00
  -0.0000000e+00
  -0.0000000e+00
  -0.0000000e+00
  -0.0000000e+00
  -0.0000000e+00
  -2.2831303e-02
  -2.1192019e-02
  -2.5441787e-02
  -0.0000000e+00
  -0.0000000e+00
  -0.0000000e+00
  -0.0000000e+00
  -0.0000000e+00
  -0.0000000e+00
  -0.0000000e+00
  -0.0000000e+00
  -0.0000000e+00
  -0.0000000e+00
  -0.0000000e+00
  -0.0000000e+00
  -0.0000000e+00
  -0.0000000e+00
  -0.0000000e+00
  -0.0000000e+00
  -0.0000000e+00
  -0.0000000e+00
  -0.0000000e+00
  -0.0000000e+00
  -0.0000000e+00
  -0.0000000e+00
  -0.0000000e+00
  -0.0000000e+00
  -0.0000000e+00
   0.0000000e+00
