  0.3711  0.3656  0.3474  0.3492  0.3484  0.3517  0.3536  0.3546  0.3574  0.3472  0.3608  0.3572  0.3535  0.3506  0.3504  0.3526  0.3455  0.3487  0.3597  0.3548  0.3517  0.3643  0.3707  0.3689  0.3756  0.4011  0.4131  0.4086  0.4172  0.4200  0.4312  0.4361  0.4228  0.4029  0.3985  0.3938
  0.3112  0.3229  0.3527  0.3519  0.3356  0.3506  0.3549  0.3622  0.3663  0.3635  0.3555  0.3480  0.3383  0.3271  0.3349  0.3464  0.3006  0.2896  0.3026  0.3129  0.3065  0.3109  0.3173  0.3066  0.3153  0.3347  0.3290  0.3177  0.3164  0.3182  0.3190  0.3416  0.3224  0.3429  0.3310  0.3134
  0.3053  0.3229  0.3324  0.3247  0.3412  0.3547  0.3640  0.3681  0.3681  0.3647  0.3596  0.3533  0.3458  0.3356  0.3126  0.3200  0.3090  0.2684  0.2718  0.2886  0.2864  0.2916  0.2938  0.2965  0.3321  0.3275  0.3019  0.3111  0.2941  0.2864  0.2945  0.2892  0.2891  0.2916  0.2811  0.2833
  0.2885  0.2976  0.3169  0.3279  0.3512  0.3612  0.3630  0.3603  0.3566  0.3512  0.3452  0.3394  0.3311  0.3217  0.3056  0.2945  0.3074  0.2586  0.2545  0.2757  0.2835  0.2898  0.2960  0.3000  0.2979  0.2931  0.3157  0.2757  0.2707  0.2718  0.2750  0.2661  0.2641  0.2598  0.2703  0.2829
  0.2764  0.2785  0.3084  0.3282  0.3491  0.3536  0.3518  0.3470  0.3409  0.3351  0.3272  0.3193  0.3109  0.3024  0.2910  0.2864  0.3222  0.2521  0.2476  0.2619  0.2734  0.2883  0.2948  0.2741  0.2962  0.2867  0.2679  0.2652  0.2671  0.2621  0.2645  0.2602  0.2548  0.2773  0.2907  0.2786
  0.2616  0.2739  0.3030  0.3213  0.3366  0.3372  0.3345  0.3287  0.3231  0.3162  0.3077  0.3004  0.2931  0.2855  0.2761  0.2734  0.2885  0.2418  0.2411  0.2525  0.2720  0.2824  0.2820  0.2823  0.2897  0.2631  0.2673  0.2630  0.2609  0.2552  0.2462  0.2450  0.2517  0.2522  0.2551  0.2495
  0.2525  0.2645  0.2747  0.3143  0.3187  0.3154  0.3106  0.3061  0.3012  0.2953  0.2895  0.2849  0.2798  0.2722  0.2622  0.2464  0.2757  0.2387  0.2351  0.2556  0.2530  0.2673  0.2806  0.2794  0.2667  0.2458  0.2607  0.2463  0.2288  0.2376  0.2311  0.2278  0.2417  0.2594  0.3024  0.2480
  0.2277  0.2356  0.2887  0.3062  0.2973  0.2887  0.2823  0.2800  0.2775  0.2742  0.2716  0.2697  0.2664  0.2587  0.2488  0.2353  0.2356  0.2308  0.2262  0.2541  0.2346  0.2585  0.2640  0.2540  0.2325  0.2373  0.2225  0.2243  0.1952  0.2171  0.2181  0.2218  0.2537  0.3033  0.3018  0.2414
  0.2287  0.2383  0.2850  0.2785  0.2655  0.2567  0.2520  0.2520  0.2528  0.2524  0.2531  0.2532  0.2506  0.2444  0.2364  0.2242  0.2184  0.2252  0.2032  0.2158  0.2287  0.2384  0.2302  0.2168  0.1867  0.2232  0.1869  0.2012  0.1996  0.2045  0.1918  0.2258  0.2952  0.3082  0.2860  0.2168
  0.2307  0.2595  0.2699  0.2585  0.2477  0.2399  0.2380  0.2394  0.2414  0.2429  0.2442  0.2452  0.2433  0.2395  0.2333  0.2222  0.2082  0.2283  0.1913  0.2058  0.2159  0.2101  0.2044  0.1950  0.1714  0.1778  0.1779  0.1987  0.1978  0.2088  0.1993  0.1735  0.2677  0.2599  0.2352  0.2150
  0.2437  0.2579  0.2535  0.2468  0.2386  0.2337  0.2346  0.2382  0.2407  0.2422  0.2431  0.2442  0.2428  0.2413  0.2378  0.2276  0.2073  0.2281  0.2049  0.1893  0.1901  0.1917  0.1906  0.1784  0.1541  0.2878  0.2706  0.1981  0.2022  0.2065  0.2119  0.1858  0.2455  0.2120  0.2165  0.2237
  0.2329  0.2450  0.2457  0.2447  0.2385  0.2353  0.2374  0.2421  0.2456  0.2470  0.2471  0.2484  0.2471  0.2466  0.2434  0.2349  0.2114  0.2218  0.2782  0.1846  0.1840  0.1890  0.1858  0.1704  0.1978  0.2523  0.2506  0.2115  0.1870  0.2138  0.1956  0.1716  0.1946  0.2132  0.2302  0.2441
  0.2255  0.2365  0.2454  0.2491  0.2422  0.2390  0.2418  0.2471  0.2524  0.2546  0.2543  0.2543  0.2527  0.2514  0.2462  0.2354  0.2109  0.2218  0.1931  0.1779  0.1831  0.1878  0.1812  0.1619  0.2094  0.2210  0.2314  0.2196  0.1958  0.2172  0.1991  0.1873  0.1735  0.2213  0.2436  0.2672
  0.2476  0.2500  0.2506  0.2587  0.2501  0.2472  0.2510  0.2559  0.2618  0.2641  0.2641  0.2625  0.2591  0.2516  0.2380  0.2197  0.1984  0.1784  0.1797  0.1759  0.1823  0.1900  0.1881  0.1720  0.2287  0.2514  0.2556  0.2419  0.2381  0.2430  0.2211  0.1954  0.1969  0.2160  0.2558  0.2858
  0.2530  0.2563  0.2649  0.2662  0.2585  0.2577  0.2612  0.2637  0.2666  0.2672  0.2688  0.2700  0.2683  0.2555  0.2319  0.2056  0.1903  0.1856  0.1678  0.1567  0.1914  0.2005  0.1997  0.1904  0.2493  0.2667  0.2572  0.2459  0.2473  0.2551  0.2336  0.1986  0.2177  0.2492  0.2672  0.2923
  0.2288  0.2587  0.2729  0.2674  0.2622  0.2619  0.2624  0.2622  0.2621  0.2627  0.2674  0.2744  0.2784  0.2670  0.2413  0.2150  0.2029  0.1949  0.1801  0.1568  0.2607  0.2391  0.2106  0.2142  0.2731  0.2748  0.2535  0.2455  0.2439  0.2479  0.2260  0.2062  0.2183  0.2688  0.2895  0.2729
  0.2435  0.2596  0.2480  0.2498  0.2423  0.2358  0.2281  0.2215  0.2167  0.2154  0.2215  0.2335  0.2483  0.2529  0.2492  0.2447  0.2409  0.2315  0.2278  0.2310  0.2589  0.2790  0.2181  0.2402  0.3119  0.2903  0.2598  0.2460  0.2424  0.2702  0.2360  0.2105  0.2197  0.2348  0.2502  0.2289
  0.2665  0.2588  0.2270  0.2267  0.2129  0.1982  0.1815  0.1689  0.1603  0.1551  0.1567  0.1643  0.1773  0.1895  0.2039  0.2230  0.2447  0.2659  0.2767  0.2998  0.2467  0.2486  0.2216  0.2396  0.3000  0.2998  0.2708  0.2476  0.2758  0.3081  0.2373  0.2045  0.2095  0.2069  0.2052  0.2018
  0.2455  0.2610  0.2217  0.2212  0.2091  0.1948  0.1796  0.1689  0.1606  0.1545  0.1536  0.1598  0.1725  0.1863  0.2014  0.2209  0.2473  0.2790  0.2957  0.3161  0.2603  0.2527  0.2220  0.2225  0.2652  0.2839  0.2721  0.2496  0.2967  0.3077  0.2257  0.1869  0.1938  0.1959  0.1943  0.2007
  0.2216  0.2310  0.2311  0.2339  0.2305  0.2247  0.2190  0.2139  0.2066  0.1968  0.1896  0.1909  0.2024  0.2193  0.2380  0.2557  0.2670  0.2751  0.2677  0.2800  0.2545  0.2448  0.2322  0.2142  0.2162  0.2156  0.2563  0.2436  0.3079  0.3020  0.1865  0.1806  0.1885  0.2042  0.2070  0.2150
  0.2272  0.2369  0.2476  0.2524  0.2534  0.2506  0.2474  0.2432  0.2341  0.2176  0.2016  0.1940  0.1990  0.2134  0.2324  0.2487  0.2603  0.2663  0.2475  0.2430  0.2516  0.2572  0.2463  0.2162  0.2068  0.1789  0.2329  0.2378  0.2845  0.2695  0.1957  0.2016  0.1971  0.2084  0.2161  0.2266
  0.2352  0.2435  0.2535  0.2592  0.2617  0.2587  0.2536  0.2462  0.2345  0.2163  0.1993  0.1887  0.1882  0.1955  0.2077  0.2220  0.2395  0.2504  0.2406  0.2380  0.2521  0.2629  0.2488  0.2272  0.1974  0.1634  0.2335  0.2397  0.2383  0.2214  0.2071  0.2330  0.2221  0.2137  0.2181  0.2278
  0.2321  0.2397  0.2466  0.2525  0.2556  0.2547  0.2506  0.2452  0.2363  0.2222  0.2092  0.1998  0.1944  0.1922  0.1935  0.2013  0.2160  0.2265  0.2200  0.2426  0.2443  0.2680  0.2484  0.2357  0.1856  0.1588  0.2663  0.2306  0.2355  0.2177  0.2084  0.2260  0.2283  0.2060  0.2157  0.2240
  0.2217  0.2291  0.2329  0.2376  0.2408  0.2414  0.2414  0.2410  0.2385  0.2339  0.2270  0.2198  0.2124  0.2039  0.1958  0.1937  0.2012  0.2084  0.2049  0.2222  0.2460  0.2611  0.2608  0.2549  0.1875  0.1522  0.2607  0.2234  0.2277  0.2157  0.2017  0.2137  0.2369  0.2229  0.2065  0.2143
  0.2128  0.2167  0.2179  0.2248  0.2275  0.2297  0.2343  0.2378  0.2394  0.2399  0.2393  0.2349  0.2274  0.2183  0.2071  0.1990  0.2004  0.2036  0.1977  0.1998  0.2376  0.2403  0.2666  0.2584  0.2029  0.1584  0.2605  0.2587  0.2163  0.2065  0.1978  0.2018  0.2334  0.2211  0.2000  0.2074
  0.2094  0.2071  0.1971  0.2064  0.2160  0.2190  0.2270  0.2352  0.2402  0.2434  0.2467  0.2463  0.2408  0.2323  0.2211  0.2099  0.2050  0.2041  0.1971  0.1823  0.2226  0.2290  0.2618  0.2573  0.2215  0.1633  0.2884  0.3014  0.2693  0.1979  0.1965  0.2116  0.2343  0.1990  0.2077  0.2099
  0.2155  0.2072  0.1886  0.1908  0.2124  0.2136  0.2210  0.2314  0.2394  0.2450  0.2504  0.2533  0.2526  0.2469  0.2371  0.2275  0.2188  0.2122  0.2026  0.1719  0.2194  0.2237  0.2472  0.2489  0.2416  0.1826  0.2950  0.3127  0.2300  0.2011  0.2083  0.2196  0.2099  0.2130  0.2232  0.2203
  0.2277  0.2150  0.2059  0.2234  0.2063  0.2227  0.2268  0.2358  0.2434  0.2490  0.2541  0.2565  0.2579  0.2559  0.2503  0.2437  0.2366  0.2272  0.2128  0.1840  0.2512  0.2418  0.2315  0.2486  0.2532  0.2026  0.2885  0.2991  0.2233  0.2039  0.2176  0.2178  0.2228  0.2302  0.2357  0.2333
  0.2491  0.2287  0.2037  0.2201  0.2080  0.2435  0.2504  0.2547  0.2589  0.2612  0.2638  0.2647  0.2656  0.2660  0.2654  0.2647  0.2615  0.2547  0.2391  0.2144  0.2580  0.2615  0.2196  0.2577  0.2671  0.2313  0.2839  0.2809  0.2350  0.2281  0.2423  0.2518  0.2570  0.2601  0.2617  0.2572
  0.2651  0.2658  0.2470  0.2364  0.2298  0.2478  0.2710  0.2736  0.2760  0.2771  0.2774  0.2765  0.2769  0.2774  0.2784  0.2808  0.2807  0.2775  0.2667  0.2707  0.2698  0.2300  0.2432  0.2775  0.2872  0.2632  0.2902  0.2748  0.2375  0.2518  0.2674  0.2764  0.2825  0.2823  0.2809  0.2747
  0.2758  0.3115  0.2866  0.2797  0.2870  0.2454  0.2867  0.2930  0.2941  0.2950  0.2950  0.2938  0.2938  0.2934  0.2954  0.2972  0.2970  0.2965  0.2904  0.3256  0.2697  0.2458  0.2820  0.3023  0.3085  0.2954  0.3263  0.3032  0.2723  0.2834  0.2911  0.2981  0.3020  0.2992  0.2963  0.2888
  0.3392  0.3297  0.3215  0.2842  0.3057  0.2853  0.3028  0.3169  0.3143  0.3127  0.3132  0.3135  0.3131  0.3126  0.3124  0.3115  0.3103  0.3087  0.3056  0.3774  0.2976  0.2816  0.3084  0.3175  0.3205  0.3181  0.3095  0.2990  0.2975  0.3100  0.3145  0.3171  0.3173  0.3137  0.3105  0.3091
  0.3737  0.3412  0.3261  0.2930  0.3058  0.3258  0.3177  0.3282  0.3226  0.3201  0.3241  0.3297  0.3280  0.3256  0.3220  0.3198  0.3166  0.3141  0.3106  0.3576  0.3072  0.3071  0.3223  0.3266  0.3281  0.3278  0.3233  0.3188  0.3211  0.3261  0.3295  0.3298  0.3275  0.3253  0.3193  0.3197
  0.3409  0.3220  0.3011  0.3041  0.3101  0.3417  0.3339  0.3389  0.3494  0.3528  0.3435  0.3436  0.3435  0.3390  0.3342  0.3299  0.3252  0.3221  0.3203  0.3202  0.3234  0.3322  0.3409  0.3430  0.3436  0.3425  0.3400  0.3389  0.3419  0.3444  0.3438  0.3412  0.3397  0.3380  0.3302  0.3140
  0.3139  0.3096  0.3061  0.3051  0.3098  0.3282  0.3565  0.3584  0.3627  0.3645  0.3641  0.3613  0.3597  0.3558  0.3511  0.3398  0.3286  0.3139  0.3598  0.3404  0.3509  0.3518  0.3514  0.3457  0.3428  0.3443  0.3448  0.3408  0.3375  0.3349  0.3343  0.3355  0.3369  0.3327  0.3306  0.3249
  0.3218  0.3094  0.3196  0.3172  0.3207  0.3272  0.3576  0.3606  0.3502  0.3611  0.3562  0.3488  0.3500  0.3517  0.3509  0.3377  0.3233  0.3232  0.3274  0.3337  0.3406  0.3189  0.3111  0.3142  0.3271  0.3313  0.3320  0.3345  0.3326  0.3241  0.3271  0.3259  0.3267  0.3322  0.3369  0.3326
