  2.136608e-01
  1.112415e-01
  9.999714e-02
  9.431078e-02
  9.146662e-02
  8.652606e-02
  8.719465e-02
  8.947784e-02
  8.855012e-02
  7.498700e-02
  8.301613e-02
  8.155514e-02
  7.058801e-02
  6.664812e-02
  6.646411e-02
  7.145363e-02
  7.589038e-02
  7.861747e-02
  8.195021e-02
  7.558337e-02
  6.987435e-02
  6.547231e-02
  6.790568e-02
  6.973767e-02
  7.179776e-02
  7.952320e-02
  7.779585e-02
  7.888622e-02
  7.658385e-02
  6.879596e-02
  6.818203e-02
  7.110691e-02
  7.442574e-02
  7.620398e-02
  7.807273e-02
  1.032973e-01
