  3.737935e-01
  3.297374e-01
  3.155802e-01
  3.033481e-01
  2.942234e-01
  2.809444e-01
  2.686023e-01
  2.537629e-01
  2.368463e-01
  2.232762e-01
  2.239397e-01
  2.241457e-01
  2.231128e-01
  2.312933e-01
  2.382757e-01
  2.451266e-01
  2.427499e-01
  2.272642e-01
  2.244221e-01
  2.295575e-01
  2.317780e-01
  2.288578e-01
  2.258406e-01
  2.231602e-01
  2.215527e-01
  2.238243e-01
  2.259500e-01
  2.343333e-01
  2.497678e-01
  2.678363e-01
  2.915990e-01
  3.120180e-01
  3.239311e-01
  3.337191e-01
  3.396951e-01
  3.332229e-01
