   0.0000000e+00
   8.3736613e-03
   9.6149878e-03
   0.0000000e+00
   2.9556968e-03
  -0.0000000e+00
   0.0000000e+00
   1.9141804e-02
   1.3683930e-02
   7.5741848e-03
   8.1000224e-03
   7.1965321e-03
   0.0000000e+00
   4.4947799e-03
   7.9816011e-03
   8.8928474e-03
   0.0000000e+00
   8.8047247e-03
   5.6547378e-03
   1.8765074e-03
   1.4905353e-03
   5.6967607e-03
   6.4916042e-03
  -0.0000000e+00
  -0.0000000e+00
   0.0000000e+00
   0.0000000e+00
   0.0000000e+00
   0.0000000e+00
   0.0000000e+00
   0.0000000e+00
   0.0000000e+00
   0.0000000e+00
   0.0000000e+00
   0.0000000e+00
   0.0000000e+00
   3.6389898e-03
   3.9344170e-04
  -2.1267406e-05
   4.9439982e-03
   6.7853652e-03
   1.1202114e-03
   1.5818041e-02
   1.7895884e-02
   1.0653673e-02
   8.5789235e-03
   6.6584987e-03
   6.3531327e-03
   8.6858066e-03
   1.0242395e-02
   1.0057542e-02
   8.3838937e-03
   6.5694836e-03
  -3.6527946e-03
   0.0000000e+00
   3.2453970e-03
  -8.5652666e-04
   4.2898878e-03
   4.0374133e-03
   8.5601047e-04
  -8.5651276e-04
  -9.1833175e-04
   1.2740238e-04
  -2.4158820e-03
   5.2773777e-04
  -4.1795117e-04
   4.8469095e-03
   1.2096057e-02
   1.0750066e-02
   5.2055537e-03
   1.9036361e-03
  -9.8795578e-04
  -0.0000000e+00
  -0.0000000e+00
   0.0000000e+00
   0.0000000e+00
   0.0000000e+00
   0.0000000e+00
   1.5060450e-02
   1.1234097e-02
   6.7910278e-03
   6.5202255e-03
   6.1520056e-03
   7.5980187e-03
   9.5714776e-03
   9.2979539e-03
   8.3647352e-03
   7.1630940e-03
   4.7249463e-03
  -2.2089324e-03
  -8.2154160e-04
  -2.2845243e-03
  -5.4345410e-03
  -1.4609942e-03
   2.3425915e-03
   2.8354286e-03
   1.1457404e-03
  -1.8387223e-03
  -4.4925972e-03
  -4.1279183e-03
  -6.8231643e-04
   2.7032245e-03
   6.5726835e-03
   1.0053450e-02
   1.1285459e-02
   8.6275310e-03
   5.2389847e-03
  -8.9103325e-05
   0.0000000e+00
   0.0000000e+00
   0.0000000e+00
   0.0000000e+00
   0.0000000e+00
   0.0000000e+00
   1.0859799e-02
   4.6321414e-03
  -3.9636215e-03
  -7.6934813e-03
  -1.1707963e-03
   1.2049617e-03
   3.3965819e-03
   3.9062561e-03
   2.1387155e-03
   1.8589961e-03
   7.5502705e-04
  -2.1456243e-03
  -7.8501375e-03
  -0.0000000e+00
  -9.0651555e-03
  -4.6503571e-03
   2.1759911e-04
   1.5661283e-03
  -2.0307486e-03
  -8.5682394e-03
  -1.3533417e-02
  -1.1797643e-02
  -5.1420494e-03
   1.2106476e-03
   6.4252207e-03
   8.4273629e-03
   5.9150499e-03
   2.7053316e-03
  -1.8639240e-03
  -8.7952452e-03
   0.0000000e+00
   0.0000000e+00
   0.0000000e+00
   0.0000000e+00
   0.0000000e+00
   1.8035773e-02
   7.3859170e-03
  -4.6464852e-03
  -1.0404008e-02
  -1.1874587e-02
  -1.0198812e-02
  -6.9944258e-03
  -5.2659996e-03
  -4.5685619e-03
  -5.6656948e-03
  -5.3172843e-03
  -6.6920086e-03
  -9.5205763e-03
  -1.6870510e-02
  -0.0000000e+00
  -0.0000000e+00
  -5.0170273e-03
  -2.6345230e-03
  -2.4331966e-03
  -9.3257474e-03
  -1.8411631e-02
  -2.4238240e-02
  -1.3868189e-02
  -4.6843290e-03
   7.2862441e-04
   4.0819561e-03
   3.8519967e-03
  -1.3459680e-03
  -6.1805537e-03
  -1.0086273e-02
  -1.3274622e-02
  -5.6966514e-03
   0.0000000e+00
   0.0000000e+00
   0.0000000e+00
   0.0000000e+00
   1.1809395e-02
   3.6490620e-03
  -1.1082179e-02
  -1.6151819e-02
  -1.6394932e-02
  -1.4842153e-02
  -1.1990903e-02
  -1.1470221e-02
  -1.1240611e-02
  -1.1019480e-02
  -1.1243920e-02
  -1.2179366e-02
  -1.3945327e-02
  -1.8048385e-02
  -1.8853675e-02
  -0.0000000e+00
  -6.3514122e-03
  -5.4913981e-03
  -7.5661801e-03
  -1.6309513e-02
  -2.4310832e-02
  -0.0000000e+00
  -0.0000000e+00
   6.4882316e-04
   1.0604657e-03
   2.7930570e-03
   4.3784775e-04
  -7.2039483e-03
  -1.2950363e-02
  -1.4432477e-02
  -1.1820495e-02
  -2.7320430e-03
   0.0000000e+00
   0.0000000e+00
  -0.0000000e+00
   3.6195377e-03
   9.7911429e-03
  -1.4889656e-03
  -1.6049273e-02
  -1.9222055e-02
  -1.7793613e-02
  -1.5455975e-02
  -1.3386434e-02
  -1.3448587e-02
  -1.3276517e-02
  -1.2551763e-02
  -1.2711764e-02
  -1.3634486e-02
  -1.4260540e-02
  -1.3209016e-02
  -1.2760480e-02
   0.0000000e+00
  -9.4925753e-03
  -8.1918379e-03
  -1.2376823e-02
  -1.8992389e-02
  -2.0950483e-02
  -0.0000000e+00
   0.0000000e+00
  -1.2606139e-03
  -6.7556129e-04
   5.4208603e-03
  -1.0244579e-04
  -1.0120247e-02
  -1.5515192e-02
  -1.5038723e-02
  -1.0083321e-02
   1.1598731e-03
   6.6891707e-03
  -5.2381382e-03
  -2.8299979e-03
   7.0496405e-03
   3.4826633e-03
  -1.1374650e-02
  -1.9070782e-02
  -1.8580696e-02
  -1.5714580e-02
  -1.3151394e-02
  -1.1620377e-02
  -1.1652901e-02
  -1.1362124e-02
  -1.0973881e-02
  -1.0864452e-02
  -1.1317855e-02
  -1.0645250e-02
  -3.5483092e-03
   1.2454918e-02
   0.0000000e+00
  -0.0000000e+00
  -9.8316967e-03
  -1.5002955e-02
  -1.5311068e-02
  -4.0362747e-03
   0.0000000e+00
   0.0000000e+00
  -0.0000000e+00
  -3.8379803e-03
   1.1317324e-02
   9.0759620e-04
  -1.0440790e-02
  -1.2890926e-02
  -1.1551197e-02
  -6.4782319e-03
   5.6846170e-03
   1.0529097e-02
   5.0717858e-03
   0.0000000e+00
   8.0517319e-03
  -2.9237664e-03
  -1.1960487e-02
  -1.4240887e-02
  -1.2450591e-02
  -9.9645443e-03
  -8.1332540e-03
  -7.2210417e-03
  -7.3920889e-03
  -7.5681093e-03
  -7.6774443e-03
  -7.5224834e-03
  -7.1668182e-03
  -4.2105759e-03
   7.0909322e-03
   2.8333024e-02
   0.0000000e+00
   0.0000000e+00
  -0.0000000e+00
  -1.7546091e-02
  -8.5362466e-03
   1.7538507e-02
   0.0000000e+00
   0.0000000e+00
  -0.0000000e+00
  -6.2122258e-04
   1.2269462e-02
   1.6895797e-03
  -7.5976267e-03
  -7.3084664e-03
  -5.6176921e-03
  -6.6134683e-04
   1.1172279e-02
   1.5104113e-02
   1.7200166e-02
   2.2299704e-03
   5.5972694e-03
  -1.7333352e-04
  -4.0133768e-03
  -4.9686879e-03
  -4.0110811e-03
  -2.6451971e-03
  -2.0154254e-03
  -1.7825826e-03
  -2.1364023e-03
  -2.9147405e-03
  -3.4377323e-03
  -3.2834690e-03
  -1.9886589e-03
   2.9626563e-03
   1.7119033e-02
   4.3234110e-02
   0.0000000e+00
   0.0000000e+00
  -0.0000000e+00
  -2.1604279e-02
  -1.5198962e-03
   3.5444524e-02
   0.0000000e+00
   0.0000000e+00
   0.0000000e+00
   1.9856263e-03
   2.0437483e-02
   0.0000000e+00
  -2.2263398e-03
  -3.6763605e-03
   4.7413193e-04
   6.3253092e-03
   1.6569734e-02
   2.0751934e-02
   1.9914412e-02
   9.7539511e-03
   7.9408279e-03
   6.5977797e-03
   4.0235165e-03
   2.6888526e-03
   3.0484870e-03
   3.5901708e-03
   3.4124909e-03
   3.2096470e-03
   2.4992381e-03
   1.2116957e-03
   1.5214962e-04
   4.7452314e-04
   2.6100473e-03
   9.4047310e-03
   2.6317180e-02
   5.4407403e-02
   0.0000000e+00
   0.0000000e+00
   0.0000000e+00
  -2.3823497e-02
   6.2681061e-03
   4.8969604e-02
   0.0000000e+00
   0.0000000e+00
   0.0000000e+00
   8.0936513e-04
   2.1171674e-02
   0.0000000e+00
   0.0000000e+00
  -3.3715300e-03
   3.6761155e-03
   1.1468822e-02
   2.3133546e-02
   2.7297581e-02
   2.4770096e-02
   1.6209273e-02
   1.3776912e-02
   1.2321927e-02
   9.3779648e-03
   8.1139375e-03
   8.2612447e-03
   8.2021495e-03
   7.4489308e-03
   6.3854414e-03
   5.0394079e-03
   3.2698745e-03
   1.8210093e-03
   3.1073764e-03
   7.0103221e-03
   1.6475974e-02
   3.5770580e-02
   5.0958525e-02
   0.0000000e+00
   0.0000000e+00
   0.0000000e+00
  -0.0000000e+00
   1.6284285e-02
   5.5955138e-02
   0.0000000e+00
   0.0000000e+00
   0.0000000e+00
   9.1751501e-03
   1.7537754e-02
   0.0000000e+00
   0.0000000e+00
   0.0000000e+00
   8.5365716e-03
   1.7150538e-02
   2.8535834e-02
   3.1125903e-02
   2.6941536e-02
   1.9758694e-02
   1.7521182e-02
   1.4924404e-02
   1.2109597e-02
   1.0937080e-02
   1.0689391e-02
   9.8091699e-03
   8.1244092e-03
   5.9765321e-03
   3.9849919e-03
   2.1227635e-03
   1.9640252e-03
   5.4415921e-03
   1.1718043e-02
   2.3825793e-02
   4.3454517e-02
   5.1932659e-02
   0.0000000e+00
   0.0000000e+00
   0.0000000e+00
   0.0000000e+00
   2.5675537e-02
   5.5229332e-02
   0.0000000e+00
   0.0000000e+00
   0.0000000e+00
   1.1971300e-02
   1.5451544e-02
   0.0000000e+00
   0.0000000e+00
   0.0000000e+00
   1.5479945e-02
   2.2749636e-02
   3.1425014e-02
   3.1300452e-02
   2.6755847e-02
   2.1152815e-02
   1.7568197e-02
   1.4559232e-02
   1.2282667e-02
   1.1164000e-02
   1.0010723e-02
   8.0489516e-03
   5.3756912e-03
   2.6497801e-03
   1.0252723e-03
   9.9176960e-04
   3.9985916e-03
   9.9731553e-03
   1.8382691e-02
   3.1610630e-02
   4.7157940e-02
   4.1595474e-02
   0.0000000e+00
   0.0000000e+00
   0.0000000e+00
   0.0000000e+00
   3.4942938e-02
   5.1973537e-02
   0.0000000e+00
   0.0000000e+00
   0.0000000e+00
   1.1697951e-02
   1.3283888e-02
   0.0000000e+00
   0.0000000e+00
   2.0382534e-02
   2.2070162e-02
   2.7160542e-02
   3.0090116e-02
   2.7759280e-02
   2.2594750e-02
   1.7339924e-02
   1.2927196e-02
   1.0204604e-02
   8.5733347e-03
   7.7360892e-03
   6.5502552e-03
   4.8145433e-03
   2.8395730e-03
   1.5745824e-03
   1.9635134e-03
   4.2883512e-03
   9.1356542e-03
   1.5614317e-02
   2.3696197e-02
   3.3617623e-02
   4.1044232e-02
   0.0000000e+00
   0.0000000e+00
   0.0000000e+00
   0.0000000e+00
   0.0000000e+00
   4.4584176e-02
   4.6809219e-02
   0.0000000e+00
   0.0000000e+00
   0.0000000e+00
   9.5249561e-03
   9.6660750e-03
   0.0000000e+00
   0.0000000e+00
   2.1845121e-02
   2.4897784e-02
   2.7995862e-02
   2.4614800e-02
   2.1054160e-02
   1.5538170e-02
   1.0657273e-02
   6.1173262e-03
   3.9334963e-03
   2.7879933e-03
   2.4937345e-03
   2.1772389e-03
   1.8857220e-03
   1.9350933e-03
   3.3336210e-03
   6.1881053e-03
   1.0169241e-02
   1.5224456e-02
   2.0643728e-02
   2.6276071e-02
   3.0562900e-02
   2.9112739e-02
   0.0000000e+00
   0.0000000e+00
   0.0000000e+00
   0.0000000e+00
   0.0000000e+00
   4.6195179e-02
   3.7505016e-02
   0.0000000e+00
   0.0000000e+00
   0.0000000e+00
   0.0000000e+00
   4.5006927e-03
   4.1402085e-03
   2.2700736e-02
   2.4942541e-02
   2.3981582e-02
   2.4834827e-02
   1.6571924e-02
   1.3328457e-02
   8.1396513e-03
   4.5872205e-03
   2.3854669e-04
  -1.9326403e-03
  -3.3758872e-03
  -4.1519972e-03
  -4.6989336e-03
  -4.3930649e-03
  -2.6401018e-03
   1.3616193e-03
   6.4612636e-03
   1.1558203e-02
   1.6186386e-02
   1.9891860e-02
   2.2476505e-02
   2.2650672e-02
   1.7425634e-02
   0.0000000e+00
   0.0000000e+00
   0.0000000e+00
   0.0000000e+00
   3.4768502e-02
   3.7106779e-02
   2.6038102e-02
   0.0000000e+00
   0.0000000e+00
   0.0000000e+00
   0.0000000e+00
  -4.2023776e-04
   2.6426088e-04
   2.1908723e-02
   2.3723913e-02
   2.0108156e-02
   1.7897645e-02
   1.3292025e-02
   0.0000000e+00
   2.8523745e-03
   1.3257936e-03
  -2.2808367e-03
  -4.2954232e-03
  -6.2268427e-03
  -7.9519898e-03
  -9.3168486e-03
  -9.2576180e-03
  -7.3810611e-03
  -3.1740649e-03
   1.7441623e-03
   6.1473423e-03
   9.0845991e-03
   1.0070152e-02
   9.6664568e-03
   7.8451019e-03
   4.7562996e-03
   0.0000000e+00
   0.0000000e+00
   0.0000000e+00
   0.0000000e+00
   2.3168166e-02
   0.0000000e+00
   0.0000000e+00
   0.0000000e+00
   0.0000000e+00
   0.0000000e+00
   0.0000000e+00
   3.0815089e-04
   6.4672572e-03
   2.1627683e-02
   1.9249008e-02
   1.5494959e-02
   1.0781320e-02
   0.0000000e+00
   0.0000000e+00
  -3.2724385e-04
   6.4421335e-04
  -8.8260334e-04
  -8.2012499e-04
  -7.1839662e-04
  -7.5811689e-04
  -6.9119781e-04
   2.0694421e-04
   2.0776335e-03
   5.0555170e-03
   8.2008522e-03
   1.0772838e-02
   1.1504961e-02
   9.1949124e-03
   4.5296289e-03
  -2.0855744e-03
  -5.9437752e-03
  -3.7961833e-03
   0.0000000e+00
   0.0000000e+00
  -4.0101623e-03
   1.7306497e-02
   0.0000000e+00
   0.0000000e+00
   0.0000000e+00
   0.0000000e+00
   0.0000000e+00
   0.0000000e+00
   5.2801901e-03
   7.2252275e-03
   1.7112983e-02
   1.7357809e-02
   1.3847044e-02
   9.8912688e-03
   0.0000000e+00
   0.0000000e+00
  -3.5462081e-03
  -1.0148432e-03
  -7.8345682e-04
   1.5054861e-03
   4.2078647e-03
   6.6869383e-03
   8.9006407e-03
   1.1088769e-02
   1.3372656e-02
   1.5825234e-02
   1.7923522e-02
   1.9095364e-02
   1.7227354e-02
   1.0510117e-02
   9.1743742e-04
  -9.4203197e-03
  -1.5227718e-02
  -1.1551723e-02
   0.0000000e+00
   0.0000000e+00
  -9.8098847e-03
   9.4247089e-03
   0.0000000e+00
   0.0000000e+00
   0.0000000e+00
   0.0000000e+00
   0.0000000e+00
   0.0000000e+00
   0.0000000e+00
   6.7741628e-03
   1.2851347e-02
   1.5979282e-02
   1.5796336e-02
   0.0000000e+00
  -0.0000000e+00
  -0.0000000e+00
  -6.5299170e-03
  -6.8098735e-03
  -7.2094849e-03
  -5.3213276e-03
  -2.1812697e-03
   9.9668058e-04
   3.6726922e-03
   5.2057193e-03
   5.7499977e-03
   5.5592279e-03
   5.1458427e-03
   4.8673861e-03
   3.7856796e-03
   2.7824196e-04
  -5.5126273e-03
  -1.3332926e-02
  -2.2691654e-02
  -2.8539622e-02
   0.0000000e+00
  -2.5966595e-02
  -2.1880893e-02
  -9.2001408e-03
   0.0000000e+00
   0.0000000e+00
   0.0000000e+00
   0.0000000e+00
   0.0000000e+00
   0.0000000e+00
  -1.3187026e-02
  -5.4453682e-04
   6.3666998e-03
   1.2138534e-02
   0.0000000e+00
   0.0000000e+00
   0.0000000e+00
   0.0000000e+00
  -1.0938656e-02
  -1.2780574e-02
  -1.5062558e-02
  -1.5394051e-02
  -1.3527563e-02
  -1.0556375e-02
  -7.4067879e-03
  -6.0125673e-03
  -6.4322292e-03
  -8.2808025e-03
  -1.0603751e-02
  -1.2389570e-02
  -1.2314558e-02
  -9.7654276e-03
  -8.1754802e-03
  -1.1527424e-02
  -2.0270336e-02
  -2.7366177e-02
  -1.2309030e-02
  -2.5099991e-02
  -3.2033365e-02
  -2.9328125e-02
   0.0000000e+00
   0.0000000e+00
   0.0000000e+00
   0.0000000e+00
   0.0000000e+00
   0.0000000e+00
  -1.4993296e-02
  -8.9690415e-03
   0.0000000e+00
   0.0000000e+00
   0.0000000e+00
   0.0000000e+00
   0.0000000e+00
   9.3303954e-03
  -1.3962374e-02
  -1.5527118e-02
  -1.8666254e-02
  -2.0989327e-02
  -2.0970432e-02
  -1.9019274e-02
  -1.5828922e-02
  -1.3840894e-02
  -1.3945691e-02
  -1.6453374e-02
  -2.0472676e-02
  -2.4327103e-02
  -2.5716063e-02
  -2.1143597e-02
  -1.1976460e-02
  -8.8735847e-03
  -1.6149601e-02
  -1.2671842e-02
  -1.2513300e-02
  -2.2418715e-02
  -3.6567859e-02
  -4.8852702e-02
   0.0000000e+00
   0.0000000e+00
   0.0000000e+00
   0.0000000e+00
   0.0000000e+00
   0.0000000e+00
  -1.8527314e-02
  -1.5299634e-02
   0.0000000e+00
   0.0000000e+00
   0.0000000e+00
   0.0000000e+00
   0.0000000e+00
   7.6154479e-03
  -1.3617835e-02
  -1.4929173e-02
  -1.7802471e-02
  -2.1197423e-02
  -2.2895956e-02
  -2.2635981e-02
  -2.0412577e-02
  -1.8377259e-02
  -1.7673161e-02
  -1.9602872e-02
  -2.3991131e-02
  -2.8977327e-02
  -3.2875504e-02
  -3.1876434e-02
  -1.9584488e-02
  -5.9193742e-03
  -1.3344301e-02
  -1.0467971e-02
  -1.0691862e-02
  -1.7536839e-02
  -3.3227678e-02
  -5.8466907e-02
   0.0000000e+00
   0.0000000e+00
   0.0000000e+00
   0.0000000e+00
   0.0000000e+00
  -0.0000000e+00
  -2.3728880e-02
  -2.3420737e-02
  -1.8439772e-02
   0.0000000e+00
   0.0000000e+00
   0.0000000e+00
   0.0000000e+00
   5.4863927e-03
  -9.2514940e-03
  -1.2060041e-02
  -1.4624231e-02
  -1.8781381e-02
  -2.1641517e-02
  -2.2759611e-02
  -2.1531414e-02
  -1.9070892e-02
  -1.6784929e-02
  -1.6265487e-02
  -1.8643606e-02
  -2.2653585e-02
  -2.7629772e-02
  -3.2089319e-02
  -2.7239479e-02
  -0.0000000e+00
  -0.0000000e+00
  -5.9072752e-03
  -7.5117433e-03
  -1.2323003e-02
  -2.4613857e-02
  -4.9181580e-02
  -5.5225219e-02
   0.0000000e+00
   0.0000000e+00
  -1.8919550e-02
  -2.0578048e-02
  -1.5915344e-02
  -2.2729585e-02
  -3.0117043e-02
  -0.0000000e+00
   0.0000000e+00
   0.0000000e+00
   0.0000000e+00
   0.0000000e+00
   8.7801454e-03
  -4.0830327e-03
  -8.2893707e-03
  -1.0571512e-02
  -1.4894607e-02
  -1.8551365e-02
  -2.0434158e-02
  -2.0049488e-02
  -1.7404232e-02
  -1.4098033e-02
  -1.1467481e-02
  -1.1932936e-02
  -1.4717536e-02
  -1.9886678e-02
  -2.7910069e-02
  -3.2327116e-02
   0.0000000e+00
   0.0000000e+00
  -2.5914203e-03
  -4.4892426e-03
  -8.0885785e-03
  -1.7298311e-02
  -3.4510158e-02
  -4.4067906e-02
   0.0000000e+00
   0.0000000e+00
  -1.4620394e-02
  -1.6378593e-02
  -1.2211271e-02
  -1.6906824e-02
  -2.9820344e-02
   0.0000000e+00
   0.0000000e+00
   0.0000000e+00
   0.0000000e+00
   0.0000000e+00
   0.0000000e+00
   3.4775115e-03
  -1.9316252e-03
  -3.9439630e-03
  -7.8638708e-03
  -1.2146935e-02
  -1.4805239e-02
  -1.5299603e-02
  -1.3522865e-02
  -1.0368358e-02
  -7.2340477e-03
  -6.6918909e-03
  -8.8767203e-03
  -1.4300457e-02
  -2.4766094e-02
  -3.4436932e-02
   0.0000000e+00
   1.1998048e-02
   2.1134962e-03
   1.2508878e-03
  -9.7918615e-04
  -8.5457050e-03
  -1.9991660e-02
  -3.2675183e-02
  -2.0692851e-02
  -2.0877140e-03
  -9.9277287e-03
  -1.1007594e-02
  -1.2158995e-02
  -2.0374567e-02
  -2.4860609e-02
   0.0000000e+00
   0.0000000e+00
   0.0000000e+00
   0.0000000e+00
   0.0000000e+00
   1.1588695e-02
   1.0616436e-02
   6.8030995e-03
   5.4114279e-03
   1.6368134e-03
  -3.3562691e-03
  -6.8341349e-03
  -8.2615782e-03
  -7.5410083e-03
  -5.4018567e-03
  -3.3295760e-03
  -2.8346125e-03
  -5.0341319e-03
  -1.0952305e-02
  -2.2957202e-02
  -3.7159601e-02
   0.0000000e+00
   1.3973788e-02
   2.6638254e-03
   5.9958268e-03
   7.5053726e-03
   9.0593006e-04
  -7.7431998e-03
  -1.9158105e-02
  -0.0000000e+00
  -1.1324884e-03
  -3.0682376e-03
  -7.9071720e-03
  -1.2469087e-02
  -1.5145494e-02
  -2.0612907e-02
   0.0000000e+00
   0.0000000e+00
   0.0000000e+00
   0.0000000e+00
   0.0000000e+00
   2.9496311e-03
   8.4376540e-03
   1.2492033e-02
   1.6081056e-02
   1.3581510e-02
   7.9517309e-03
   3.5364903e-03
   1.1615474e-03
   8.0686773e-04
   1.6445341e-03
   2.1359487e-03
   1.7428575e-03
  -1.2435508e-03
  -8.1621800e-03
  -2.1734707e-02
  -3.1649228e-02
   0.0000000e+00
   0.0000000e+00
   0.0000000e+00
   1.1974221e-02
   1.3406984e-02
   1.0189539e-02
   4.1414872e-03
  -7.4530553e-03
   0.0000000e+00
   0.0000000e+00
  -0.0000000e+00
  -6.0585763e-03
  -8.4612073e-03
  -0.0000000e+00
  -0.0000000e+00
   0.0000000e+00
   0.0000000e+00
   0.0000000e+00
   0.0000000e+00
   0.0000000e+00
  -0.0000000e+00
  -1.7314421e-03
   7.4530724e-03
   2.1235302e-02
   2.2994252e-02
   1.8786000e-02
   1.4047329e-02
   1.1042310e-02
   9.9880814e-03
   9.6262060e-03
   8.6530223e-03
   6.9392413e-03
   2.7977428e-03
  -5.8117090e-03
  -2.0513111e-02
  -0.0000000e+00
   0.0000000e+00
   0.0000000e+00
   0.0000000e+00
   0.0000000e+00
   1.4475446e-02
   1.6659226e-02
   1.4927110e-02
   7.1900980e-03
   1.8804957e-04
   0.0000000e+00
   0.0000000e+00
  -0.0000000e+00
  -0.0000000e+00
   0.0000000e+00
   0.0000000e+00
   0.0000000e+00
   0.0000000e+00
   0.0000000e+00
   0.0000000e+00
   0.0000000e+00
   0.0000000e+00
  -0.0000000e+00
  -2.7932074e-03
   1.8707490e-02
   2.5611047e-02
   2.5006644e-02
   2.2091348e-02
   1.9511798e-02
   1.8165823e-02
   1.7224021e-02
   1.4955617e-02
   1.1941383e-02
   6.6883354e-03
  -3.6587645e-03
  -2.0823453e-02
  -0.0000000e+00
   0.0000000e+00
   0.0000000e+00
   0.0000000e+00
   0.0000000e+00
   0.0000000e+00
   1.7332177e-02
   2.0950445e-02
   1.6369002e-02
   9.0411690e-03
   0.0000000e+00
   0.0000000e+00
   0.0000000e+00
   0.0000000e+00
   0.0000000e+00
   0.0000000e+00
   0.0000000e+00
   0.0000000e+00
   0.0000000e+00
   0.0000000e+00
   0.0000000e+00
   0.0000000e+00
   0.0000000e+00
  -2.3160269e-02
   6.8838056e-03
   2.0273909e-02
   2.4222935e-02
   2.4455693e-02
   2.3154989e-02
   2.1892817e-02
   2.0891795e-02
   1.8504789e-02
   1.4935339e-02
   9.4679920e-03
  -1.1253140e-03
  -1.4487150e-02
   0.0000000e+00
   0.0000000e+00
   0.0000000e+00
   0.0000000e+00
   0.0000000e+00
   0.0000000e+00
   0.0000000e+00
   1.8675609e-02
   1.7867748e-02
   1.3329309e-02
   0.0000000e+00
   0.0000000e+00
   0.0000000e+00
   0.0000000e+00
   0.0000000e+00
   0.0000000e+00
   0.0000000e+00
   0.0000000e+00
   0.0000000e+00
   0.0000000e+00
   0.0000000e+00
   0.0000000e+00
   0.0000000e+00
  -3.3542737e-02
  -6.5658089e-03
   1.0307649e-02
   1.7614234e-02
   2.1023563e-02
   2.1853567e-02
   2.1291621e-02
   2.0704530e-02
   1.8496580e-02
   1.5517299e-02
   1.1228122e-02
   1.6190294e-03
  -3.6389812e-03
   0.0000000e+00
   0.0000000e+00
   0.0000000e+00
   0.0000000e+00
   0.0000000e+00
   0.0000000e+00
   0.0000000e+00
   8.1780813e-03
   1.3140394e-02
   1.4100772e-02
   0.0000000e+00
   0.0000000e+00
   0.0000000e+00
   0.0000000e+00
   0.0000000e+00
   0.0000000e+00
   0.0000000e+00
   0.0000000e+00
   0.0000000e+00
   0.0000000e+00
   0.0000000e+00
   0.0000000e+00
  -0.0000000e+00
  -3.0828072e-02
  -1.6543988e-02
  -4.3084319e-03
   4.2818412e-03
   1.0272448e-02
   1.3606585e-02
   1.5381351e-02
   1.5963182e-02
   1.5012560e-02
   1.3086881e-02
   1.0569029e-02
   4.2969738e-03
   4.1298489e-03
   0.0000000e+00
   0.0000000e+00
   0.0000000e+00
   0.0000000e+00
   0.0000000e+00
   0.0000000e+00
   0.0000000e+00
   0.0000000e+00
   0.0000000e+00
   0.0000000e+00
   0.0000000e+00
   0.0000000e+00
   0.0000000e+00
   0.0000000e+00
   0.0000000e+00
   0.0000000e+00
   0.0000000e+00
   0.0000000e+00
   0.0000000e+00
   0.0000000e+00
   0.0000000e+00
   0.0000000e+00
  -0.0000000e+00
  -0.0000000e+00
  -0.0000000e+00
  -0.0000000e+00
  -2.0898014e-02
  -8.1714159e-03
  -1.8209473e-03
   1.1324299e-03
   3.7679148e-03
   6.0233390e-03
   6.5385827e-03
   8.1299450e-03
   1.0179451e-02
   0.0000000e+00
   0.0000000e+00
   0.0000000e+00
   0.0000000e+00
   0.0000000e+00
   0.0000000e+00
   0.0000000e+00
   0.0000000e+00
   0.0000000e+00
   0.0000000e+00
   0.0000000e+00
  -0.0000000e+00
   0.0000000e+00
   0.0000000e+00
  -0.0000000e+00
   0.0000000e+00
   0.0000000e+00
   0.0000000e+00
   0.0000000e+00
   0.0000000e+00
   0.0000000e+00
   0.0000000e+00
   0.0000000e+00
   0.0000000e+00
   0.0000000e+00
   0.0000000e+00
   0.0000000e+00
  -0.0000000e+00
  -0.0000000e+00
  -2.8538255e-02
  -0.0000000e+00
  -0.0000000e+00
   0.0000000e+00
   0.0000000e+00
   0.0000000e+00
   0.0000000e+00
   0.0000000e+00
   0.0000000e+00
   0.0000000e+00
   0.0000000e+00
   0.0000000e+00
   0.0000000e+00
   0.0000000e+00
   0.0000000e+00
   0.0000000e+00
   0.0000000e+00
   0.0000000e+00
  -0.0000000e+00
  -0.0000000e+00
   0.0000000e+00
   0.0000000e+00
   0.0000000e+00
   0.0000000e+00
   0.0000000e+00
   0.0000000e+00
   0.0000000e+00
   0.0000000e+00
