  2.568632e-01
  1.345268e-01
  1.090831e-01
  1.014646e-01
  1.005150e-01
  9.656822e-02
  9.687674e-02
  1.032717e-01
  1.150073e-01
  1.004674e-01
  1.054779e-01
  9.259816e-02
  8.483053e-02
  7.846947e-02
  7.543078e-02
  8.295241e-02
  7.651690e-02
  7.395373e-02
  7.948189e-02
  7.558603e-02
  6.922254e-02
  6.324342e-02
  6.119401e-02
  6.285280e-02
  7.035328e-02
  7.342111e-02
  7.733266e-02
  7.570114e-02
  7.252863e-02
  6.857849e-02
  6.827266e-02
  7.121767e-02
  7.364364e-02
  7.297962e-02
  7.957691e-02
  1.046718e-01
