   4.5227747e-02
  -3.0753192e-01
  -1.8637308e-01
  -2.7661052e-01
  -6.8201786e-01
  -4.5998299e-01
  -2.3845921e-01
  -8.5553235e-01
  -1.0587201e+00
  -1.0553467e+00
  -1.1621288e+00
  -1.0691863e+00
  -9.4568282e-01
  -9.9641061e-01
  -1.2738817e+00
  -1.3448365e+00
  -1.2234302e+00
  -1.0995466e+00
  -8.0014086e-01
  -5.8908409e-01
  -6.9150960e-01
  -7.7319705e-01
  -8.0536395e-01
  -7.4507892e-01
  -5.8283722e-01
  -4.4383317e-01
  -5.5570853e-01
  -6.0241151e-01
  -4.1139376e-01
  -6.9846779e-02
  -1.3290809e-01
  -1.5021095e-01
  -1.9665474e-01
  -9.3448013e-02
   1.7407705e-01
   2.4061663e-01
  -5.4791707e-01
  -3.2753152e-01
  -1.5653166e-01
  -2.1089686e-01
  -2.2649734e-01
  -3.9285064e-01
  -6.6151196e-01
  -7.5437874e-01
  -8.2476783e-01
  -8.1900752e-01
  -8.3013308e-01
  -9.2884296e-01
  -1.0493956e+00
  -1.1049705e+00
  -1.1266241e+00
  -1.1659155e+00
  -1.2166885e+00
  -1.2276698e+00
  -1.2395827e+00
  -8.8139343e-01
  -7.6737684e-01
  -5.9468406e-01
  -6.1925894e-01
  -6.7504406e-01
  -7.3936433e-01
  -8.6425489e-01
  -1.0215428e+00
  -1.1340230e+00
  -1.1825031e+00
  -8.4650338e-01
  -8.6745745e-01
  -5.2684510e-01
  -6.0228652e-01
  -6.9833171e-01
  -8.1917685e-01
  -6.0772491e-01
  -2.6197752e-01
   4.0232487e-02
   1.9934571e-01
   3.7687632e-01
   6.8144071e-01
   8.2615799e-01
   5.7405531e-01
   5.4861790e-01
   6.0319233e-01
   7.2917157e-01
   9.2860138e-01
   1.0491798e+00
   9.5337451e-01
   8.5783696e-01
   8.9161485e-01
   8.9614576e-01
   8.7223446e-01
   8.1073725e-01
   6.9274998e-01
   5.6811070e-01
   6.5480733e-01
   7.7810037e-01
   6.7044997e-01
   3.4116015e-01
   6.4364307e-02
  -1.3833420e-01
  -2.3767060e-01
  -2.2296223e-01
  -1.3744700e-01
  -3.1960055e-02
   1.5141733e-02
  -1.0856102e-01
  -2.4340327e-01
  -3.2866511e-01
  -4.3977863e-01
  -4.6025351e-01
   7.5457841e-01
   8.1235981e-01
   8.7032884e-01
   5.2411610e-01
   5.7810539e-01
   1.3453264e+00
   1.4100437e+00
   1.7597634e+00
   1.2684257e+00
   1.8142985e+00
   2.6065979e+00
   3.0105367e+00
   3.1760123e+00
   3.1442690e+00
   3.2476916e+00
   3.3388467e+00
   3.3902781e+00
   3.4238040e+00
   3.4621582e+00
   1.7810198e+00
   2.3014514e+00
   2.4333994e+00
   2.4912655e+00
   2.2743311e+00
   2.1159222e+00
   2.0129864e+00
   2.0238457e+00
   2.0817134e+00
   2.0813723e+00
   1.9419255e+00
   1.6935266e+00
   1.4438771e+00
   1.3136077e+00
   1.3428953e+00
   1.4250907e+00
   1.3114059e+00
   8.8798463e-01
   9.9536461e-01
   1.1123797e+00
   8.3386981e-01
   9.2743492e-01
   1.7131280e+00
   2.3566051e+00
   2.8134835e+00
   2.5761414e+00
   3.5657833e+00
   3.8225682e+00
   4.1388745e+00
   4.4624877e+00
   4.5737042e+00
   4.7462053e+00
   4.8821621e+00
   4.9805431e+00
   5.0151091e+00
   4.8772988e+00
   2.2953281e+00
   2.8818359e+00
   3.4142828e+00
   3.9240232e+00
   4.0686307e+00
   4.1632681e+00
   4.2323775e+00
   4.2631278e+00
   4.2488756e+00
   4.0800710e+00
   3.7016976e+00
   3.3680732e+00
   3.0540178e+00
   2.9423499e+00
   3.0503845e+00
   3.1845391e+00
   1.8522274e+00
   1.1924107e+00
   1.0040284e+00
   1.1531935e+00
   1.0379540e+00
   1.5886888e+00
   2.8473996e+00
   3.1220132e+00
   3.3543815e+00
   3.7985155e+00
   4.0071349e+00
   4.1042306e+00
   4.2539175e+00
   4.4970961e+00
   4.6574996e+00
   4.8641160e+00
   5.0266014e+00
   5.1549237e+00
   5.2023338e+00
   4.8979965e+00
   2.1955139e+00
   2.0758251e+00
   3.0739035e+00
   4.2185652e+00
   4.8223484e+00
   5.1734916e+00
   5.3069037e+00
   5.0928472e+00
   4.7950192e+00
   4.3611791e+00
   4.0766690e+00
   3.9601543e+00
   3.7498610e+00
   3.7350175e+00
   3.9122436e+00
   4.0519378e+00
   3.3675277e+00
   3.1508367e+00
   1.1438237e+00
   1.0054761e+00
   9.6201217e-01
   2.9616916e+00
   3.6542611e+00
   3.5380569e+00
   3.4789202e+00
   3.4569135e+00
   3.4509890e+00
   3.4300184e+00
   3.4708018e+00
   3.5614288e+00
   3.6956816e+00
   3.9040306e+00
   4.1004448e+00
   4.2511640e+00
   4.3219671e+00
   3.9521105e+00
   1.8260403e+00
   1.8331236e+00
   1.6906420e+00
   3.3506684e+00
   4.4035773e+00
   4.9931912e+00
   5.0188656e+00
   4.0288272e+00
   2.8428557e+00
   2.6644907e+00
   3.0360270e+00
   3.1934760e+00
   3.1475255e+00
   3.5164375e+00
   3.8360226e+00
   3.9829981e+00
   3.9155314e+00
   3.0350090e+00
   2.0739455e+00
   1.0870301e+00
   8.4629573e-01
   2.7004890e+00
   3.2322741e+00
   2.9743806e+00
   2.6048734e+00
   2.2643979e+00
   2.0074716e+00
   1.8607569e+00
   1.8479010e+00
   1.8690313e+00
   1.9564915e+00
   2.1227295e+00
   2.3170337e+00
   2.4466124e+00
   2.3995793e+00
   2.0107288e+00
   1.6872628e+00
   1.3236172e+00
   4.2323671e-01
   1.5809374e+00
   3.0302353e+00
   3.7356036e+00
   3.4004240e+00
   1.9414562e+00
   8.9147045e-01
   5.8810264e-01
   1.0439367e+00
   1.7922336e+00
   2.1320565e+00
   2.5885599e+00
   2.8509802e+00
   2.8983948e+00
   2.8889043e+00
   1.6826152e+00
   2.4241257e+00
   1.4573991e+00
   5.2740395e-01
   1.7043051e+00
   1.8235523e+00
   1.5500451e+00
   1.1342963e+00
   7.7073407e-01
   4.9258763e-01
   3.2569945e-01
   2.7914360e-01
   2.7832165e-01
   3.3825752e-01
   4.4182011e-01
   5.5422616e-01
   5.7386929e-01
   3.5149422e-01
  -2.1517267e-02
   2.9453129e-01
   8.9315437e-02
  -1.2706175e-01
   1.7882223e-01
   1.5405695e+00
   2.0667825e+00
   1.2814001e+00
   2.2060099e-01
   8.1495839e-01
  -3.6134547e-01
  -4.7757080e-01
   5.9923822e-01
   1.1238745e+00
   1.4370409e+00
   1.5055163e+00
   1.4218651e+00
   1.3547331e+00
  -6.0693389e-01
   2.1155654e-01
   7.7337062e-01
   8.1684515e-02
  -2.1445835e-01
  -4.6142331e-01
  -6.2785685e-01
  -8.3451629e-01
  -1.0723861e+00
  -1.2568439e+00
  -1.3769931e+00
  -1.4127049e+00
  -1.4152540e+00
  -1.4114662e+00
  -1.4261395e+00
  -1.4916385e+00
  -1.7045598e+00
  -2.1683059e+00
  -2.4510393e+00
  -1.3712415e+00
  -5.1857090e-01
  -6.5212810e-01
  -1.4919685e+00
  -4.0639952e-01
  -4.4255644e-01
  -1.4922676e+00
  -1.4634402e+00
  -7.8972518e-01
  -1.5081520e+00
  -1.3489040e+00
  -7.2548169e-01
  -7.1304190e-01
  -4.1862237e-01
  -5.5002451e-01
  -7.9009241e-01
  -9.2546451e-01
  -2.4915583e+00
  -1.5965478e+00
   3.3517722e-02
  -6.0417062e-01
  -1.6571879e+00
  -2.0191836e+00
  -2.0660779e+00
  -2.1460948e+00
  -2.2362108e+00
  -2.3243825e+00
  -2.4045126e+00
  -2.4564743e+00
  -2.4757595e+00
  -2.5330822e+00
  -2.6371737e+00
  -2.8758790e+00
  -3.3007123e+00
  -3.8701093e+00
  -3.9125452e+00
  -1.3565949e+00
  -5.7661760e-01
  -7.9321170e-01
  -1.4953896e+00
  -1.9089292e+00
  -2.5330405e+00
  -2.9635398e+00
  -1.5774550e+00
  -2.0619438e+00
  -1.9339048e+00
  -1.6003387e+00
  -1.5853204e+00
  -2.4472122e+00
  -2.0171692e+00
  -2.2966971e+00
  -2.6003423e+00
  -2.7731009e+00
  -4.0898767e+00
  -3.1322606e+00
  -1.5611085e+00
  -1.9527961e+00
  -2.6946254e+00
  -2.9012146e+00
  -2.9555304e+00
  -2.9886217e+00
  -2.9521310e+00
  -2.9818664e+00
  -3.1117749e+00
  -3.2361956e+00
  -3.3053007e+00
  -3.4274082e+00
  -3.6698496e+00
  -4.1043100e+00
  -4.6704617e+00
  -5.1376748e+00
  -4.7125463e+00
  -6.3372886e-01
  -1.3912736e-01
  -5.5208892e-01
  -1.2546004e+00
  -3.4991612e+00
  -4.2157054e+00
  -3.4258635e+00
  -7.7535516e-01
  -1.7743515e+00
  -1.3245100e+00
  -1.0987431e+00
  -2.1088459e+00
  -2.2074013e+00
  -3.5942645e+00
  -3.8287973e+00
  -4.1362915e+00
  -4.3465762e+00
  -4.7589145e+00
  -3.7949433e+00
  -2.5883560e+00
  -2.6174669e+00
  -2.8665028e+00
  -2.9919739e+00
  -3.0631671e+00
  -3.0855715e+00
  -3.1096985e+00
  -3.2590058e+00
  -3.4873328e+00
  -3.6850281e+00
  -3.8401196e+00
  -4.0763326e+00
  -4.4617939e+00
  -4.9458418e+00
  -5.4006305e+00
  -5.4951906e+00
  -4.2208519e+00
  -1.7044482e-01
  -9.7174987e-02
  -4.6592191e-01
  -1.6389205e+00
  -4.5905075e+00
  -4.8853025e+00
  -3.0912542e+00
   8.1255995e-02
  -6.2151206e-01
  -8.2745963e-01
  -1.2089617e+00
  -2.5242224e+00
  -2.0104840e+00
  -4.3519917e+00
  -4.5388365e+00
  -4.8356524e+00
  -5.0344567e+00
  -4.6094871e+00
  -3.7187634e+00
  -2.6749103e+00
  -2.3984849e+00
  -2.4533401e+00
  -2.6289229e+00
  -2.7231946e+00
  -2.8526070e+00
  -3.1196399e+00
  -3.4779730e+00
  -3.8168926e+00
  -4.1092238e+00
  -4.3784828e+00
  -4.6805129e+00
  -5.0109653e+00
  -5.3083429e+00
  -5.4529138e+00
  -5.0570779e+00
  -2.6236346e+00
  -9.8958559e-02
  -4.3829519e-01
  -5.8220136e-01
  -1.7663399e+00
  -4.7066822e+00
  -4.7810860e+00
  -2.3896363e+00
   9.5320630e-01
  -2.4147417e-01
  -8.8944262e-01
  -2.1040263e+00
  -3.3216305e+00
  -3.6317608e+00
  -4.4939122e+00
  -4.6080761e+00
  -4.8088570e+00
  -4.9172001e+00
  -3.7629468e+00
  -2.9790475e+00
  -1.9651283e+00
  -1.6168290e+00
  -1.8046780e+00
  -2.1531401e+00
  -2.4179115e+00
  -2.7503498e+00
  -3.2399182e+00
  -3.7831733e+00
  -4.2710643e+00
  -4.6522622e+00
  -4.9268188e+00
  -5.1453576e+00
  -5.2415810e+00
  -5.1758986e+00
  -4.8443246e+00
  -3.8362677e+00
  -1.2411243e+00
  -5.6759804e-01
  -1.2160505e+00
  -8.7999552e-01
  -1.6136457e+00
  -4.0686460e+00
  -4.0618482e+00
  -1.4914072e+00
   1.3102531e+00
  -1.2468410e-01
  -1.1097219e+00
  -2.7929361e+00
  -3.6899698e+00
  -4.1709704e+00
  -4.3526888e+00
  -4.2174463e+00
  -4.1704607e+00
  -4.0922179e+00
  -2.7031486e+00
  -2.2644403e+00
  -1.2985986e+00
  -1.1852384e+00
  -1.5883590e+00
  -2.1114585e+00
  -2.5420039e+00
  -2.9730127e+00
  -3.5069709e+00
  -4.0892792e+00
  -4.6216016e+00
  -4.9890580e+00
  -5.1705670e+00
  -5.2277107e+00
  -5.0565839e+00
  -4.6139402e+00
  -3.8012836e+00
  -2.1153338e+00
   4.2465497e-03
  -1.0553200e+00
  -2.9128416e+00
  -1.5868773e+00
  -1.5912695e+00
  -3.5178561e+00
  -3.0038841e+00
  -7.2359020e-01
   1.0911056e+00
  -6.2550351e-02
  -1.9600730e+00
  -3.8979681e+00
  -3.4933338e+00
  -3.5205069e+00
  -3.7377939e+00
  -3.5642610e+00
  -3.1712532e+00
  -2.9054985e+00
  -1.6520767e+00
  -1.4492501e+00
  -1.4512861e+00
  -1.7314417e+00
  -2.2975702e+00
  -2.9405990e+00
  -3.4552515e+00
  -3.9057722e+00
  -4.3678451e+00
  -4.8004255e+00
  -5.1387210e+00
  -5.3276467e+00
  -5.3543768e+00
  -5.2621174e+00
  -4.9170465e+00
  -4.2088847e+00
  -3.0012600e+00
  -6.8067443e-01
   8.7086862e-01
  -9.2069829e-01
  -4.4771881e+00
  -2.8330288e+00
  -2.1574278e+00
  -3.0755441e+00
  -1.8383493e+00
   1.9311060e-01
   1.4742739e+00
   3.7210628e-02
  -2.3144591e+00
  -3.9986484e+00
  -2.9197485e+00
  -2.4569483e+00
  -1.7989502e+00
  -2.9393332e+00
  -2.3618119e+00
  -1.9939179e+00
  -2.8357458e-01
  -5.1573986e-01
  -2.2287168e+00
  -3.1013945e+00
  -3.7264843e+00
  -4.4008874e+00
  -4.9062084e+00
  -5.2992714e+00
  -5.6267226e+00
  -5.8208268e+00
  -5.8434403e+00
  -5.7122219e+00
  -5.4864033e+00
  -5.2331470e+00
  -4.8272118e+00
  -4.0729690e+00
  -2.7378012e+00
  -2.5508544e-01
   1.0810158e+00
  -3.9634646e-01
  -3.9860420e+00
  -3.5875211e+00
  -3.4290298e+00
  -1.9346329e+00
  -1.9793210e-01
   1.7073346e+00
   1.8267734e+00
   1.5868274e-01
  -1.3380860e+00
  -2.2035086e+00
  -1.8286913e+00
  -1.1152826e+00
  -3.6386003e-01
  -2.0878816e+00
  -1.6311653e+00
  -1.1360376e+00
   3.3130636e-01
  -5.3608036e-01
  -2.9457163e+00
  -4.1251454e+00
  -4.5232367e+00
  -4.9379138e+00
  -5.2675846e+00
  -5.5321253e+00
  -5.7658694e+00
  -5.8868492e+00
  -5.8141673e+00
  -5.5234254e+00
  -5.1163348e+00
  -4.7282075e+00
  -4.3655214e+00
  -3.8408058e+00
  -2.8972222e+00
  -1.3828184e+00
   7.1968362e-01
  -1.5517108e-01
  -2.4120807e+00
  -3.5400191e+00
  -3.7414525e+00
  -3.9303373e-02
   1.4657599e+00
   1.1338526e+00
   8.4747430e-01
   2.2698008e-01
  -4.3843038e-01
  -7.2123590e-01
  -7.2660843e-01
   4.1637180e-01
   1.0115648e+00
  -4.6497661e-01
  -1.7880588e-01
   3.5791408e-01
   1.5655981e-01
  -5.8873385e-01
  -2.7240179e+00
  -3.4777439e+00
  -4.2364545e+00
  -4.5664763e+00
  -4.7099199e+00
  -4.8405881e+00
  -5.0050702e+00
  -5.1188293e+00
  -5.0545969e+00
  -4.7326579e+00
  -4.1984315e+00
  -3.6575451e+00
  -3.4165123e+00
  -3.4640307e+00
  -3.4257152e+00
  -3.2583804e+00
  -1.8008051e+00
  -1.1828827e+00
  -3.8371012e+00
  -4.6934986e+00
  -3.1100509e+00
   1.1635989e+00
   1.4573864e+00
   5.5619580e-01
   4.4636047e-01
   2.4432354e-01
  -8.6895019e-02
  -3.0934784e-01
  -1.1279919e-01
   1.5266860e+00
   1.5787133e+00
   4.4967674e-02
   7.5576681e-01
   7.2118729e-01
  -1.7400628e-01
  -6.8944502e-01
  -2.6391897e+00
  -2.4236233e+00
  -4.0200076e+00
  -4.7901978e+00
  -4.8537159e+00
  -4.8586535e+00
  -4.8983126e+00
  -4.9338198e+00
  -4.8426967e+00
  -4.5363307e+00
  -4.0161219e+00
  -3.4370544e+00
  -3.1238313e+00
  -3.3877015e+00
  -4.0324526e+00
  -4.9516077e+00
  -4.8962364e+00
  -3.8295064e+00
  -5.3258548e+00
  -5.2636471e+00
  -2.7856185e+00
   1.3342870e+00
   1.1741482e+00
   3.5549709e-01
   3.7982547e-01
   2.2390926e-01
   1.4371511e-01
  -8.8735536e-02
   1.0292692e-01
   2.4511778e+00
   1.4808421e+00
   2.9824936e-01
   4.9036208e-01
   9.2684823e-01
  -4.0007001e-01
  -1.7329664e+00
  -3.5412166e+00
  -3.4408662e+00
  -4.6837463e+00
  -5.5086932e+00
  -5.7096963e+00
  -5.8133860e+00
  -5.9296622e+00
  -6.0524478e+00
  -6.0710974e+00
  -5.8607426e+00
  -5.3656750e+00
  -4.6458669e+00
  -3.8655205e+00
  -3.4441812e+00
  -3.4478285e+00
  -5.0473390e+00
  -6.2254834e+00
  -7.5402660e+00
  -6.4839983e+00
  -4.8834553e+00
  -2.8673940e+00
   7.4473935e-01
   9.8290271e-01
   2.4682027e-01
   2.6019377e-01
   1.4252399e-01
   1.7707509e-01
  -4.5561872e-02
   2.4867782e-02
   2.2237885e+00
   1.2476014e+00
   3.5955384e-01
   1.7175309e-01
   2.3977953e-01
  -4.3380404e-01
  -3.1923354e+00
  -4.4492130e+00
  -5.3139410e+00
  -5.7235489e+00
  -6.1255431e+00
  -6.4091554e+00
  -6.5585051e+00
  -6.6992612e+00
  -6.8912773e+00
  -7.0552135e+00
  -7.0321488e+00
  -6.6427712e+00
  -5.7922759e+00
  -4.4373474e+00
  -2.9880066e+00
  -1.7749285e+00
  -3.0144191e+00
  -4.8019171e+00
  -6.0920987e+00
  -5.5367761e+00
  -4.6968136e+00
  -3.4865980e+00
  -5.9406298e-01
   3.4614506e-01
   1.5744198e-02
  -3.7030563e-02
  -1.0221525e-01
  -1.2741966e-02
  -2.5513628e-01
  -2.2450702e-01
   1.6966418e+00
   7.4930918e-01
   6.2551457e-01
  -4.3283132e-01
  -6.7988670e-01
  -8.8295865e-01
  -3.3626637e+00
  -4.2989645e+00
  -5.1062174e+00
  -5.7193985e+00
  -6.1697292e+00
  -6.3554931e+00
  -6.3645620e+00
  -6.3524518e+00
  -6.4614844e+00
  -6.6599631e+00
  -6.8037033e+00
  -6.6274762e+00
  -5.8909254e+00
  -4.2800326e+00
  -2.1309645e+00
  -3.7459517e-01
  -2.1030221e+00
  -3.7200303e+00
  -4.7002778e+00
  -4.6773214e+00
  -4.5201707e+00
  -4.1399946e+00
  -2.2469163e+00
  -3.4200990e-01
  -3.2439244e-01
  -4.4992518e-01
  -4.5438439e-01
  -2.6553008e-01
  -5.7723886e-01
  -6.8308276e-01
   1.0305177e+00
   5.1523316e-01
   3.8028657e-01
  -6.0860920e-01
  -1.1878561e+00
  -6.4906359e-01
  -2.2382293e+00
  -3.6530097e+00
  -4.4194822e+00
  -4.9381342e+00
  -5.2696915e+00
  -5.3491516e+00
  -5.2689466e+00
  -5.1739669e+00
  -5.2228374e+00
  -5.4398160e+00
  -5.7270470e+00
  -5.7594037e+00
  -5.1648641e+00
  -3.4155686e+00
  -9.0450603e-01
  -2.8680083e-01
  -3.1997097e+00
  -3.3614309e+00
  -3.4044828e+00
  -3.5533996e+00
  -3.8188250e+00
  -4.1016455e+00
  -3.4628415e+00
  -1.1774453e+00
  -1.4546556e+00
  -1.3270776e+00
  -1.1883175e+00
  -7.8378135e-01
  -1.0468838e+00
  -1.7312360e+00
   3.2867365e-02
   2.4103862e-01
  -5.9224129e-02
  -6.5211594e-01
  -9.7784775e-01
  -1.0568888e-01
  -7.4379587e-01
  -2.1289096e+00
  -2.7579191e+00
  -3.0890098e+00
  -3.3164074e+00
  -3.4023459e+00
  -3.3867588e+00
  -3.3814273e+00
  -3.4866507e+00
  -3.7279048e+00
  -4.0395937e+00
  -4.1596141e+00
  -3.6710734e+00
  -1.8830413e+00
   4.5524415e-01
  -3.7781203e-01
  -2.0863092e+00
  -1.3101858e+00
  -1.5136719e+00
  -2.0558453e+00
  -2.5125642e+00
  -3.1312377e+00
  -3.4622288e+00
  -1.9920092e+00
  -2.8414292e+00
  -2.7519245e+00
  -2.2333622e+00
  -1.8761550e+00
  -1.4810396e+00
  -1.3528671e+00
  -1.3262442e-01
   1.9726631e-01
  -2.0299390e-01
  -6.4707476e-01
  -2.4378169e-01
   1.2106726e-01
  -2.6098228e-01
  -7.1255922e-01
  -6.7138708e-01
  -8.7814409e-01
  -1.0454215e+00
  -1.2065858e+00
  -1.3239472e+00
  -1.4632225e+00
  -1.6802964e+00
  -1.9864951e+00
  -2.2927427e+00
  -2.4103096e+00
  -1.9624705e+00
  -1.2118623e-01
   1.2127144e+00
  -1.2371683e-01
  -8.7282598e-02
   4.4556552e-01
   3.1986079e-01
  -4.7754771e-01
  -1.0205853e+00
  -1.7013133e+00
  -2.4677820e+00
  -1.8110653e+00
  -1.6052340e+00
  -2.1611404e+00
  -1.5015937e+00
  -1.1745626e+00
  -5.2232957e-01
   1.3815734e-01
   1.5159912e-01
   9.2173047e-02
  -2.2457170e-01
  -1.7013970e-01
   1.2900659e-01
   1.9971986e-01
  -1.0875078e-01
   6.0574782e-01
   1.5351907e+00
   1.7098007e+00
   1.6116799e+00
   1.4097830e+00
   1.1671598e+00
   8.9667153e-01
   5.9514701e-01
   2.3533396e-01
  -6.4085484e-02
  -1.6316240e-01
   1.8483618e-01
   1.8792315e+00
   1.5348068e+00
   3.9931196e-01
   5.7887268e-01
   7.8951466e-01
   1.6019224e+00
   1.3958312e+00
   8.7800443e-01
   2.6486501e-01
  -5.0091892e-01
  -3.9543420e-01
   7.9944298e-02
   1.3269112e-01
   8.1153727e-01
   1.0699666e+00
   1.3964808e+00
   6.3500637e-01
   5.2970577e-02
   7.5125009e-02
   2.5316948e-01
   4.2165843e-01
   2.7099597e-01
   3.3172586e-01
  -2.6453234e-02
   1.1059123e+00
   2.7156347e+00
   3.2109179e+00
   3.1279516e+00
   2.9464141e+00
   2.7322261e+00
   2.4572580e+00
   2.1502113e+00
   1.8264651e+00
   1.5861360e+00
   1.4619162e+00
   1.6345400e+00
   2.3362393e+00
   1.0075173e+00
   8.2505512e-01
   6.1378413e-01
   7.6183489e-01
   1.5018717e+00
   2.5607641e+00
   2.1871478e+00
   1.6400183e+00
   9.7457713e-01
   8.6909552e-01
   1.4106399e-01
   1.5755016e+00
   1.1594074e+00
   1.0018182e+00
   6.8184310e-01
   3.0928548e-01
   5.6593176e-02
   3.1470537e-01
   6.8497775e-01
   5.2966183e-01
   4.2507720e-01
   4.8015365e-01
  -3.0918298e-02
   7.6866603e-01
   2.7952790e+00
   3.5626395e+00
   3.7003126e+00
   3.7471633e+00
   3.7215455e+00
   3.5554802e+00
   3.2940097e+00
   3.0791912e+00
   2.9672449e+00
   2.8459823e+00
   2.6961932e+00
   2.0735927e+00
   1.0248659e+00
   5.6678152e-01
   5.8043808e-01
   8.4696287e-01
   1.0781152e+00
   3.1664503e+00
   3.1502371e+00
   2.6060929e+00
   2.0417919e+00
   9.6857530e-01
   6.2413716e-01
   1.0316530e+00
   4.9139744e-01
   3.4087029e-01
   3.5736978e-01
   8.9917466e-02
   1.0339502e-01
   3.4286359e-01
   4.0954652e-01
   4.1784561e-01
   6.1040276e-01
   5.9032590e-01
   4.6635407e-01
   7.1432966e-01
   1.5985515e+00
   3.0610454e+00
   3.3320704e+00
   3.6360712e+00
   3.7698126e+00
   3.7139277e+00
   3.5652914e+00
   3.4760172e+00
   3.4689956e+00
   3.3892817e+00
   3.0890436e+00
   1.2530763e+00
   8.7846492e-01
   1.3777907e-01
   4.6394107e-01
   7.2281238e-01
   8.6052525e-01
   1.5109464e+00
   2.0354857e+00
   2.6514335e+00
   2.5047312e+00
   2.1759865e+00
   1.0216392e+00
   6.2246627e-01
   4.0067487e-01
   3.1513956e-01
   1.5365219e-01
   9.3017500e-02
   7.5234957e-02
   1.8075432e-01
   4.0591626e-01
   4.4349816e-01
   4.0865609e-01
   4.8394454e-01
   4.6541220e-01
   5.0067747e-01
   1.0550479e+00
   1.8340084e+00
   2.2638361e+00
   2.6774850e+00
   2.9223636e+00
   2.9877831e+00
   3.0505910e+00
   3.1811903e+00
   3.3098768e+00
   3.2553160e+00
   2.9717399e+00
   1.2923019e+00
   7.1554363e-01
   1.5999771e-01
   4.1977794e-01
   6.3435918e-01
   6.7460249e-01
   6.6416369e-01
   9.5718819e-01
   2.1531775e+00
   2.5194268e+00
   2.1739309e+00
   7.2262058e-01
   6.3081025e-01
   3.8267967e-01
   2.4721597e-01
   1.4042313e-01
   9.4109088e-02
   7.9205459e-02
   1.2680988e-02
   2.3163085e-01
   3.3899855e-01
   5.0526738e-01
   3.2564100e-01
   4.7759864e-01
   1.8062745e-01
   6.5724663e-01
   8.2359737e-01
   5.5341089e-01
   8.4312796e-01
   1.1377000e+00
   1.4002174e+00
   1.7013945e+00
   2.0667126e+00
   2.3553405e+00
   2.3980390e+00
   2.1128941e+00
   3.6801818e-01
   5.3971312e-01
   3.3138901e-01
   3.8793710e-01
   5.2976409e-01
   4.9098188e-01
   5.5107939e-01
   8.4858661e-01
   1.6928505e+00
   1.9935237e+00
   1.3677059e+00
   4.8801214e-01
   4.1651943e-01
   3.4174558e-01
   2.7882820e-01
   2.5791684e-01
   1.9765480e-01
   3.1832996e-01
   2.4734294e-01
   1.7995019e-01
   4.4585106e-01
   6.2518662e-01
   4.7009504e-01
   6.3246977e-01
   5.4239529e-01
   3.5799152e-01
  -7.9781848e-01
  -7.0149356e-01
  -3.0909649e-01
  -1.0699391e+00
  -6.6017210e-01
  -1.3461916e-01
   2.9692063e-01
   5.6897634e-01
   6.0293472e-01
  -1.7562580e-01
   2.3953180e-01
   3.0680802e-01
   1.6154981e-01
   3.3114880e-01
   3.4858575e-01
   1.9975553e-01
   2.5146019e-01
   6.3630795e-01
   3.1221330e-01
   5.5811578e-01
   1.7221670e-01
   3.7711832e-01
   1.1544822e-01
   6.3879788e-02
   7.8549907e-02
   1.3215682e-01
   1.3641131e-01
   3.0033886e-01
   1.0501313e-01
   1.1272928e-01
   1.0696358e-01
   2.8756732e-01
   3.7731226e-01
   2.3629107e-01
   2.8466318e-02
  -1.4196341e-01
   3.5426083e-01
  -2.1607034e-02
  -4.9900928e-01
  -5.1987863e-01
  -9.4258535e-01
  -4.7679282e-01
  -5.2710837e-01
  -5.3090745e-01
  -4.6095014e-01
   8.4241340e-03
   2.5605088e-01
  -4.9376728e-02
   9.7543702e-02
   2.4213806e-01
   4.9845075e-02
  -1.0138037e-01
   1.4257111e-01
   2.0234176e-01
  -1.5033926e-01
  -3.7486818e-01
   1.6355881e-01
  -3.7464514e-01
  -3.7218720e-01
  -2.0959135e-02
   1.0188686e-01
   7.7311240e-02
   3.0400843e-02
   1.5486482e-01
   6.8636134e-02
  -7.1946352e-02
  -1.2345722e-01
   2.2811754e-01
   2.7167141e-02
  -5.1138747e-02
  -3.9835855e-02
   3.6685269e-02
   1.5626021e-02
  -8.4571458e-02
  -8.9962915e-02
  -1.1613668e-01
  -1.9256049e-01
  -3.5834408e-01
  -6.6367006e-01
  -7.7124602e-01
  -7.3044676e-01
  -6.6149360e-01
  -5.3258777e-01
  -2.8715920e-01
  -9.8789230e-02
   3.4579262e-02
  -6.4873688e-02
  -7.1914211e-02
  -9.1424279e-02
  -3.2889351e-01
  -1.6601202e-01
  -1.8310350e-01
   5.6653041e-02
  -2.7163301e-02
  -5.1975906e-01
  -4.8874420e-01
  -4.6080449e-01
  -3.8570201e-01
  -2.6372778e-01
  -2.0730260e-01
  -2.2333610e-01
  -2.4335937e-01
  -1.2567823e-01
   2.8974824e-02
