   0.0000000e+00
   1.5830689e-02
   0.0000000e+00
   6.7979107e-03
   0.0000000e+00
   0.0000000e+00
   1.4559849e-02
   1.4390651e-02
   1.1332806e-02
   8.9500055e-03
   6.0475915e-03
   0.0000000e+00
   0.0000000e+00
   0.0000000e+00
   6.3579705e-03
   3.9370706e-03
   4.7564427e-03
   8.2241792e-03
   0.0000000e+00
   0.0000000e+00
   2.3179628e-03
   2.4149188e-03
   2.7204886e-03
   2.0141601e-03
   0.0000000e+00
   0.0000000e+00
   0.0000000e+00
   0.0000000e+00
   0.0000000e+00
   0.0000000e+00
   0.0000000e+00
   0.0000000e+00
   0.0000000e+00
   0.0000000e+00
   0.0000000e+00
   0.0000000e+00
   1.5416056e-02
   9.7279115e-03
   9.4809429e-03
   1.2924362e-02
   9.4770679e-03
   1.2253426e-02
   1.9183131e-02
   1.4999739e-02
   8.9324778e-03
   6.5182950e-03
   5.2234102e-03
   4.1401931e-03
   5.1372115e-03
   6.2530155e-03
   6.6590402e-03
   3.8624194e-03
   3.2806357e-03
  -1.7493545e-03
  -7.2221388e-03
   2.3021876e-03
   1.9662930e-03
   2.8372067e-03
   5.9577022e-03
   5.4013381e-03
   3.1869110e-03
  -1.5002801e-03
  -5.8959393e-03
  -8.8404462e-03
  -1.0622130e-02
  -6.4581365e-03
  -9.6999609e-03
   0.0000000e+00
   1.2278157e-02
   7.0458604e-03
   1.9635008e-03
   0.0000000e+00
   4.5666830e-03
   6.4815520e-03
   7.8391320e-03
   9.6822601e-03
   1.1317827e-02
   1.5821647e-02
   1.2320744e-02
   7.8005549e-03
   4.2438204e-03
   3.3091575e-03
   3.3458571e-03
   3.2182438e-03
   3.1527049e-03
   2.9735824e-03
   3.0575730e-03
   2.2189768e-03
  -1.6278532e-04
  -3.5592851e-03
  -7.6641385e-03
  -7.7629676e-03
  -4.7791195e-03
   1.3521639e-03
   5.2908268e-03
   6.7417184e-03
   5.5564510e-03
   1.1006816e-03
  -5.2003548e-03
  -9.8211185e-03
  -9.6617462e-03
  -6.1226399e-03
  -2.0816288e-03
   4.8159756e-03
   1.0822076e-02
   9.5573894e-03
   6.8307977e-03
   5.8453131e-03
  -0.0000000e+00
   0.0000000e+00
   0.0000000e+00
   0.0000000e+00
   0.0000000e+00
   1.7782510e-02
   9.2686338e-03
   2.1899890e-03
  -4.0806345e-04
  -1.7053672e-03
  -3.3059064e-03
  -2.5068682e-03
  -2.8489392e-03
  -4.8619965e-03
  -4.8068753e-03
  -5.3025543e-03
  -7.2523491e-03
  -1.0030894e-02
  -1.4466539e-02
  -0.0000000e+00
  -4.1445872e-03
   1.8057557e-04
   5.2453573e-03
   6.2562940e-03
   3.6851827e-03
  -2.5780164e-03
  -1.1013437e-02
  -1.6021263e-02
  -1.5163347e-02
  -9.6234633e-03
  -2.7995390e-03
   3.7189266e-03
   8.6547211e-03
   8.6237852e-03
   5.0156591e-03
  -4.3779329e-03
   0.0000000e+00
   0.0000000e+00
   0.0000000e+00
   0.0000000e+00
   0.0000000e+00
   1.8270594e-02
   2.6008138e-03
  -5.9299539e-03
  -1.6011862e-02
  -1.4268008e-02
  -1.3238142e-02
  -1.1632449e-02
  -1.1911030e-02
  -1.4718711e-02
  -1.3914177e-02
  -1.4069937e-02
  -1.5740391e-02
  -1.8032657e-02
  -2.3739476e-02
  -0.0000000e+00
  -8.0979068e-04
  -1.6219114e-03
   2.9851170e-03
   1.9759629e-03
  -2.8906392e-03
  -1.1588589e-02
  -2.0810779e-02
  -2.3261912e-02
  -1.8970083e-02
  -1.0701562e-02
  -2.6977905e-03
   2.3768304e-03
   4.0484313e-03
   1.5613594e-03
  -4.9774293e-03
  -1.5728247e-02
   0.0000000e+00
   0.0000000e+00
   0.0000000e+00
   0.0000000e+00
   0.0000000e+00
   5.8193543e-03
  -4.7449846e-03
  -1.3596358e-02
  -1.7284010e-02
  -1.9114676e-02
  -2.0052598e-02
  -1.8884306e-02
  -1.9135406e-02
  -2.0041858e-02
  -1.8121056e-02
  -1.7823947e-02
  -1.8926814e-02
  -2.0519122e-02
  -2.2403184e-02
  -0.0000000e+00
  -0.0000000e+00
  -2.7876675e-03
  -9.9096639e-05
  -3.1852665e-03
  -1.0374170e-02
  -1.9408613e-02
  -2.7076843e-02
  -2.5112199e-02
  -1.6333923e-02
  -7.2793947e-03
  -5.0425849e-04
   1.5557275e-03
  -9.1275387e-04
  -5.9130874e-03
  -1.2548131e-02
  -1.6873667e-02
  -4.6792432e-03
   0.0000000e+00
   0.0000000e+00
   0.0000000e+00
   5.3002563e-03
   2.2396157e-03
  -1.0477030e-02
  -1.8455530e-02
  -2.0056535e-02
  -2.1730268e-02
  -2.1968257e-02
  -2.0818805e-02
  -2.0089837e-02
  -1.8377310e-02
  -1.6207628e-02
  -1.5893277e-02
  -1.6941844e-02
  -1.7249405e-02
  -1.2814374e-02
  -0.0000000e+00
   0.0000000e+00
  -5.1637667e-03
  -2.6885851e-03
  -7.0308717e-03
  -1.4389612e-02
  -2.1242829e-02
  -2.4775942e-02
  -1.9011256e-02
  -4.9022115e-03
  -1.5457537e-03
   5.3022173e-03
   4.4095563e-03
  -2.9003541e-03
  -1.0305164e-02
  -1.5141870e-02
  -1.3311996e-02
   1.3025976e-03
   0.0000000e+00
   0.0000000e+00
   0.0000000e+00
   1.2072933e-03
  -6.8887826e-03
  -1.7683314e-02
  -2.0599842e-02
  -1.9646687e-02
  -1.9468268e-02
  -1.8056050e-02
  -1.6455719e-02
  -1.4220598e-02
  -1.2024879e-02
  -1.0624472e-02
  -1.0724505e-02
  -1.1913062e-02
  -9.9244742e-03
   1.6608395e-03
   1.6285051e-02
   0.0000000e+00
  -0.0000000e+00
  -6.0461885e-03
  -1.1960682e-02
  -1.4868491e-02
  -1.3518990e-02
  -4.7106699e-03
   0.0000000e+00
   3.1799779e-03
   4.1503971e-03
   1.5142340e-02
   7.2209206e-03
  -4.9139410e-03
  -1.1695823e-02
  -1.3288125e-02
  -8.2002906e-03
   7.1768039e-03
   1.3609738e-02
   0.0000000e+00
  -0.0000000e+00
  -2.6819256e-03
  -9.1565102e-03
  -1.4353359e-02
  -1.4009905e-02
  -1.2798503e-02
  -1.1858497e-02
  -1.0790436e-02
  -8.8776024e-03
  -6.4881309e-03
  -4.9406299e-03
  -4.6596983e-03
  -5.1551410e-03
  -5.5193100e-03
  -1.2544811e-03
   1.4531090e-02
   3.0485495e-02
   0.0000000e+00
  -0.0000000e+00
  -1.3859255e-02
  -1.5988292e-02
  -9.2780991e-03
   1.7531547e-03
   1.6558172e-02
   0.0000000e+00
  -0.0000000e+00
   5.9523709e-03
   1.2959102e-02
   1.3080442e-03
  -7.3509072e-03
  -9.5921699e-03
  -8.1895757e-03
  -2.7093671e-03
   1.1714715e-02
   1.9289546e-02
   0.0000000e+00
  -0.0000000e+00
  -5.0067781e-03
  -5.2710031e-03
  -5.4958696e-03
  -4.8615802e-03
  -4.2719939e-03
  -3.8819411e-03
  -3.5805227e-03
  -1.8236003e-03
  -3.0473115e-05
   6.2568346e-04
   2.5965687e-04
  -3.5033232e-04
   2.5166516e-04
   6.5660956e-03
   2.5855327e-02
   4.3825954e-02
   0.0000000e+00
   0.0000000e+00
  -2.0111288e-02
  -1.8138273e-02
  -6.6323276e-04
   2.0421200e-02
   4.3171644e-02
   0.0000000e+00
   0.0000000e+00
   7.5804144e-03
   8.3828615e-03
  -6.4149220e-04
  -4.2967354e-03
  -3.3801300e-03
  -9.8227814e-04
   3.6877347e-03
   1.6344003e-02
   2.5227949e-02
   1.8999513e-02
   1.5413831e-03
  -7.8155129e-04
   1.4133677e-03
   1.5404490e-03
   1.5503324e-03
   1.8059076e-03
   1.3840538e-03
   1.1809978e-03
   2.5410473e-03
   3.7058855e-03
   3.6698719e-03
   3.1528801e-03
   2.7657765e-03
   4.8027830e-03
   1.3869411e-02
   3.6816831e-02
   5.2442003e-02
   0.0000000e+00
   0.0000000e+00
  -0.0000000e+00
  -1.8342944e-02
   8.5536073e-03
   3.9771345e-02
   6.3385228e-02
   0.0000000e+00
   0.0000000e+00
   8.4987637e-03
   7.3006293e-03
   1.3944139e-03
   1.2111110e-03
   3.5740277e-03
   5.8859168e-03
   9.8753739e-03
   2.2865709e-02
   3.0209078e-02
   2.0432033e-02
   7.1162512e-03
   5.2724658e-03
   5.1430380e-03
   5.0804103e-03
   4.9441685e-03
   4.6994197e-03
   3.7219471e-03
   3.3528323e-03
   4.4644512e-03
   5.0847246e-03
   4.8516965e-03
   4.7420594e-03
   5.6684171e-03
   1.0375685e-02
   2.3778655e-02
   4.6318732e-02
   4.4135450e-02
   0.0000000e+00
   0.0000000e+00
   0.0000000e+00
  -1.1233800e-02
   1.8739032e-02
   5.3790078e-02
   6.4797699e-02
   0.0000000e+00
   0.0000000e+00
   7.4791461e-03
   1.0882603e-02
   4.7761912e-03
   6.7264903e-03
   1.0043337e-02
   1.2702541e-02
   1.6940633e-02
   2.9585056e-02
   3.3309143e-02
   2.2986729e-02
   9.4509628e-03
   5.9196856e-03
   4.9310541e-03
   5.4252842e-03
   5.1035606e-03
   4.3038619e-03
   3.2646512e-03
   3.1925787e-03
   4.1942340e-03
   4.6909000e-03
   4.9067875e-03
   6.1362959e-03
   9.2959115e-03
   1.7075546e-02
   3.3994760e-02
   5.4532798e-02
   0.0000000e+00
   0.0000000e+00
   0.0000000e+00
   0.0000000e+00
  -2.4650712e-04
   2.7334586e-02
   5.6947548e-02
   5.6255728e-02
   0.0000000e+00
   0.0000000e+00
   0.0000000e+00
   1.4664602e-02
   1.2352558e-02
   1.2471029e-02
   1.5393739e-02
   1.9157186e-02
   2.4012908e-02
   3.3736851e-02
   3.2657877e-02
   2.1204699e-02
   7.8988783e-03
   2.6679405e-03
   2.6509769e-03
   3.4931961e-03
   3.1461285e-03
   2.5792983e-03
   2.2196134e-03
   2.6372492e-03
   3.7352219e-03
   4.6262415e-03
   6.1593470e-03
   9.6623404e-03
   1.5410181e-02
   2.5557915e-02
   4.3192968e-02
   5.3675366e-02
   0.0000000e+00
   0.0000000e+00
   0.0000000e+00
   0.0000000e+00
   1.2954523e-02
   3.5390247e-02
   5.3102434e-02
   4.4906045e-02
   0.0000000e+00
   0.0000000e+00
   1.5634299e-02
   1.3385734e-02
   1.2870409e-02
   1.9580035e-02
   2.0871641e-02
   2.5897140e-02
   3.0356400e-02
   3.1254452e-02
   2.6588310e-02
   1.4556345e-02
   2.4683871e-03
  -1.0992145e-03
   5.4015435e-04
   1.6182888e-03
   2.0627454e-03
   2.5398796e-03
   2.9394231e-03
   3.9469451e-03
   5.6710397e-03
   7.6634614e-03
   1.0489043e-02
   1.5270567e-02
   2.1696869e-02
   3.0567005e-02
   4.2068694e-02
   3.6217356e-02
   0.0000000e+00
   0.0000000e+00
   0.0000000e+00
   0.0000000e+00
   2.8872976e-02
   3.9086580e-02
   4.5285080e-02
   3.3237788e-02
   0.0000000e+00
   0.0000000e+00
   2.5362003e-02
   1.5711706e-02
   1.9186653e-02
   2.2287771e-02
   2.3767095e-02
   2.8630614e-02
   3.1139258e-02
   2.3501933e-02
   1.6828660e-02
   5.6409976e-03
  -3.1023626e-03
  -3.9561293e-03
  -2.2193575e-03
  -1.1995719e-03
  -3.2025389e-05
   1.2756218e-03
   2.6736881e-03
   5.0142338e-03
   8.3641643e-03
   1.1878980e-02
   1.5794013e-02
   2.0643849e-02
   2.5903637e-02
   3.0910712e-02
   3.2829553e-02
   2.5546979e-02
   0.0000000e+00
   0.0000000e+00
   0.0000000e+00
   0.0000000e+00
   3.7723216e-02
   3.7688807e-02
   3.6906101e-02
   0.0000000e+00
   0.0000000e+00
   0.0000000e+00
   3.1173235e-02
   1.5321256e-02
   2.1570781e-02
   1.9946298e-02
   2.1807186e-02
   2.5615135e-02
   2.5951045e-02
   1.4518946e-02
   9.6719201e-03
  -1.2078470e-03
  -6.6987686e-03
  -7.2564459e-03
  -7.3911822e-03
  -7.6903738e-03
  -7.3615001e-03
  -6.5273601e-03
  -4.5759343e-03
  -8.0623489e-04
   4.4564013e-03
   9.6963160e-03
   1.4653087e-02
   1.9173957e-02
   2.2700412e-02
   2.4429245e-02
   2.0786287e-02
   1.0622796e-02
   0.0000000e+00
   0.0000000e+00
   0.0000000e+00
   0.0000000e+00
   4.0912429e-02
   3.3053041e-02
   2.9483220e-02
   0.0000000e+00
   0.0000000e+00
   0.0000000e+00
   3.1369722e-02
   1.1671003e-02
   1.8263029e-02
   2.0493442e-02
   1.7511065e-02
   1.8082179e-02
   1.6916730e-02
   1.4010527e-02
   0.0000000e+00
  -5.5185169e-03
  -8.7748240e-03
  -1.0540378e-02
  -1.1576016e-02
  -1.2546461e-02
  -1.2989556e-02
  -1.2748533e-02
  -1.1124201e-02
  -7.5756796e-03
  -2.3289737e-03
   3.0131260e-03
   7.6342290e-03
   1.0570570e-02
   1.1117094e-02
   1.0029332e-02
   6.5699238e-03
   2.3948252e-03
   0.0000000e+00
   0.0000000e+00
   0.0000000e+00
   1.8008983e-02
   3.5136156e-02
   2.4268549e-02
   2.1401092e-02
   0.0000000e+00
   0.0000000e+00
   0.0000000e+00
   0.0000000e+00
   8.8108365e-03
   1.2550325e-02
   1.2079564e-02
   1.4428698e-02
   1.0925477e-02
   1.0480728e-02
   0.0000000e+00
   0.0000000e+00
  -2.6884664e-03
  -4.9663703e-03
  -6.4409166e-03
  -5.1406352e-03
  -4.7470415e-03
  -4.1599562e-03
  -3.4092839e-03
  -2.1762371e-03
  -6.3797692e-05
   3.3232148e-03
   7.1688024e-03
   1.0545334e-02
   1.1558400e-02
   8.6983526e-03
   3.3451621e-03
  -2.8110789e-03
  -3.2513846e-03
   0.0000000e+00
   0.0000000e+00
   0.0000000e+00
   1.2641483e-02
   2.5048541e-02
   1.7339710e-02
   0.0000000e+00
   0.0000000e+00
   0.0000000e+00
   0.0000000e+00
   0.0000000e+00
   8.4038991e-03
   8.3704153e-03
   5.6554160e-03
   0.0000000e+00
   9.6491863e-03
   8.8698742e-03
   0.0000000e+00
   0.0000000e+00
   2.5077613e-03
   4.8221447e-04
  -4.2505307e-03
  -1.1611970e-04
   1.7420516e-03
   3.5436288e-03
   4.9664505e-03
   5.9910038e-03
   7.1600568e-03
   8.9831670e-03
   1.1567834e-02
   1.4485521e-02
   1.4847737e-02
   8.7919036e-03
  -9.0450571e-04
  -1.1530069e-02
  -1.2314480e-02
   0.0000000e+00
   0.0000000e+00
  -1.2852580e-02
   1.6630341e-03
   1.3123677e-02
   0.0000000e+00
   0.0000000e+00
   0.0000000e+00
   0.0000000e+00
   0.0000000e+00
   0.0000000e+00
   0.0000000e+00
   5.0301535e-03
   4.8978500e-03
   0.0000000e+00
   0.0000000e+00
   0.0000000e+00
   0.0000000e+00
   0.0000000e+00
  -1.7427532e-04
  -8.9589683e-04
  -1.3055036e-02
  -1.0918695e-02
  -9.1556115e-03
  -6.7209615e-03
  -4.9125799e-03
  -4.7565275e-03
  -5.4897433e-03
  -6.1741099e-03
  -5.4605408e-03
  -2.4743909e-03
   1.5234846e-03
   1.1590761e-03
  -5.2416204e-03
  -1.8247850e-02
  -2.7624407e-02
   0.0000000e+00
   0.0000000e+00
  -2.0174223e-02
  -1.2577762e-02
  -4.2531882e-03
   0.0000000e+00
   0.0000000e+00
   0.0000000e+00
   0.0000000e+00
   0.0000000e+00
   0.0000000e+00
   0.0000000e+00
   1.0486089e-03
   0.0000000e+00
   0.0000000e+00
   0.0000000e+00
   0.0000000e+00
   0.0000000e+00
   0.0000000e+00
  -6.2128581e-03
  -1.3413298e-02
  -1.9720058e-02
  -2.1822926e-02
  -2.1898268e-02
  -2.0321988e-02
  -1.8453356e-02
  -1.8410493e-02
  -2.0253681e-02
  -2.3094932e-02
  -2.4893170e-02
  -2.3436101e-02
  -1.6287668e-02
  -6.8146959e-03
  -3.6987728e-03
  -1.8333002e-02
  -3.0889400e-02
  -1.7714458e-02
  -9.2639094e-03
  -2.1908649e-02
  -2.5168892e-02
  -2.1695127e-02
   0.0000000e+00
   0.0000000e+00
   0.0000000e+00
   0.0000000e+00
   0.0000000e+00
   0.0000000e+00
   0.0000000e+00
  -6.2420955e-03
   0.0000000e+00
   0.0000000e+00
   0.0000000e+00
   0.0000000e+00
   0.0000000e+00
  -1.7375538e-02
  -8.5637626e-03
  -1.5369087e-02
  -1.8573002e-02
  -2.4253929e-02
  -2.6303971e-02
  -2.6324511e-02
  -2.4945334e-02
  -2.4533464e-02
  -2.6302617e-02
  -3.0258175e-02
  -3.4371078e-02
  -3.5361055e-02
  -2.8549831e-02
  -1.4367543e-02
  -4.5187236e-03
  -0.0000000e+00
  -1.6592133e-02
  -1.3385204e-02
  -8.7980777e-03
  -2.1263212e-02
  -3.3289135e-02
  -3.8957300e-02
   0.0000000e+00
   0.0000000e+00
   0.0000000e+00
   0.0000000e+00
   0.0000000e+00
   0.0000000e+00
   0.0000000e+00
  -2.0874093e-02
   0.0000000e+00
   0.0000000e+00
   0.0000000e+00
   0.0000000e+00
  -0.0000000e+00
  -1.1974105e-02
  -8.6443434e-03
  -1.1972250e-02
  -1.5796453e-02
  -2.2170704e-02
  -2.5527733e-02
  -2.6532087e-02
  -2.5074150e-02
  -2.3553659e-02
  -2.4355678e-02
  -2.8380508e-02
  -3.3851236e-02
  -3.7447691e-02
  -3.3710402e-02
  -1.9318908e-02
  -6.9182610e-03
   0.0000000e+00
  -9.1629638e-03
  -5.1254195e-03
  -6.7702672e-03
  -1.7646452e-02
  -3.5170574e-02
  -5.4595327e-02
   0.0000000e+00
   0.0000000e+00
   0.0000000e+00
   0.0000000e+00
   0.0000000e+00
   0.0000000e+00
  -0.0000000e+00
  -2.7046718e-02
   0.0000000e+00
   0.0000000e+00
   0.0000000e+00
   0.0000000e+00
  -0.0000000e+00
  -5.2166033e-03
  -4.7609587e-03
  -8.0944709e-03
  -1.1376503e-02
  -1.7330877e-02
  -2.1120446e-02
  -2.2698032e-02
  -2.1106342e-02
  -1.8142210e-02
  -1.7041508e-02
  -2.0034378e-02
  -2.6291683e-02
  -3.2779407e-02
  -3.4106262e-02
  -2.2806577e-02
  -0.0000000e+00
  -9.4488520e-03
  -7.1192690e-03
  -5.5850864e-04
  -3.4874897e-03
  -1.2181072e-02
  -2.9668072e-02
  -5.7647501e-02
   0.0000000e+00
   0.0000000e+00
   0.0000000e+00
   0.0000000e+00
   0.0000000e+00
   0.0000000e+00
  -3.6016957e-02
  -3.9792120e-02
   0.0000000e+00
   0.0000000e+00
   0.0000000e+00
   0.0000000e+00
   0.0000000e+00
  -0.0000000e+00
   1.3196289e-03
  -3.0409398e-03
  -5.8279661e-03
  -1.1200935e-02
  -1.5236763e-02
  -1.7397357e-02
  -1.6580710e-02
  -1.3534711e-02
  -1.1165708e-02
  -1.2704316e-02
  -1.9170176e-02
  -2.8253110e-02
  -3.4347713e-02
  -2.6063351e-02
   0.0000000e+00
  -3.6558493e-03
  -2.0138443e-03
   1.3813617e-03
  -1.0204419e-03
  -7.6440545e-03
  -2.1961659e-02
  -5.0173852e-02
  -0.0000000e+00
   0.0000000e+00
   0.0000000e+00
   0.0000000e+00
   0.0000000e+00
   0.0000000e+00
  -2.8415262e-02
  -3.6582354e-02
   0.0000000e+00
   0.0000000e+00
   0.0000000e+00
   0.0000000e+00
   0.0000000e+00
   0.0000000e+00
   7.8866147e-03
   5.2595523e-03
   2.5403888e-03
  -2.5852771e-03
  -7.1217493e-03
  -9.6008347e-03
  -9.4048407e-03
  -7.1120906e-03
  -4.9791302e-03
  -5.6821213e-03
  -1.2210436e-02
  -2.4263811e-02
  -3.5962074e-02
  -3.1926120e-02
   0.0000000e+00
   4.4674882e-03
   3.5364539e-03
   5.2688516e-03
   2.5200259e-03
  -2.8339719e-03
  -1.3194284e-02
  -3.9334307e-02
  -5.3255882e-02
   0.0000000e+00
   0.0000000e+00
  -0.0000000e+00
  -1.2661851e-02
  -9.4459620e-03
  -1.6300122e-02
  -0.0000000e+00
   0.0000000e+00
   0.0000000e+00
   0.0000000e+00
   0.0000000e+00
   0.0000000e+00
   0.0000000e+00
   9.1851268e-03
   7.1257497e-03
   9.2824623e-03
   6.7002396e-03
   2.2623951e-03
  -4.6788523e-04
  -2.8579403e-04
   1.6702430e-03
   2.9178525e-03
   1.3609601e-03
  -5.7066130e-03
  -2.0451285e-02
  -3.7410811e-02
  -0.0000000e+00
   0.0000000e+00
   0.0000000e+00
   0.0000000e+00
   1.1569969e-02
   8.0356505e-03
   2.3797576e-03
  -5.0790566e-03
  -2.5764693e-02
  -4.3441113e-02
   0.0000000e+00
   0.0000000e+00
  -0.0000000e+00
  -1.0874651e-02
  -3.8383994e-03
  -0.0000000e+00
   0.0000000e+00
   0.0000000e+00
   0.0000000e+00
   0.0000000e+00
   0.0000000e+00
   0.0000000e+00
   0.0000000e+00
   8.5737175e-03
   9.0197026e-04
   1.0201341e-02
   1.4033148e-02
   1.1560583e-02
   9.2924256e-03
   9.7860610e-03
   1.2150098e-02
   1.3089273e-02
   9.8822881e-03
   1.4620572e-03
  -1.6671684e-02
  -3.7743986e-02
  -0.0000000e+00
   0.0000000e+00
   0.0000000e+00
   0.0000000e+00
   1.8133029e-02
   1.4006881e-02
   8.7619191e-03
   3.2303105e-03
  -1.3269260e-02
  -2.6495813e-02
   0.0000000e+00
  -6.4865870e-03
  -1.2631976e-02
  -8.0972199e-03
  -0.0000000e+00
   0.0000000e+00
   0.0000000e+00
   0.0000000e+00
   0.0000000e+00
   0.0000000e+00
   0.0000000e+00
   0.0000000e+00
   0.0000000e+00
   0.0000000e+00
  -1.0094934e-02
   3.7609346e-03
   1.5291810e-02
   1.5951654e-02
   1.5740257e-02
   1.7124776e-02
   2.0531322e-02
   2.1854743e-02
   1.7632673e-02
   8.3247003e-03
  -1.2783972e-02
  -3.2826081e-02
   0.0000000e+00
   0.0000000e+00
   0.0000000e+00
   0.0000000e+00
   0.0000000e+00
   1.6893717e-02
   1.4312489e-02
   1.0277901e-02
  -2.5591052e-03
  -1.8177744e-02
   0.0000000e+00
  -0.0000000e+00
   0.0000000e+00
   0.0000000e+00
   0.0000000e+00
   0.0000000e+00
   0.0000000e+00
   0.0000000e+00
   0.0000000e+00
   0.0000000e+00
   0.0000000e+00
   0.0000000e+00
   0.0000000e+00
   0.0000000e+00
  -0.0000000e+00
  -9.8924916e-03
   9.1687692e-03
   1.4521198e-02
   1.7066445e-02
   2.0147374e-02
   2.3840327e-02
   2.5327560e-02
   2.1701364e-02
   1.3156824e-02
  -5.9185857e-03
  -2.6277367e-02
   0.0000000e+00
   0.0000000e+00
   0.0000000e+00
   0.0000000e+00
   0.0000000e+00
   0.0000000e+00
   1.5213175e-02
   1.3192753e-02
   6.3164178e-03
  -1.8843839e-03
   0.0000000e+00
  -0.0000000e+00
   0.0000000e+00
   0.0000000e+00
   0.0000000e+00
   0.0000000e+00
   0.0000000e+00
   0.0000000e+00
   0.0000000e+00
   0.0000000e+00
   0.0000000e+00
   0.0000000e+00
   0.0000000e+00
   0.0000000e+00
  -0.0000000e+00
  -1.6842030e-02
   2.8229381e-03
   1.0661703e-02
   1.5081653e-02
   1.8708562e-02
   2.1950695e-02
   2.2695955e-02
   2.0275205e-02
   1.4561560e-02
   1.9268615e-03
  -1.6289159e-03
   0.0000000e+00
   0.0000000e+00
   0.0000000e+00
   0.0000000e+00
   0.0000000e+00
   0.0000000e+00
   0.0000000e+00
   9.8165656e-03
   9.2707779e-03
   3.8008637e-03
   0.0000000e+00
   0.0000000e+00
   0.0000000e+00
   0.0000000e+00
   0.0000000e+00
   0.0000000e+00
   0.0000000e+00
   0.0000000e+00
   0.0000000e+00
   0.0000000e+00
   0.0000000e+00
   0.0000000e+00
   0.0000000e+00
   0.0000000e+00
  -0.0000000e+00
  -2.8960636e-02
  -9.0228988e-03
  -4.1448476e-04
   6.6023680e-03
   1.1525212e-02
   1.4512860e-02
   1.4925675e-02
   1.4072615e-02
   1.2984823e-02
   8.8748195e-03
   0.0000000e+00
   0.0000000e+00
   0.0000000e+00
   0.0000000e+00
   0.0000000e+00
   0.0000000e+00
   0.0000000e+00
  -8.3717514e-03
   8.3861280e-04
   7.9088770e-03
   8.1472164e-03
   0.0000000e+00
   0.0000000e+00
   0.0000000e+00
   0.0000000e+00
   0.0000000e+00
   0.0000000e+00
   0.0000000e+00
   0.0000000e+00
   0.0000000e+00
   0.0000000e+00
   0.0000000e+00
   0.0000000e+00
   0.0000000e+00
   0.0000000e+00
  -0.0000000e+00
  -3.1245738e-02
  -1.7180446e-02
  -2.0734495e-02
  -9.8608583e-03
  -5.0018178e-03
  -2.2416538e-03
   7.5972965e-04
   3.8061806e-03
   9.1241718e-03
   0.0000000e+00
   0.0000000e+00
   0.0000000e+00
   0.0000000e+00
   0.0000000e+00
   0.0000000e+00
   0.0000000e+00
   0.0000000e+00
  -1.9957795e-02
  -7.8969505e-03
   4.9997318e-03
   1.1398130e-02
   1.5503897e-02
   0.0000000e+00
   0.0000000e+00
   0.0000000e+00
   0.0000000e+00
   0.0000000e+00
   0.0000000e+00
   0.0000000e+00
   0.0000000e+00
   0.0000000e+00
   0.0000000e+00
   0.0000000e+00
   0.0000000e+00
   0.0000000e+00
  -0.0000000e+00
  -0.0000000e+00
  -0.0000000e+00
  -0.0000000e+00
  -0.0000000e+00
  -2.9898626e-02
  -0.0000000e+00
  -0.0000000e+00
  -0.0000000e+00
   0.0000000e+00
   0.0000000e+00
   0.0000000e+00
   0.0000000e+00
   0.0000000e+00
   0.0000000e+00
   0.0000000e+00
   0.0000000e+00
   0.0000000e+00
  -2.3429331e-02
  -0.0000000e+00
   0.0000000e+00
  -0.0000000e+00
  -3.2258862e-03
   1.4308127e-02
   0.0000000e+00
   0.0000000e+00
   0.0000000e+00
   0.0000000e+00
   0.0000000e+00
   0.0000000e+00
   0.0000000e+00
   0.0000000e+00
   0.0000000e+00
   0.0000000e+00
   0.0000000e+00
   0.0000000e+00
   0.0000000e+00
   0.0000000e+00
   0.0000000e+00
   0.0000000e+00
   0.0000000e+00
   0.0000000e+00
   0.0000000e+00
  -1.5851492e-02
  -1.2297986e-02
  -8.9450079e-03
  -7.6896124e-03
  -2.9016623e-03
   0.0000000e+00
   0.0000000e+00
   0.0000000e+00
   0.0000000e+00
   0.0000000e+00
   0.0000000e+00
  -1.0192116e-02
   0.0000000e+00
   0.0000000e+00
  -0.0000000e+00
  -2.1691333e-02
  -3.6914817e-03
   2.6845921e-03
   3.5419225e-03
   7.8820145e-03
   6.4987361e-03
   0.0000000e+00
   0.0000000e+00
   0.0000000e+00
   0.0000000e+00
   0.0000000e+00
