  -0.0000000e+00
  -0.0000000e+00
  -0.0000000e+00
  -0.0000000e+00
  -1.4715779e-02
   0.0000000e+00
  -5.2740837e-03
  -1.3832126e-02
  -1.8529269e-02
  -1.5776012e-02
  -1.6294436e-02
   0.0000000e+00
   0.0000000e+00
   0.0000000e+00
  -2.1139775e-02
  -2.6369153e-02
  -2.6080750e-02
  -2.1688001e-02
  -0.0000000e+00
  -0.0000000e+00
  -1.4587560e-02
  -1.6586899e-02
  -2.0086515e-02
  -1.6309458e-02
  -0.0000000e+00
   0.0000000e+00
   0.0000000e+00
   0.0000000e+00
   0.0000000e+00
   0.0000000e+00
   0.0000000e+00
   0.0000000e+00
   0.0000000e+00
   0.0000000e+00
   0.0000000e+00
   0.0000000e+00
  -4.9265981e-03
  -6.2912454e-03
  -1.3592467e-03
  -2.7167682e-03
  -4.3311586e-03
  -1.0981610e-02
  -1.3613937e-02
  -1.7078163e-02
  -1.8760737e-02
  -1.8649489e-02
  -1.9506458e-02
  -2.1159258e-02
  -2.2504830e-02
  -2.2060140e-02
  -2.1815667e-02
  -2.1816585e-02
  -2.1535013e-02
  -1.9432442e-02
  -2.0228145e-02
  -1.2894710e-02
  -1.3543533e-02
  -1.3360570e-02
  -1.2857104e-02
  -1.3538113e-02
  -1.3594470e-02
  -1.5870289e-02
  -1.8836567e-02
  -2.4122551e-02
  -2.5676681e-02
  -1.3699888e-02
  -1.6837971e-02
   0.0000000e+00
  -1.1781026e-02
  -1.0939471e-02
  -1.6055044e-02
   0.0000000e+00
  -7.4898864e-03
  -6.9000555e-04
   1.3587731e-03
   1.4095199e-03
   2.2541309e-03
   2.3662576e-03
  -3.2923800e-03
  -5.5729426e-03
  -5.6268685e-03
  -3.6703251e-03
  -9.5825345e-04
  -4.5858347e-04
  -1.9428278e-03
  -2.1962360e-03
  -1.3640338e-03
  -1.3932589e-03
  -2.2924750e-03
  -3.3743731e-03
  -4.6881625e-03
  -1.0013908e-03
   9.3560020e-04
   3.4735797e-03
   1.3021893e-03
  -3.0349905e-03
  -6.3158429e-03
  -8.6504640e-03
  -1.0220043e-02
  -1.0193223e-02
  -8.6160349e-03
  -6.1255698e-03
  -6.1876939e-03
  -8.1558317e-03
  -7.9569872e-03
  -9.0042994e-03
  -1.2252537e-02
  -1.3499203e-02
   0.0000000e+00
   0.0000000e+00
   0.0000000e+00
   0.0000000e+00
   0.0000000e+00
   1.4933095e-02
   1.1867946e-02
   1.5352082e-02
   1.5310694e-02
   2.0673131e-02
   2.8721856e-02
   3.6078691e-02
   3.7960651e-02
   3.7473265e-02
   3.9518710e-02
   4.0815151e-02
   4.1283719e-02
   4.1801907e-02
   4.2103923e-02
   0.0000000e+00
   2.9747136e-02
   2.8221501e-02
   2.7779356e-02
   2.2780091e-02
   1.8739719e-02
   1.6335096e-02
   1.6758908e-02
   1.8186310e-02
   1.9236777e-02
   1.8635785e-02
   1.6270097e-02
   1.2586009e-02
   9.4164871e-03
   8.4066958e-03
   8.6529730e-03
   1.0735962e-02
   0.0000000e+00
   0.0000000e+00
   0.0000000e+00
   0.0000000e+00
   0.0000000e+00
   2.0979619e-02
   2.6905475e-02
   3.6241129e-02
   5.4144492e-02
   5.1763382e-02
   5.5855386e-02
   6.4652368e-02
   7.1184009e-02
   7.2284572e-02
   7.5190261e-02
   7.7431299e-02
   7.8627527e-02
   7.9142682e-02
   7.7133365e-02
   0.0000000e+00
   4.3220313e-02
   4.8069745e-02
   5.5651993e-02
   5.5353604e-02
   5.5188488e-02
   5.5373702e-02
   5.5840518e-02
   5.5418096e-02
   5.2482981e-02
   4.6598785e-02
   4.0303323e-02
   3.4630954e-02
   3.2716215e-02
   3.4793042e-02
   3.7447065e-02
   3.4732700e-02
   0.0000000e+00
   0.0000000e+00
   0.0000000e+00
   0.0000000e+00
   0.0000000e+00
   3.4235915e-02
   4.2853425e-02
   5.0970708e-02
   6.1974246e-02
   6.7269332e-02
   7.0973202e-02
   7.5770205e-02
   8.2138521e-02
   8.4160012e-02
   8.7048312e-02
   8.9275864e-02
   9.0804939e-02
   9.0721269e-02
   8.3109116e-02
   0.0000000e+00
   0.0000000e+00
   5.1388993e-02
   6.9263793e-02
   7.7875583e-02
   8.3093380e-02
   8.5329180e-02
   8.3625336e-02
   7.9621656e-02
   7.1335650e-02
   6.1901286e-02
   5.6413148e-02
   5.1858970e-02
   5.1258886e-02
   5.4931113e-02
   5.7829977e-02
   5.3873710e-02
   5.1136663e-02
   0.0000000e+00
   0.0000000e+00
   0.0000000e+00
   4.5931823e-02
   4.9079165e-02
   5.3166423e-02
   5.6979731e-02
   6.1658036e-02
   6.5522909e-02
   6.7075379e-02
   6.8750359e-02
   7.1120210e-02
   7.2140582e-02
   7.4643962e-02
   7.6717034e-02
   7.8446046e-02
   7.8382775e-02
   6.8580136e-02
   0.0000000e+00
   0.0000000e+00
   4.4516088e-02
   6.2668614e-02
   7.8529052e-02
   8.8530891e-02
   9.0157077e-02
   8.1931929e-02
   7.8033344e-02
   6.3479035e-02
   5.5740789e-02
   5.4655451e-02
   5.2083462e-02
   5.5894703e-02
   6.1135810e-02
   6.3513838e-02
   5.6996427e-02
   4.7232842e-02
   0.0000000e+00
   0.0000000e+00
   0.0000000e+00
   5.1390484e-02
   5.8193281e-02
   5.7043885e-02
   5.4086912e-02
   5.1338915e-02
   4.8926344e-02
   4.6670970e-02
   4.6013042e-02
   4.5317820e-02
   4.5388244e-02
   4.7025871e-02
   4.9118140e-02
   5.0531976e-02
   4.9261414e-02
   4.0199197e-02
   3.0645825e-02
   0.0000000e+00
   0.0000000e+00
   3.9013121e-02
   5.9208773e-02
   7.1657813e-02
   6.7565210e-02
   4.9236407e-02
   0.0000000e+00
   2.9445313e-02
   3.1963687e-02
   3.8324571e-02
   3.9162546e-02
   4.7425952e-02
   5.3045833e-02
   5.3521305e-02
   5.0199032e-02
   3.0996746e-02
   3.1255194e-02
   0.0000000e+00
   0.0000000e+00
   3.5708294e-02
   4.1086394e-02
   3.9347246e-02
   3.4255393e-02
   2.8893923e-02
   2.4281256e-02
   2.0986697e-02
   1.9083910e-02
   1.7703861e-02
   1.7532730e-02
   1.8241821e-02
   1.9813137e-02
   2.0389020e-02
   1.7961690e-02
   1.1312882e-02
   8.2874788e-03
   0.0000000e+00
   0.0000000e+00
   1.7675332e-02
   3.2811638e-02
   4.1630447e-02
   3.2790840e-02
   1.6893069e-02
   0.0000000e+00
   2.5093093e-03
   8.1096022e-03
   2.5078044e-02
   2.7136702e-02
   3.2935310e-02
   3.4775507e-02
   3.3047363e-02
   3.0604068e-02
   7.2117047e-03
   1.3747342e-02
   0.0000000e+00
   0.0000000e+00
   1.1345372e-02
   1.3257635e-02
   1.1485056e-02
   7.6186373e-03
   2.9806742e-03
  -9.7973493e-04
  -3.5730426e-03
  -4.9785934e-03
  -5.8101472e-03
  -5.8039827e-03
  -5.3976057e-03
  -4.9902508e-03
  -5.6668031e-03
  -9.3886126e-03
  -1.4743472e-02
  -1.4402065e-02
   0.0000000e+00
   0.0000000e+00
  -7.5977836e-03
   7.8490460e-03
   1.0900836e-02
  -2.1066221e-03
  -1.5308533e-02
   0.0000000e+00
   0.0000000e+00
  -1.0774436e-02
   3.6976757e-03
   6.1815004e-03
   1.0321531e-02
   9.4915964e-03
   6.9468883e-03
   5.0646081e-03
  -1.6570017e-02
  -8.9899264e-03
  -7.1291990e-03
  -1.0195760e-02
  -9.6837599e-03
  -1.1236254e-02
  -1.2235997e-02
  -1.4266983e-02
  -1.6880224e-02
  -1.9203648e-02
  -2.0598428e-02
  -2.1121889e-02
  -2.1071124e-02
  -2.0940948e-02
  -2.1037051e-02
  -2.2159306e-02
  -2.5161291e-02
  -3.1157838e-02
  -3.5366334e-02
  -2.4507942e-02
   0.0000000e+00
   0.0000000e+00
  -2.1354553e-02
  -1.0584158e-02
  -1.4548854e-02
  -2.7348246e-02
  -2.8986891e-02
   0.0000000e+00
   0.0000000e+00
  -1.7329235e-02
  -1.6157843e-02
  -1.5581682e-02
  -1.2248488e-02
  -1.4325815e-02
  -1.7106347e-02
  -1.8958695e-02
  -3.8154867e-02
  -2.8571974e-02
  -1.1324072e-02
  -1.8396573e-02
  -2.4594586e-02
  -2.6069745e-02
  -2.6643714e-02
  -2.7807932e-02
  -2.8576888e-02
  -2.9479491e-02
  -3.0309334e-02
  -3.0882772e-02
  -3.0639665e-02
  -3.0962687e-02
  -3.2237004e-02
  -3.5682436e-02
  -4.1736398e-02
  -5.0143491e-02
  -5.0605521e-02
  -2.3767125e-02
   0.0000000e+00
   0.0000000e+00
   0.0000000e+00
  -2.6458286e-02
  -3.5603505e-02
  -3.8646251e-02
  -2.2187407e-02
   0.0000000e+00
   0.0000000e+00
  -1.6036073e-02
  -2.8533986e-02
  -2.9659231e-02
  -3.0195463e-02
  -3.3352293e-02
  -3.6974344e-02
  -4.0100053e-02
  -5.1588010e-02
  -3.9818294e-02
  -2.2653310e-02
  -2.5134329e-02
  -2.8420605e-02
  -2.9309250e-02
  -3.0381156e-02
  -3.1322304e-02
  -3.1509399e-02
  -3.2366596e-02
  -3.3764049e-02
  -3.4865648e-02
  -3.5217404e-02
  -3.6638502e-02
  -3.9964825e-02
  -4.5614738e-02
  -5.3192414e-02
  -6.0601331e-02
  -5.7184767e-02
  -0.0000000e+00
   0.0000000e+00
   0.0000000e+00
   0.0000000e+00
  -3.8179196e-02
  -4.7453012e-02
  -3.7828766e-02
  -1.1910955e-02
   0.0000000e+00
   0.0000000e+00
   0.0000000e+00
  -2.9400172e-02
  -2.8041035e-02
  -4.1405216e-02
  -4.4520535e-02
  -4.9037632e-02
  -5.3414352e-02
  -5.5894867e-02
  -4.2959440e-02
  -2.7080888e-02
  -2.3927143e-02
  -2.4624165e-02
  -2.6711121e-02
  -2.8421771e-02
  -2.9812349e-02
  -3.1480070e-02
  -3.4197688e-02
  -3.7024897e-02
  -3.9145134e-02
  -4.1038621e-02
  -4.4318121e-02
  -4.9369406e-02
  -5.5084780e-02
  -6.0355756e-02
  -6.1789759e-02
  -4.3633257e-02
   0.0000000e+00
   0.0000000e+00
   0.0000000e+00
   0.0000000e+00
  -4.7229064e-02
  -5.2178048e-02
  -3.0877354e-02
  -3.3568957e-03
   0.0000000e+00
   0.0000000e+00
  -2.6219718e-02
  -3.0763631e-02
  -3.4346456e-02
  -4.8984308e-02
  -5.0977089e-02
  -5.5264145e-02
  -5.8932759e-02
  -4.8490360e-02
  -3.6224015e-02
  -2.1551713e-02
  -1.6265588e-02
  -1.8152170e-02
  -2.2823671e-02
  -2.5858002e-02
  -2.8921397e-02
  -3.2984905e-02
  -3.7928518e-02
  -4.2682249e-02
  -4.6695758e-02
  -5.0423652e-02
  -5.4597318e-02
  -5.8290727e-02
  -6.0242046e-02
  -5.9070285e-02
  -5.0328448e-02
  -2.4830185e-02
   0.0000000e+00
   0.0000000e+00
   0.0000000e+00
   0.0000000e+00
  -4.9771166e-02
  -4.7667075e-02
  -2.1803061e-02
   2.0695965e-03
   0.0000000e+00
   0.0000000e+00
  -3.0850455e-02
  -3.8064834e-02
  -4.7231577e-02
  -5.0217211e-02
  -4.9679056e-02
  -5.1716588e-02
  -5.2762751e-02
  -3.4613252e-02
  -2.4415612e-02
  -1.1529259e-02
  -8.5924985e-03
  -1.2945178e-02
  -1.9002972e-02
  -2.3384815e-02
  -2.7814792e-02
  -3.3414327e-02
  -4.0069256e-02
  -4.6776462e-02
  -5.2729703e-02
  -5.7459794e-02
  -6.1185747e-02
  -6.2116720e-02
  -5.9126057e-02
  -5.0762627e-02
  -3.2782301e-02
  -1.3832456e-02
   0.0000000e+00
   0.0000000e+00
   0.0000000e+00
   0.0000000e+00
  -4.3392819e-02
  -3.6918111e-02
  -1.3708940e-02
   0.0000000e+00
   0.0000000e+00
   0.0000000e+00
  -3.6552638e-02
  -3.8120423e-02
  -4.4186700e-02
  -4.5363929e-02
  -4.1188210e-02
  -4.0488154e-02
  -3.9116953e-02
  -2.2708456e-02
  -1.7925807e-02
  -6.4917344e-03
  -7.1570207e-03
  -1.2321575e-02
  -1.8256418e-02
  -2.3002248e-02
  -2.7585333e-02
  -3.3179183e-02
  -3.9532311e-02
  -4.5727290e-02
  -5.1052179e-02
  -5.4797217e-02
  -5.6968216e-02
  -5.5478685e-02
  -4.8945658e-02
  -3.6121935e-02
  -1.4092363e-02
   1.3284002e-03
   0.0000000e+00
   0.0000000e+00
   0.0000000e+00
   0.0000000e+00
  -3.2615321e-02
  -2.3289055e-02
  -5.3177560e-03
   0.0000000e+00
   0.0000000e+00
   0.0000000e+00
  -3.8880528e-02
  -3.1299591e-02
  -3.1062908e-02
  -3.4015366e-02
  -2.9012372e-02
  -2.5788294e-02
  -2.3641001e-02
  -1.1176778e-02
   0.0000000e+00
  -1.2633038e-02
  -1.6662438e-02
  -2.2016980e-02
  -2.8035011e-02
  -3.3052022e-02
  -3.7454825e-02
  -4.1732412e-02
  -4.4993385e-02
  -4.6590205e-02
  -4.6839952e-02
  -4.6077243e-02
  -4.4828907e-02
  -4.1432753e-02
  -3.3952898e-02
  -2.1396082e-02
  -2.8144000e-03
   7.1205418e-03
   0.0000000e+00
   0.0000000e+00
   0.0000000e+00
  -3.6732028e-02
  -2.3805846e-02
  -7.8699007e-03
   5.7663247e-03
   0.0000000e+00
   0.0000000e+00
   0.0000000e+00
   0.0000000e+00
  -2.0511944e-02
  -1.3799272e-02
  -9.2392062e-03
  -2.0454442e-02
  -1.4113373e-02
  -1.1797270e-02
  -0.0000000e+00
   0.0000000e+00
  -2.1275932e-02
  -2.7775574e-02
  -3.1801149e-02
  -3.6346540e-02
  -4.0205497e-02
  -4.3388613e-02
  -4.6136554e-02
  -4.7458969e-02
  -4.6657100e-02
  -4.3987080e-02
  -4.0514335e-02
  -3.7428062e-02
  -3.3797581e-02
  -2.7714109e-02
  -1.8027574e-02
  -4.4484772e-03
   5.4654161e-03
   0.0000000e+00
   0.0000000e+00
   0.0000000e+00
  -3.3476346e-02
  -8.8751353e-03
   3.8794118e-03
   0.0000000e+00
   0.0000000e+00
   0.0000000e+00
   0.0000000e+00
   0.0000000e+00
  -7.9669328e-03
  -1.6576131e-03
   3.0722047e-03
  -0.0000000e+00
  -6.5381080e-03
  -4.5478913e-03
   0.0000000e+00
   0.0000000e+00
  -2.3787858e-02
  -3.1966543e-02
  -3.6718544e-02
  -3.8835053e-02
  -4.1049312e-02
  -4.3215738e-02
  -4.5719987e-02
  -4.7307919e-02
  -4.6619533e-02
  -4.3147763e-02
  -3.7924221e-02
  -3.3115145e-02
  -3.0229865e-02
  -2.7655532e-02
  -2.2633442e-02
  -1.6192218e-02
  -4.0629599e-03
   0.0000000e+00
   0.0000000e+00
  -4.3972266e-02
  -3.0154626e-02
   3.0680128e-03
   0.0000000e+00
   0.0000000e+00
   0.0000000e+00
   0.0000000e+00
   0.0000000e+00
   0.0000000e+00
  -0.0000000e+00
   7.5385305e-03
   1.0942412e-02
   0.0000000e+00
   0.0000000e+00
   0.0000000e+00
   0.0000000e+00
   0.0000000e+00
  -2.4158348e-02
  -2.4539150e-02
  -4.1946296e-02
  -4.4377629e-02
  -4.3962814e-02
  -4.3345269e-02
  -4.4232413e-02
  -4.5831561e-02
  -4.6266589e-02
  -4.4074439e-02
  -3.8697716e-02
  -3.2061029e-02
  -2.8172009e-02
  -2.9720640e-02
  -3.3739422e-02
  -4.0231727e-02
  -3.4411049e-02
   0.0000000e+00
   0.0000000e+00
  -4.9931198e-02
  -2.8172299e-02
   6.2411947e-03
   0.0000000e+00
   0.0000000e+00
   0.0000000e+00
   0.0000000e+00
   0.0000000e+00
   0.0000000e+00
   0.0000000e+00
   1.7425768e-02
   0.0000000e+00
   0.0000000e+00
   0.0000000e+00
   0.0000000e+00
   0.0000000e+00
   0.0000000e+00
  -3.5456538e-02
  -3.5861865e-02
  -5.3937112e-02
  -5.8187142e-02
  -5.8219463e-02
  -5.7173666e-02
  -5.7450205e-02
  -5.9210926e-02
  -6.0840618e-02
  -6.0408168e-02
  -5.6028768e-02
  -4.7705658e-02
  -3.6920566e-02
  -3.1238597e-02
  -3.4098856e-02
  -5.6749290e-02
  -6.9513870e-02
  -9.8138041e-02
  -6.9252301e-02
  -5.1757184e-02
  -3.0534912e-02
   2.9069505e-03
   0.0000000e+00
   0.0000000e+00
   0.0000000e+00
   0.0000000e+00
   0.0000000e+00
   0.0000000e+00
   0.0000000e+00
   2.6214072e-02
   0.0000000e+00
   0.0000000e+00
   0.0000000e+00
   0.0000000e+00
   0.0000000e+00
  -4.6463267e-02
  -5.0168138e-02
  -5.9712036e-02
  -6.3680607e-02
  -6.8875194e-02
  -7.1299106e-02
  -7.2249949e-02
  -7.3776469e-02
  -7.6512776e-02
  -7.9223081e-02
  -7.9826690e-02
  -7.5709082e-02
  -6.5078869e-02
  -4.6508741e-02
  -2.8886078e-02
  -2.1295723e-02
  -0.0000000e+00
  -6.5678155e-02
  -8.6009391e-02
  -6.4910002e-02
  -5.1642232e-02
  -3.6457166e-02
  -7.6086478e-03
   0.0000000e+00
   0.0000000e+00
   0.0000000e+00
   0.0000000e+00
   0.0000000e+00
   0.0000000e+00
   0.0000000e+00
   2.2115613e-02
   0.0000000e+00
   0.0000000e+00
   0.0000000e+00
   0.0000000e+00
  -0.0000000e+00
  -4.6081224e-02
  -5.3836323e-02
  -6.1824802e-02
  -6.6617064e-02
  -7.3174439e-02
  -7.6660564e-02
  -7.7890083e-02
  -7.8698359e-02
  -8.0881973e-02
  -8.4017977e-02
  -8.5904449e-02
  -8.2896998e-02
  -7.1545072e-02
  -4.8237573e-02
  -2.2270191e-02
  -1.1571048e-02
   0.0000000e+00
  -4.0181483e-02
  -5.9405491e-02
  -5.2499622e-02
  -4.8746979e-02
  -4.4235721e-02
  -2.6697119e-02
   0.0000000e+00
   0.0000000e+00
   0.0000000e+00
   0.0000000e+00
   0.0000000e+00
   0.0000000e+00
   0.0000000e+00
   1.3924591e-02
   0.0000000e+00
   0.0000000e+00
   0.0000000e+00
   0.0000000e+00
  -0.0000000e+00
  -4.3183392e-02
  -4.9433243e-02
  -5.5529516e-02
  -6.1684843e-02
  -6.7042150e-02
  -6.9304928e-02
  -6.9041848e-02
  -6.7872934e-02
  -6.8427429e-02
  -7.1091160e-02
  -7.4343212e-02
  -7.3720492e-02
  -6.4016856e-02
  -4.0622238e-02
  -1.4456187e-02
  -0.0000000e+00
  -3.0664112e-02
  -3.2492200e-02
  -3.7834426e-02
  -3.8825553e-02
  -4.1498650e-02
  -4.6481412e-02
  -4.5359467e-02
   0.0000000e+00
   0.0000000e+00
   0.0000000e+00
   0.0000000e+00
   0.0000000e+00
   0.0000000e+00
  -1.5889298e-02
  -7.9599964e-03
   0.0000000e+00
   0.0000000e+00
   0.0000000e+00
   0.0000000e+00
   0.0000000e+00
  -0.0000000e+00
  -3.7851468e-02
  -4.2840339e-02
  -4.7411833e-02
  -5.0623622e-02
  -5.1460501e-02
  -5.0550096e-02
  -4.9375899e-02
  -4.9777977e-02
  -5.2370533e-02
  -5.6104802e-02
  -5.7027746e-02
  -4.9793348e-02
  -2.8673049e-02
  -4.6822530e-03
   0.0000000e+00
  -2.5741143e-02
  -2.4854483e-02
  -2.4485603e-02
  -2.6866650e-02
  -3.1512763e-02
  -3.9725501e-02
  -4.6129503e-02
  -0.0000000e+00
   0.0000000e+00
   0.0000000e+00
   0.0000000e+00
   0.0000000e+00
   0.0000000e+00
  -2.2184590e-02
  -1.8549621e-02
   0.0000000e+00
   0.0000000e+00
   0.0000000e+00
   0.0000000e+00
   0.0000000e+00
   0.0000000e+00
  -1.7292108e-02
  -1.6845077e-02
  -1.9573714e-02
  -2.0664445e-02
  -2.0773071e-02
  -2.0153455e-02
  -2.0458083e-02
  -2.2629474e-02
  -2.6799044e-02
  -3.1318318e-02
  -3.3290073e-02
  -2.8744504e-02
  -1.0190975e-02
   5.7079121e-03
   0.0000000e+00
  -1.1843898e-02
  -1.0163695e-02
  -5.7022760e-03
  -1.1181436e-02
  -1.6387897e-02
  -2.4740721e-02
  -3.6047570e-02
  -3.2596658e-02
   0.0000000e+00
   0.0000000e+00
  -9.2369741e-03
  -6.4616206e-03
  -1.0447226e-02
  -1.2298951e-02
  -0.0000000e+00
   0.0000000e+00
   0.0000000e+00
   0.0000000e+00
   0.0000000e+00
   0.0000000e+00
   0.0000000e+00
   7.2321972e-03
   1.4314799e-02
   1.6272780e-02
   1.6562428e-02
   1.6172098e-02
   1.5431514e-02
   1.2741490e-02
   7.9677599e-03
   1.3650033e-03
  -4.8157726e-03
  -7.9384483e-03
  -5.7337475e-03
   1.1211174e-02
   1.8659556e-02
   0.0000000e+00
   0.0000000e+00
   0.0000000e+00
   1.4355611e-02
   7.9918606e-03
   1.7761483e-03
  -5.8116531e-03
  -1.7013712e-02
  -1.9659406e-02
   0.0000000e+00
   0.0000000e+00
  -5.6678779e-03
  -4.7509425e-05
   1.2033838e-02
   0.0000000e+00
   0.0000000e+00
   0.0000000e+00
   0.0000000e+00
   0.0000000e+00
   0.0000000e+00
   0.0000000e+00
   0.0000000e+00
   1.7966782e-02
   4.7148145e-02
   5.6507774e-02
   5.6928854e-02
   5.5006441e-02
   5.2026488e-02
   4.6640590e-02
   3.9472144e-02
   3.1181732e-02
   2.3837909e-02
   1.9217972e-02
   1.8087648e-02
   2.6254109e-02
   0.0000000e+00
   0.0000000e+00
   0.0000000e+00
   0.0000000e+00
   3.0200050e-02
   2.9865613e-02
   2.3304408e-02
   1.5819512e-02
   5.7128002e-03
   4.4378921e-03
   0.0000000e+00
   1.9854252e-02
   1.2332666e-02
   1.3609060e-02
   0.0000000e+00
   0.0000000e+00
   0.0000000e+00
   0.0000000e+00
   0.0000000e+00
   0.0000000e+00
   0.0000000e+00
   0.0000000e+00
   0.0000000e+00
   0.0000000e+00
   6.7744562e-02
   8.0331191e-02
   8.1387006e-02
   7.9376211e-02
   7.6227494e-02
   6.9927625e-02
   6.2121287e-02
   5.4423604e-02
   4.8332199e-02
   4.3167575e-02
   3.7514292e-02
   3.6222758e-02
   0.0000000e+00
   0.0000000e+00
   0.0000000e+00
   0.0000000e+00
   0.0000000e+00
   4.6902381e-02
   4.2862567e-02
   3.5038579e-02
   2.5472643e-02
   1.7194536e-02
   0.0000000e+00
   0.0000000e+00
   0.0000000e+00
   0.0000000e+00
   0.0000000e+00
   0.0000000e+00
   0.0000000e+00
   0.0000000e+00
   0.0000000e+00
   0.0000000e+00
   0.0000000e+00
   0.0000000e+00
   0.0000000e+00
   0.0000000e+00
   6.4758468e-02
   7.4424490e-02
   7.7031329e-02
   8.0694519e-02
   8.0957919e-02
   7.6374255e-02
   6.9962353e-02
   6.5558404e-02
   6.3088611e-02
   5.8877215e-02
   4.9596369e-02
   3.3754224e-02
   0.0000000e+00
   0.0000000e+00
   0.0000000e+00
   0.0000000e+00
   0.0000000e+00
   0.0000000e+00
   5.1173797e-02
   4.5061238e-02
   4.0806513e-02
   3.3232337e-02
   0.0000000e+00
   0.0000000e+00
   0.0000000e+00
   0.0000000e+00
   0.0000000e+00
   0.0000000e+00
   0.0000000e+00
   0.0000000e+00
   0.0000000e+00
   0.0000000e+00
   0.0000000e+00
   0.0000000e+00
   0.0000000e+00
   0.0000000e+00
   0.0000000e+00
   5.1635839e-02
   5.8015116e-02
   6.5449133e-02
   6.8729192e-02
   6.6483326e-02
   6.3995078e-02
   6.3589424e-02
   6.4360768e-02
   6.1338395e-02
   5.2258953e-02
   3.2788349e-02
   0.0000000e+00
   0.0000000e+00
   0.0000000e+00
   0.0000000e+00
   0.0000000e+00
   0.0000000e+00
   3.7988386e-02
   4.3775700e-02
   4.8376519e-02
   4.5127088e-02
   0.0000000e+00
   0.0000000e+00
   0.0000000e+00
   0.0000000e+00
   0.0000000e+00
   0.0000000e+00
   0.0000000e+00
   0.0000000e+00
   0.0000000e+00
   0.0000000e+00
   0.0000000e+00
   0.0000000e+00
   0.0000000e+00
   0.0000000e+00
   0.0000000e+00
   2.2289571e-02
   2.4376112e-02
   3.1083912e-02
   3.7800483e-02
   4.0974888e-02
   4.4099551e-02
   4.8719657e-02
   5.2225729e-02
   5.0945845e-02
   4.2334321e-02
   0.0000000e+00
   0.0000000e+00
   0.0000000e+00
   0.0000000e+00
   0.0000000e+00
   0.0000000e+00
   0.0000000e+00
   2.8554762e-02
   3.8479037e-02
   4.5606947e-02
   4.2451641e-02
   0.0000000e+00
   0.0000000e+00
   0.0000000e+00
   0.0000000e+00
   0.0000000e+00
   0.0000000e+00
   0.0000000e+00
   0.0000000e+00
   0.0000000e+00
   0.0000000e+00
   0.0000000e+00
   0.0000000e+00
   0.0000000e+00
   0.0000000e+00
  -0.0000000e+00
  -5.1699216e-03
  -1.0962796e-02
  -5.1102775e-03
  -7.0427828e-03
   7.0977211e-04
   1.0774214e-02
   1.9829663e-02
   2.5055615e-02
   2.6331114e-02
   2.4802762e-02
   0.0000000e+00
   0.0000000e+00
   0.0000000e+00
   0.0000000e+00
   0.0000000e+00
   0.0000000e+00
   0.0000000e+00
   2.0856104e-02
   2.5827696e-02
   2.6640143e-02
   2.3830646e-02
   9.2984530e-03
   0.0000000e+00
   0.0000000e+00
   0.0000000e+00
   0.0000000e+00
   0.0000000e+00
   0.0000000e+00
   0.0000000e+00
   0.0000000e+00
   0.0000000e+00
   0.0000000e+00
   0.0000000e+00
   0.0000000e+00
   0.0000000e+00
  -0.0000000e+00
  -0.0000000e+00
  -0.0000000e+00
  -0.0000000e+00
  -0.0000000e+00
  -3.2365150e-02
  -0.0000000e+00
  -0.0000000e+00
   0.0000000e+00
   0.0000000e+00
   0.0000000e+00
   0.0000000e+00
   0.0000000e+00
   0.0000000e+00
   0.0000000e+00
   0.0000000e+00
   0.0000000e+00
   0.0000000e+00
   7.4751243e-03
   0.0000000e+00
  -0.0000000e+00
  -0.0000000e+00
  -1.5397961e-03
  -2.2036878e-06
   0.0000000e+00
   0.0000000e+00
   0.0000000e+00
   0.0000000e+00
   0.0000000e+00
   0.0000000e+00
   0.0000000e+00
   0.0000000e+00
   0.0000000e+00
   0.0000000e+00
   0.0000000e+00
   0.0000000e+00
   0.0000000e+00
   0.0000000e+00
   0.0000000e+00
   0.0000000e+00
   0.0000000e+00
   0.0000000e+00
   0.0000000e+00
  -2.9176127e-02
  -3.3400250e-02
  -3.0415592e-02
  -1.9993675e-02
  -1.9870962e-02
   0.0000000e+00
   0.0000000e+00
   0.0000000e+00
   0.0000000e+00
   0.0000000e+00
   0.0000000e+00
   1.3269874e-03
   0.0000000e+00
   0.0000000e+00
  -0.0000000e+00
  -1.4513447e-02
  -1.3686911e-02
  -1.0866460e-02
  -9.7212875e-03
  -6.8796589e-03
  -4.5591739e-03
   0.0000000e+00
   0.0000000e+00
   0.0000000e+00
   0.0000000e+00
   0.0000000e+00
