  3.812886e-01
  3.262855e-01
  3.103870e-01
  3.024943e-01
  2.941180e-01
  2.833695e-01
  2.726658e-01
  2.597143e-01
  2.469287e-01
  2.301339e-01
  2.277507e-01
  2.242735e-01
  2.287165e-01
  2.398764e-01
  2.474274e-01
  2.585645e-01
  2.519417e-01
  2.280836e-01
  2.217687e-01
  2.337127e-01
  2.382325e-01
  2.323001e-01
  2.247266e-01
  2.185213e-01
  2.190687e-01
  2.199649e-01
  2.263666e-01
  2.339732e-01
  2.493352e-01
  2.677017e-01
  2.899529e-01
  3.109607e-01
  3.209506e-01
  3.293247e-01
  3.419157e-01
  3.339236e-01
