    236.47    175.59    232.93    190.85    127.21    107.86    219.14         0         0         0         0         0         0         0         0    207.93    316.49    225.77    204.62    234.27    287.97         0    391.60    417.46    981.12         0         0         0         0         0         0         0     80.12    117.95    220.95    285.49
    470.17    350.47    585.49    940.95    759.76    432.10    478.77    438.59         0     83.06    190.49    461.42    651.31    867.71    487.12    304.92    389.70    279.93    212.69    226.19    347.00         0    514.32   1058.64   1379.23         0         0    421.08    237.00    128.92    148.92    280.85    149.58    169.71    515.14    563.24
    872.42    906.29    899.81    626.28         0         0         0         0         0         0         0         0         0    849.89    662.37    379.20    305.27    297.44    114.96    219.99    311.77         0         0         0         0         0    574.84    200.77    190.23    232.96    256.02    313.62    184.45    209.63    352.32    482.12
   1114.23    810.21    561.57    264.79         0         0         0         0         0         0         0         0         0         0    807.37    556.30    266.46    325.95    336.65    366.85    516.04         0         0         0         0    195.21    120.10    182.40    270.81    273.63    256.53    394.33    304.04    396.79   1107.40   1363.48
   1365.83    725.54    337.56    405.33         0         0         0         0         0         0         0         0         0         0         0    859.72    284.70    345.99    403.16    441.17    489.73    224.35         0         0         0    156.65    273.99    196.80    265.87    212.72    149.93    292.29    468.17    757.98   1504.64   1724.37
   1295.63    769.00    319.51    277.60         0         0         0         0         0         0         0         0         0         0         0   1465.78    358.20    323.11    394.02    426.19    234.62         0         0         0         0    280.28    316.10    242.52    186.81    277.24    219.82    192.92    566.51   1107.78   1132.44   1315.37
   1097.41    227.87    152.52         0         0         0         0         0         0         0         0         0         0         0         0   1385.25    501.29    338.85    411.35    322.01         0         0         0         0         0    589.01    335.39    287.78    391.55    714.03    412.99    249.74    863.32   1138.52   1035.61   1206.93
    813.75    147.48         0         0         0         0         0         0         0         0         0         0         0         0         0    699.21    598.31    278.62    516.27         0         0         0         0         0         0         0         0         0         0    719.70    446.55    299.07    735.11    839.34    788.61   1135.83
    686.57    276.26         0         0         0         0         0         0         0         0         0         0         0         0         0    575.51    566.41    163.57    139.80         0         0         0         0         0         0    780.64    679.29    485.00         0         0    282.12    268.71    479.64    571.07    440.10    709.48
    715.02    278.86         0         0         0         0         0         0         0         0         0         0         0         0         0         0    493.08         0         0         0         0         0         0         0         0    972.26    401.10      0.00         0         0         0    214.24    341.01    430.33    380.29    596.73
    821.40    200.74         0         0         0         0         0         0         0         0         0         0         0         0         0         0    806.37         0         0         0         0         0         0         0    453.37    528.92    559.64    271.41    314.79    638.45         0         0    457.36    461.47    374.80    750.95
    614.75         0         0         0         0         0         0         0         0         0         0         0         0         0         0         0    946.77         0         0         0         0         0         0         0    438.07    474.73    790.06    455.31    376.11    447.84         0         0    844.98   1376.36    724.87    737.87
    562.40         0         0         0         0         0         0         0         0         0         0         0         0         0         0         0         0    697.77         0         0         0         0         0         0    376.63    499.29    865.86    633.43    354.12    381.54    128.62         0    970.99   2589.19   2285.09    708.59
    516.54         0         0         0         0         0         0         0         0         0         0         0         0         0         0         0         0    445.18         0         0         0         0         0         0    305.91    455.87    635.25    483.29    303.15    396.14    204.07         0    554.16   2349.32   3559.79    779.87
    198.65         0         0         0         0         0         0         0         0         0         0         0         0         0         0         0         0         0         0         0         0         0         0         0    300.46    399.35    536.84    404.50    300.83    500.45    215.81         0    314.43    989.22   2251.17    538.19
     79.53    178.53         0         0         0         0         0         0         0         0         0         0         0         0         0         0         0         0         0    374.75    316.00         0         0         0    402.37    372.77    451.61    377.06    288.15    408.39    263.96         0    267.96    430.67    642.92    164.12
    113.18    203.61         0         0         0         0         0         0         0         0         0         0         0         0         0         0         0         0         0    453.55    505.24         0         0         0    486.83    359.55    642.93    443.27    258.99    367.97    285.95         0         0    295.22    198.35     44.07
    197.30    124.56         0         0         0         0         0         0         0         0         0         0         0         0         0         0         0         0         0    852.50    701.25    257.52         0         0         0    192.81    495.89    602.88    301.60    267.02         0         0         0    235.94         0         0
         0    197.86         0         0         0         0         0         0         0         0         0         0         0         0         0         0         0         0         0    452.38    316.55    287.03         0         0         0         0    590.86    560.36    360.06    206.89         0         0         0         0         0         0
         0         0         0         0         0         0         0         0         0         0         0         0         0         0         0         0         0         0         0    295.14    154.22    177.85    179.06         0         0         0    427.94    494.93    325.54         0         0         0         0         0         0         0
         0         0         0         0         0         0         0         0         0         0         0         0         0         0         0         0         0         0         0    313.80    184.71    300.22    404.94         0         0         0    381.59    478.58    244.42         0         0         0         0         0         0         0
         0         0         0         0         0         0         0         0         0         0         0         0         0         0         0         0         0         0         0    417.72    265.84    388.98    581.24         0         0         0         0    547.21    360.16         0         0         0         0         0         0         0
         0         0         0         0         0         0         0         0         0         0         0         0         0         0         0         0         0         0         0   1103.26    365.12    451.15    805.15         0         0         0         0    638.90    583.79         0         0         0         0         0         0         0
         0         0         0         0         0         0         0         0         0         0         0         0         0         0         0         0         0         0         0   1246.05    381.57    601.18    792.82         0         0         0         0    815.04    757.04    393.02         0         0         0         0         0         0
         0         0         0         0         0         0         0         0         0         0         0         0         0         0         0         0         0         0         0         0    661.08    493.40    807.21         0         0         0         0    555.23    701.01         0         0         0         0         0         0         0
         0         0         0         0         0         0         0         0         0         0         0         0         0         0         0         0         0         0         0         0    849.51    408.65    875.67         0         0         0         0    456.71    776.37         0         0         0         0         0         0         0
         0         0    136.85    718.07         0         0         0         0         0         0         0         0         0         0         0         0         0         0         0         0    619.32    627.12         0         0         0         0         0    609.51    354.77         0         0         0         0         0         0         0
         0         0     28.63     73.20         0         0         0         0         0         0         0         0         0         0         0         0         0         0         0         0    420.69    348.41         0         0         0         0         0    632.19    854.22         0         0         0         0         0         0         0
         0         0    152.63    118.32         0         0         0         0         0         0         0         0         0         0         0         0         0         0         0         0    477.89    136.21         0         0         0         0         0    887.88         0         0         0         0         0         0         0         0
         0    364.96    326.55    324.01         0         0         0         0         0         0         0         0         0         0         0         0         0         0         0    569.15    384.92         0         0         0         0         0         0         0         0         0         0         0         0         0         0         0
    383.49    471.84    506.08    322.87    459.96         0         0         0         0         0         0         0         0         0         0         0         0         0         0    655.80    381.30         0         0         0         0         0         0         0         0         0         0         0         0         0         0         0
    616.18    608.50    470.73    208.08    438.79         0         0         0         0         0         0         0         0         0         0         0         0         0         0    643.40         0         0         0         0         0         0         0         0         0         0         0         0         0         0         0         0
    511.47    299.45    279.22    204.56    378.02         0         0         0         0         0         0         0         0         0         0         0         0         0         0    374.65         0         0         0         0         0         0         0         0         0         0         0         0         0         0         0         0
         0         0         0         0         0         0         0         0         0         0         0         0         0         0         0         0         0         0         0         0         0         0         0         0         0         0         0         0         0         0         0         0         0         0         0         0
         0         0         0         0         0         0         0         0         0         0         0         0         0         0         0         0         0         0         0         0         0         0         0         0         0         0         0         0         0         0         0         0         0         0         0         0
    222.34         0    212.80         0    580.56    780.16         0         0         0         0         0         0         0         0         0         0         0         0    139.17    243.21         0         0         0         0    141.70    206.15    416.56    651.48    771.17    764.67    468.46    599.67    676.36    743.28    581.90    319.99
