   7.9158473e-01
   7.1225077e-01
   4.6930978e-01
   7.7351713e-01
   4.6052462e-01
   4.7945952e-01
   1.0897498e+00
   1.0782729e+00
   8.8270962e-01
   7.7388775e-01
   6.4708316e-01
   4.9645963e-01
   5.0070089e-01
   5.4392153e-01
   5.7501680e-01
   4.5874497e-01
   5.3770161e-01
   4.9507231e-01
   3.1272802e-01
   2.7415392e-01
   3.3061558e-01
   4.1549414e-01
   6.2763441e-01
   5.9932810e-01
   4.7372919e-01
   2.5550494e-01
  -8.5258573e-02
  -2.2952799e-01
  -9.0224668e-02
  -3.6949478e-04
  -1.5900193e-01
  -1.0037853e-01
   3.5976142e-02
   7.1969554e-02
   2.5079179e-01
   4.8273253e-01
   6.3221490e-01
   7.1650428e-01
   5.9602320e-01
   8.3735132e-01
   1.0008291e+00
   1.0569496e+00
   1.1300051e+00
   9.1070801e-01
   6.8476117e-01
   5.8816624e-01
   5.6840855e-01
   5.1690102e-01
   4.7795531e-01
   4.7323599e-01
   5.0374347e-01
   4.4521150e-01
   3.2586402e-01
   1.3804889e-02
  -2.2247298e-01
   3.4302473e-05
  -1.9613609e-02
   3.4665185e-01
   5.8542871e-01
   6.8386495e-01
   5.3923994e-01
   2.1914752e-01
  -6.4111114e-02
  -2.8962880e-01
  -2.4111195e-01
   7.4956246e-02
   4.6031721e-02
   6.0205466e-01
   8.4252334e-01
   6.8960142e-01
   4.3193495e-01
   4.5849717e-01
  -2.9312435e-01
   6.7369387e-02
   4.5493677e-01
   2.0440845e-01
   1.6751179e-01
   1.0046917e+00
   8.0073684e-01
   5.0929105e-01
   2.4714676e-01
   1.4099127e-01
   1.0419860e-01
   1.6004089e-01
   1.3456334e-01
   7.5613871e-02
   8.9647040e-02
   3.7423853e-02
  -9.5650233e-02
  -3.2087943e-01
  -5.7295197e-01
  -8.1552351e-01
  -4.5412558e-01
   1.5802459e-01
   5.6319517e-01
   6.7386615e-01
   5.5422366e-01
   2.2871473e-01
  -2.4280672e-01
  -5.7689917e-01
  -5.9902906e-01
  -3.2064912e-01
   3.5143826e-02
   3.5364771e-01
   6.9037372e-01
   7.2911006e-01
   5.3774941e-01
   1.5802340e-01
  -9.9579448e-01
  -4.8764858e-01
  -2.0115678e-01
  -1.5490708e-01
  -2.0496441e-01
   8.4189427e-01
   3.8900986e-01
   1.6090523e-02
  -4.4418120e-01
  -5.9282094e-01
  -5.1698303e-01
  -4.2797250e-01
  -4.2143035e-01
  -5.5002660e-01
  -5.5885530e-01
  -6.0333681e-01
  -7.4522501e-01
  -8.9421785e-01
  -1.2195816e+00
  -1.6601593e+00
  -5.9204495e-01
  -1.6017503e-01
   3.6676067e-01
   4.1834992e-01
   1.8773293e-01
  -2.8458109e-01
  -8.6323816e-01
  -1.1785175e+00
  -1.0833241e+00
  -6.4494950e-01
  -1.5463781e-01
   2.1251211e-01
   3.8910016e-01
   2.9965463e-01
  -4.1845866e-02
  -9.7315800e-01
  -8.7175578e-01
  -5.8484030e-01
  -2.6263326e-01
  -3.4395754e-01
  -2.3677786e-01
   4.3792462e-01
  -2.0818686e-01
  -5.7091910e-01
  -9.3318862e-01
  -1.0302120e+00
  -1.0381954e+00
  -9.2582262e-01
  -8.9853191e-01
  -1.0209302e+00
  -9.9550188e-01
  -1.0210854e+00
  -1.1221534e+00
  -1.2394732e+00
  -1.4920518e+00
  -1.6872956e+00
  -5.2884138e-01
  -4.2530128e-01
   3.4378134e-02
  -2.0963395e-02
  -3.6277846e-01
  -9.1630369e-01
  -1.5024414e+00
  -1.6502726e+00
  -1.3136654e+00
  -7.0347810e-01
  -2.0437707e-01
   2.9285666e-02
   1.2241777e-02
  -2.2452760e-01
  -6.1512262e-01
  -1.1559826e+00
  -5.4152483e-01
  -5.0914148e-01
  -2.2362818e-01
  -4.3201031e-01
  -2.5317829e-02
  -1.4032342e-01
  -6.1034758e-01
  -1.0095441e+00
  -1.1118558e+00
  -1.2255785e+00
  -1.2323118e+00
  -1.1498368e+00
  -1.1180904e+00
  -1.0988178e+00
  -1.0238768e+00
  -1.0476236e+00
  -1.1215460e+00
  -1.1820560e+00
  -1.0817120e+00
  -1.0589909e+00
  -3.7968152e-01
  -6.0959799e-01
  -2.6161482e-01
  -3.8625907e-01
  -7.6740310e-01
  -1.2544047e+00
  -1.6408866e+00
  -1.5591731e+00
  -9.9697340e-01
  -5.0356314e-01
  -7.5001234e-02
   3.4306394e-02
  -1.9170740e-01
  -5.5541897e-01
  -8.8626992e-01
  -9.2814147e-01
  -3.0352231e-02
  -2.6561418e-01
  -4.1880943e-02
  -2.6760295e-01
  -2.7711290e-01
  -4.4231975e-01
  -9.9863589e-01
  -1.2528114e+00
  -1.2296336e+00
  -1.2360003e+00
  -1.1699271e+00
  -1.0672960e+00
  -9.8218715e-01
  -8.6713946e-01
  -8.0139399e-01
  -8.2965177e-01
  -9.1495240e-01
  -8.7352437e-01
  -2.0798030e-01
   1.5344378e-01
  -2.2688088e-01
  -6.2548470e-01
  -5.1203346e-01
  -6.5364778e-01
  -9.1907173e-01
  -1.1351390e+00
  -9.5608276e-01
  -8.5814452e-01
  -2.3073737e-01
  -2.2132319e-01
   4.8193821e-01
   3.5382211e-01
  -2.1049917e-01
  -6.5876079e-01
  -8.6366445e-01
  -5.5687791e-01
   6.9132320e-01
   4.3826705e-01
  -1.2348247e-02
  -4.0092335e-01
  -6.2205231e-01
  -7.6297897e-01
  -1.1082578e+00
  -1.1002537e+00
  -9.9006939e-01
  -9.2360933e-01
  -8.1941754e-01
  -7.0579565e-01
  -5.7853686e-01
  -4.7008103e-01
  -4.6573409e-01
  -5.1310170e-01
  -5.7702756e-01
  -3.1231451e-01
   1.0243897e+00
   1.5511709e+00
   3.4898106e-02
  -2.0522743e-01
  -9.4093746e-01
  -1.0664167e+00
  -8.3164944e-01
  -2.8320038e-01
   8.3970755e-01
  -1.6949944e-01
  -4.0449399e-01
   1.3231781e-01
   7.9174199e-01
   2.2954763e-01
  -3.4939688e-01
  -6.2788020e-01
  -6.3254708e-01
  -1.7319171e-01
   1.1217369e+00
   1.5846388e+00
   4.5290393e-01
  -3.6672106e-01
  -7.8192270e-01
  -6.3831353e-01
  -6.9794518e-01
  -6.2296766e-01
  -5.5216229e-01
  -4.9922714e-01
  -4.5308614e-01
  -3.4958431e-01
  -2.2387266e-01
  -1.6266768e-01
  -1.9320826e-01
  -2.3987351e-01
  -2.3030248e-01
   2.8762227e-01
   2.0228310e+00
   2.8275211e+00
   7.3046082e-01
  -4.9724601e-02
  -1.3534195e+00
  -1.3937831e+00
  -4.2436001e-01
   1.0133833e+00
   2.3095987e+00
   3.3705345e-01
  -4.2892259e-01
   4.7408867e-01
   5.5164051e-01
  -3.6032118e-02
  -3.9254183e-01
  -4.4141924e-01
  -2.8868145e-01
   2.3341805e-01
   1.5669307e+00
   2.4201598e+00
   1.3133985e+00
  -3.7940130e-01
  -5.9454513e-01
  -5.1496327e-02
  -5.8607953e-03
  -1.6686423e-02
  -1.0700534e-02
  -4.7404762e-02
  -8.0337845e-02
  -2.0280974e-03
   9.4202690e-02
   1.1541970e-01
   8.4805138e-02
   6.2376097e-02
   2.1542948e-01
   1.0527337e+00
   3.1086364e+00
   3.4929454e+00
   3.8188425e-01
  -4.7628112e-02
  -1.4845985e+00
  -1.6981639e+00
   4.4198295e-01
   3.0370100e+00
   3.3080628e+00
   8.7618190e-01
  -1.7252320e-01
   7.2484612e-01
   2.1309014e-01
   1.1727698e-02
  -1.0763253e-01
   4.5377739e-02
   2.8627902e-01
   7.9096204e-01
   1.9688393e+00
   2.8645489e+00
   1.6811736e+00
   7.2274208e-02
   4.3849379e-02
   3.9476424e-01
   3.7104979e-01
   3.3892763e-01
   2.9081541e-01
   1.7037714e-01
   9.6444607e-02
   1.7998324e-01
   2.5676969e-01
   2.7225819e-01
   2.5258860e-01
   2.9177618e-01
   6.3160849e-01
   1.7264450e+00
   3.9146886e+00
   3.2085192e+00
   2.2971362e-02
  -1.5437780e-01
  -1.0638202e+00
  -1.5896990e+00
   1.3213438e+00
   4.3991280e+00
   3.1850033e+00
   1.1084726e+00
   5.0459671e-01
   7.5524324e-01
   3.2579374e-01
   1.9586854e-01
   2.4665163e-01
   5.6654721e-01
   8.2961488e-01
   1.2963471e+00
   2.4897017e+00
   3.1347337e+00
   2.3741174e+00
   8.3865565e-01
   5.3576744e-01
   5.6502539e-01
   5.6363517e-01
   5.2537280e-01
   3.8775757e-01
   2.1255811e-01
   1.6260786e-01
   2.6582292e-01
   3.3128405e-01
   3.6236903e-01
   4.1624320e-01
   6.2221479e-01
   1.2258370e+00
   2.5868099e+00
   4.2971029e+00
   1.9901025e+00
  -2.1174423e-01
  -4.3283871e-01
  -8.2254750e-01
  -7.4397200e-01
   2.2591262e+00
   5.1377439e+00
   2.6375999e+00
   7.1427613e-01
   2.2106570e-01
   6.4862937e-01
   6.1849439e-01
   8.3107740e-01
   7.9269075e-01
   1.1567854e+00
   1.4658997e+00
   1.9046506e+00
   2.8751490e+00
   3.1585827e+00
   2.3686471e+00
   1.0497749e+00
   5.5135012e-01
   4.7645125e-01
   5.0611532e-01
   4.1792083e-01
   2.4694693e-01
   1.2396443e-01
   1.2980649e-01
   2.3863930e-01
   3.2899970e-01
   4.3764180e-01
   6.6260505e-01
   1.0821816e+00
   1.9029593e+00
   3.3478193e+00
   4.6278868e+00
   8.3947378e-01
  -4.1536799e-01
  -4.3219629e-01
  -4.1339374e-01
   4.2289460e-01
   2.9840810e+00
   5.1676855e+00
   2.2715623e+00
   1.3156940e-01
  -1.2668425e-01
   3.1240046e-01
   9.0241981e-01
   5.6518495e-01
   1.3179588e+00
   1.6066819e+00
   2.0137377e+00
   2.4192400e+00
   2.9243026e+00
   2.8803308e+00
   1.9918731e+00
   7.8624666e-01
   2.6147699e-01
   2.4221319e-01
   2.6124391e-01
   1.8413910e-01
   1.0340576e-01
   7.1157888e-02
   1.1948340e-01
   2.5715530e-01
   4.2710865e-01
   6.4436841e-01
   1.0147818e+00
   1.5627381e+00
   2.4303770e+00
   3.7515068e+00
   3.7542160e+00
   9.3973316e-02
  -3.7991962e-01
  -2.5512689e-01
   8.6694665e-02
   1.5713749e+00
   3.4516904e+00
   4.8657660e+00
   2.0916390e+00
  -4.1685734e-02
  -8.0575049e-02
   9.8219335e-01
   1.2140924e+00
   1.0556977e+00
   1.6941437e+00
   1.8945024e+00
   2.3507180e+00
   2.6702371e+00
   2.5562160e+00
   2.1401594e+00
   1.1063763e+00
   1.0211740e-01
  -1.9760010e-01
  -1.5623841e-01
  -1.1217737e-01
  -8.4659331e-02
  -2.3601655e-02
   5.2192122e-02
   2.0700529e-01
   4.5778275e-01
   7.3055691e-01
   1.0292857e+00
   1.4530222e+00
   1.9933152e+00
   2.6915779e+00
   3.5089073e+00
   2.3635600e+00
   1.4767489e-01
  -3.7600276e-01
  -2.7796254e-01
   3.0713162e-01
   2.3563547e+00
   3.6821649e+00
   4.2644162e+00
   1.9480966e+00
   1.4019448e-02
   5.0646234e-02
   1.7756459e+00
   1.2247751e+00
   1.6586324e+00
   1.6847271e+00
   1.9826512e+00
   2.4002867e+00
   2.5552070e+00
   1.8184582e+00
   1.2744552e+00
   9.7618580e-02
  -5.5821425e-01
  -7.1640581e-01
  -7.5691444e-01
  -7.6497012e-01
  -7.1233338e-01
  -5.9419912e-01
  -3.9605662e-01
  -5.2050743e-02
   3.8849416e-01
   7.9080695e-01
   1.1597924e+00
   1.5725121e+00
   2.0372813e+00
   2.5385289e+00
   2.8844807e+00
   1.2243830e+00
   2.0090754e-01
  -1.0650394e+00
  -4.9875143e-01
   1.0375909e-01
   3.0307660e+00
   3.6470330e+00
   3.8187668e+00
   1.3232492e+00
   6.0857628e-02
   2.0362510e-01
   2.3296444e+00
   1.1275913e+00
   1.5993701e+00
   1.6419405e+00
   1.7740142e+00
   2.0388854e+00
   2.0257144e+00
   1.5949292e+00
   1.1006724e+00
  -4.2846882e-01
  -1.0709015e+00
  -1.3094536e+00
  -1.4897264e+00
  -1.5975764e+00
  -1.6212754e+00
  -1.5533113e+00
  -1.3276865e+00
  -8.9552236e-01
  -3.1744644e-01
   2.2898097e-01
   6.8706006e-01
   1.0564276e+00
   1.3591110e+00
   1.6941680e+00
   1.8487232e+00
   4.8478872e-01
   1.6274148e-01
  -1.6493971e+00
  -1.5620281e+00
  -2.6014209e-01
   3.3801439e+00
   3.3610616e+00
   3.3099337e+00
   4.3725756e-01
   1.9491866e-01
   7.2444379e-01
   3.0621815e+00
   1.1540822e+00
   1.4681244e+00
   1.3403472e+00
   1.6869769e+00
   1.5870568e+00
   1.4937412e+00
   1.0224454e+00
   5.8309822e-01
  -6.0294377e-01
  -1.1792269e+00
  -1.3859744e+00
  -1.4364256e+00
  -1.4610685e+00
  -1.4306634e+00
  -1.3455869e+00
  -1.1706309e+00
  -8.5960688e-01
  -3.9897455e-01
   8.2516310e-02
   4.9892682e-01
   7.2106716e-01
   6.9797037e-01
   5.8784853e-01
   3.5547017e-01
  -2.0479093e-01
  -4.8042444e-02
  -1.8238453e+00
  -2.7881969e+00
  -3.4256919e-01
   3.1391350e+00
   2.7821013e+00
   2.9711612e+00
   5.7066183e-01
   1.1224617e-01
   8.7142153e-01
   2.4889638e+00
   1.2461824e+00
   1.2456934e+00
   8.7418993e-01
   1.9804056e+00
   1.4326740e+00
   1.4301902e+00
   5.0236148e-01
   9.0923075e-02
   9.6363026e-02
  -6.4437039e-02
  -2.5805232e-01
   9.2122589e-02
   2.1843271e-01
   3.3758201e-01
   4.4849352e-01
   5.7058620e-01
   7.6058397e-01
   1.0846643e+00
   1.4921488e+00
   1.8776533e+00
   1.9533246e+00
   1.4172631e+00
   4.2847834e-01
  -9.3547285e-01
  -1.1014241e+00
  -7.1979711e-01
  -1.8307808e+00
  -2.6243269e+00
  -1.8975722e-01
   1.9840462e+00
   1.8490944e+00
   1.8278039e+00
   4.4283978e-01
  -7.3174177e-02
   3.6787473e-01
   7.6439670e-01
   1.1044236e+00
   9.2335702e-01
   4.8204005e-01
   1.4188452e+00
   1.7051938e+00
   1.3113304e+00
   1.4835721e-01
  -7.7939168e-02
   3.7789220e-01
   2.8248376e-01
  -4.0938601e-01
  -5.7680897e-02
   1.2114316e-01
   3.1778809e-01
   4.8164967e-01
   5.6900930e-01
   6.4200252e-01
   7.4772888e-01
   9.2212224e-01
   1.1782649e+00
   1.3092737e+00
   8.1981993e-01
  -2.3919807e-01
  -1.7530289e+00
  -2.3947704e+00
  -1.8324863e+00
  -1.8217372e+00
  -2.3165226e+00
  -8.0876380e-01
   4.6783459e-01
   1.1584713e+00
   9.2571020e-01
   1.1304080e-01
  -2.2088024e-01
   2.4958454e-02
   2.2225894e-01
   6.6885459e-01
   4.4513208e-01
   6.2091190e-01
   7.1079987e-01
   1.4973578e+00
   7.7632350e-01
  -5.6126419e-02
  -3.7033808e-01
   3.0499762e-01
  -2.9888895e-01
  -9.6659642e-01
  -1.1417729e+00
  -1.1083251e+00
  -9.7030604e-01
  -8.1392467e-01
  -7.6939994e-01
  -8.1397033e-01
  -8.8361979e-01
  -8.9999181e-01
  -7.6202035e-01
  -3.9480254e-01
  -1.0699082e-01
  -4.3862137e-01
  -1.6609387e+00
  -3.1784661e+00
  -3.2875686e+00
  -1.9023334e+00
  -1.9133214e+00
  -1.8377892e+00
  -1.1037706e+00
   6.5361035e-01
   6.5796268e-01
  -3.9738744e-02
  -3.5543010e-01
  -2.4508464e-01
  -7.8351371e-02
   2.4872707e-01
   1.3543148e-02
   7.0448160e-01
   4.6525803e-01
   1.0520228e+00
   9.2260855e-01
  -3.8034067e-02
  -8.9645189e-01
   8.6618938e-02
  -9.5871800e-01
  -1.1613483e+00
  -1.6816319e+00
  -1.8495939e+00
  -1.8745832e+00
  -1.8009405e+00
  -1.7887810e+00
  -1.9150670e+00
  -2.1497245e+00
  -2.3805547e+00
  -2.4108934e+00
  -1.9956965e+00
  -1.0957785e+00
  -3.5577554e-01
  -3.9552990e-01
  -1.9118531e+00
  -1.6660038e+00
  -8.9114255e-01
  -1.7775487e+00
  -2.7026172e+00
  -2.5511403e+00
   1.3125230e-01
   5.4055303e-01
  -1.2015094e-01
  -3.1517780e-01
  -2.7504298e-01
  -8.5509285e-02
  -2.6100677e-01
  -5.8116913e-01
   8.3117485e-01
   5.9887391e-01
   1.3506695e+00
   1.4295362e+00
   1.0005121e-01
  -2.0705464e-01
   7.7969536e-02
  -7.2047716e-01
  -1.0616074e+00
  -1.6868274e+00
  -1.9873804e+00
  -2.1185710e+00
  -2.0690269e+00
  -2.0073795e+00
  -2.1108811e+00
  -2.4411204e+00
  -2.8622088e+00
  -3.1222525e+00
  -2.8938725e+00
  -1.9601893e+00
  -8.4895825e-01
   2.6005566e-01
  -7.6088858e-01
  -5.9048462e-01
  -5.8747017e-01
  -1.6994038e+00
  -3.1510530e+00
  -3.8303313e+00
  -5.4809934e-01
   3.5038933e-01
   1.9262418e-02
  -3.9749044e-01
  -2.9636168e-01
  -1.6712978e-01
  -8.0598944e-01
  -1.4202921e+00
   6.3248444e-01
   8.5499257e-01
   4.5510703e-01
   1.6171715e+00
   2.3561612e-01
   3.6149049e-01
   1.1776397e-01
  -4.3451932e-01
  -8.8355571e-01
  -1.4826229e+00
  -1.8252696e+00
  -1.9705259e+00
  -1.8645725e+00
  -1.6777806e+00
  -1.6626390e+00
  -1.9682966e+00
  -2.5078743e+00
  -3.0495234e+00
  -3.2155213e+00
  -2.4386382e+00
  -6.2926066e-01
   8.6103216e-02
  -3.9600968e-01
  -9.0179339e-02
  -4.0929481e-01
  -1.4187679e+00
  -3.0464025e+00
  -4.5988030e+00
  -1.5611994e+00
  -1.1158146e-01
  -1.1593711e-01
  -5.9066838e-01
  -4.7417593e-01
  -2.7097869e-01
  -1.4206682e+00
  -1.7230334e+00
   8.0351874e-02
  -7.7852853e-02
  -5.8509827e-01
   1.5220693e+00
   4.4209418e-01
   5.6697357e-01
   4.4060454e-01
  -1.3428907e-01
  -4.9288037e-01
  -1.0325898e+00
  -1.3997496e+00
  -1.5827048e+00
  -1.4980304e+00
  -1.2434489e+00
  -1.0883850e+00
  -1.2926599e+00
  -1.8940687e+00
  -2.7075205e+00
  -3.3725085e+00
  -2.6554346e+00
   3.4603529e-02
   1.9054076e-01
   2.2031199e-02
   2.5719640e-01
  -1.2763906e-01
  -9.7904378e-01
  -2.4904916e+00
  -4.7000422e+00
  -2.5954607e+00
  -1.0230030e+00
  -4.0560338e-01
  -1.1845495e+00
  -1.1020522e+00
  -6.0289168e-01
  -2.2012458e+00
  -1.8934387e+00
  -6.0910660e-01
  -5.7837582e-01
  -4.2210439e-01
   7.9932994e-01
   5.4875678e-01
   5.1574999e-01
   8.7281108e-01
   3.8741323e-01
   1.0637857e-01
  -3.3564350e-01
  -7.1694618e-01
  -9.4616783e-01
  -9.6735835e-01
  -7.9215032e-01
  -6.1602896e-01
  -7.1467233e-01
  -1.3272470e+00
  -2.4020681e+00
  -3.5279527e+00
  -2.5595150e+00
   5.5037951e-01
   7.3275703e-01
   5.0137824e-01
   5.9152818e-01
   1.9486012e-01
  -4.7913715e-01
  -1.7168461e+00
  -4.0202675e+00
  -3.1292236e+00
  -1.2016538e+00
  -8.7236255e-01
  -1.9530559e+00
  -2.2668524e+00
  -9.4081891e-01
  -1.9817593e+00
  -1.8306068e+00
  -6.3385481e-01
  -5.6246209e-01
  -6.3246775e-01
   2.7752763e-01
   5.9870982e-01
   6.3396853e-01
   9.3580294e-01
   8.3951646e-01
   6.9239295e-01
   3.7528765e-01
   6.2037744e-03
  -2.5086927e-01
  -3.4679165e-01
  -2.7986237e-01
  -2.0378873e-01
  -3.0800116e-01
  -9.1578180e-01
  -2.1655729e+00
  -3.5786641e+00
  -2.0463099e+00
   5.7771623e-01
   1.2511145e+00
   7.3051643e-01
   1.0302491e+00
   5.7248127e-01
  -3.4385107e-02
  -9.6249002e-01
  -3.0761945e+00
  -3.2458634e+00
  -5.6078923e-01
  -6.8198323e-01
  -1.5120395e+00
  -1.6438979e+00
  -8.1250119e-01
  -1.1469033e+00
  -1.3406744e+00
  -7.7239048e-01
  -6.3468003e-01
  -4.5920607e-01
   1.0897209e-01
   3.9654571e-01
   8.0240816e-01
   1.0135942e+00
   6.6103077e-01
   1.0039904e+00
   1.0338552e+00
   7.8733677e-01
   5.4243726e-01
   4.0966150e-01
   4.2125860e-01
   4.0434209e-01
   1.8536529e-01
  -4.3459037e-01
  -1.8386459e+00
  -3.4111652e+00
  -5.7805228e-01
   4.8423645e-01
   8.4889269e-01
   7.5076216e-01
   1.4452690e+00
   1.0369962e+00
   4.9247846e-01
  -1.0053217e-01
  -1.7787390e+00
  -2.8882968e+00
  -2.0603672e-01
  -6.7035353e-01
  -9.2449093e-01
  -4.8024148e-01
  -1.2152305e-01
  -2.1832579e-01
  -1.3332124e+00
  -8.7552482e-01
  -4.1235548e-01
  -2.5043201e-01
   1.1566094e-01
   2.9735672e-01
   7.1168298e-01
   8.8135087e-01
   5.3978300e-01
   9.6531451e-01
   1.2522213e+00
   1.1357934e+00
   9.7903198e-01
   8.7034947e-01
   8.9426316e-01
   8.7635368e-01
   5.9027761e-01
  -4.3496928e-02
  -1.5393410e+00
  -2.7458947e+00
   7.3690383e-02
   5.1930583e-01
   5.4276896e-01
   6.0568379e-01
   1.3219845e+00
   1.2932179e+00
   8.7510832e-01
   4.5619136e-01
  -8.7847495e-01
  -1.8220605e+00
  -4.2321462e-02
  -5.5465502e-01
  -3.3797031e-01
  -2.0228051e-01
  -1.4349944e-02
   8.7404807e-02
  -1.0461408e+00
  -6.7544967e-01
  -9.9033448e-02
   3.6888272e-02
   3.0715749e-01
   2.7550736e-01
   3.4672797e-01
   2.7545053e-01
  -1.8665902e-01
   2.8252754e-01
   9.9821609e-01
   1.1225947e+00
   1.1423877e+00
   1.1503991e+00
   1.2204883e+00
   1.2207237e+00
   9.5644581e-01
   3.7118727e-01
  -1.0660049e+00
  -1.6471827e+00
   2.6007321e-01
   4.1080475e-01
   2.2237596e-01
   5.1378453e-01
   7.1601999e-01
   1.3500130e+00
   1.1667989e+00
   8.6334813e-01
  -5.4216143e-02
  -8.0624539e-01
   3.5625309e-02
  -2.8766939e-01
   4.2718239e-02
  -1.0588388e-01
   3.7011240e-02
   9.7335316e-05
  -5.1107931e-01
  -3.4272128e-01
  -3.3912936e-01
  -3.5572961e-02
   3.3621129e-01
   2.4596266e-01
   1.0439577e-01
   2.1041027e-01
  -1.8385164e-01
  -2.2860332e-01
   5.7175338e-01
   9.0631031e-01
   1.0637163e+00
   1.1863102e+00
   1.2965452e+00
   1.2871630e+00
   1.0930840e+00
   6.3499810e-01
  -4.7157800e-01
  -4.7292513e-01
   1.3181238e-01
  -2.8273765e-02
  -6.6203281e-02
   1.2962055e-01
   3.9481911e-01
   6.6766351e-01
   1.0451527e+00
   9.7581279e-01
   3.9823478e-01
  -3.3358888e-01
   2.1299899e-01
  -7.4541651e-02
  -5.1866951e-02
  -1.6066690e-01
  -3.6498301e-02
  -1.1052935e-01
  -3.0261144e-01
  -2.1605459e-01
  -2.7258465e-01
  -2.2966120e-01
  -1.1380116e-02
  -1.5314470e-01
  -2.8189239e-01
  -1.3502633e-01
  -3.9071620e-01
  -8.9492793e-01
  -3.5392694e-02
   4.3210629e-01
   7.6557454e-01
   9.9833030e-01
   1.1381533e+00
   1.1650291e+00
   1.0563054e+00
   8.0100596e-01
   8.0900600e-02
   3.5483684e-01
   7.0325866e-02
  -2.8834459e-01
  -1.9241286e-01
  -7.9908915e-02
   1.8465269e-01
   2.0532913e-01
   4.6833944e-01
   6.6882102e-01
   4.7973269e-01
  -8.7371981e-03
   3.5795225e-01
   1.9578672e-01
  -4.0853634e-02
  -7.7616228e-02
  -1.5065098e-01
  -1.0430098e-01
  -1.5900102e-01
  -1.4147308e-01
  -2.0842421e-01
  -1.1509542e-01
  -5.5646741e-02
  -2.1113787e-01
  -5.6303418e-01
  -4.7004506e-01
  -6.1922602e-01
  -1.3918887e+00
  -8.1270021e-01
  -4.7897380e-01
   9.3400180e-02
   4.3905559e-01
   6.1067162e-01
   7.1073538e-01
   7.7726692e-01
   8.0459272e-01
   6.0510397e-01
   6.6097683e-01
   4.4204733e-02
  -2.2891380e-01
  -1.8696907e-01
  -1.7821273e-01
   4.7430798e-02
   1.9531830e-01
  -2.2529365e-01
  -6.4221643e-02
   3.7987137e-01
   3.9284792e-01
   2.1562329e-01
   1.6196406e-01
   1.2328425e-01
   4.4309806e-02
  -2.5218844e-02
   4.4571238e-02
   5.3708285e-02
   1.3111190e-01
   8.4429269e-02
   3.3157709e-01
  -3.1757141e-03
   2.2314937e-01
  -1.6860448e-01
  -3.6082458e-01
  -1.3704866e+00
  -1.6218565e+00
  -1.0541909e+00
  -1.2590806e+00
  -8.6883557e-01
  -6.9265962e-01
  -4.6446615e-01
  -1.4501207e-01
   1.0140061e-01
   4.7003731e-01
   5.3713334e-01
   3.5653466e-01
   9.6354624e-03
  -1.6856931e-01
  -3.6652949e-01
  -2.8286755e-01
   2.2157568e-02
  -1.2913065e-02
  -9.6064687e-01
  -3.6230302e-01
  -1.5294168e-02
   3.6036751e-01
   1.6280836e-01
   3.6672607e-01
  -6.0504746e-02
  -5.5760074e-02
  -1.9073108e-02
   5.6903545e-02
  -1.9058445e-02
   1.1458130e-01
   1.2819232e-01
   1.5655044e-01
   1.4812057e-02
  -1.1614172e-01
  -4.2332392e-02
  -1.8481474e-02
   6.7093528e-02
  -6.8780577e-01
  -5.4326701e-01
  -5.8873134e-01
  -1.1524438e+00
  -1.3754991e+00
  -7.6117036e-01
  -4.3331361e-01
  -5.5820473e-02
   9.5320951e-02
   3.8894311e-01
  -5.5815689e-02
  -3.3077854e-02
  -1.2152062e-01
  -3.6858505e-01
  -4.2085735e-01
  -2.2076662e-01
  -1.7107157e-01
  -6.1872940e-01
   2.4787006e-01
   1.2399957e-01
  -7.6471796e-01
  -6.5337580e-01
   4.5057380e-01
   2.7975818e-01
  -8.9845151e-02
  -1.6794725e-01
   3.4837480e-02
   1.4541510e-02
  -7.0747204e-02
   2.2805986e-01
   4.3258414e-01
   1.3003989e-01
   5.7211891e-02
   9.8216966e-02
   1.5728933e-01
   5.9435770e-02
  -1.4468807e-01
  -1.2483941e-01
  -5.6052640e-02
  -2.7580145e-01
  -4.8507476e-01
  -4.4910914e-01
  -3.8026395e-01
  -3.2407933e-01
  -3.1597629e-01
  -3.7715787e-01
  -2.6856968e-01
  -1.3889375e-01
  -2.9853022e-01
  -5.4210591e-01
  -4.3541324e-01
  -2.7768937e-01
  -3.6087883e-01
  -3.1631020e-01
  -2.3399277e-01
   1.1558920e-01
   1.8891774e-01
  -2.5155127e-01
  -1.0174485e-01
   7.8512259e-02
   3.9028246e-02
   3.2130938e-02
  -6.9145985e-02
  -6.6108860e-02
  -2.2515742e-02
   1.1678454e-01
   2.6116550e-01
   1.3458817e-01
