   1.5879860e-02
   6.9506128e-03
   0.0000000e+00
   9.4262364e-03
   1.6796601e-03
   0.0000000e+00
   1.9817158e-02
   1.2449885e-02
   9.1868331e-03
   6.2733624e-03
   4.2567129e-03
   4.3507931e-03
   7.0254902e-03
   7.9583002e-03
   5.7289840e-03
   3.6867729e-03
   0.0000000e+00
   1.8817912e-03
   7.6450031e-03
   3.2672283e-03
   2.7100030e-03
   3.9781208e-03
   6.1827549e-03
   2.5633010e-03
   0.0000000e+00
   0.0000000e+00
   0.0000000e+00
   0.0000000e+00
   0.0000000e+00
   0.0000000e+00
   0.0000000e+00
   0.0000000e+00
   0.0000000e+00
   0.0000000e+00
   0.0000000e+00
   0.0000000e+00
   9.5403837e-03
   7.6926433e-03
   1.0439055e-02
   1.3258314e-02
   1.3080554e-02
   1.4120820e-02
   1.3855356e-02
   8.0414852e-03
   6.1158123e-03
   4.8004864e-03
   5.0271158e-03
   4.2213220e-03
   4.6469676e-03
   4.8598154e-03
   4.5423559e-03
   2.3205758e-03
  -4.1463165e-05
  -6.4296365e-03
  -7.1887617e-03
  -1.6721643e-03
  -7.7142043e-04
   4.3048016e-03
   6.0681552e-03
   5.8203521e-03
   2.3587141e-03
  -2.8286677e-03
  -6.9718657e-03
  -1.0418623e-02
  -6.7402223e-03
  -5.9702879e-03
   1.0203680e-03
   1.0520310e-02
   1.0662639e-02
   5.4559795e-03
   5.3860346e-03
   9.8328361e-03
   1.1698619e-03
   6.7385568e-03
   7.3925848e-03
   6.6894044e-03
   1.4788212e-02
   1.4523095e-02
   8.0744484e-03
   3.0264519e-03
   1.4119166e-03
   4.8053567e-04
   5.1728374e-04
   1.0561513e-03
   1.4116957e-04
  -2.9181401e-04
  -3.8123780e-04
  -1.9103909e-03
  -4.3754317e-03
  -7.9491846e-03
  -0.0000000e+00
  -9.3244480e-03
  -2.4259500e-03
   3.9730323e-03
   6.6145393e-03
   6.7245574e-03
   2.9095486e-03
  -3.3814171e-03
  -1.0207564e-02
  -1.2882598e-02
  -1.0265831e-02
  -4.8330356e-03
   1.0631518e-03
   7.3743355e-03
   1.0824932e-02
   9.2181778e-03
   5.8969203e-03
  -4.5890750e-04
   0.0000000e+00
   0.0000000e+00
   0.0000000e+00
   0.0000000e+00
   0.0000000e+00
   1.3848401e-02
   1.9337400e-03
  -2.8997805e-03
  -1.3730684e-03
  -8.3595579e-03
  -7.7748983e-03
  -6.4732791e-03
  -8.9996653e-03
  -9.9098915e-03
  -9.4696833e-03
  -1.0839159e-02
  -1.3135215e-02
  -1.6775157e-02
  -2.4237446e-02
  -6.1055145e-04
  -2.4147842e-03
   2.3373263e-03
   4.8848256e-03
   3.2928770e-03
  -2.7474929e-03
  -1.1560648e-02
  -1.8689001e-02
  -1.9428384e-02
  -1.4549278e-02
  -7.0252493e-03
   2.1582254e-04
   5.3572198e-03
   6.5856171e-03
   3.6523023e-03
  -5.8682407e-03
  -1.8674898e-02
   0.0000000e+00
   0.0000000e+00
   0.0000000e+00
   0.0000000e+00
   0.0000000e+00
   6.0038585e-03
  -6.7327758e-03
  -1.2022182e-02
  -1.6400033e-02
  -1.7416876e-02
  -1.6632274e-02
  -1.5158399e-02
  -1.7803697e-02
  -1.7647453e-02
  -1.6675835e-02
  -1.7530367e-02
  -1.9140571e-02
  -2.2078032e-02
  -2.7248288e-02
   0.0000000e+00
  -2.5280138e-03
   1.1092419e-04
   9.0656086e-04
  -3.1100262e-03
  -1.1405244e-02
  -2.0935882e-02
  -2.6198983e-02
  -2.2442395e-02
  -1.4107919e-02
  -5.4228776e-03
   5.4035638e-04
   2.1116089e-03
  -2.3447283e-04
  -5.3745359e-03
  -1.3765067e-02
   0.0000000e+00
   0.0000000e+00
   0.0000000e+00
   0.0000000e+00
   0.0000000e+00
   0.0000000e+00
  -8.2392332e-04
  -1.3094706e-02
  -1.7778842e-02
  -1.9668729e-02
  -2.1746108e-02
  -2.1147537e-02
  -2.0265867e-02
  -2.0655212e-02
  -1.8705966e-02
  -1.7342431e-02
  -1.7772487e-02
  -1.9049446e-02
  -1.9600128e-02
  -1.6885509e-02
   0.0000000e+00
  -0.0000000e+00
  -2.3920607e-03
  -2.5261418e-03
  -8.6459644e-03
  -1.7393830e-02
  -2.4778030e-02
  -2.6828451e-02
  -1.6620235e-02
  -7.6365396e-03
  -1.3721947e-03
   3.0615471e-03
   4.6817396e-04
  -5.2506214e-03
  -1.1793514e-02
  -1.5978004e-02
  -1.3535384e-02
   5.8156335e-04
   0.0000000e+00
   0.0000000e+00
   0.0000000e+00
   2.5811136e-03
  -8.4326575e-03
  -1.9021429e-02
  -2.0793194e-02
  -2.1101190e-02
  -2.1491267e-02
  -2.0144040e-02
  -1.8974734e-02
  -1.6764134e-02
  -1.4631181e-02
  -1.3529819e-02
  -1.4170601e-02
  -1.5037820e-02
  -1.2221904e-02
   4.5876298e-04
   0.0000000e+00
   0.0000000e+00
  -4.8111740e-03
  -5.8063748e-03
  -1.2201466e-02
  -1.7800944e-02
  -1.7902648e-02
  -2.0994119e-02
  -3.9387371e-03
   6.9823989e-04
   5.4249074e-03
   1.1374544e-02
   1.9234357e-03
  -7.6221786e-03
  -1.3959728e-02
  -1.3961747e-02
  -5.9755982e-03
   9.2695533e-03
   1.1974794e-02
   0.0000000e+00
  -0.0000000e+00
  -3.7951360e-03
  -1.3723923e-02
  -1.8297384e-02
  -1.7103722e-02
  -1.6266359e-02
  -1.4993582e-02
  -1.3560564e-02
  -1.1415549e-02
  -8.8933250e-03
  -7.7006831e-03
  -7.3381788e-03
  -8.3765453e-03
  -7.7082925e-03
  -9.4174442e-04
   1.9802712e-02
   2.7103730e-02
   0.0000000e+00
  -0.0000000e+00
  -1.2828155e-02
  -1.3930269e-02
  -1.0034534e-02
   1.7746760e-03
   9.0351356e-03
   0.0000000e+00
   1.0541301e-03
   1.1266560e-02
   1.1796655e-02
  -1.9519978e-03
  -9.5936088e-03
  -1.1661022e-02
  -9.0011832e-03
  -7.8339333e-04
   1.3796942e-02
   1.6585326e-02
   0.0000000e+00
  -0.0000000e+00
  -5.7013500e-03
  -9.9034654e-03
  -1.0432733e-02
  -9.2879143e-03
  -8.5272500e-03
  -7.7202008e-03
  -6.6183936e-03
  -4.3009720e-03
  -2.4999147e-03
  -2.1050058e-03
  -2.4127022e-03
  -3.0631863e-03
  -1.0324491e-03
   8.1245638e-03
   3.1690862e-02
   3.3947125e-02
   0.0000000e+00
  -0.0000000e+00
  -1.9311922e-02
  -1.1792170e-02
   1.0346143e-03
   2.0429411e-02
   1.9408416e-02
   0.0000000e+00
   0.0000000e+00
   9.8775449e-03
   6.6593657e-03
  -4.3253135e-03
  -7.5502843e-03
  -6.3488842e-03
  -3.0466348e-03
   4.0544299e-03
   1.8450979e-02
   2.5327459e-02
   0.0000000e+00
  -0.0000000e+00
  -2.2270621e-03
  -1.0564015e-03
  -8.8812027e-04
  -5.5968738e-04
  -4.0136016e-04
  -5.6892098e-04
   5.5636836e-05
   1.8508498e-03
   2.6858305e-03
   2.4332791e-03
   1.8368064e-03
   1.7925309e-03
   5.7167229e-03
   1.7945103e-02
   4.6457790e-02
   4.8727661e-02
   0.0000000e+00
  -0.0000000e+00
  -2.6319667e-02
  -6.2615257e-03
   1.5800541e-02
   4.7988619e-02
   0.0000000e+00
   0.0000000e+00
   0.0000000e+00
   8.7553747e-03
   3.8350106e-03
  -9.7775552e-04
  -5.0600572e-04
   1.9143998e-03
   4.7212620e-03
   1.0265198e-02
   2.3261938e-02
   2.8402528e-02
   8.6261436e-03
   3.6310034e-03
   3.2549987e-03
   3.7657288e-03
   3.5715811e-03
   3.6988216e-03
   3.2880455e-03
   2.6172048e-03
   3.0412634e-03
   4.4258828e-03
   4.6245735e-03
   4.2132325e-03
   3.8851108e-03
   5.0232885e-03
   1.1455595e-02
   2.7652826e-02
   5.0950598e-02
   4.4011097e-02
   0.0000000e+00
   0.0000000e+00
  -2.7282048e-02
   2.5328225e-04
   2.7937559e-02
   6.2395036e-02
   0.0000000e+00
   0.0000000e+00
   0.0000000e+00
   7.6074935e-03
   6.0695088e-03
   2.0250196e-03
   5.3457334e-03
   7.9067070e-03
   1.0744848e-02
   1.5617236e-02
   2.9811367e-02
   3.0163312e-02
   1.3474380e-02
   7.0694732e-03
   5.5603823e-03
   5.4611908e-03
   5.4533887e-03
   5.2335691e-03
   4.2198151e-03
   3.3611988e-03
   3.8677061e-03
   4.8760148e-03
   4.9446817e-03
   4.9919407e-03
   6.0222102e-03
   9.8161427e-03
   1.9933440e-02
   4.0693074e-02
   4.6748687e-02
   3.9623107e-02
   0.0000000e+00
   0.0000000e+00
  -0.0000000e+00
   9.8392358e-03
   3.8959213e-02
   6.3341354e-02
   0.0000000e+00
   0.0000000e+00
   0.0000000e+00
   7.4791464e-03
   1.2865451e-02
   7.9413875e-03
   1.1450371e-02
   1.4288862e-02
   1.8132113e-02
   2.3086006e-02
   3.4083523e-02
   2.9777564e-02
   1.4880622e-02
   6.0532158e-03
   3.7379111e-03
   4.3502478e-03
   4.3751700e-03
   3.8336958e-03
   2.9071807e-03
   2.5289019e-03
   3.2587056e-03
   4.1760104e-03
   4.7646924e-03
   6.2129386e-03
   9.5191645e-03
   1.6439155e-02
   2.9488245e-02
   5.1346816e-02
   5.7943503e-02
   0.0000000e+00
   0.0000000e+00
   0.0000000e+00
  -0.0000000e+00
   1.9681312e-02
   4.4749666e-02
   5.5974168e-02
   0.0000000e+00
   0.0000000e+00
   0.0000000e+00
   0.0000000e+00
   1.3420592e-02
   1.5883723e-02
   1.7078798e-02
   2.0640256e-02
   2.5490502e-02
   3.0106999e-02
   3.2896776e-02
   2.5898572e-02
   1.1785914e-02
   2.2090364e-03
   9.6252473e-04
   2.3421426e-03
   2.5573866e-03
   2.4653890e-03
   2.3261653e-03
   2.5374587e-03
   3.5377203e-03
   4.7830762e-03
   6.4728116e-03
   9.5279459e-03
   1.4573492e-02
   2.2976987e-02
   3.5792980e-02
   4.9383674e-02
   3.4556041e-02
   0.0000000e+00
   0.0000000e+00
   0.0000000e+00
   0.0000000e+00
   2.8497947e-02
   4.5599289e-02
   4.6183203e-02
   0.0000000e+00
   0.0000000e+00
   0.0000000e+00
   1.6997130e-02
   1.4016228e-02
   2.1683449e-02
   2.0598741e-02
   2.5387501e-02
   2.9841663e-02
   3.2767195e-02
   2.5498038e-02
   1.6569333e-02
   4.0522455e-03
  -2.7233213e-03
  -1.5477638e-03
   6.4776330e-05
   1.0464593e-03
   2.0309004e-03
   2.8418500e-03
   4.0474422e-03
   6.0246233e-03
   8.5353432e-03
   1.1564637e-02
   1.5638644e-02
   2.0893428e-02
   2.7755328e-02
   3.4988109e-02
   3.6221255e-02
   2.5008952e-02
   0.0000000e+00
   0.0000000e+00
   0.0000000e+00
   0.0000000e+00
   3.5528325e-02
   4.1369278e-02
   3.5583672e-02
   0.0000000e+00
   0.0000000e+00
   0.0000000e+00
   2.1225154e-02
   1.8232394e-02
   2.3208149e-02
   2.1049628e-02
   2.6250785e-02
   2.8849941e-02
   2.9083792e-02
   1.5563697e-02
   6.6332286e-03
  -2.7065668e-03
  -6.2397271e-03
  -5.1065166e-03
  -4.7346782e-03
  -4.0119733e-03
  -2.9412387e-03
  -1.5660501e-03
   1.0603190e-03
   4.9669840e-03
   9.4676511e-03
   1.4203862e-02
   1.8748764e-02
   2.3214838e-02
   2.7279701e-02
   2.8262524e-02
   2.0626022e-02
   0.0000000e+00
   0.0000000e+00
   0.0000000e+00
   0.0000000e+00
   0.0000000e+00
   3.7863396e-02
   3.4400560e-02
   3.1678163e-02
   0.0000000e+00
   0.0000000e+00
   0.0000000e+00
   2.0659961e-02
   1.6940078e-02
   2.0685055e-02
   1.8025995e-02
   2.1073021e-02
   2.1670517e-02
   1.9816585e-02
   1.1921031e-02
   2.3260889e-03
  -5.9376326e-03
  -9.2519894e-03
  -9.7379750e-03
  -1.0950269e-02
  -1.1520272e-02
  -1.1547992e-02
  -1.0596203e-02
  -7.5878883e-03
  -2.7042916e-03
   2.9498436e-03
   8.6752931e-03
   1.3160389e-02
   1.6198661e-02
   1.7736990e-02
   1.6504114e-02
   9.0338243e-03
   0.0000000e+00
   0.0000000e+00
   0.0000000e+00
   0.0000000e+00
   0.0000000e+00
   3.4367643e-02
   2.7372820e-02
   2.3832656e-02
   0.0000000e+00
   0.0000000e+00
   0.0000000e+00
   1.6514999e-02
   1.2127051e-02
   1.7105506e-02
   1.6385403e-02
   1.4589993e-02
   1.3803709e-02
   1.3533118e-02
   0.0000000e+00
  -0.0000000e+00
  -6.3995008e-03
  -9.8680199e-03
  -9.7701920e-03
  -1.0376525e-02
  -1.0556172e-02
  -1.0338613e-02
  -9.4804175e-03
  -7.2801235e-03
  -3.6999351e-03
   6.6236911e-04
   5.0938575e-03
   8.0022113e-03
   8.5777081e-03
   6.8164143e-03
   3.6922449e-03
   1.2273244e-03
   0.0000000e+00
   0.0000000e+00
   0.0000000e+00
   0.0000000e+00
   2.7766377e-02
   2.4790156e-02
   2.0238932e-02
   1.9424859e-02
   0.0000000e+00
   0.0000000e+00
   0.0000000e+00
   0.0000000e+00
   8.3777531e-03
   1.0167528e-02
   1.5902201e-02
   1.2221925e-02
   9.0722468e-03
   1.1010673e-02
   0.0000000e+00
   0.0000000e+00
   1.1116286e-03
  -4.1273338e-03
  -1.5281686e-03
   1.1945184e-06
   1.2784331e-03
   2.4041247e-03
   3.3723596e-03
   4.6949712e-03
   6.6862517e-03
   9.6320908e-03
   1.3262752e-02
   1.5473328e-02
   1.3496364e-02
   6.1342350e-03
  -2.9921957e-03
  -8.8119161e-03
  -6.1096693e-03
   0.0000000e+00
   0.0000000e+00
  -0.0000000e+00
   1.6467800e-02
   1.5235802e-02
   0.0000000e+00
   0.0000000e+00
   0.0000000e+00
   0.0000000e+00
   0.0000000e+00
   0.0000000e+00
   7.6791113e-03
   5.8290789e-03
   0.0000000e+00
   0.0000000e+00
   9.4350941e-03
   0.0000000e+00
   0.0000000e+00
   0.0000000e+00
   2.2667821e-03
  -5.5309083e-03
  -5.7175043e-03
  -3.3099218e-03
  -9.3721692e-04
   1.1479992e-03
   2.2353476e-03
   2.6225084e-03
   2.9261655e-03
   3.8574741e-03
   6.2993397e-03
   9.1818366e-03
   8.3910991e-03
   8.4243878e-04
  -9.7589847e-03
  -1.9858154e-02
  -1.9139131e-02
   0.0000000e+00
  -0.0000000e+00
  -1.2417742e-02
   1.2169918e-03
   7.7446240e-03
   0.0000000e+00
   0.0000000e+00
   0.0000000e+00
   0.0000000e+00
   0.0000000e+00
   0.0000000e+00
   0.0000000e+00
   4.0444940e-03
   0.0000000e+00
   0.0000000e+00
   0.0000000e+00
   0.0000000e+00
   0.0000000e+00
  -0.0000000e+00
  -4.9113207e-03
  -1.7472306e-02
  -1.6712189e-02
  -1.6401442e-02
  -1.4617161e-02
  -1.2330059e-02
  -1.1334483e-02
  -1.2179852e-02
  -1.3888615e-02
  -1.5112015e-02
  -1.4019685e-02
  -9.6896328e-03
  -3.7878184e-03
  -2.7584913e-03
  -9.5932754e-03
  -2.6567843e-02
  -3.8176522e-02
   0.0000000e+00
  -0.0000000e+00
  -2.0126428e-02
  -1.5501803e-02
  -9.5189372e-03
   0.0000000e+00
   0.0000000e+00
   0.0000000e+00
   0.0000000e+00
   0.0000000e+00
   0.0000000e+00
  -0.0000000e+00
   9.4517460e-04
   0.0000000e+00
   0.0000000e+00
   0.0000000e+00
   0.0000000e+00
  -0.0000000e+00
  -7.8109527e-03
  -1.3129300e-02
  -1.8019582e-02
  -2.2187015e-02
  -2.4598690e-02
  -2.4728199e-02
  -2.3217313e-02
  -2.2034699e-02
  -2.2916969e-02
  -2.5745131e-02
  -2.9327786e-02
  -3.1385303e-02
  -2.7957899e-02
  -1.7454276e-02
  -5.5847936e-03
  -3.0076742e-03
  -2.2406056e-02
  -2.2116974e-02
  -1.0129849e-02
  -1.5281590e-02
  -2.6233369e-02
  -3.1329535e-02
  -2.7083514e-02
   0.0000000e+00
   0.0000000e+00
   0.0000000e+00
   0.0000000e+00
   0.0000000e+00
   0.0000000e+00
  -0.0000000e+00
  -1.1475953e-02
   0.0000000e+00
   0.0000000e+00
   0.0000000e+00
   0.0000000e+00
  -0.0000000e+00
  -9.9123847e-03
  -1.1878827e-02
  -1.4082470e-02
  -2.0851132e-02
  -2.5109632e-02
  -2.7107853e-02
  -2.6628843e-02
  -2.5215659e-02
  -2.5343137e-02
  -2.8133931e-02
  -3.2882139e-02
  -3.7281733e-02
  -3.6231074e-02
  -2.6455602e-02
  -9.6231336e-03
  -5.3857696e-03
  -0.0000000e+00
  -1.1326728e-02
  -6.2353043e-03
  -1.3086133e-02
  -2.7086968e-02
  -4.4392873e-02
  -4.8394114e-02
   0.0000000e+00
   0.0000000e+00
   0.0000000e+00
   0.0000000e+00
   0.0000000e+00
   0.0000000e+00
  -0.0000000e+00
  -2.2924483e-02
   0.0000000e+00
   0.0000000e+00
   0.0000000e+00
   0.0000000e+00
  -0.0000000e+00
  -6.6241175e-03
  -9.4030835e-03
  -1.1475965e-02
  -1.7321855e-02
  -2.2201156e-02
  -2.4863321e-02
  -2.4547899e-02
  -2.2190336e-02
  -2.0706084e-02
  -2.2514012e-02
  -2.7454084e-02
  -3.3687375e-02
  -3.6074467e-02
  -2.9654562e-02
  -1.1822806e-02
  -5.7506303e-03
  -0.0000000e+00
  -2.7516419e-03
  -3.0314366e-03
  -9.1316327e-03
  -2.3119688e-02
  -4.7706109e-02
  -6.1376639e-02
   0.0000000e+00
   0.0000000e+00
   0.0000000e+00
   0.0000000e+00
   0.0000000e+00
   0.0000000e+00
  -0.0000000e+00
  -2.2604776e-02
   0.0000000e+00
   0.0000000e+00
   0.0000000e+00
   0.0000000e+00
  -0.0000000e+00
  -2.3773366e-03
  -4.3395832e-03
  -7.0679006e-03
  -1.1703799e-02
  -1.6595311e-02
  -1.9748226e-02
  -2.0060489e-02
  -1.7574172e-02
  -1.4537545e-02
  -1.4585870e-02
  -1.8954273e-02
  -2.6828775e-02
  -3.3224508e-02
  -3.1736903e-02
  -1.7629940e-02
  -8.1949743e-03
  -4.8035057e-03
  -1.2162037e-03
  -3.1186533e-04
  -5.1432890e-03
  -1.6747473e-02
  -4.1082643e-02
  -6.0974661e-02
   0.0000000e+00
   0.0000000e+00
   0.0000000e+00
   0.0000000e+00
   0.0000000e+00
  -0.0000000e+00
  -0.0000000e+00
   0.0000000e+00
   0.0000000e+00
   0.0000000e+00
   0.0000000e+00
   0.0000000e+00
   0.0000000e+00
   0.0000000e+00
   3.7512325e-03
  -3.8654965e-05
  -4.0394166e-03
  -9.1314428e-03
  -1.2629944e-02
  -1.3639085e-02
  -1.1984857e-02
  -8.9481939e-03
  -7.8167897e-03
  -1.1222238e-02
  -2.0619111e-02
  -3.1582348e-02
  -3.4390993e-02
  -1.8740794e-02
   0.0000000e+00
   2.3357542e-03
   1.5109067e-03
   2.4814471e-03
  -1.6629111e-03
  -1.0113615e-02
  -2.9389765e-02
  -5.4022026e-02
   0.0000000e+00
   0.0000000e+00
   0.0000000e+00
   0.0000000e+00
   0.0000000e+00
  -0.0000000e+00
  -3.1327566e-02
   0.0000000e+00
   0.0000000e+00
   0.0000000e+00
   0.0000000e+00
   0.0000000e+00
   0.0000000e+00
   0.0000000e+00
   8.7203076e-03
   7.4092527e-03
   4.1051735e-03
  -1.0203365e-03
  -4.9883937e-03
  -6.1111380e-03
  -4.9086809e-03
  -2.5934749e-03
  -1.8729026e-03
  -5.0693913e-03
  -1.5614429e-02
  -3.0854380e-02
  -3.4830242e-02
   0.0000000e+00
   0.0000000e+00
   5.2736715e-03
   7.6627038e-03
   6.8708062e-03
   2.0105294e-03
  -4.3829433e-03
  -1.9297149e-02
  -4.5174915e-02
   0.0000000e+00
   0.0000000e+00
  -0.0000000e+00
  -1.2130240e-02
  -1.3053702e-02
  -9.6331732e-03
   0.0000000e+00
   0.0000000e+00
   0.0000000e+00
   0.0000000e+00
   0.0000000e+00
   0.0000000e+00
   0.0000000e+00
   0.0000000e+00
   4.4829367e-03
   7.6334770e-03
   1.1789591e-02
   9.7933011e-03
   6.0560955e-03
   5.0207009e-03
   6.3102138e-03
   8.3997333e-03
   7.7094575e-03
   3.2237978e-03
  -9.1487486e-03
  -3.0040879e-02
  -3.8886046e-02
   0.0000000e+00
   0.0000000e+00
   0.0000000e+00
   0.0000000e+00
   1.4501670e-02
   8.5090958e-03
   3.2334137e-03
  -7.5458619e-03
  -2.9533189e-02
  -2.1836294e-02
   0.0000000e+00
  -0.0000000e+00
  -8.7091615e-03
  -6.6160578e-03
   3.4586657e-06
   0.0000000e+00
   0.0000000e+00
   0.0000000e+00
   0.0000000e+00
   0.0000000e+00
   0.0000000e+00
   0.0000000e+00
   0.0000000e+00
  -4.6633410e-03
   2.4654118e-03
   1.3756294e-02
   1.5580448e-02
   1.3485696e-02
   1.3083603e-02
   1.4992338e-02
   1.7641174e-02
   1.6295701e-02
   1.0454973e-02
  -3.5691874e-03
  -2.9008897e-02
  -3.6647029e-02
   0.0000000e+00
   0.0000000e+00
   0.0000000e+00
   0.0000000e+00
   1.8355072e-02
   1.3613262e-02
   9.5427250e-03
   1.2825220e-03
  -1.8722834e-02
  -2.1836294e-02
  -5.3405081e-03
  -1.0653503e-02
  -8.8290916e-03
  -7.5759628e-03
   0.0000000e+00
   0.0000000e+00
   0.0000000e+00
   0.0000000e+00
   0.0000000e+00
   0.0000000e+00
   0.0000000e+00
   0.0000000e+00
   0.0000000e+00
  -0.0000000e+00
  -1.4266338e-02
   6.4524030e-03
   1.4667192e-02
   1.6144916e-02
   1.8052829e-02
   2.0946369e-02
   2.4448855e-02
   2.3254825e-02
   1.6894080e-02
   3.1337801e-03
  -2.5076128e-02
  -2.3468678e-02
   0.0000000e+00
   0.0000000e+00
   0.0000000e+00
   0.0000000e+00
   0.0000000e+00
   1.5532176e-02
   1.4352227e-02
   9.0814158e-03
  -5.9177307e-03
   0.0000000e+00
  -0.0000000e+00
   0.0000000e+00
   0.0000000e+00
   0.0000000e+00
   0.0000000e+00
   0.0000000e+00
   0.0000000e+00
   0.0000000e+00
   0.0000000e+00
   0.0000000e+00
   0.0000000e+00
   0.0000000e+00
   0.0000000e+00
   0.0000000e+00
  -1.9518953e-02
  -1.7316740e-03
   1.0394714e-02
   1.4920074e-02
   1.8338550e-02
   2.1652997e-02
   2.4678193e-02
   2.3701017e-02
   1.8678294e-02
   8.0611371e-03
  -1.0669446e-02
   0.0000000e+00
   0.0000000e+00
   0.0000000e+00
   0.0000000e+00
   0.0000000e+00
   0.0000000e+00
   0.0000000e+00
   1.3013945e-02
   1.1031921e-02
   4.4887317e-03
   2.4421516e-03
   0.0000000e+00
   0.0000000e+00
   0.0000000e+00
   0.0000000e+00
   0.0000000e+00
   0.0000000e+00
   0.0000000e+00
   0.0000000e+00
   0.0000000e+00
   0.0000000e+00
   0.0000000e+00
   0.0000000e+00
   0.0000000e+00
   0.0000000e+00
  -0.0000000e+00
  -1.1688736e-02
   2.6502252e-03
   9.3541376e-03
   1.4272752e-02
   1.7628127e-02
   1.9715745e-02
   1.8816812e-02
   1.6430193e-02
   1.0825867e-02
   2.7403843e-03
   0.0000000e+00
   0.0000000e+00
   0.0000000e+00
   0.0000000e+00
   0.0000000e+00
   0.0000000e+00
   0.0000000e+00
   4.2989019e-03
   8.0128768e-03
   7.6885042e-03
   2.4509174e-03
   0.0000000e+00
   0.0000000e+00
   0.0000000e+00
   0.0000000e+00
   0.0000000e+00
   0.0000000e+00
   0.0000000e+00
   0.0000000e+00
   0.0000000e+00
   0.0000000e+00
   0.0000000e+00
   0.0000000e+00
   0.0000000e+00
   0.0000000e+00
  -0.0000000e+00
  -2.3301923e-02
  -9.1541102e-03
  -6.0703000e-03
   2.0791733e-03
   6.4588645e-03
   8.6802868e-03
   9.1718683e-03
   9.7548421e-03
   1.1233041e-02
   1.2755618e-02
   0.0000000e+00
   0.0000000e+00
   0.0000000e+00
   0.0000000e+00
   0.0000000e+00
   0.0000000e+00
   0.0000000e+00
  -1.0397371e-02
   1.5682367e-03
   8.1849601e-03
   1.6773224e-02
   0.0000000e+00
   0.0000000e+00
   0.0000000e+00
   0.0000000e+00
   0.0000000e+00
   0.0000000e+00
   0.0000000e+00
   0.0000000e+00
   0.0000000e+00
   0.0000000e+00
   0.0000000e+00
   0.0000000e+00
   0.0000000e+00
   0.0000000e+00
  -0.0000000e+00
  -2.3678013e-02
  -1.6453662e-02
  -2.5136050e-02
  -1.9833328e-02
  -1.4594435e-02
  -1.0644733e-02
  -2.1461501e-03
   1.6509682e-03
   1.3141725e-02
   1.1644185e-02
   0.0000000e+00
   0.0000000e+00
   0.0000000e+00
   0.0000000e+00
   0.0000000e+00
   0.0000000e+00
  -0.0000000e+00
  -1.6206637e-02
  -1.3578555e-03
   5.4801153e-03
   6.4462492e-04
   1.1567784e-02
   0.0000000e+00
   0.0000000e+00
   0.0000000e+00
   0.0000000e+00
   0.0000000e+00
   0.0000000e+00
   0.0000000e+00
   0.0000000e+00
   0.0000000e+00
   0.0000000e+00
   0.0000000e+00
   0.0000000e+00
   0.0000000e+00
   0.0000000e+00
   0.0000000e+00
   0.0000000e+00
   0.0000000e+00
  -0.0000000e+00
  -3.3804626e-02
   0.0000000e+00
   0.0000000e+00
   0.0000000e+00
   0.0000000e+00
   0.0000000e+00
   0.0000000e+00
   0.0000000e+00
   0.0000000e+00
   0.0000000e+00
   0.0000000e+00
   0.0000000e+00
  -0.0000000e+00
  -1.3422704e-02
   0.0000000e+00
   0.0000000e+00
  -0.0000000e+00
  -2.5247678e-03
   5.3508850e-03
   0.0000000e+00
   0.0000000e+00
   0.0000000e+00
   0.0000000e+00
   0.0000000e+00
   0.0000000e+00
   0.0000000e+00
   0.0000000e+00
   0.0000000e+00
   0.0000000e+00
   0.0000000e+00
   0.0000000e+00
   0.0000000e+00
  -0.0000000e+00
  -0.0000000e+00
  -0.0000000e+00
  -9.0794922e-03
  -9.1982600e-03
  -6.7487772e-03
  -9.9611756e-03
  -7.9817726e-03
  -7.5026598e-03
  -6.2620422e-03
  -4.9683286e-03
  -0.0000000e+00
  -0.0000000e+00
  -0.0000000e+00
  -0.0000000e+00
  -0.0000000e+00
  -0.0000000e+00
  -0.0000000e+00
  -0.0000000e+00
  -0.0000000e+00
  -0.0000000e+00
  -8.4274048e-03
   4.0648100e-03
   2.5342982e-03
   5.2084562e-03
   4.6992188e-03
   5.6417812e-03
   6.1845622e-03
   0.0000000e+00
   0.0000000e+00
   0.0000000e+00
   0.0000000e+00
