  -0.0000000e+00
  -8.4689239e-03
  -0.0000000e+00
  -4.8426069e-03
  -0.0000000e+00
  -0.0000000e+00
  -9.7959385e-03
  -1.9075617e-02
  -1.8224820e-02
  -1.8868990e-02
  -2.0638446e-02
  -2.4863563e-02
  -0.0000000e+00
  -2.2598736e-02
  -2.3550829e-02
  -2.3960525e-02
  -2.1749253e-02
  -2.0118133e-02
  -0.0000000e+00
  -0.0000000e+00
  -1.4969312e-02
  -1.6049659e-02
  -1.5253774e-02
  -0.0000000e+00
   0.0000000e+00
   0.0000000e+00
   0.0000000e+00
   0.0000000e+00
   0.0000000e+00
   0.0000000e+00
   0.0000000e+00
   0.0000000e+00
   0.0000000e+00
   0.0000000e+00
   0.0000000e+00
  -0.0000000e+00
  -4.8218146e-03
  -2.0161426e-03
  -1.5891464e-03
  -2.9747351e-03
  -3.0429921e-03
  -9.4705963e-03
  -1.3284408e-02
  -1.4673274e-02
  -1.4308503e-02
  -1.3616610e-02
  -1.3567187e-02
  -1.5377551e-02
  -1.6031422e-02
  -1.5647789e-02
  -1.5473393e-02
  -1.6156808e-02
  -1.5899431e-02
  -1.6930238e-02
  -1.3993516e-02
  -1.0577988e-02
  -8.2987361e-03
  -7.2736233e-03
  -8.7974649e-03
  -1.0509139e-02
  -1.2199511e-02
  -1.5386139e-02
  -1.6399010e-02
  -1.9885310e-02
  -1.3197150e-02
  -1.1971276e-02
  -0.0000000e+00
  -0.0000000e+00
  -9.4551593e-03
  -1.2909297e-02
  -1.7269293e-02
  -0.0000000e+00
   9.1474692e-04
   5.2013507e-03
   3.5658422e-03
   8.2361192e-03
   9.9646118e-03
   6.4626243e-03
   4.1327579e-03
   5.5175531e-03
   7.7877683e-03
   1.1532946e-02
   1.6631603e-02
   1.7957266e-02
   1.6717011e-02
   1.7610077e-02
   1.8976334e-02
   1.8835232e-02
   1.8503996e-02
   1.7449377e-02
   1.6716593e-02
   1.3598026e-02
   1.5368575e-02
   1.5733214e-02
   1.1037427e-02
   5.9028948e-03
   2.0300671e-03
   5.5023341e-04
   9.5255871e-04
   2.5343159e-03
   4.2849989e-03
   5.0321380e-03
   2.8941105e-03
   5.2206597e-05
  -1.8709644e-03
  -3.8036511e-03
  -4.4406722e-03
  -5.1607171e-03
   0.0000000e+00
   0.0000000e+00
   0.0000000e+00
   0.0000000e+00
   0.0000000e+00
   1.7125234e-02
   2.3115724e-02
   2.5717853e-02
   2.1048366e-02
   3.8397606e-02
   4.7510356e-02
   5.5254944e-02
   5.6600980e-02
   5.7918869e-02
   6.0386632e-02
   6.1787602e-02
   6.2600031e-02
   6.2452476e-02
   6.2752575e-02
   0.0000000e+00
   3.8892291e-02
   4.2400636e-02
   4.0796589e-02
   3.8015515e-02
   3.5870284e-02
   3.5608023e-02
   3.6690723e-02
   3.6898784e-02
   3.5081964e-02
   3.1173954e-02
   2.5738919e-02
   2.1934787e-02
   2.1179136e-02
   2.2580002e-02
   2.4807509e-02
   2.3092969e-02
   0.0000000e+00
   0.0000000e+00
   0.0000000e+00
   0.0000000e+00
   0.0000000e+00
   2.9020712e-02
   4.0780123e-02
   4.9348651e-02
   6.1664376e-02
   6.2968090e-02
   6.8816297e-02
   7.6842368e-02
   8.0903970e-02
   8.3154254e-02
   8.5910544e-02
   8.7763868e-02
   8.8522129e-02
   8.6751722e-02
   7.8133156e-02
   0.0000000e+00
   4.5308346e-02
   6.0307126e-02
   6.7363903e-02
   7.0133179e-02
   7.2364673e-02
   7.2896138e-02
   7.2011001e-02
   6.8137728e-02
   6.0802430e-02
   5.3395115e-02
   4.6980895e-02
   4.3347176e-02
   4.4425644e-02
   4.8226826e-02
   4.7831731e-02
   0.0000000e+00
   0.0000000e+00
   0.0000000e+00
   0.0000000e+00
   0.0000000e+00
   0.0000000e+00
   4.4943879e-02
   5.1809750e-02
   5.8459453e-02
   6.5908190e-02
   7.0111264e-02
   7.2392569e-02
   7.6753584e-02
   7.9726015e-02
   8.1668424e-02
   8.4099491e-02
   8.6086263e-02
   8.7195146e-02
   8.4132468e-02
   6.9327980e-02
   0.0000000e+00
   0.0000000e+00
   5.8759939e-02
   7.5023742e-02
   8.5168277e-02
   9.0877844e-02
   8.9514952e-02
   8.4508394e-02
   7.6297534e-02
   6.4891458e-02
   5.9812441e-02
   5.5695649e-02
   5.4360489e-02
   5.7360775e-02
   6.1936956e-02
   6.0391580e-02
   5.4161670e-02
   4.7716065e-02
   0.0000000e+00
   0.0000000e+00
   0.0000000e+00
   5.3997855e-02
   5.7049558e-02
   5.7487067e-02
   5.8119088e-02
   5.9211001e-02
   5.9178073e-02
   5.9017483e-02
   5.9806772e-02
   6.0001198e-02
   6.1421454e-02
   6.3752398e-02
   6.5630555e-02
   6.6720590e-02
   6.3021913e-02
   4.8354353e-02
   0.0000000e+00
   0.0000000e+00
   4.4671584e-02
   6.2594801e-02
   7.8717001e-02
   8.4618501e-02
   7.5987197e-02
   7.1354168e-02
   6.0121752e-02
   4.5469176e-02
   4.6927083e-02
   4.6108730e-02
   4.9084336e-02
   5.6273758e-02
   6.0416169e-02
   5.8947455e-02
   5.2927405e-02
   3.8016811e-02
   0.0000000e+00
   0.0000000e+00
   0.0000000e+00
   4.9652861e-02
   5.1576927e-02
   4.7529843e-02
   4.2659598e-02
   3.8534686e-02
   3.4381032e-02
   3.2421853e-02
   3.1036358e-02
   3.0231148e-02
   3.0674499e-02
   3.2315731e-02
   3.4055147e-02
   3.3912081e-02
   2.9429110e-02
   1.9954017e-02
   1.2619578e-02
   0.0000000e+00
   0.0000000e+00
   3.6079153e-02
   5.2756332e-02
   5.5099547e-02
   3.9359434e-02
   2.5151404e-02
   0.0000000e+00
   1.4753944e-02
   2.3700809e-02
   3.2964893e-02
   3.7212054e-02
   4.3126963e-02
   4.4577893e-02
   4.2379411e-02
   4.0496517e-02
   2.3762362e-02
   2.5629217e-02
   0.0000000e+00
   0.0000000e+00
   2.8060738e-02
   2.9004138e-02
   2.4965251e-02
   1.9810166e-02
   1.4829230e-02
   1.0696084e-02
   8.3420761e-03
   6.7860652e-03
   5.9840889e-03
   6.3274987e-03
   7.1466425e-03
   8.0674859e-03
   6.8653733e-03
   2.3680096e-03
  -2.1250881e-03
  -8.1365183e-04
   0.0000000e+00
   0.0000000e+00
   1.2144036e-02
   2.6542323e-02
   2.4085516e-02
   7.6559908e-03
   1.1421305e-02
   0.0000000e+00
  -0.0000000e+00
   7.6453879e-03
   1.7487073e-02
   2.1737214e-02
   2.4344856e-02
   2.3075443e-02
   2.0423722e-02
   1.9653130e-02
  -3.5021955e-03
   2.2152599e-03
   0.0000000e+00
  -0.0000000e+00
  -1.5967076e-03
  -2.1082030e-03
  -4.4980403e-03
  -7.5688255e-03
  -1.1013970e-02
  -1.3601707e-02
  -1.4870730e-02
  -1.5312055e-02
  -1.5470186e-02
  -1.5200854e-02
  -1.5231088e-02
  -1.6195277e-02
  -1.9490544e-02
  -2.5169151e-02
  -2.5448356e-02
  -2.0716608e-02
   0.0000000e+00
  -0.0000000e+00
  -1.0669031e-02
  -1.8477457e-03
  -9.7606005e-03
  -2.4456197e-02
   0.0000000e+00
   0.0000000e+00
  -0.0000000e+00
  -1.2897195e-02
  -8.2765445e-03
  -4.0881699e-03
  -3.5020371e-03
  -6.0555758e-03
  -8.4585603e-03
  -8.5307881e-03
  -2.3983166e-02
  -1.2651230e-02
  -9.5025692e-03
  -1.6561468e-02
  -1.9546771e-02
  -1.9960845e-02
  -2.1231385e-02
  -2.2785321e-02
  -2.4407063e-02
  -2.5755843e-02
  -2.6498090e-02
  -2.6472092e-02
  -2.6237741e-02
  -2.6446685e-02
  -2.7507938e-02
  -3.0877341e-02
  -3.6781222e-02
  -4.4264607e-02
  -3.2932859e-02
  -1.7014269e-02
   0.0000000e+00
   0.0000000e+00
  -0.0000000e+00
  -2.1137781e-02
  -3.0642238e-02
  -3.2454169e-02
   0.0000000e+00
   0.0000000e+00
  -0.0000000e+00
  -1.5520966e-02
  -2.4356326e-02
  -2.2121090e-02
  -2.2619892e-02
  -2.5678068e-02
  -2.8693397e-02
  -2.9100079e-02
  -4.1787643e-02
  -2.5312228e-02
  -1.8414564e-02
  -2.6177339e-02
  -2.8341739e-02
  -2.8787054e-02
  -3.0042725e-02
  -3.0658392e-02
  -3.0976392e-02
  -3.1915322e-02
  -3.2914110e-02
  -3.3250958e-02
  -3.3495277e-02
  -3.4992065e-02
  -3.8083360e-02
  -4.4393145e-02
  -5.2304454e-02
  -5.8885217e-02
  -4.3208443e-02
  -1.3679656e-02
   0.0000000e+00
   0.0000000e+00
  -0.0000000e+00
  -3.8752403e-02
  -4.4049047e-02
  -2.6606364e-02
   0.0000000e+00
   0.0000000e+00
  -0.0000000e+00
  -0.0000000e+00
  -3.0547698e-02
  -3.4975331e-02
  -3.8076892e-02
  -4.1585945e-02
  -4.6091069e-02
  -4.7750153e-02
  -5.0210781e-02
  -3.3477094e-02
  -2.4271145e-02
  -2.6710277e-02
  -2.7681185e-02
  -2.9085636e-02
  -3.0423451e-02
  -3.1118285e-02
  -3.2200653e-02
  -3.4336694e-02
  -3.6194410e-02
  -3.7290495e-02
  -3.8917020e-02
  -4.2336345e-02
  -4.7524754e-02
  -5.4683622e-02
  -6.0955424e-02
  -6.1439246e-02
  -4.5082321e-02
   0.0000000e+00
   0.0000000e+00
   0.0000000e+00
  -0.0000000e+00
  -4.9703863e-02
  -4.6949778e-02
  -1.7985621e-02
   0.0000000e+00
   0.0000000e+00
   0.0000000e+00
  -0.0000000e+00
  -2.7752064e-02
  -4.5101698e-02
  -4.7456805e-02
  -5.0946634e-02
  -5.6061845e-02
  -5.7887942e-02
  -4.8309091e-02
  -3.2764621e-02
  -2.2242464e-02
  -2.1094680e-02
  -2.3309775e-02
  -2.6189750e-02
  -2.8200885e-02
  -3.0441526e-02
  -3.3654872e-02
  -3.7633840e-02
  -4.0797636e-02
  -4.3283574e-02
  -4.6795949e-02
  -5.1137861e-02
  -5.5791050e-02
  -5.9876796e-02
  -6.0701333e-02
  -4.9187537e-02
  -1.8262329e-02
   0.0000000e+00
   0.0000000e+00
   0.0000000e+00
  -0.0000000e+00
  -5.2855000e-02
  -4.2349372e-02
  -1.0260135e-02
   0.0000000e+00
   0.0000000e+00
  -0.0000000e+00
  -3.1963766e-02
  -3.6130378e-02
  -5.0699568e-02
  -5.0641503e-02
  -5.3096712e-02
  -5.6617100e-02
  -5.6986410e-02
  -3.6757372e-02
  -2.2848504e-02
  -1.2992769e-02
  -1.3002807e-02
  -1.8236663e-02
  -2.2909682e-02
  -2.6745180e-02
  -3.1084696e-02
  -3.6421094e-02
  -4.2785458e-02
  -4.8092984e-02
  -5.2600324e-02
  -5.7088554e-02
  -6.0336363e-02
  -6.1328553e-02
  -5.8679830e-02
  -5.0314941e-02
  -3.0181501e-02
  -1.0299073e-02
   0.0000000e+00
   0.0000000e+00
   0.0000000e+00
  -0.0000000e+00
  -4.7515023e-02
  -3.1596322e-02
  -4.4924743e-03
   0.0000000e+00
   0.0000000e+00
  -0.0000000e+00
  -3.6809854e-02
  -4.2274352e-02
  -4.9529318e-02
  -4.6787348e-02
  -4.6444319e-02
  -4.6970993e-02
  -4.5198418e-02
  -2.4284180e-02
  -1.2750892e-02
  -5.8830180e-03
  -8.8709928e-03
  -1.4855968e-02
  -2.0070825e-02
  -2.4804546e-02
  -2.9845027e-02
  -3.6022510e-02
  -4.3464806e-02
  -4.9878757e-02
  -5.5110179e-02
  -5.9223648e-02
  -6.0640644e-02
  -5.8025811e-02
  -4.9529091e-02
  -3.3838201e-02
  -9.9086324e-03
   0.0000000e+00
   0.0000000e+00
   0.0000000e+00
   0.0000000e+00
  -0.0000000e+00
  -3.6028713e-02
  -1.9502519e-02
  -3.4615840e-03
   0.0000000e+00
   0.0000000e+00
  -0.0000000e+00
  -3.7678521e-02
  -3.4567218e-02
  -3.9829708e-02
  -3.8440955e-02
  -3.3185478e-02
  -3.1165799e-02
  -2.8948173e-02
  -2.1020755e-02
  -1.0750215e-02
  -8.6438563e-03
  -1.3255454e-02
  -1.9179717e-02
  -2.4604261e-02
  -2.9569276e-02
  -3.4275401e-02
  -3.9326526e-02
  -4.4219278e-02
  -4.7702655e-02
  -5.0019361e-02
  -5.1285502e-02
  -5.0554845e-02
  -4.5953479e-02
  -3.5271078e-02
  -1.8416928e-02
   1.7071955e-03
   0.0000000e+00
   0.0000000e+00
   0.0000000e+00
   0.0000000e+00
  -0.0000000e+00
  -2.2770274e-02
  -8.5300971e-03
   4.3221069e-03
   0.0000000e+00
   0.0000000e+00
  -0.0000000e+00
  -3.3904800e-02
  -2.2222476e-02
  -2.2159210e-02
  -2.6113182e-02
  -2.1783886e-02
  -1.8129192e-02
  -1.6882861e-02
   0.0000000e+00
  -0.0000000e+00
  -1.8577737e-02
  -2.4561510e-02
  -2.9682242e-02
  -3.4856166e-02
  -3.9297673e-02
  -4.2861855e-02
  -4.5729136e-02
  -4.6838442e-02
  -4.6108851e-02
  -4.4195233e-02
  -4.1788908e-02
  -3.9190701e-02
  -3.4383412e-02
  -2.4862340e-02
  -1.0919508e-02
   4.3664248e-03
   0.0000000e+00
   0.0000000e+00
   0.0000000e+00
   0.0000000e+00
  -2.8333212e-02
  -8.1559373e-03
   4.6745598e-03
   1.4018720e-02
   0.0000000e+00
   0.0000000e+00
   0.0000000e+00
  -0.0000000e+00
  -1.0709773e-02
  -5.6063987e-03
  -2.4291483e-02
  -1.4014361e-02
  -9.1585553e-03
  -8.0047369e-03
   0.0000000e+00
  -0.0000000e+00
  -2.6688787e-02
  -3.4643080e-02
  -3.6521036e-02
  -3.9866182e-02
  -4.2713134e-02
  -4.5135306e-02
  -4.7155758e-02
  -4.7377346e-02
  -4.5218853e-02
  -4.1302929e-02
  -3.6781783e-02
  -3.3395618e-02
  -2.9897787e-02
  -2.3433310e-02
  -1.5040239e-02
  -3.9967098e-03
   6.1691038e-03
   0.0000000e+00
   0.0000000e+00
  -0.0000000e+00
  -1.7057018e-02
   6.8135747e-03
   0.0000000e+00
   0.0000000e+00
   0.0000000e+00
   0.0000000e+00
   0.0000000e+00
   0.0000000e+00
  -1.9608230e-04
   6.1373861e-03
   0.0000000e+00
  -0.0000000e+00
   4.2391545e-04
   0.0000000e+00
   0.0000000e+00
  -0.0000000e+00
  -2.4793690e-02
  -3.7272219e-02
  -3.9741024e-02
  -4.1152805e-02
  -4.1906171e-02
  -4.3180667e-02
  -4.5168184e-02
  -4.6151079e-02
  -4.4603195e-02
  -4.0283188e-02
  -3.3855133e-02
  -2.9257488e-02
  -2.8467037e-02
  -2.8563643e-02
  -2.8655769e-02
  -2.4513155e-02
  -1.2207260e-02
   0.0000000e+00
  -0.0000000e+00
  -4.1030541e-02
  -9.6468693e-03
   1.2788112e-02
   0.0000000e+00
   0.0000000e+00
   0.0000000e+00
   0.0000000e+00
   0.0000000e+00
   0.0000000e+00
   0.0000000e+00
   0.0000000e+00
   0.0000000e+00
   0.0000000e+00
   0.0000000e+00
   0.0000000e+00
   0.0000000e+00
  -0.0000000e+00
  -2.7352013e-02
  -4.5025244e-02
  -4.9170643e-02
  -5.0150737e-02
  -4.8872612e-02
  -4.8222560e-02
  -4.9293119e-02
  -5.0826993e-02
  -5.0830286e-02
  -4.7915436e-02
  -4.1210685e-02
  -3.3912715e-02
  -2.9994547e-02
  -3.3017721e-02
  -4.2593412e-02
  -5.3324521e-02
  -5.2679271e-02
   0.0000000e+00
  -0.0000000e+00
  -4.2949237e-02
  -9.4030518e-03
   1.3441099e-02
   0.0000000e+00
   0.0000000e+00
   0.0000000e+00
   0.0000000e+00
   0.0000000e+00
   0.0000000e+00
   0.0000000e+00
   0.0000000e+00
   0.0000000e+00
   0.0000000e+00
   0.0000000e+00
   0.0000000e+00
  -0.0000000e+00
  -4.4836404e-02
  -4.5082960e-02
  -5.8896259e-02
  -6.1988864e-02
  -6.5130889e-02
  -6.5391019e-02
  -6.5561004e-02
  -6.7135066e-02
  -6.9651172e-02
  -7.0999831e-02
  -6.9343776e-02
  -6.2346600e-02
  -5.0139550e-02
  -3.5707328e-02
  -2.8458696e-02
  -3.0797442e-02
  -6.3828031e-02
  -8.8138469e-02
  -8.6451669e-02
  -5.6835498e-02
  -4.4343099e-02
  -1.6291676e-02
   8.0640679e-03
   0.0000000e+00
   0.0000000e+00
   0.0000000e+00
   0.0000000e+00
   0.0000000e+00
   0.0000000e+00
   0.0000000e+00
   0.0000000e+00
   0.0000000e+00
   0.0000000e+00
   0.0000000e+00
   0.0000000e+00
  -0.0000000e+00
  -5.0564833e-02
  -5.7676636e-02
  -6.5025575e-02
  -6.9157213e-02
  -7.4233875e-02
  -7.6559588e-02
  -7.7822112e-02
  -7.9878755e-02
  -8.3162583e-02
  -8.5631043e-02
  -8.4886566e-02
  -7.7274278e-02
  -6.0687974e-02
  -3.6956236e-02
  -1.8243868e-02
  -1.3503689e-02
  -0.0000000e+00
  -6.9824741e-02
  -6.6015452e-02
  -5.3641502e-02
  -4.6564166e-02
  -2.9719252e-02
  -8.4948139e-03
   0.0000000e+00
   0.0000000e+00
   0.0000000e+00
   0.0000000e+00
   0.0000000e+00
   0.0000000e+00
   0.0000000e+00
   0.0000000e+00
   0.0000000e+00
   0.0000000e+00
   0.0000000e+00
   0.0000000e+00
  -0.0000000e+00
  -4.9785648e-02
  -5.5706076e-02
  -6.2859520e-02
  -6.8940714e-02
  -7.3753394e-02
  -7.5478002e-02
  -7.5292483e-02
  -7.5593859e-02
  -7.8004502e-02
  -8.1130713e-02
  -8.2110666e-02
  -7.6051578e-02
  -5.8904432e-02
  -3.1827811e-02
  -1.0994039e-02
  -7.7952063e-03
  -0.0000000e+00
  -4.8515595e-02
  -4.7214620e-02
  -4.5578975e-02
  -4.6479560e-02
  -4.3014802e-02
  -3.0741602e-02
   0.0000000e+00
   0.0000000e+00
   0.0000000e+00
   0.0000000e+00
   0.0000000e+00
   0.0000000e+00
   0.0000000e+00
   0.0000000e+00
   0.0000000e+00
   0.0000000e+00
   0.0000000e+00
   0.0000000e+00
  -0.0000000e+00
  -4.2597031e-02
  -4.7420055e-02
  -5.3424664e-02
  -5.8315221e-02
  -6.1308086e-02
  -6.1623175e-02
  -6.0341999e-02
  -5.9514020e-02
  -6.1020408e-02
  -6.4307727e-02
  -6.6930518e-02
  -6.3275404e-02
  -4.7997348e-02
  -2.1603141e-02
  -5.5134625e-03
  -0.0000000e+00
  -3.0739680e-02
  -3.1035006e-02
  -3.1771678e-02
  -3.4545969e-02
  -4.0305555e-02
  -4.7601312e-02
  -4.5718812e-02
   0.0000000e+00
   0.0000000e+00
   0.0000000e+00
   0.0000000e+00
   0.0000000e+00
  -0.0000000e+00
  -0.0000000e+00
   0.0000000e+00
   0.0000000e+00
   0.0000000e+00
   0.0000000e+00
   0.0000000e+00
   0.0000000e+00
  -0.0000000e+00
  -2.9033734e-02
  -3.2539710e-02
  -3.5272803e-02
  -3.6433499e-02
  -3.5934750e-02
  -3.5096966e-02
  -3.5155881e-02
  -3.7559319e-02
  -4.1358151e-02
  -4.4613857e-02
  -4.3164328e-02
  -3.0991983e-02
  -7.3508685e-03
   4.6768190e-03
  -0.0000000e+00
  -1.5388620e-02
  -1.5920606e-02
  -1.6796412e-02
  -2.1070348e-02
  -2.7849900e-02
  -3.8707644e-02
  -4.0703836e-02
   0.0000000e+00
   0.0000000e+00
   0.0000000e+00
   0.0000000e+00
   0.0000000e+00
  -0.0000000e+00
  -0.0000000e+00
   0.0000000e+00
   0.0000000e+00
   0.0000000e+00
   0.0000000e+00
   0.0000000e+00
   0.0000000e+00
  -0.0000000e+00
  -4.3421024e-03
  -4.1269157e-03
  -5.4249885e-03
  -5.6971507e-03
  -5.5697337e-03
  -5.9147966e-03
  -7.8921532e-03
  -1.2554603e-02
  -1.7863289e-02
  -2.1867678e-02
  -2.1986950e-02
  -1.2114350e-02
   8.4507102e-03
   0.0000000e+00
  -0.0000000e+00
  -0.0000000e+00
   4.0294968e-03
  -7.3161646e-05
  -6.1831851e-03
  -1.2650447e-02
  -2.3032600e-02
  -2.9293701e-02
   0.0000000e+00
   0.0000000e+00
  -0.0000000e+00
  -0.0000000e+00
  -0.0000000e+00
  -0.0000000e+00
   0.0000000e+00
   0.0000000e+00
   0.0000000e+00
   0.0000000e+00
   0.0000000e+00
   0.0000000e+00
   0.0000000e+00
   0.0000000e+00
   2.2508181e-02
   3.7071135e-02
   3.9786857e-02
   3.9294019e-02
   3.7835378e-02
   3.4767985e-02
   2.9709030e-02
   2.2081422e-02
   1.4447409e-02
   8.9631239e-03
   6.5541486e-03
   1.2909317e-02
   2.6919028e-02
   0.0000000e+00
   0.0000000e+00
   0.0000000e+00
   0.0000000e+00
   2.3976672e-02
   1.6893947e-02
   9.9865692e-03
   9.9512783e-04
  -7.3092533e-03
   8.5238648e-03
   0.0000000e+00
   0.0000000e+00
   0.0000000e+00
   0.0000000e+00
   0.0000000e+00
   0.0000000e+00
   0.0000000e+00
   0.0000000e+00
   0.0000000e+00
   0.0000000e+00
   0.0000000e+00
   0.0000000e+00
   0.0000000e+00
   5.4346120e-02
   6.8542197e-02
   7.2945683e-02
   7.0669532e-02
   6.7704327e-02
   6.2832490e-02
   5.6053821e-02
   4.7269542e-02
   3.9511464e-02
   3.3711411e-02
   2.8783858e-02
   3.0329799e-02
   3.0870095e-02
   0.0000000e+00
   0.0000000e+00
   0.0000000e+00
   0.0000000e+00
   0.0000000e+00
   3.6746480e-02
   2.9184630e-02
   2.0865056e-02
   1.2058204e-02
   8.5238648e-03
   0.0000000e+00
   0.0000000e+00
   0.0000000e+00
   0.0000000e+00
   0.0000000e+00
   0.0000000e+00
   0.0000000e+00
   0.0000000e+00
   0.0000000e+00
   0.0000000e+00
   0.0000000e+00
   0.0000000e+00
   0.0000000e+00
   0.0000000e+00
   7.4492849e-02
   8.1452727e-02
   8.2540892e-02
   8.2397804e-02
   7.8885071e-02
   7.2215252e-02
   6.4818650e-02
   5.9883039e-02
   5.5901930e-02
   4.9170606e-02
   4.0272508e-02
   3.5903065e-02
   0.0000000e+00
   0.0000000e+00
   0.0000000e+00
   0.0000000e+00
   0.0000000e+00
   5.2832782e-02
   4.4876404e-02
   3.9136000e-02
   2.7395274e-02
   0.0000000e+00
   0.0000000e+00
   0.0000000e+00
   0.0000000e+00
   0.0000000e+00
   0.0000000e+00
   0.0000000e+00
   0.0000000e+00
   0.0000000e+00
   0.0000000e+00
   0.0000000e+00
   0.0000000e+00
   0.0000000e+00
   0.0000000e+00
   0.0000000e+00
   0.0000000e+00
   6.6529185e-02
   7.2539136e-02
   7.6837242e-02
   7.5547533e-02
   7.0928492e-02
   6.6706896e-02
   6.5578528e-02
   6.4107038e-02
   5.7361316e-02
   4.1884481e-02
   0.0000000e+00
   0.0000000e+00
   0.0000000e+00
   0.0000000e+00
   0.0000000e+00
   0.0000000e+00
   0.0000000e+00
   4.3960035e-02
   4.6769204e-02
   4.2126041e-02
   4.1156533e-02
   0.0000000e+00
   0.0000000e+00
   0.0000000e+00
   0.0000000e+00
   0.0000000e+00
   0.0000000e+00
   0.0000000e+00
   0.0000000e+00
   0.0000000e+00
   0.0000000e+00
   0.0000000e+00
   0.0000000e+00
   0.0000000e+00
   0.0000000e+00
   0.0000000e+00
   3.8849883e-02
   4.6562335e-02
   5.4138661e-02
   5.5938121e-02
   5.5724491e-02
   5.6838588e-02
   5.9306774e-02
   5.9829671e-02
   5.4149465e-02
   4.2003333e-02
   0.0000000e+00
   0.0000000e+00
   0.0000000e+00
   0.0000000e+00
   0.0000000e+00
   0.0000000e+00
   0.0000000e+00
   0.0000000e+00
   4.6735056e-02
   4.7500772e-02
   4.6502636e-02
   0.0000000e+00
   0.0000000e+00
   0.0000000e+00
   0.0000000e+00
   0.0000000e+00
   0.0000000e+00
   0.0000000e+00
   0.0000000e+00
   0.0000000e+00
   0.0000000e+00
   0.0000000e+00
   0.0000000e+00
   0.0000000e+00
   0.0000000e+00
   0.0000000e+00
   6.6420179e-03
   9.5063403e-03
   1.3357468e-02
   1.9263027e-02
   2.4934912e-02
   3.2485325e-02
   3.8689765e-02
   4.1623682e-02
   3.8240217e-02
   3.0262058e-02
   0.0000000e+00
   0.0000000e+00
   0.0000000e+00
   0.0000000e+00
   0.0000000e+00
   0.0000000e+00
   0.0000000e+00
   0.0000000e+00
   3.6560798e-02
   3.6576413e-02
   1.6344350e-02
   0.0000000e+00
   0.0000000e+00
   0.0000000e+00
   0.0000000e+00
   0.0000000e+00
   0.0000000e+00
   0.0000000e+00
   0.0000000e+00
   0.0000000e+00
   0.0000000e+00
   0.0000000e+00
   0.0000000e+00
   0.0000000e+00
   0.0000000e+00
  -0.0000000e+00
  -1.7491050e-02
  -2.6900805e-02
  -2.6489135e-02
  -2.5029799e-02
  -1.4068564e-02
  -2.4589519e-03
   1.0707456e-02
   1.7539826e-02
   1.5098234e-02
   0.0000000e+00
   0.0000000e+00
   0.0000000e+00
   0.0000000e+00
   0.0000000e+00
   0.0000000e+00
   0.0000000e+00
   0.0000000e+00
   0.0000000e+00
   0.0000000e+00
   9.4255569e-03
   3.8860662e-03
   8.4930375e-03
   0.0000000e+00
   0.0000000e+00
   0.0000000e+00
   0.0000000e+00
   0.0000000e+00
   0.0000000e+00
   0.0000000e+00
   0.0000000e+00
   0.0000000e+00
   0.0000000e+00
   0.0000000e+00
   0.0000000e+00
   0.0000000e+00
   0.0000000e+00
   0.0000000e+00
   0.0000000e+00
   0.0000000e+00
  -0.0000000e+00
  -0.0000000e+00
   0.0000000e+00
   0.0000000e+00
   0.0000000e+00
   0.0000000e+00
   0.0000000e+00
   0.0000000e+00
   0.0000000e+00
   0.0000000e+00
   0.0000000e+00
   0.0000000e+00
   0.0000000e+00
   0.0000000e+00
   0.0000000e+00
   0.0000000e+00
   0.0000000e+00
  -0.0000000e+00
  -8.6796937e-03
  -1.1653050e-02
  -0.0000000e+00
  -0.0000000e+00
  -0.0000000e+00
   0.0000000e+00
   0.0000000e+00
   0.0000000e+00
   0.0000000e+00
   0.0000000e+00
   0.0000000e+00
  -0.0000000e+00
  -0.0000000e+00
  -0.0000000e+00
  -0.0000000e+00
  -0.0000000e+00
  -0.0000000e+00
  -0.0000000e+00
  -0.0000000e+00
  -0.0000000e+00
  -0.0000000e+00
  -0.0000000e+00
  -0.0000000e+00
  -0.0000000e+00
  -0.0000000e+00
  -0.0000000e+00
  -0.0000000e+00
  -0.0000000e+00
  -0.0000000e+00
  -0.0000000e+00
  -0.0000000e+00
  -0.0000000e+00
  -0.0000000e+00
  -0.0000000e+00
  -0.0000000e+00
  -0.0000000e+00
  -0.0000000e+00
  -1.2225370e-02
  -9.7971919e-03
  -8.9677820e-03
  -6.9642538e-03
  -6.5345360e-03
  -5.7746849e-03
  -0.0000000e+00
  -0.0000000e+00
  -0.0000000e+00
  -0.0000000e+00
