  -4.8742688e-01
  -7.2027904e-01
  -6.2501645e-01
  -5.0456530e-01
  -8.5529411e-01
  -7.4766016e-01
  -3.3950847e-01
  -5.2009064e-01
  -8.2911229e-01
  -8.6615151e-01
  -9.3257421e-01
  -9.7510272e-01
  -8.7531209e-01
  -9.1906917e-01
  -1.0905353e+00
  -1.0195580e+00
  -8.1307268e-01
  -1.0484793e+00
  -8.3328795e-01
  -7.6485020e-01
  -8.0752110e-01
  -7.3911393e-01
  -7.1745878e-01
  -7.0339561e-01
  -6.0695475e-01
  -5.9882921e-01
  -6.9817418e-01
  -6.2094253e-01
  -4.4047040e-01
  -3.6097229e-01
  -2.7143431e-01
  -3.0411586e-01
  -6.2178326e-01
  -5.6775409e-01
  -2.4939042e-01
  -5.0110064e-02
  -1.8116710e+00
  -1.4791594e+00
  -1.1829240e+00
  -1.0513656e+00
  -1.1710124e+00
  -1.0512733e+00
  -1.0182133e+00
  -1.0499660e+00
  -9.5369625e-01
  -8.8536966e-01
  -7.7650064e-01
  -7.5051272e-01
  -8.1757438e-01
  -7.9312396e-01
  -7.3388606e-01
  -7.7453208e-01
  -8.0976200e-01
  -9.3844408e-01
  -8.5404968e-01
  -6.9243312e-01
  -7.1891427e-01
  -5.4529327e-01
  -4.8064280e-01
  -4.9740335e-01
  -6.4934015e-01
  -8.1334060e-01
  -8.6101264e-01
  -7.8921735e-01
  -6.2423658e-01
  -5.8452129e-01
  -6.7741185e-01
  -7.9933429e-01
  -1.0208749e+00
  -1.2269409e+00
  -1.3851168e+00
  -1.4904960e+00
   1.3736798e-01
   1.9524431e-01
   1.7883205e-01
   7.3467523e-02
   3.6727414e-03
   3.0234814e-01
  -1.1602464e-01
  -5.9150867e-02
   2.4888270e-02
   2.3313536e-01
   4.7887266e-01
   8.3073217e-01
   9.9908471e-01
   1.0033432e+00
   1.0694333e+00
   1.1064461e+00
   1.0917370e+00
   9.2924106e-01
   6.4038128e-01
   6.1121696e-01
   8.5016108e-01
   8.6472493e-01
   8.4173071e-01
   5.8845973e-01
   2.9200420e-01
   1.5249150e-01
   2.5660244e-01
   5.0792044e-01
   7.2923183e-01
   8.7118685e-01
   8.4705836e-01
   7.1168995e-01
   6.1694729e-01
   5.8841628e-01
   6.0295665e-01
   4.8674083e-01
   8.0575800e-01
   8.5936755e-01
   9.1478646e-01
   4.7403246e-01
   4.3607181e-01
   7.9330456e-01
   8.8131809e-01
   1.1840028e+00
   1.0233326e+00
   1.3288085e+00
   1.9146782e+00
   2.2486506e+00
   2.5774412e+00
   2.7231138e+00
   2.8467188e+00
   2.9873571e+00
   3.0942812e+00
   3.1504259e+00
   3.1000736e+00
   1.7991179e+00
   2.3546424e+00
   2.3815472e+00
   2.4425948e+00
   2.2586803e+00
   2.0723612e+00
   1.9803531e+00
   2.0779569e+00
   2.3038383e+00
   2.4437537e+00
   2.4716423e+00
   2.4787884e+00
   2.4721475e+00
   2.5631032e+00
   2.7522185e+00
   2.9956288e+00
   2.6827343e+00
   1.2859368e+00
   1.0050842e+00
   1.1685709e+00
   1.0327742e+00
   9.5447904e-01
   1.5414977e+00
   2.2640436e+00
   2.3394597e+00
   2.5582643e+00
   2.9378331e+00
   3.0077708e+00
   3.0778155e+00
   3.2784338e+00
   3.4976285e+00
   3.7165055e+00
   3.9429073e+00
   4.2118897e+00
   4.3966637e+00
   4.2920218e+00
   1.9972881e+00
   2.2569311e+00
   3.0280581e+00
   3.4663696e+00
   3.6013196e+00
   3.6502526e+00
   3.5892859e+00
   3.4790242e+00
   3.3459458e+00
   3.1081092e+00
   3.2608399e+00
   3.4231625e+00
   3.5301280e+00
   3.7223146e+00
   4.0798321e+00
   4.4129930e+00
   3.9276981e+00
   4.1438971e+00
   1.8027775e+00
   1.2105028e+00
   1.2210480e+00
   1.4109885e+00
   2.9824230e+00
   3.2357387e+00
   3.0868399e+00
   3.1842732e+00
   3.3333890e+00
   3.2548828e+00
   3.1954445e+00
   3.2376396e+00
   3.3637476e+00
   3.5763530e+00
   3.8417392e+00
   4.1830452e+00
   4.4740827e+00
   4.3214779e+00
   2.2100498e+00
   1.6255802e+00
   2.5335322e+00
   3.4062705e+00
   3.9587162e+00
   4.2538958e+00
   4.1575143e+00
   2.7699832e+00
   1.8649146e+00
   2.0874583e+00
   2.7894077e+00
   3.2323858e+00
   3.4725139e+00
   3.7839711e+00
   4.2174349e+00
   4.6240800e+00
   4.6861260e+00
   4.4189491e+00
   2.8724809e+00
   1.7254174e+00
   2.5171485e+00
   3.0165095e+00
   3.8659980e+00
   3.5835190e+00
   3.3965721e+00
   3.2569203e+00
   3.1108246e+00
   2.8951929e+00
   2.6925321e+00
   2.6060596e+00
   2.6334462e+00
   2.7962918e+00
   3.0553689e+00
   3.3846600e+00
   3.6194255e+00
   3.4147499e+00
   2.1130381e+00
   7.0418388e-01
   5.9411871e-01
   2.0825016e+00
   3.2110646e+00
   3.8300209e+00
   3.5616658e+00
   1.6794680e+00
   7.2385788e-01
   4.9466798e-01
   1.3165690e+00
   2.1499274e+00
   2.4947908e+00
   2.9779365e+00
   3.4058592e+00
   3.7732263e+00
   4.0825539e+00
   2.7553762e+00
   3.6013525e+00
   3.1312950e+00
   2.7633096e+00
   2.9912157e+00
   3.4364285e+00
   3.1837698e+00
   2.8520336e+00
   2.4813104e+00
   2.1242823e+00
   1.8116598e+00
   1.5655357e+00
   1.4334466e+00
   1.3922452e+00
   1.4757286e+00
   1.6783665e+00
   1.9153478e+00
   2.0115948e+00
   1.7337410e+00
   7.8603309e-01
   5.6115970e-02
  -9.8449087e-01
  -1.5091185e-01
   1.6094314e+00
   2.4292552e+00
   1.9757499e+00
   1.0624521e+00
   4.3227504e-01
  -5.4203892e-01
  -5.0960220e-02
   7.4681899e-01
   1.3132092e+00
   1.6810144e+00
   1.9145085e+00
   2.0815449e+00
   2.2898304e+00
   8.5894752e-01
   1.6806363e+00
   2.0071695e+00
   1.1553643e+00
   1.6971457e+00
   2.1051805e+00
   1.8806368e+00
   1.5479846e+00
   1.1524770e+00
   8.1803608e-01
   5.1451039e-01
   3.0545989e-01
   2.3160867e-01
   1.9673495e-01
   2.2575721e-01
   3.3422461e-01
   4.2108628e-01
   3.1247401e-01
   5.5871978e-02
   3.6805949e-01
   2.5255075e-01
  -1.0326202e+00
  -1.2880187e+00
   1.4455572e-01
   8.9530092e-01
   2.4506932e-01
   3.7628317e-01
   9.8850548e-02
  -1.0286642e+00
  -5.7733625e-01
  -1.9844609e-01
   1.6248888e-01
   2.9686105e-01
   3.5135502e-01
   3.3083946e-01
   4.2810696e-01
  -1.5360148e+00
  -8.7852508e-01
  -9.5809530e-03
   2.6723471e-01
   4.1392069e-02
  -1.8551843e-01
  -3.3222085e-01
  -6.0100287e-01
  -8.7099975e-01
  -1.0344324e+00
  -1.1821914e+00
  -1.2742839e+00
  -1.2969358e+00
  -1.2892776e+00
  -1.2831479e+00
  -1.3428288e+00
  -1.5358952e+00
  -1.9153939e+00
  -2.0154719e+00
  -4.2472363e-01
   1.1443026e-01
  -9.6674019e-01
  -1.6650534e+00
  -1.5832992e+00
  -1.1619854e+00
  -1.7589236e+00
  -4.3724352e-01
  -8.9639956e-01
  -9.1992539e-01
  -5.4941785e-01
  -9.2860568e-01
  -1.6366822e+00
  -1.7148200e+00
  -1.6692584e+00
  -1.8437452e+00
  -1.8615917e+00
  -3.2009306e+00
  -2.6973662e+00
  -1.8048612e+00
  -1.1957960e+00
  -1.7248259e+00
  -1.9269688e+00
  -2.0382819e+00
  -2.2454278e+00
  -2.4009881e+00
  -2.4409609e+00
  -2.4515460e+00
  -2.4553790e+00
  -2.4251027e+00
  -2.3994052e+00
  -2.4169583e+00
  -2.6296663e+00
  -3.0319924e+00
  -3.5181501e+00
  -3.4787533e+00
  -1.4085739e+00
  -4.0190078e-02
  -7.9334658e-01
  -1.0046713e+00
  -2.5274177e+00
  -2.7165406e+00
  -2.5795369e+00
  -5.5825818e-01
  -1.3994758e+00
  -1.0268975e+00
  -1.0371704e+00
  -1.6418839e+00
  -2.9318495e+00
  -3.2612863e+00
  -3.1427019e+00
  -3.3389397e+00
  -3.4211378e+00
  -4.3054533e+00
  -3.8909833e+00
  -3.1216226e+00
  -2.7290726e+00
  -2.9457080e+00
  -3.0934696e+00
  -3.2539437e+00
  -3.4224038e+00
  -3.5321562e+00
  -3.5332718e+00
  -3.4820635e+00
  -3.4144664e+00
  -3.3481500e+00
  -3.3533573e+00
  -3.5068483e+00
  -3.9303265e+00
  -4.4593153e+00
  -4.8557057e+00
  -4.5956125e+00
  -1.8319352e+00
   2.1212985e-01
  -3.1377301e-01
  -7.1228319e-01
  -2.9557376e+00
  -3.9296417e+00
  -2.0946541e+00
   7.8607410e-01
  -9.1956621e-01
  -9.8592716e-01
  -2.3163729e+00
  -2.4599147e+00
  -3.6404142e+00
  -4.5690494e+00
  -4.3221493e+00
  -4.3184872e+00
  -4.4044380e+00
  -4.3841596e+00
  -3.9420986e+00
  -3.2885509e+00
  -3.0766048e+00
  -3.1767406e+00
  -3.3500783e+00
  -3.5580986e+00
  -3.7213020e+00
  -3.8588130e+00
  -3.9145708e+00
  -3.9186983e+00
  -3.8951843e+00
  -3.9225886e+00
  -4.1012535e+00
  -4.4812727e+00
  -4.9989834e+00
  -5.4250832e+00
  -5.4881735e+00
  -4.7665381e+00
  -1.2787077e+00
   3.0793849e-01
  -9.0591177e-02
  -7.9970777e-01
  -3.7551830e+00
  -4.2914948e+00
  -1.5028882e+00
   8.8587666e-01
  -4.5426908e-01
  -9.1111052e-01
  -2.4339602e+00
  -2.5672095e+00
  -2.2762833e+00
  -3.0757103e+00
  -4.8398738e+00
  -4.4416542e+00
  -4.4443808e+00
  -3.7565753e+00
  -3.3206522e+00
  -2.8217268e+00
  -2.7287707e+00
  -2.7967415e+00
  -2.9613836e+00
  -3.1559567e+00
  -3.3215933e+00
  -3.5142188e+00
  -3.7007115e+00
  -3.8957582e+00
  -4.1300998e+00
  -4.4298034e+00
  -4.8111687e+00
  -5.2510200e+00
  -5.6177554e+00
  -5.7425065e+00
  -5.3498187e+00
  -3.6485741e+00
  -2.2668032e-01
  -2.4045872e-02
  -2.2646010e-01
  -8.5169345e-01
  -3.5886474e+00
  -4.0131545e+00
  -1.1826197e+00
   7.6332819e-01
  -3.1219828e-01
  -9.9765867e-01
  -2.7614338e+00
  -2.3581569e+00
  -6.1944693e-01
  -1.6481810e+00
  -3.6100478e+00
  -4.0562887e+00
  -3.8750138e+00
  -2.8074031e+00
  -2.4829252e+00
  -2.0826297e+00
  -1.9930749e+00
  -2.0417030e+00
  -2.1430604e+00
  -2.2873232e+00
  -2.4722931e+00
  -2.7691035e+00
  -3.1767764e+00
  -3.6710773e+00
  -4.2512693e+00
  -4.7922044e+00
  -5.2093916e+00
  -5.4940481e+00
  -5.5426092e+00
  -5.2608433e+00
  -4.3107395e+00
  -1.9886761e+00
   1.7298198e-01
  -7.6931947e-01
  -5.8487862e-01
  -8.6460835e-01
  -2.7125118e+00
  -3.3046136e+00
  -8.1855506e-01
   7.9769045e-01
  -5.5311596e-01
  -1.5337870e+00
  -3.9409165e+00
  -2.2419889e+00
   6.6082895e-02
  -4.7527024e-01
  -1.5993866e+00
  -3.2022471e+00
  -3.0187852e+00
  -2.0220435e+00
  -1.8438684e+00
  -1.3827267e+00
  -1.2579494e+00
  -1.2885357e+00
  -1.3831282e+00
  -1.5601252e+00
  -1.8527851e+00
  -2.2901442e+00
  -2.8568046e+00
  -3.4995561e+00
  -4.1828966e+00
  -4.7144756e+00
  -5.0195408e+00
  -5.0560575e+00
  -4.7461143e+00
  -4.0268817e+00
  -2.5237873e+00
  -6.1551265e-02
  -2.7136749e-01
  -2.5978096e+00
  -1.5009189e+00
  -1.0845063e+00
  -2.2502556e+00
  -2.3039165e+00
  -1.2129048e-01
   1.1190425e+00
  -5.9433001e-01
  -2.0677757e+00
  -4.7183685e+00
  -2.5297201e+00
   2.4910721e-01
   1.2817951e-01
  -9.3236679e-01
  -2.1457784e+00
  -2.2454121e+00
  -1.4849977e+00
  -1.5692331e+00
  -9.7615623e-01
  -8.4014213e-01
  -8.6792392e-01
  -1.0319018e+00
  -1.3436964e+00
  -1.8014526e+00
  -2.3996475e+00
  -3.0664752e+00
  -3.7452326e+00
  -4.3942356e+00
  -4.8026776e+00
  -4.9547400e+00
  -4.7856178e+00
  -4.2087641e+00
  -3.1177416e+00
  -1.0892878e+00
   1.4258537e+00
  -2.2975852e-01
  -4.2006292e+00
  -3.2577076e+00
  -1.8292546e+00
  -2.6016178e+00
  -9.7700930e-01
   1.2886806e+00
   1.2912160e+00
  -5.2274317e-01
  -3.1452401e+00
  -4.7681193e+00
  -2.7164018e+00
   5.6499988e-01
   3.0983651e-01
  -6.8794680e-01
  -2.1391485e+00
  -1.8089921e+00
  -5.0079793e-01
  -1.3808373e+00
  -1.0530912e+00
  -8.7665440e-01
  -8.8575305e-01
  -1.0798309e+00
  -1.4725567e+00
  -2.0675073e+00
  -2.8373009e+00
  -3.6344898e+00
  -4.3661165e+00
  -4.9752969e+00
  -5.2878412e+00
  -5.3552502e+00
  -5.1197857e+00
  -4.5138616e+00
  -3.4315241e+00
  -1.5353295e+00
   1.0644925e+00
   1.4710973e-01
  -3.4676266e+00
  -4.6204933e+00
  -2.9446751e+00
  -1.9969852e+00
   3.2239424e-01
   1.3256359e+00
   1.0345978e+00
  -4.8182616e-01
  -3.5294071e+00
  -4.3275256e+00
  -2.6764075e+00
   7.1657697e-01
   4.1204680e-01
  -2.7866968e-01
  -1.9510970e+00
  -1.5825477e+00
  -2.1673234e-01
  -1.7609080e+00
  -1.4576290e+00
  -1.3079728e+00
  -1.2772342e+00
  -1.3217529e+00
  -1.5361809e+00
  -1.9964947e+00
  -2.7049007e+00
  -3.5019456e+00
  -4.2403617e+00
  -4.8692984e+00
  -5.2213443e+00
  -5.3592885e+00
  -5.2822274e+00
  -4.9551619e+00
  -4.4130196e+00
  -3.6825412e+00
  -1.8549826e+00
  -1.2880346e-01
  -2.8009898e+00
  -4.2925958e+00
  -3.3809572e+00
  -7.3491505e-02
   1.1868464e+00
   8.2404312e-01
   7.3372904e-01
  -3.6432426e-01
  -2.2037246e+00
  -3.3786448e+00
  -2.6574673e+00
   5.4472686e-02
   1.8912970e-01
  -3.1563420e-02
  -1.5108830e+00
  -6.1152087e-01
  -4.4947973e-01
  -1.4664501e+00
  -1.6411813e+00
  -1.8381068e+00
  -1.8467021e+00
  -1.7846431e+00
  -1.8017153e+00
  -1.9963354e+00
  -2.4293523e+00
  -3.0388877e+00
  -3.6638677e+00
  -4.2670093e+00
  -4.7065587e+00
  -5.0567546e+00
  -5.3801708e+00
  -5.5939512e+00
  -5.6688523e+00
  -5.6155510e+00
  -5.0818934e+00
  -2.3992505e+00
  -4.9704509e+00
  -4.7054181e+00
  -3.1599493e+00
   9.5474100e-01
   1.4614204e+00
   8.0624568e-01
   4.0648517e-01
  -4.2859989e-01
  -1.3122178e+00
  -1.9390669e+00
  -1.6035615e+00
  -6.1644721e-01
   3.2693005e-01
   4.4741380e-01
  -2.3252955e-01
   1.9200735e-02
  -3.6611915e-01
  -3.3406901e-01
  -1.9746418e+00
  -2.5053408e+00
  -2.6400316e+00
  -2.6342387e+00
  -2.6126959e+00
  -2.6717017e+00
  -2.9042163e+00
  -3.3759296e+00
  -3.9588449e+00
  -4.5878115e+00
  -5.1027579e+00
  -5.5432768e+00
  -5.9254413e+00
  -6.1893449e+00
  -6.3578396e+00
  -6.4874458e+00
  -6.8136888e+00
  -6.1668167e+00
  -6.6121378e+00
  -5.4924226e+00
  -3.6268926e+00
   7.4446398e-01
   1.6788044e+00
   6.0517663e-01
   3.3346146e-02
  -6.0079110e-01
  -1.0780100e+00
  -1.6526036e+00
  -1.7988647e+00
  -1.1657057e+00
   9.0006328e-01
   1.7708424e+00
   1.0115453e+00
  -4.5434535e-02
  -1.6211981e-01
  -2.9515558e-01
  -2.5805595e+00
  -3.1712959e+00
  -3.4617326e+00
  -3.6314428e+00
  -3.6802881e+00
  -3.7371457e+00
  -3.9065273e+00
  -4.2725005e+00
  -4.8317542e+00
  -5.4951591e+00
  -6.0260134e+00
  -6.3490748e+00
  -6.3527265e+00
  -6.0829797e+00
  -5.9213243e+00
  -6.2595849e+00
  -6.8129649e+00
  -7.5751290e+00
  -7.3834186e+00
  -5.9434276e+00
  -4.4899006e+00
  -3.2812110e-01
   1.6229544e+00
   1.9470920e-01
  -4.3111297e-01
  -7.7768683e-01
  -9.2032599e-01
  -1.7050791e+00
  -3.2213178e+00
  -2.0122242e+00
   8.0418998e-01
   1.2073269e+00
   9.5223689e-01
  -1.2129779e-01
  -6.1647683e-01
  -1.9391341e+00
  -3.2424948e+00
  -3.6634707e+00
  -4.0681944e+00
  -4.3848715e+00
  -4.5160689e+00
  -4.6028433e+00
  -4.7422094e+00
  -4.9870291e+00
  -5.4269586e+00
  -5.9818001e+00
  -6.3594427e+00
  -6.4619842e+00
  -6.1458006e+00
  -5.3734012e+00
  -4.4650540e+00
  -4.7922888e+00
  -5.8935175e+00
  -6.5940118e+00
  -6.5061994e+00
  -5.8382239e+00
  -5.1030312e+00
  -2.5923901e+00
  -3.4634215e-01
  -3.5408032e-01
  -8.5439712e-01
  -9.5181924e-01
  -8.1866980e-01
  -1.7223628e+00
  -3.8893929e+00
  -2.3804142e+00
  -3.0776927e-01
   5.0875604e-01
   6.0651261e-01
  -8.6113811e-03
  -1.0543939e+00
  -2.8256254e+00
  -3.1888783e+00
  -3.7568789e+00
  -4.3038807e+00
  -4.6981163e+00
  -4.8912387e+00
  -4.9722934e+00
  -5.0307846e+00
  -5.1589332e+00
  -5.3990469e+00
  -5.7365351e+00
  -5.9518604e+00
  -5.9298010e+00
  -5.5098372e+00
  -4.4198675e+00
  -2.3282068e+00
  -1.6164697e+00
  -4.2995887e+00
  -5.2532902e+00
  -5.3193779e+00
  -5.2126484e+00
  -5.0996780e+00
  -4.3035784e+00
  -2.5766122e+00
  -1.7449101e+00
  -1.6291189e+00
  -1.3085034e+00
  -1.0792277e+00
  -1.9400783e+00
  -3.7993848e+00
  -2.7291639e+00
  -8.9821756e-01
   1.1596102e+00
   6.1657763e-01
   2.3304877e-01
  -6.5704489e-01
  -1.9186399e+00
  -2.5312569e+00
  -3.3048339e+00
  -3.9548748e+00
  -4.4097853e+00
  -4.6680279e+00
  -4.7414279e+00
  -4.7250972e+00
  -4.7121143e+00
  -4.7444425e+00
  -4.8232007e+00
  -4.9008961e+00
  -4.8615046e+00
  -4.4036326e+00
  -3.0165503e+00
  -1.0577805e-01
  -2.1325549e-01
  -2.8813760e+00
  -3.4413500e+00
  -3.5880291e+00
  -3.8978567e+00
  -4.3335433e+00
  -4.6631436e+00
  -3.3290479e+00
  -3.9840550e+00
  -3.9532449e+00
  -2.6260076e+00
  -2.7811747e+00
  -2.5497892e+00
  -2.9108319e+00
  -2.8653197e+00
  -1.4989909e+00
   1.6065940e-01
   3.9724672e-01
   4.8272455e-01
  -3.7860972e-01
  -8.1909180e-01
  -1.5696919e+00
  -2.1979470e+00
  -2.7904310e+00
  -3.2652745e+00
  -3.5586715e+00
  -3.6622057e+00
  -3.6417539e+00
  -3.5644574e+00
  -3.5157273e+00
  -3.4844494e+00
  -3.4520497e+00
  -3.3997617e+00
  -2.9028075e+00
  -1.2967470e+00
   6.8813032e-01
  -5.5082113e-01
  -1.7834886e+00
  -1.0755119e+00
  -1.3054286e+00
  -1.9461284e+00
  -2.7611990e+00
  -3.6900220e+00
  -3.3413148e+00
  -2.7221725e+00
  -3.8136957e+00
  -4.0576124e+00
  -4.0289526e+00
  -2.6026249e+00
  -7.8725535e-01
  -1.9499019e+00
  -7.3459536e-01
  -7.1878678e-01
  -2.3594606e-01
   3.5127601e-01
  -4.0280238e-01
  -2.1819204e-01
  -3.4133366e-01
  -7.4233752e-01
  -1.1762937e+00
  -1.5969770e+00
  -1.8883194e+00
  -2.0513964e+00
  -2.0954258e+00
  -2.0795522e+00
  -2.0835593e+00
  -2.0898488e+00
  -2.0719526e+00
  -1.9916910e+00
  -1.4342275e+00
   1.8535224e-01
   1.4641336e+00
  -1.4625593e-01
   1.1019424e-02
   1.2423640e+00
   8.0837357e-01
  -5.4368131e-02
  -9.6808654e-01
  -2.1016135e+00
  -2.5547421e+00
  -1.7881635e+00
  -1.2793335e+00
  -1.6415507e+00
  -1.8253803e+00
  -1.6912708e+00
  -4.3274373e-01
  -1.1890600e+00
   1.4832878e-01
  -2.9510146e-01
  -3.4644702e-01
   7.0669979e-02
   4.6431914e-02
   2.0296481e-01
   1.2645059e+00
   1.2030545e+00
   9.6115863e-01
   7.0388389e-01
   4.6386614e-01
   2.5988236e-01
   8.0283523e-02
  -7.0442021e-02
  -2.3062828e-01
  -3.5740492e-01
  -4.4375098e-01
  -3.9359444e-01
   2.3094830e-01
   1.4042352e+00
   1.0950376e+00
   3.5707220e-01
   1.9187181e+00
   3.1866362e+00
   2.7428470e+00
   1.9201421e+00
   1.1035930e+00
   5.4944236e-02
  -5.1953119e-01
  -8.5197115e-01
  -4.1246387e-01
   5.1726782e-01
  -2.9745755e-01
   1.1569023e-02
   4.9956059e-01
   1.4426554e+00
   2.5358157e+00
   1.8137233e+00
   1.4303528e+00
   5.5648202e-01
   3.3204409e-01
   7.5428790e-01
   2.0534155e+00
   2.1997342e+00
   2.2342603e+00
   2.1947606e+00
   2.0705924e+00
   1.8717082e+00
   1.6079901e+00
   1.3411820e+00
   1.0473089e+00
   7.8940934e-01
   5.9841512e-01
   5.8397317e-01
   1.2490819e+00
   2.2191059e+00
   9.8645473e-01
   6.1340308e-01
   1.3129106e+00
   1.9530016e+00
   3.4332318e+00
   2.9926194e+00
   2.3565226e+00
   1.4799904e+00
   5.5773806e-01
   1.3038273e-01
   6.7601466e-01
   4.8149535e-01
   9.0280849e-01
   1.6604359e+00
   1.4247202e+00
   1.5320381e+00
   1.8967129e+00
   1.9193628e+00
   1.5535316e+00
   1.2099257e+00
   7.8125501e-01
   6.6800827e-01
   1.5269001e+00
   2.4045725e+00
   2.8437729e+00
   3.1414998e+00
   3.1872859e+00
   3.0281227e+00
   2.7314198e+00
   2.3919222e+00
   2.0093825e+00
   1.6291714e+00
   1.3269403e+00
   1.2239803e+00
   1.8510878e+00
   2.0873797e+00
   9.4266057e-01
   7.5249666e-01
   7.3024809e-01
   1.1013035e+00
   2.2349296e+00
   3.4699392e+00
   3.1505394e+00
   2.4692316e+00
   1.4620897e+00
   9.1132307e-01
   7.5760001e-01
   1.3105502e+00
   2.2235274e+00
   1.8598837e+00
   1.3191142e+00
   7.9062819e-01
   5.3693378e-01
   9.1422707e-01
   1.1360341e+00
   1.2593689e+00
   7.6518849e-01
   6.3232809e-01
   6.8934274e-01
   1.7730505e+00
   2.8500397e+00
   3.2499120e+00
   3.3211888e+00
   3.2032228e+00
   2.9308841e+00
   2.5709713e+00
   2.2051582e+00
   1.8493342e+00
   1.5613239e+00
   1.4454741e+00
   1.6882464e+00
   9.3233370e-01
   7.7454555e-01
   4.8908061e-01
   4.4968905e-01
   7.6895940e-01
   9.6637738e-01
   1.6999914e+00
   2.1631143e+00
   2.6506889e+00
   2.2228976e+00
   1.6194525e+00
   8.2919174e-01
   8.1960736e-01
   8.9373535e-01
   1.2353809e+00
   1.2742155e+00
   5.1768810e-01
   4.2247537e-01
   8.1432728e-01
   8.3110362e-01
   9.0265203e-01
   4.6874943e-01
   3.1437077e-01
   5.2367139e-01
   1.4141531e+00
   2.1098087e+00
   2.4255125e+00
   2.4966969e+00
   2.4310588e+00
   2.2598338e+00
   2.0307865e+00
   1.8009310e+00
   1.6140439e+00
   1.5225998e+00
   1.5425916e+00
   1.5807337e+00
   6.0564923e-01
   6.5650032e-01
   3.1472718e-01
   3.0035612e-01
   5.3972703e-01
   5.5558645e-01
   5.2834040e-01
   1.1935198e+00
   2.3817799e+00
   2.4413118e+00
   1.7284322e+00
   1.6730453e+00
   8.1264174e-01
   6.1117827e-01
   5.4568844e-01
   4.2968845e-01
   3.1906184e-01
   3.9885343e-01
   4.2249137e-01
   7.1158931e-01
   7.5104943e-01
   3.5412808e-01
   2.6767257e-01
   2.7905899e-01
   7.1827934e-01
   7.3415232e-01
   7.8281897e-01
   8.6331438e-01
   9.5437831e-01
   1.0167860e+00
   1.0198017e+00
   1.0290127e+00
   1.1208082e+00
   1.2960273e+00
   1.4869274e+00
   1.4430346e+00
   3.6952110e-01
   5.3870028e-01
   3.0328825e-01
   3.3789863e-01
   4.7552001e-01
   4.1392821e-01
   5.1038441e-01
   8.2107234e-01
   1.2120880e+00
   1.9582244e+00
   2.0193107e+00
   1.0793102e+00
   4.7757316e-01
   2.9996172e-01
   2.3887883e-01
   2.0033046e-01
   2.9450947e-01
   2.4123242e-01
   3.3593418e-01
   6.3421017e-01
   5.4689574e-01
   6.9073331e-01
   5.0743729e-01
   4.2108941e-01
  -4.7258914e-01
  -9.7905594e-01
  -8.8363582e-01
  -6.7888963e-01
  -5.6986547e-01
  -3.1960663e-01
  -6.3692093e-02
   2.4461885e-01
   6.3636607e-01
   1.0190989e+00
   1.3220694e+00
   7.1660298e-01
   1.0718353e-01
   4.8486960e-01
   2.7682030e-01
   2.6370469e-01
   4.0439928e-01
   2.4062392e-01
   1.7210448e-01
   3.1537303e-01
  -4.1031651e-03
   6.5301463e-02
   2.3622073e-01
   2.5035900e-01
   9.3551405e-02
  -9.9431127e-02
   8.5304165e-03
   8.2603924e-02
   1.4244838e-01
   1.2713616e-01
   1.3998978e-01
   2.5514725e-01
   3.8484943e-01
   2.1934164e-01
  -2.8303761e-02
  -2.3363979e-01
  -1.6904528e-01
  -1.7995754e-01
  -5.5710071e-01
  -8.1870850e-01
  -1.3952837e+00
  -1.1658297e+00
  -8.1144615e-01
  -3.7238917e-01
  -2.1668404e-01
  -7.1158080e-02
  -1.7203425e-01
  -5.5051088e-01
   3.6251398e-01
   2.5329095e-01
   3.4757197e-02
   2.3114604e-01
   7.7257760e-02
  -8.2330324e-02
  -1.9674647e-01
   1.7414731e-01
  -1.6279800e-01
  -3.8102847e-03
   4.1072667e-01
  -4.4815248e-01
  -3.9111613e-01
  -2.0036185e-01
  -1.8917793e-01
  -6.2317725e-02
   2.0821843e-01
   2.0109893e-01
  -1.1954607e-01
   2.4268581e-01
   3.3334038e-01
  -1.8080544e-01
  -6.8045333e-02
   2.6431726e-02
  -4.8967116e-02
  -1.9548300e-01
  -2.7435395e-01
  -7.6707244e-02
  -1.5340886e-01
  -4.9604690e-01
  -6.5233040e-01
  -5.7525671e-01
  -5.3084457e-01
  -3.7025911e-01
  -2.8858101e-01
  -1.4355151e-01
  -2.2245772e-02
  -1.2866898e-01
  -9.0469725e-02
   2.4665343e-02
   4.4299415e-03
  -8.4769458e-02
  -9.4234377e-02
  -3.2695130e-01
  -4.8264119e-01
  -3.1623855e-01
  -2.2535558e-01
  -2.8354099e-01
  -4.1573489e-01
  -3.6659387e-01
  -3.0359408e-01
  -2.3341255e-01
  -3.3414558e-01
  -4.2428330e-01
  -3.6155805e-01
  -2.0286743e-01
  -1.1582853e-01
