  3.397642e-01
  3.221249e-01
  3.106933e-01
  3.000433e-01
  2.932317e-01
  2.806955e-01
  2.685052e-01
  2.539915e-01
  2.395282e-01
  2.321382e-01
  2.296161e-01
  2.279510e-01
  2.249440e-01
  2.212698e-01
  2.254832e-01
  2.330480e-01
  2.349631e-01
  2.328475e-01
  2.356712e-01
  2.461843e-01
  2.443491e-01
  2.356662e-01
  2.282484e-01
  2.169725e-01
  2.160803e-01
  2.197313e-01
  2.219275e-01
  2.268482e-01
  2.400257e-01
  2.574105e-01
  2.788925e-01
  3.023382e-01
  3.179138e-01
  3.239561e-01
  3.300583e-01
  3.266340e-01
