   1.3423613e-02
   6.4914568e-03
   0.0000000e+00
   4.3250513e-03
  -2.0821244e-03
   0.0000000e+00
   0.0000000e+00
   1.3171571e-02
   8.2348086e-03
   7.9329238e-03
   5.2911187e-03
   4.4995355e-03
   5.6862859e-03
   8.7565909e-03
   8.4901967e-03
   9.4793719e-03
   8.6289011e-03
   0.0000000e+00
   6.0877329e-03
   4.9213866e-03
   4.3009816e-03
   6.5127718e-03
   5.0596495e-03
   4.0951062e-04
  -0.0000000e+00
   0.0000000e+00
   0.0000000e+00
   0.0000000e+00
   0.0000000e+00
   0.0000000e+00
   0.0000000e+00
   0.0000000e+00
   0.0000000e+00
   0.0000000e+00
   0.0000000e+00
   0.0000000e+00
   2.4774466e-03
   1.4552029e-03
   3.6293394e-03
   5.0761289e-03
   3.9626762e-03
   6.7357311e-03
   9.4727414e-03
   8.8142026e-03
   5.9938198e-03
   4.7974791e-03
   4.5687100e-03
   4.2435802e-03
   4.3354668e-03
   6.7600552e-03
   7.5742151e-03
   6.6872188e-03
   3.2915415e-03
  -4.0908218e-03
   5.3681023e-03
   2.0297412e-03
  -1.4696416e-04
   1.5175502e-03
   3.0660976e-03
   2.0752620e-03
   1.3831138e-04
  -2.4097634e-03
  -4.4065137e-03
  -3.1661817e-03
  -5.2463522e-04
   3.6679689e-03
   9.6541528e-03
   1.4161523e-02
   1.2634873e-02
   9.8826208e-03
   1.2165636e-02
   8.4421036e-03
  -7.7409822e-03
  -2.3655597e-03
   1.7510256e-03
   2.2624469e-03
   2.5974781e-03
   9.9319535e-03
   4.0979329e-03
   1.4544103e-03
   1.3329750e-03
   2.1313093e-04
  -1.6604303e-03
  -1.7296057e-03
  -1.0766390e-03
   8.7572407e-04
   2.0714707e-03
   2.2844002e-03
   1.2932123e-03
  -2.0744656e-03
  -0.0000000e+00
  -5.5859430e-03
  -5.0338940e-03
  -1.9673121e-03
   3.0042685e-03
   4.1237567e-03
  -2.5509269e-04
  -6.8003861e-03
  -1.1257294e-02
  -1.0190774e-02
  -4.5183883e-03
   2.2765864e-03
   7.9824282e-03
   1.0030184e-02
   9.9259038e-03
   9.4975512e-03
   8.6881649e-03
  -2.5060998e-03
   0.0000000e+00
   0.0000000e+00
   0.0000000e+00
   0.0000000e+00
   0.0000000e+00
   0.0000000e+00
  -1.4782342e-03
  -7.3185196e-03
  -1.0270895e-02
  -9.9166608e-03
  -1.1289372e-02
  -9.9301580e-03
  -7.8871362e-03
  -7.0278351e-03
  -5.9946990e-03
  -4.6186401e-03
  -4.1590994e-03
  -8.6385440e-03
  -2.0057487e-02
  -4.8470375e-03
  -6.1473469e-03
  -3.7240721e-03
   2.5713684e-03
   2.5752720e-03
  -5.7772007e-03
  -1.4987871e-02
  -1.9541677e-02
  -1.5882060e-02
  -8.2910415e-03
  -8.2930067e-04
   4.4330498e-03
   3.8601160e-03
   2.6866514e-03
   1.3285567e-03
  -1.6687843e-03
  -1.4874600e-02
   0.0000000e+00
   0.0000000e+00
   0.0000000e+00
   0.0000000e+00
   0.0000000e+00
   2.2587405e-03
  -6.7973249e-03
  -1.2746927e-02
  -1.3140909e-02
  -1.6018966e-02
  -1.7269442e-02
  -1.5230704e-02
  -1.3311971e-02
  -1.2791215e-02
  -1.1261554e-02
  -9.8360600e-03
  -9.5932111e-03
  -1.3944846e-02
  -1.9315631e-02
  -0.0000000e+00
  -6.4483277e-03
  -3.0827047e-03
   1.4285367e-03
  -1.8769379e-03
  -1.2165716e-02
  -2.2208054e-02
  -2.4227683e-02
  -1.3482761e-02
  -7.5296517e-03
  -1.5433430e-03
   1.1830206e-03
  -1.7587428e-03
  -4.6979231e-03
  -7.3465076e-03
  -7.7643720e-03
  -1.1082791e-02
   9.2374610e-04
   0.0000000e+00
   0.0000000e+00
   0.0000000e+00
   0.0000000e+00
  -1.2420092e-04
  -9.8710597e-03
  -1.5531573e-02
  -1.6041494e-02
  -1.8149418e-02
  -1.8127894e-02
  -1.6047624e-02
  -1.4428365e-02
  -1.3405697e-02
  -1.2184258e-02
  -1.1880118e-02
  -1.1870410e-02
  -1.3120560e-02
  -8.2504206e-03
  -6.1847429e-03
  -0.0000000e+00
  -2.3714145e-03
  -7.3824168e-04
  -6.6178701e-03
  -1.5520701e-02
  -2.0982285e-02
  -2.4794896e-02
  -5.1003619e-03
  -4.9163179e-03
  -7.2621652e-04
   1.7053942e-03
  -3.8356150e-03
  -1.0016555e-02
  -1.2133540e-02
  -9.9008831e-03
  -3.8933226e-03
   3.9386641e-03
   0.0000000e+00
  -0.0000000e+00
   3.4919229e-03
   3.0768483e-03
  -2.6699561e-03
  -1.3314485e-02
  -1.7129516e-02
  -1.7139696e-02
  -1.6550923e-02
  -1.5298149e-02
  -1.2891012e-02
  -1.1702996e-02
  -1.0940027e-02
  -1.0775544e-02
  -1.1249994e-02
  -1.1088436e-02
  -7.7364678e-03
   4.0374217e-03
   1.9071689e-03
   0.0000000e+00
  -3.8164188e-03
  -3.9430456e-03
  -9.5352093e-03
  -1.2965880e-02
  -6.0088001e-03
   0.0000000e+00
  -0.0000000e+00
  -4.5192438e-03
   1.6750220e-03
   6.0457541e-03
  -4.1859881e-03
  -1.2314335e-02
  -1.3027537e-02
  -9.1402624e-03
  -2.2845310e-03
   8.4159153e-03
   7.9058188e-03
  -2.8648897e-03
   3.7861513e-03
   3.4102337e-04
  -8.8617289e-03
  -1.4165232e-02
  -1.4946896e-02
  -1.3167998e-02
  -1.0861085e-02
  -8.9211053e-03
  -7.1971859e-03
  -6.8967333e-03
  -7.0799939e-03
  -7.7222753e-03
  -8.6971121e-03
  -7.1498529e-03
  -3.3887237e-04
   2.4407625e-02
   3.4573745e-02
   0.0000000e+00
  -0.0000000e+00
  -9.4461448e-03
  -1.0099618e-02
  -2.9701018e-03
   1.4933918e-02
   0.0000000e+00
   0.0000000e+00
  -2.3162449e-03
   6.3937179e-03
   4.4792374e-03
  -7.0905435e-03
  -1.2277598e-02
  -1.0002854e-02
  -4.7331391e-03
   1.6561358e-03
   1.0920520e-02
   1.0720396e-02
   5.3894398e-03
   0.0000000e+00
  -1.3169481e-03
  -6.7290184e-03
  -9.0661766e-03
  -8.7764738e-03
  -6.4659249e-03
  -4.3856716e-03
  -2.9333232e-03
  -2.3365545e-03
  -2.8741304e-03
  -3.4500880e-03
  -4.6735713e-03
  -5.6350548e-03
  -2.8257582e-03
   6.2632081e-03
   3.8170695e-02
   5.4549612e-02
   0.0000000e+00
  -0.0000000e+00
  -1.6451625e-02
  -9.9140955e-03
   8.6350758e-03
   3.3129320e-02
   0.0000000e+00
   0.0000000e+00
  -0.0000000e+00
   4.6814476e-03
   1.1447101e-03
  -6.7406511e-03
  -8.8528460e-03
  -4.8175850e-03
   8.2913029e-04
   6.2598553e-03
   1.5041308e-02
   1.6885912e-02
   1.4760726e-02
   3.2918713e-03
   1.8029719e-03
   5.6707580e-04
  -4.5549427e-04
   7.9370882e-05
   1.8067055e-03
   2.8256983e-03
   3.1514934e-03
   2.5115246e-03
   1.5674186e-03
   6.4559357e-04
  -1.3513791e-03
  -1.5863318e-03
   2.9092042e-03
   1.4830614e-02
   4.3047708e-02
   2.8279699e-02
   0.0000000e+00
   0.0000000e+00
  -2.4307642e-02
  -8.5710771e-03
   2.4842652e-02
   5.4617748e-02
   0.0000000e+00
   0.0000000e+00
   0.0000000e+00
   0.0000000e+00
   3.2160524e-03
  -2.4312437e-03
  -3.4108262e-03
   2.5463321e-03
   7.9239616e-03
   1.2046542e-02
   1.9370988e-02
   2.0994673e-02
   1.5452014e-02
   7.3685078e-03
   6.4361924e-03
   5.3190114e-03
   5.3044809e-03
   5.7099597e-03
   6.8613878e-03
   7.2625941e-03
   6.7756274e-03
   5.5438993e-03
   4.2269472e-03
   2.6378068e-03
   5.9675396e-04
   1.5799124e-03
   8.0457246e-03
   2.2213656e-02
   4.5297120e-02
   3.2906473e-02
   0.0000000e+00
   0.0000000e+00
  -0.0000000e+00
  -4.3774848e-03
   3.7481833e-02
   6.7677967e-02
   0.0000000e+00
   0.0000000e+00
  -0.0000000e+00
  -1.2439828e-02
   8.3389450e-03
  -5.2017678e-04
  -5.4892316e-04
   7.9080574e-03
   1.3077912e-02
   1.6782118e-02
   2.3275865e-02
   2.3611005e-02
   1.7061923e-02
   1.0215294e-02
   9.6965777e-03
   9.0455152e-03
   9.7821876e-03
   9.9587003e-03
   1.0716279e-02
   1.0316131e-02
   9.0938667e-03
   6.9562178e-03
   4.8179897e-03
   2.7892985e-03
   2.2046561e-03
   5.8578299e-03
   1.5109791e-02
   3.1942502e-02
   4.7625825e-02
   3.2458603e-02
   0.0000000e+00
   0.0000000e+00
  -0.0000000e+00
   5.0048907e-03
   4.5342874e-02
   5.8253475e-02
   0.0000000e+00
   0.0000000e+00
  -0.0000000e+00
   1.1855574e-03
   1.3398987e-02
   2.2302398e-03
   1.4173444e-03
   1.2554099e-02
   1.7480502e-02
   2.1118522e-02
   2.3747142e-02
   2.1788657e-02
   1.5690742e-02
   1.1430882e-02
   1.0783225e-02
   1.1253004e-02
   1.2130961e-02
   1.2046216e-02
   1.1887684e-02
   1.0557772e-02
   8.4711155e-03
   5.5120164e-03
   3.2487817e-03
   2.5499312e-03
   4.7225943e-03
   1.1461289e-02
   2.3121808e-02
   4.1718606e-02
   6.0915505e-02
   0.0000000e+00
   0.0000000e+00
   0.0000000e+00
  -0.0000000e+00
   1.6404259e-02
   4.6720121e-02
   3.9080633e-02
   0.0000000e+00
   0.0000000e+00
  -0.0000000e+00
   4.9066776e-03
   1.9940400e-02
   2.5764048e-02
   6.3254783e-03
   1.4786744e-02
   2.0191748e-02
   2.3291647e-02
   2.1181859e-02
   1.7731208e-02
   1.3837323e-02
   1.0894929e-02
   1.0602262e-02
   1.1556651e-02
   1.1834916e-02
   1.1207944e-02
   9.9898558e-03
   8.2770120e-03
   6.1663138e-03
   4.0377607e-03
   3.5798107e-03
   4.9907719e-03
   9.2192022e-03
   1.7313281e-02
   2.8674105e-02
   4.4535719e-02
   4.5341507e-02
   0.0000000e+00
   0.0000000e+00
   0.0000000e+00
   0.0000000e+00
   0.0000000e+00
   4.6293180e-02
   4.2228654e-02
   0.0000000e+00
   0.0000000e+00
   0.0000000e+00
   6.9222357e-03
   2.0696932e-02
   2.4378786e-02
   0.0000000e+00
   1.6467670e-02
   2.1512799e-02
   2.3307817e-02
   1.6318155e-02
   1.2692346e-02
   1.0995284e-02
   8.6624948e-03
   8.6797401e-03
   8.9446548e-03
   8.3155539e-03
   7.2672507e-03
   5.8617229e-03
   4.6684435e-03
   4.0363930e-03
   4.8183431e-03
   7.5372676e-03
   1.0950290e-02
   1.5850065e-02
   2.2465883e-02
   2.9143600e-02
   3.4372784e-02
   2.9295411e-02
   0.0000000e+00
   0.0000000e+00
   0.0000000e+00
   0.0000000e+00
   0.0000000e+00
   4.2643234e-02
   3.9316550e-02
   0.0000000e+00
   0.0000000e+00
   0.0000000e+00
   7.1163893e-03
   1.5931172e-02
   1.4179450e-02
   0.0000000e+00
   0.0000000e+00
   2.0789348e-02
   2.0648841e-02
   1.0903593e-02
   7.0101628e-03
   7.2630821e-03
   5.5537103e-03
   5.0917347e-03
   4.5172907e-03
   3.3018386e-03
   2.0071880e-03
   8.0198370e-04
   3.6373019e-04
   1.0839117e-03
   3.7737121e-03
   8.3173318e-03
   1.2766524e-02
   1.6995622e-02
   2.0919919e-02
   2.2716336e-02
   1.9662362e-02
   1.0525551e-02
   0.0000000e+00
   0.0000000e+00
   0.0000000e+00
   0.0000000e+00
   0.0000000e+00
   3.3199221e-02
   2.8576454e-02
   0.0000000e+00
   0.0000000e+00
   0.0000000e+00
   0.0000000e+00
   7.9565756e-03
   1.4126941e-02
   0.0000000e+00
   0.0000000e+00
   1.7111417e-02
   1.5812565e-02
   6.2114066e-03
   1.1299399e-03
   2.9347376e-03
   2.0896867e-03
   1.2911812e-03
   4.6749506e-04
  -1.1460002e-03
  -2.9118550e-03
  -4.4980440e-03
  -5.1828348e-03
  -4.7076298e-03
  -2.5547615e-03
   7.8713003e-04
   3.6335604e-03
   5.7019345e-03
   6.9458671e-03
   6.8227625e-03
   4.1962359e-03
   8.9484694e-04
   0.0000000e+00
   0.0000000e+00
   0.0000000e+00
   0.0000000e+00
   2.9512506e-02
   2.3695666e-02
   2.3107208e-02
   0.0000000e+00
   0.0000000e+00
   0.0000000e+00
  -0.0000000e+00
  -1.4905719e-04
   4.8684152e-03
   0.0000000e+00
   0.0000000e+00
   1.3944517e-02
   9.1659836e-03
   4.4478731e-03
  -3.0173157e-03
  -1.2125083e-03
  -1.0376013e-03
  -1.2679775e-03
  -1.0339452e-03
  -1.5825246e-03
  -2.5648271e-03
  -3.7128788e-03
  -4.4061620e-03
  -4.4681089e-03
  -3.6685320e-03
  -2.4908704e-03
  -2.1000453e-03
  -2.9561907e-03
  -5.2464910e-03
  -8.5781961e-03
  -1.1244116e-02
  -7.5780389e-03
   0.0000000e+00
   0.0000000e+00
   0.0000000e+00
   6.2583427e-03
   2.2529344e-02
   2.0898081e-02
   0.0000000e+00
   0.0000000e+00
   0.0000000e+00
   0.0000000e+00
   0.0000000e+00
  -7.8140870e-03
  -4.8175206e-03
   0.0000000e+00
   0.0000000e+00
   1.4946874e-02
   6.5224214e-03
   1.0754393e-03
  -4.8817809e-03
  -3.5941187e-03
  -2.8120565e-03
  -2.4275695e-03
  -6.4080766e-04
   1.3393248e-03
   3.0207453e-03
   4.1015441e-03
   4.9370344e-03
   5.5738476e-03
   5.8707104e-03
   5.5334701e-03
   3.7927912e-03
  -3.5495060e-05
  -6.1864929e-03
  -1.3087877e-02
  -2.0953543e-02
  -1.8837947e-02
   0.0000000e+00
   0.0000000e+00
  -0.0000000e+00
  -1.3481715e-03
   1.2803848e-02
   0.0000000e+00
   0.0000000e+00
   0.0000000e+00
   0.0000000e+00
   0.0000000e+00
   0.0000000e+00
  -1.0074852e-02
  -1.4169039e-02
   0.0000000e+00
   0.0000000e+00
   2.0425280e-02
   1.0956637e-02
  -5.4465211e-04
  -4.5374055e-03
  -8.3481269e-03
  -8.6643416e-03
  -8.3304495e-03
  -6.0992227e-03
  -2.9553240e-03
   3.2375712e-05
   1.8552535e-03
   2.5453460e-03
   2.7502836e-03
   2.2444210e-03
   9.3842781e-04
  -1.3743022e-03
  -5.4037319e-03
  -1.1461069e-02
  -1.7903663e-02
  -2.6393535e-02
  -3.5324062e-02
   0.0000000e+00
   0.0000000e+00
  -3.0409355e-02
  -1.5190962e-02
  -3.6300402e-03
   0.0000000e+00
   0.0000000e+00
   0.0000000e+00
   0.0000000e+00
   0.0000000e+00
   0.0000000e+00
  -0.0000000e+00
  -1.7444677e-02
  -8.4451734e-03
  -2.5928752e-03
   2.3858998e-02
   2.2281697e-02
  -0.0000000e+00
  -0.0000000e+00
  -1.1907697e-02
  -1.5006477e-02
  -1.6336752e-02
  -1.5187794e-02
  -1.2488894e-02
  -9.1517139e-03
  -7.0238160e-03
  -7.1673691e-03
  -8.1887832e-03
  -9.9955332e-03
  -1.2053482e-02
  -1.3564308e-02
  -1.4278535e-02
  -1.5110239e-02
  -1.8164653e-02
  -2.6038345e-02
  -3.6429057e-02
  -3.3095550e-02
  -0.0000000e+00
  -3.6718745e-02
  -3.0848386e-02
  -2.0850606e-02
   0.0000000e+00
   0.0000000e+00
   0.0000000e+00
   0.0000000e+00
   0.0000000e+00
   0.0000000e+00
  -0.0000000e+00
  -1.9910198e-02
  -7.2163837e-03
  -3.8166097e-04
   0.0000000e+00
   0.0000000e+00
  -0.0000000e+00
  -0.0000000e+00
  -1.3288290e-02
  -1.7826006e-02
  -2.1659557e-02
  -2.3160426e-02
  -2.2000222e-02
  -1.9052090e-02
  -1.6111447e-02
  -1.5433355e-02
  -1.6515700e-02
  -1.9103803e-02
  -2.2519197e-02
  -2.4403051e-02
  -2.2627072e-02
  -1.6219759e-02
  -1.3174647e-02
  -1.9436279e-02
  -2.4275394e-02
  -2.0998945e-02
  -2.1444147e-02
  -3.8068891e-02
  -4.7766015e-02
  -3.6086445e-02
   0.0000000e+00
   0.0000000e+00
   0.0000000e+00
   0.0000000e+00
   0.0000000e+00
  -0.0000000e+00
  -2.8164862e-02
  -2.5088770e-02
  -1.3669506e-02
   1.9941202e-03
   0.0000000e+00
   0.0000000e+00
   0.0000000e+00
  -1.6101808e-03
  -1.2596915e-02
  -1.6675923e-02
  -2.1548690e-02
  -2.5410214e-02
  -2.5994349e-02
  -2.4312638e-02
  -2.1166831e-02
  -1.8762041e-02
  -1.8738793e-02
  -2.1097722e-02
  -2.4728527e-02
  -2.7440589e-02
  -2.7010035e-02
  -1.8820120e-02
  -7.5134949e-03
  -1.2078843e-02
  -1.3001400e-02
  -1.2703519e-02
  -1.7381145e-02
  -3.2624222e-02
  -5.6471102e-02
  -7.0469104e-02
   0.0000000e+00
   0.0000000e+00
   0.0000000e+00
   0.0000000e+00
   0.0000000e+00
  -0.0000000e+00
  -3.3055667e-02
  -3.0506432e-02
   0.0000000e+00
   0.0000000e+00
   0.0000000e+00
   0.0000000e+00
   0.0000000e+00
   4.4284840e-03
  -8.8179959e-03
  -1.3666322e-02
  -1.8606177e-02
  -2.3492254e-02
  -2.5548769e-02
  -2.4837902e-02
  -2.2100411e-02
  -1.8409219e-02
  -1.6254446e-02
  -1.7110750e-02
  -1.9613409e-02
  -2.2472715e-02
  -2.4596605e-02
  -2.1230426e-02
  -6.7579654e-03
  -9.8510743e-03
  -5.7183774e-03
  -7.4792798e-03
  -1.2194611e-02
  -2.5245361e-02
  -5.1069658e-02
  -7.5503290e-02
   0.0000000e+00
   0.0000000e+00
   0.0000000e+00
   0.0000000e+00
   0.0000000e+00
  -0.0000000e+00
  -3.2423776e-02
  -3.7828508e-02
  -2.9668629e-02
   0.0000000e+00
   0.0000000e+00
   0.0000000e+00
   0.0000000e+00
   1.0240526e-02
  -3.0627924e-03
  -9.0343235e-03
  -1.3893756e-02
  -1.9051485e-02
  -2.2350371e-02
  -2.2426713e-02
  -2.0334370e-02
  -1.6364265e-02
  -1.2530290e-02
  -1.1258795e-02
  -1.2878919e-02
  -1.6083332e-02
  -2.0448877e-02
  -2.2948191e-02
  -1.4977659e-02
   0.0000000e+00
   1.5751613e-05
  -3.6324877e-03
  -6.9980812e-03
  -1.7266775e-02
  -3.7209783e-02
  -6.1818167e-02
   0.0000000e+00
   0.0000000e+00
   0.0000000e+00
  -0.0000000e+00
  -2.6547572e-02
  -3.1556956e-03
  -2.4371969e-02
  -3.2048289e-02
  -3.0869166e-02
   0.0000000e+00
   0.0000000e+00
   0.0000000e+00
   0.0000000e+00
   1.4238714e-02
   3.1393843e-03
  -3.0139375e-03
  -7.7089746e-03
  -1.2626707e-02
  -1.6578045e-02
  -1.7381351e-02
  -1.5909627e-02
  -1.2416970e-02
  -8.7058209e-03
  -6.6672014e-03
  -7.5348783e-03
  -1.1382842e-02
  -1.8086143e-02
  -2.3400011e-02
  -1.8742500e-02
   0.0000000e+00
   4.2581754e-03
   1.3972499e-04
  -1.6891287e-03
  -9.1499956e-03
  -2.4070943e-02
  -4.7061186e-02
  -4.9361266e-02
   0.0000000e+00
  -0.0000000e+00
  -1.9134238e-02
  -2.3613052e-02
   2.1576748e-04
   0.0000000e+00
  -2.6603593e-02
   0.0000000e+00
   0.0000000e+00
   0.0000000e+00
   0.0000000e+00
   0.0000000e+00
   1.8119535e-02
   1.0193182e-02
   4.0936954e-03
  -5.3433853e-04
  -5.4492685e-03
  -9.5672905e-03
  -1.1017606e-02
  -1.0110470e-02
  -7.3403870e-03
  -4.3291207e-03
  -2.9860956e-03
  -3.6780550e-03
  -8.4361676e-03
  -1.7560326e-02
  -2.5911211e-02
  -1.5105032e-02
   0.0000000e+00
   4.7389283e-03
   4.3948316e-03
   4.3963934e-03
  -2.0377277e-03
  -1.3222542e-02
  -3.2577690e-02
  -4.2695274e-02
   0.0000000e+00
  -0.0000000e+00
  -1.2624309e-02
  -1.2150916e-02
  -1.2289161e-03
  -0.0000000e+00
  -1.6494057e-02
   0.0000000e+00
   0.0000000e+00
   0.0000000e+00
   0.0000000e+00
   0.0000000e+00
   1.2981773e-02
   1.7432094e-02
   1.4692994e-02
   1.0618099e-02
   5.3798109e-03
   1.0407779e-03
  -1.1204807e-03
  -1.0016155e-03
   7.1615743e-04
   2.7309253e-03
   2.9332882e-03
   1.4680725e-03
  -5.4730587e-03
  -1.7732449e-02
  -2.7601153e-02
   0.0000000e+00
   0.0000000e+00
   6.2589203e-03
   9.7337868e-03
   1.3211526e-02
   7.1979431e-03
  -1.1238125e-03
  -1.6749114e-02
  -2.6097044e-02
  -1.5328324e-03
  -1.1441722e-03
   0.0000000e+00
  -8.0799248e-03
  -6.1219549e-03
  -7.5614686e-03
  -8.2510981e-03
   0.0000000e+00
   0.0000000e+00
   0.0000000e+00
   0.0000000e+00
  -0.0000000e+00
   5.5007581e-03
   1.3709622e-02
   1.6365711e-02
   1.5612262e-02
   1.2304454e-02
   9.0733981e-03
   7.2974153e-03
   7.0906533e-03
   8.0518918e-03
   9.0233608e-03
   8.5146353e-03
   5.8450485e-03
  -3.9267740e-03
  -1.9154541e-02
  -2.1208992e-02
   0.0000000e+00
   0.0000000e+00
   0.0000000e+00
   0.0000000e+00
   1.8008161e-02
   1.4689351e-02
   8.2891844e-03
  -5.1499023e-03
  -1.5650438e-02
  -0.0000000e+00
  -0.0000000e+00
  -0.0000000e+00
  -5.5245328e-03
  -3.3829180e-03
  -4.2139689e-03
  -0.0000000e+00
   0.0000000e+00
   0.0000000e+00
   0.0000000e+00
   0.0000000e+00
  -0.0000000e+00
  -2.4635826e-03
   3.5431940e-03
   7.8149214e-03
   1.2646512e-02
   1.5230035e-02
   1.5301200e-02
   1.5017536e-02
   1.4958467e-02
   1.5899166e-02
   1.5826525e-02
   1.4344356e-02
   9.7299721e-03
  -3.9438540e-03
  -2.2014489e-02
   0.0000000e+00
   0.0000000e+00
   0.0000000e+00
   0.0000000e+00
   0.0000000e+00
   1.6551493e-02
   1.8888280e-02
   1.7149083e-02
   7.8952182e-03
   1.9105449e-03
  -1.5223695e-03
   0.0000000e+00
  -0.0000000e+00
  -3.3807452e-03
   3.3299767e-04
   0.0000000e+00
   0.0000000e+00
   0.0000000e+00
   0.0000000e+00
   0.0000000e+00
   0.0000000e+00
   0.0000000e+00
   0.0000000e+00
   0.0000000e+00
  -6.5045460e-06
   9.2398470e-03
   1.5310747e-02
   1.7797019e-02
   1.8832012e-02
   1.9082554e-02
   1.9713914e-02
   1.9801962e-02
   1.7665304e-02
   1.1492632e-02
  -4.5337869e-03
  -2.3635977e-02
   0.0000000e+00
   0.0000000e+00
   0.0000000e+00
   0.0000000e+00
   0.0000000e+00
   0.0000000e+00
   1.8196182e-02
   1.8270685e-02
   1.4796878e-02
   8.3665052e-03
   2.7178082e-03
   0.0000000e+00
   0.0000000e+00
  -0.0000000e+00
   0.0000000e+00
   0.0000000e+00
   0.0000000e+00
   0.0000000e+00
   0.0000000e+00
   0.0000000e+00
   0.0000000e+00
   0.0000000e+00
   0.0000000e+00
   0.0000000e+00
  -1.1843722e-02
   2.5458543e-03
   1.1173561e-02
   1.5592404e-02
   1.7996907e-02
   1.9320111e-02
   1.9948596e-02
   2.0294424e-02
   1.8336596e-02
   1.1757255e-02
  -3.7428602e-03
  -1.4456332e-02
   0.0000000e+00
   0.0000000e+00
   0.0000000e+00
   0.0000000e+00
   0.0000000e+00
   0.0000000e+00
   0.0000000e+00
   8.9988639e-03
   1.4611628e-02
   1.3433473e-02
   7.8360068e-03
   0.0000000e+00
   0.0000000e+00
   0.0000000e+00
   0.0000000e+00
   0.0000000e+00
   0.0000000e+00
   0.0000000e+00
   0.0000000e+00
   0.0000000e+00
   0.0000000e+00
   0.0000000e+00
   0.0000000e+00
  -0.0000000e+00
  -1.9566119e-02
  -7.5460304e-03
   1.7011315e-03
   7.9558771e-03
   1.1809169e-02
   1.4762325e-02
   1.6611248e-02
   1.6955146e-02
   1.5042069e-02
   9.3648545e-03
  -2.3236206e-03
  -7.6008744e-03
   0.0000000e+00
   0.0000000e+00
   0.0000000e+00
   0.0000000e+00
   0.0000000e+00
   0.0000000e+00
  -0.0000000e+00
  -2.8787780e-03
   8.1815968e-03
   1.2607892e-02
   1.0570500e-02
   0.0000000e+00
   0.0000000e+00
   0.0000000e+00
   0.0000000e+00
   0.0000000e+00
   0.0000000e+00
   0.0000000e+00
   0.0000000e+00
   0.0000000e+00
   0.0000000e+00
   0.0000000e+00
   0.0000000e+00
  -0.0000000e+00
  -2.2893270e-02
  -1.8145931e-02
  -9.3180796e-03
  -6.4528151e-03
   3.5214132e-05
   5.2796961e-03
   8.8692959e-03
   9.0494212e-03
   8.3774412e-03
   5.5401810e-03
   2.4844727e-03
   6.4723817e-03
   0.0000000e+00
   0.0000000e+00
   0.0000000e+00
   0.0000000e+00
   0.0000000e+00
   0.0000000e+00
  -0.0000000e+00
  -0.0000000e+00
   0.0000000e+00
   0.0000000e+00
   6.3509310e-03
   1.6508990e-02
   0.0000000e+00
  -0.0000000e+00
  -0.0000000e+00
   0.0000000e+00
   0.0000000e+00
   0.0000000e+00
   0.0000000e+00
   0.0000000e+00
   0.0000000e+00
   0.0000000e+00
   0.0000000e+00
   0.0000000e+00
   0.0000000e+00
  -0.0000000e+00
   0.0000000e+00
  -2.4285543e-02
  -1.7337909e-02
  -1.1092789e-02
  -2.3059050e-03
   1.4748358e-03
   3.3634723e-03
   0.0000000e+00
   0.0000000e+00
   0.0000000e+00
   0.0000000e+00
   0.0000000e+00
   0.0000000e+00
   0.0000000e+00
   0.0000000e+00
   0.0000000e+00
   0.0000000e+00
  -0.0000000e+00
   0.0000000e+00
   0.0000000e+00
  -0.0000000e+00
   1.5721891e-03
   4.3651661e-03
   1.8107889e-03
   1.1257513e-03
   7.3162019e-04
  -1.7987683e-03
   4.4598895e-03
   0.0000000e+00
   0.0000000e+00
   0.0000000e+00
  -8.1517927e-05
  -2.0163765e-03
  -2.5705418e-03
  -0.0000000e+00
  -0.0000000e+00
  -0.0000000e+00
  -0.0000000e+00
  -0.0000000e+00
  -1.4218023e-02
  -4.1649857e-03
  -0.0000000e+00
  -0.0000000e+00
   0.0000000e+00
   0.0000000e+00
   0.0000000e+00
   0.0000000e+00
   0.0000000e+00
   0.0000000e+00
   0.0000000e+00
   0.0000000e+00
  -0.0000000e+00
  -0.0000000e+00
  -0.0000000e+00
  -0.0000000e+00
  -0.0000000e+00
   9.5265238e-04
   2.5679739e-03
   3.0253449e-03
   2.5253296e-03
   8.8400502e-04
  -1.2155483e-03
  -1.0075175e-04
   1.9736977e-03
   2.1304388e-03
   2.3674089e-03
   1.7702944e-03
