   4.2447222e-01   4.3322948e-01   4.3145797e-01   3.8211875e-01   3.8859886e-01   5.5330040e-01   4.9277706e-01   7.3473516e-01   1.6370887e+00   1.2078620e+00   5.8835808e-01   6.4333085e-01   5.2314786e-01   3.5780138e-01   3.8026428e-01   3.6916663e-01   2.2672415e-01   1.6712089e-01   3.8970558e-01   5.2921771e-01   4.9320815e-01   4.6018172e-01   5.4518605e-01   5.3980150e-01   3.7366741e-01   5.0862538e-01   5.2715014e-01   4.8466234e-01   4.0487509e-01   4.2053791e-01   5.2010643e-01   6.2389271e-01   6.0358624e-01   5.8603333e-01   5.0187995e-01   3.6733499e-01
   3.5919212e-01   5.7439363e-01   6.4017981e-01   1.0990070e+00   1.3019097e+00   7.8837954e-01   1.9383930e+00   1.7427615e+00   1.3511255e+00   9.1656746e-01   3.5303571e-01   3.5362077e-01   4.3594762e-01   5.8233191e-01   8.6355180e-01   4.9347553e-01   3.8414720e-01   2.5999150e-01   6.2698649e-01   6.9095665e-01   5.7259947e-01   4.0366862e-01   5.1751339e-01   3.4599901e-01   7.2108689e-01   8.4753472e-01   1.0236072e+00   1.0825083e+00   4.5761570e-01   3.6867406e-01   3.9392499e-01   5.5853453e-01   7.4745980e-01   5.1417869e-01   3.7989506e-01   3.5546720e-01
   7.7865541e-01   7.5807136e-01   1.1048703e+00   1.8082570e+00   1.6915157e+00   1.2535457e+00   8.3202078e-01   6.9379437e-01   5.7579190e-01   5.9106737e-01   6.7340612e-01   8.8893390e-01   1.1522361e+00   1.3723302e+00   1.2742682e+00   4.6555477e-01   5.4082477e-01   5.5047387e-01   5.8229071e-01   6.7188287e-01   3.1240273e-01   2.6406738e-01   6.7073896e-01   4.9982768e-01   9.6222931e-01   7.3888833e-01   6.9855864e-01   2.9025710e-01   1.6301489e-01   1.4391085e-01   1.2949961e-01   2.8540796e-01   1.7846210e-01   2.1177630e-01   3.2871810e-01   4.3166515e-01
   5.6397382e-01   6.8170685e-01   6.4673758e-01   1.4557268e+00   1.2168602e+00   9.8498392e-01   9.3365240e-01   1.1103158e+00   1.2716019e+00   1.3778013e+00   1.4260837e+00   1.4839901e+00   1.5321113e+00   1.5293796e+00   1.7921275e+00   4.6228768e-01   6.1489272e-01   5.5997437e-01   5.6767044e-01   6.3722879e-01   4.6931022e-01   6.0590080e-01   9.7362782e-01   2.2052293e+00   2.1489132e+00   2.1015277e+00   2.9539300e+00   5.1324192e-01   3.4179199e-01   2.5748307e-01   2.2518852e-01   3.2276314e-01   2.7100703e-01   3.8626262e-01   7.0690405e-01   6.4170057e-01
   5.5487537e-01   5.0582528e-01   5.5786150e-01   1.7950194e+00   2.1432006e+00   2.4548370e+00   2.5962391e+00   2.5978281e+00   2.4712986e+00   2.2945111e+00   2.1161539e+00   1.9492812e+00   1.7670898e+00   1.5912995e+00   1.9690744e+00   7.1359950e-01   7.3717031e-01   5.0383258e-01   5.5695397e-01   6.2962733e-01   5.9905522e-01   6.2736976e-01   2.1123853e+00   2.5792288e+00   2.5690503e+00   2.4513422e+00   2.5609110e+00   8.4906912e-01   6.4747588e-01   5.6437051e-01   4.4717494e-01   3.3210640e-01   4.6268467e-01   5.0354481e-01   7.3200014e-01   7.9986926e-01
   8.4573303e-01   7.7544832e-01   7.3282993e-01   2.3201974e+00   2.8752646e+00   3.3271923e+00   3.4555420e+00   3.3584402e+00   3.0951939e+00   2.7595664e+00   2.4410076e+00   2.1058466e+00   1.7620216e+00   1.4844027e+00   2.2829988e+00   9.4159352e-01   8.0855143e-01   5.3264356e-01   5.2008629e-01   8.0543697e-01   1.0746211e+00   3.8926624e+00   3.2029876e+00   2.8798931e+00   2.3010049e+00   1.9842004e+00   8.5269141e-01   8.4779374e-01   9.4677579e-01   1.1799466e+00   1.2319466e+00   5.2724022e-01   4.5996967e-01   8.7180959e-01   8.6532176e-01   9.4442594e-01
   8.8182700e-01   6.6338442e-01   2.3753195e+00   2.5092908e+00   2.9173546e+00   3.2596347e+00   3.3239121e+00   3.1499646e+00   2.8407850e+00   2.5118160e+00   2.1658056e+00   1.8026009e+00   1.4714695e+00   1.2564279e+00   2.3391447e+00   3.3754418e+00   9.8794812e-01   7.8873020e-01   8.9697915e-01   1.2146761e+00   3.8130858e+00   3.8150484e+00   3.4295902e+00   2.6203015e+00   1.6179912e+00   1.6751159e+00   7.8924114e-01   1.2649084e+00   2.6647341e+00   2.9556580e+00   2.3048462e+00   7.9560584e-01   6.1186832e-01   1.0070153e+00   1.1959096e+00   1.3472532e+00
   5.0846027e-01   1.2147813e+00   2.2470301e+00   2.4174261e+00   2.4485917e+00   2.3816965e+00   2.1887266e+00   1.9347825e+00   1.6470295e+00   1.3813536e+00   1.1177781e+00   9.0115368e-01   7.1517036e-01   6.4265442e-01   1.7899311e+00   3.2700025e+00   1.0291216e+00   8.6311245e-01   1.8580395e+00   1.8096354e+00   3.7767430e+00   3.2744485e+00   2.5360415e+00   1.5778465e+00   1.6163728e+00   4.5256597e-01   7.0072075e-01   5.1371849e-01   1.2575437e+00   1.8679145e+00   1.7226333e+00   1.4356917e+00   1.7879816e+00   2.0334244e+00   1.5919105e+00   1.2405689e+00
   2.7485836e-01   1.3164053e+00   1.7856258e+00   1.6496650e+00   1.3391755e+00   9.6864176e-01   5.9252137e-01   5.4129761e-01   5.9612584e-01   5.7966357e-01   5.5844140e-01   5.7080650e-01   5.8104467e-01   5.8950669e-01   1.3529274e+00   2.9231982e+00   1.2841036e+00   1.1623262e+00   2.9346149e+00   3.4373895e+00   2.9912691e+00   2.1331594e+00   1.1750776e+00   1.0350783e+00   2.4833903e+00   0.0000000e+00   7.4713597e-01   6.8231113e-01   3.9747312e-01   1.1938870e+00   1.5327743e+00   1.6361350e+00   2.7881085e+00   2.2709115e+00   1.7738978e+00   6.2166452e-01
   5.7486588e-01   1.7078748e+00   1.3459010e+00   1.0618581e+00   1.2536238e+00   1.6149229e+00   1.9596016e+00   2.1938915e+00   2.2629454e+00   2.2101686e+00   2.1456926e+00   2.1117013e+00   2.0849605e+00   2.0630434e+00   2.0217361e+00   2.8549087e+00   3.3505614e+00   1.1451546e+00   2.1094403e+00   1.3587981e+00   1.2094657e+00   7.2881019e-01   1.1246996e+00   2.9761572e+00   4.6807011e+00   2.3633919e+00   1.4546814e+00   2.4901295e+00   2.7746990e+00   1.5016204e+00   5.9840997e-01   1.7418406e+00   2.3830216e+00   2.6759014e+00   2.7103324e+00   5.7049769e-01
   8.5210830e-01   1.9473162e+00   1.8438891e+00   2.2155654e+00   2.8161592e+00   3.3514099e+00   3.7371335e+00   3.9013834e+00   3.8778799e+00   3.7440894e+00   3.6110542e+00   3.5272238e+00   3.4857962e+00   3.4854379e+00   3.2652228e+00   3.0252271e+00   2.8111994e+00   9.5139360e-01   2.6502762e+00   1.2153347e+00   1.3886197e+00   1.9976231e+00   3.1231894e+00   4.9065757e+00   5.9502214e+00   2.9631186e+00   3.8620348e+00   4.1200946e+00   4.6060076e+00   2.0466244e+00   1.5430053e+00   2.9973640e+00   3.2564369e+00   3.1694906e+00   2.4961350e+00   5.8306891e-01
   1.3666584e+00   2.6348876e+00   2.5971727e+00   3.3496556e+00   4.0571060e+00   4.6072302e+00   4.9606242e+00   5.0671997e+00   5.0152783e+00   4.9210830e+00   4.8618937e+00   4.8894882e+00   4.9772525e+00   4.9946394e+00   4.7175694e+00   3.9554117e+00   2.8441142e+00   1.2245643e+00   3.3773803e+00   3.4486930e+00   3.6094971e+00   4.0508265e+00   4.9512148e+00   6.4836078e+00   5.4746172e+00   4.3766551e+00   4.1073079e+00   3.2210728e+00   5.0870581e+00   4.0898811e+00   3.2573808e+00   3.7579843e+00   3.4955665e+00   3.0684443e+00   1.7451679e+00   6.7187953e-01
   1.4840911e+00   3.1973996e+00   3.2210422e+00   3.8740997e+00   4.4944639e+00   5.0002651e+00   5.2682128e+00   5.3482022e+00   5.3429241e+00   5.3741388e+00   5.5361123e+00   5.8524876e+00   6.1068959e+00   6.1565399e+00   5.8804064e+00   5.0512176e+00   3.0160441e+00   2.8886259e+00   4.9292026e+00   5.2866631e+00   5.3827167e+00   5.4814034e+00   6.0123754e+00   7.1826757e+00   4.8113117e+00   2.2776661e+00   1.7075813e+00   1.8724366e+00   1.7052677e+00   1.9492537e+00   4.2402442e+00   4.3182246e+00   3.2778605e+00   2.8195079e+00   1.1154592e+00   8.2614189e-01
   9.4296011e-01   3.4222096e+00   3.5366727e+00   3.8446383e+00   4.3393960e+00   4.7657976e+00   4.9375153e+00   4.9916954e+00   5.0401545e+00   5.1916666e+00   5.5829587e+00   6.1470356e+00   6.5870953e+00   6.7763186e+00   6.5601044e+00   5.8281465e+00   4.6956239e+00   5.0339288e+00   6.0485891e+00   6.6992326e+00   6.6122160e+00   6.2484179e+00   6.3899531e+00   6.7935289e+00   2.2123134e+00   5.9161836e-01   9.3549651e-01   1.3972840e+00   1.1568738e+00   1.7450615e+00   4.4861794e+00   4.1296835e+00   2.7024202e+00   1.5137676e+00   7.5939107e-01   1.1311395e+00
   1.0021461e+00   4.9055134e-01   3.1325327e+00   3.3969173e+00   3.7973623e+00   4.0390878e+00   4.0756392e+00   4.0593052e+00   4.1184382e+00   4.4188352e+00   4.9636149e+00   5.6483402e+00   6.2388792e+00   6.6273079e+00   6.6662974e+00   6.3477268e+00   6.0761137e+00   6.4335380e+00   7.1177621e+00   7.8653071e+00   7.6120176e+00   6.5541383e+00   6.1187520e+00   5.0299471e+00   1.6521626e+00   5.3176957e-01   6.0935736e-01   1.1858032e+00   1.0917910e+00   1.7927715e+00   4.3779363e+00   3.5378883e+00   2.6778980e+00   2.1976252e+00   1.3981235e+00   1.3781207e+00
   1.1286279e+00   6.8791620e-01   2.3976313e+00   2.7261357e+00   2.9435666e+00   2.9363198e+00   2.8460152e+00   2.8128080e+00   2.9699531e+00   3.4184382e+00   4.0042191e+00   4.6471238e+00   5.1903982e+00   5.6587372e+00   6.0595126e+00   6.3396330e+00   6.5535545e+00   6.8227630e+00   7.4630752e+00   8.3142484e+00   7.3147426e+00   6.2016795e+00   5.1929178e+00   3.2855066e+00   1.8325803e+00   9.6576881e-01   4.1052806e-01   8.7838024e-01   1.1307381e+00   1.7463366e+00   2.1791701e+00   2.6196485e+00   2.3409228e+00   1.8523462e+00   1.8556227e+00   1.6993794e+00
   1.9234871e+00   1.9921066e+00   1.8663732e+00   1.9641176e+00   2.0024076e+00   1.8992946e+00   1.8552288e+00   2.0284705e+00   2.4794180e+00   3.1014433e+00   3.7311995e+00   4.3331723e+00   4.7646294e+00   5.0997405e+00   5.4070711e+00   5.6510000e+00   5.8621368e+00   6.1083436e+00   6.2590928e+00   2.8359639e+00   6.1265950e+00   5.6222796e+00   4.1615829e+00   1.7639872e+00   1.6960943e+00   1.1931010e+00   5.2566767e-01   7.0769715e-01   1.3232317e+00   1.9801812e+00   1.7031690e+00   2.1799194e+00   2.1503124e+00   1.2899631e+00   2.5259254e+00   2.5216047e+00
   1.3293572e+00   2.1644159e+00   1.5665126e+00   1.3341394e+00   1.3103515e+00   1.3342959e+00   1.5459418e+00   2.0330193e+00   2.7680151e+00   3.5718406e+00   4.3133764e+00   4.9415902e+00   5.2892059e+00   5.4122594e+00   5.3027824e+00   4.9654864e+00   4.5413527e+00   4.3298049e+00   3.8329833e+00   2.0801585e+00   4.5548043e+00   6.2466048e+00   3.5935104e+00   1.7276412e+00   1.5331132e+00   1.3725048e+00   7.9174038e-01   7.2275332e-01   2.2683341e+00   3.4026097e+00   1.8874543e+00   1.7510342e+00   1.1010333e+00   9.2462862e-01   3.5682536e+00   1.8876879e+00
   1.4565854e+00   1.6697603e+00   1.1157511e+00   8.9841653e-01   9.1506339e-01   1.1003003e+00   1.4918801e+00   2.0998719e+00   2.8880907e+00   3.6952892e+00   4.4255337e+00   5.0216473e+00   5.3169101e+00   5.3757089e+00   5.1487363e+00   4.5835356e+00   3.6275566e+00   2.3402614e+00   2.1213657e+00   1.4067294e+00   4.3459711e+00   6.9029700e+00   3.6310750e+00   3.0220698e+00   3.1090409e+00   2.6274897e+00   1.1066137e+00   7.1661726e-01   3.6450906e+00   4.4464178e+00   1.6254570e+00   1.0705075e+00   5.1782656e-01   5.5279576e-01   3.2777059e+00   1.8989967e+00
   1.7445986e+00   1.6216842e+00   1.0306596e+00   8.9105970e-01   8.9473069e-01   1.0475805e+00   1.3660958e+00   1.8537188e+00   2.4889815e+00   3.1707509e+00   3.8396950e+00   4.4576731e+00   4.8360052e+00   4.9798174e+00   4.8234777e+00   4.2791948e+00   3.2617002e+00   1.6164081e+00   1.8101676e+00   1.1016341e+00   4.8135386e+00   4.7309260e+00   2.4113045e+00   3.9060935e+00   3.5033998e+00   3.5842791e+00   1.3668927e+00   6.4254272e-01   3.2435963e+00   4.9885979e+00   1.9398519e+00   1.0087400e+00   5.1900530e-01   9.6615928e-01   2.8742361e+00   2.1293149e+00
   2.4438009e+00   2.0025089e+00   1.6000333e+00   1.4358696e+00   1.4055248e+00   1.4626864e+00   1.6011101e+00   1.8701149e+00   2.3031869e+00   2.8705010e+00   3.5102043e+00   4.1887422e+00   4.7323222e+00   5.0769529e+00   5.1873107e+00   5.0075665e+00   4.5293498e+00   3.5814376e+00   2.4746633e+00   8.7716424e-01   3.2281325e+00   2.0323842e+00   1.3378003e+00   2.1734328e+00   4.4850345e+00   3.8931370e+00   1.3628690e+00   6.4819217e-01   2.1235497e+00   5.0745807e+00   2.3171888e+00   1.7664806e+00   9.5500594e-01   1.2613481e+00   3.0949351e+00   2.7659755e+00
   3.3125670e+00   2.8449230e+00   2.4476814e+00   2.2673204e+00   2.2429543e+00   2.3213546e+00   2.4267187e+00   2.5594919e+00   2.8127120e+00   3.1974430e+00   3.6811976e+00   4.2586713e+00   4.8123741e+00   5.2606339e+00   5.6121693e+00   5.8018713e+00   5.7925358e+00   5.4287066e+00   4.4378608e+00   7.9726858e-01   1.2975887e+00   9.0005612e-01   9.8654616e-01   2.4604878e+00   5.2440052e+00   4.5768156e+00   2.0402219e+00   6.9562745e-01   1.5595008e+00   4.1887565e+00   2.5520844e+00   2.1712856e+00   1.1464392e+00   1.9115159e+00   3.9755418e+00   3.6247039e+00
   4.3143263e+00   3.8319926e+00   3.2965455e+00   3.0582013e+00   3.0369046e+00   3.1819847e+00   3.3584380e+00   3.4843431e+00   3.6273928e+00   3.7718563e+00   3.9373085e+00   4.1443462e+00   4.4351025e+00   4.8202224e+00   5.2851925e+00   5.7423425e+00   6.1094775e+00   6.3396134e+00   5.9955478e+00   4.6408252e-01   9.0154970e-01   6.7980963e-01   9.6835160e-01   3.3998019e+00   5.5730910e+00   5.1559238e+00   2.3708592e+00   6.4475149e-01   1.1141425e+00   3.3438683e+00   2.8569756e+00   3.0138514e+00   1.8168586e+00   5.0449741e+00   4.4373317e+00   4.4457645e+00
   4.9402857e+00   4.5526166e+00   3.8758049e+00   3.4313879e+00   3.4170308e+00   3.5574043e+00   3.7550020e+00   3.8960233e+00   4.0043030e+00   4.0253739e+00   3.9968894e+00   3.9302790e+00   3.9322052e+00   4.1028924e+00   4.4869628e+00   5.0456886e+00   5.6414189e+00   6.2323079e+00   6.8079090e+00   7.1049871e+00   8.1425601e-01   8.1072599e-01   9.3304390e-01   4.3295446e+00   5.4887481e+00   5.6535091e+00   1.0100460e+00   6.4707816e-01   1.0328857e+00   2.7435005e+00   3.0118971e+00   3.7614571e+00   5.2202166e+00   4.9932563e+00   4.7641153e+00   4.9324250e+00
   4.8288398e+00   4.5656981e+00   3.8871593e+00   3.1229081e+00   3.1443098e+00   3.2667696e+00   3.4061937e+00   3.5608063e+00   3.6584876e+00   3.6457229e+00   3.5722888e+00   3.4703968e+00   3.3742759e+00   3.3609071e+00   3.5079200e+00   3.9402289e+00   4.5537252e+00   5.3336253e+00   6.1613455e+00   5.4143859e+00   6.0901117e-01   7.1758980e-01   8.9000154e-01   3.6719017e+00   4.8015614e+00   6.2239008e+00   1.5208498e+00   9.4934940e-01   1.0710214e+00   2.4792373e+00   2.8086959e+00   3.9557103e+00   4.7919204e+00   4.3957157e+00   4.5559535e+00   4.8026175e+00
   3.7000191e+00   3.4481463e+00   2.9339159e+00   1.7445482e+00   1.8475362e+00   2.0544682e+00   2.1229813e+00   2.3179414e+00   2.4729548e+00   2.5166743e+00   2.5172548e+00   2.5012133e+00   2.4527874e+00   2.4105475e+00   2.4183097e+00   2.6312194e+00   3.0608523e+00   3.8176064e+00   4.9071665e+00   4.9281268e+00   5.1869047e-01   8.2527423e-01   1.0401605e+00   3.2441766e+00   3.3027103e+00   6.0722713e+00   1.8593569e+00   1.4307783e+00   1.0600384e+00   1.8673123e+00   2.3973572e+00   2.9996505e+00   3.2862585e+00   3.1688404e+00   3.4823842e+00   3.7365687e+00
   2.1610179e+00   2.0481229e+00   2.1205098e+00   8.5424472e-01   7.4165093e-01   6.0787821e-01   5.2309209e-01   6.3577813e-01   8.8657606e-01   1.0593292e+00   1.2079682e+00   1.2941899e+00   1.3097980e+00   1.2931799e+00   1.2861236e+00   1.3584208e+00   1.5447134e+00   2.1278825e+00   3.5735042e+00   4.3695660e+00   6.0154229e-01   9.9169880e-01   3.4645789e+00   2.5800209e+00   1.5945184e+00   4.6289515e+00   2.1203914e+00   1.0396646e+00   1.0049964e+00   8.9164537e-01   1.4019428e+00   1.6494733e+00   1.7754663e+00   1.6915587e+00   1.9126478e+00   2.1447721e+00
   1.4889352e+00   2.2254934e+00   2.6021510e+00   1.1842129e+00   2.0763494e+00   2.1375442e+00   1.9710703e+00   1.6776716e+00   1.2688708e+00   8.9197516e-01   5.8103508e-01   3.8513833e-01   3.4961677e-01   3.7115270e-01   4.2096555e-01   5.5894983e-01   5.6201088e-01   6.6529793e-01   2.1493316e+00   4.9810352e+00   9.0554380e-01   1.0733128e+00   1.8024484e+00   1.5185279e+00   1.1205906e+00   2.5956590e+00   1.7662315e+00   3.5233656e-01   1.1250131e+00   1.3700995e+00   3.8426758e-01   4.9093628e-01   8.1874144e-01   7.4209780e-01   5.3767383e-01   8.8410193e-01
   2.8798160e+00   3.8194244e+00   3.5391984e+00   3.5834859e+00   3.5184380e+00   3.4745955e+00   3.3075319e+00   3.0313017e+00   2.6608679e+00   2.2698552e+00   1.9349256e+00   1.6530932e+00   1.4947832e+00   1.4466389e+00   1.5274563e+00   1.7395611e+00   1.9696445e+00   2.0298381e+00   2.2854693e+00   3.6748718e+00   6.3498324e-01   1.0370295e+00   1.1052964e+00   1.8918598e+00   2.4969856e+00   2.4726577e+00   2.4668423e+00   5.1880288e-01   1.0884738e+00   4.8684941e-01   9.6093660e-01   1.3384320e+00   1.8189100e+00   2.0536022e+00   2.1284263e+00   2.3107285e+00
   4.4461055e+00   4.5760312e+00   1.8308052e+00   4.6544472e+00   4.1705286e+00   3.8834703e+00   3.6610563e+00   3.5702806e+00   3.4534154e+00   3.3016977e+00   3.0779815e+00   2.8415091e+00   2.7145631e+00   2.7139919e+00   2.8564711e+00   3.1119335e+00   3.4400430e+00   3.6601710e+00   3.4760864e+00   2.9872803e+00   8.0048633e-01   1.4701980e+00   2.1269245e+00   3.2499254e+00   3.8951671e+00   3.6080341e+00   2.8381631e+00   8.6569339e-01   1.1205195e+00   1.3638604e+00   2.1742065e+00   2.5022991e+00   3.0258722e+00   3.4951334e+00   3.8299568e+00   4.0923996e+00
   5.1653727e+00   1.8045170e+00   1.2536344e+00   1.4299384e+00   1.5001162e+00   3.4701601e+00   3.2870459e+00   3.2276010e+00   3.3514526e+00   3.5119466e+00   3.4595153e+00   3.3734028e+00   3.3710267e+00   3.4632752e+00   3.6450672e+00   3.9000602e+00   4.2374947e+00   4.5358732e+00   4.3878704e+00   3.9975807e+00   1.5781173e+00   2.8265972e+00   3.4143302e+00   3.9677148e+00   4.3064127e+00   4.2857878e+00   3.9907209e+00   3.3566726e+00   2.2681000e+00   2.8180212e+00   3.2344607e+00   3.4749548e+00   3.8132727e+00   4.2811990e+00   4.6750968e+00   4.8224434e+00
   1.5023136e+00   1.1656591e+00   1.2449102e+00   1.1581318e+00   1.0833911e+00   2.3923013e+00   2.3065126e+00   2.4397001e+00   2.8716980e+00   3.1183447e+00   3.1967547e+00   3.2486050e+00   3.3961101e+00   3.5853124e+00   3.7819407e+00   3.9910638e+00   4.2532387e+00   4.4546099e+00   4.4311829e+00   1.9718984e+00   2.7735993e+00   3.1144028e+00   3.4708104e+00   3.6050484e+00   3.6769001e+00   3.7468774e+00   3.8376882e+00   3.6293049e+00   3.2294495e+00   3.2838273e+00   3.4242313e+00   3.5319095e+00   3.7343659e+00   4.1097841e+00   4.4464960e+00   4.5758642e+00
   1.3397958e+00   1.0433413e+00   1.0169337e+00   5.1365364e-01   5.7615250e-01   7.9153498e-01   9.6341062e-01   1.2175354e+00   1.4102767e+00   2.3696438e+00   2.0339026e+00   2.3609054e+00   2.6437116e+00   2.7655013e+00   2.8772900e+00   3.0083387e+00   3.1102207e+00   3.1786435e+00   3.2396357e+00   3.3552136e+00   2.4847454e+00   2.4352779e+00   2.4520490e+00   2.2921197e+00   2.0871713e+00   2.0879004e+00   2.3955228e+00   2.6148052e+00   2.5824537e+00   2.4878175e+00   2.4918129e+00   2.4981430e+00   2.5803430e+00   2.7645855e+00   3.0050380e+00   3.2509327e+00
   7.5104725e-01   6.2272352e-01   4.2627330e-01   3.8175887e-01   9.7032710e-01   7.9968063e-01   5.3248328e-01   5.2609807e-01   4.4113415e-01   3.5399945e-01   5.6462580e-01   8.7839484e-01   1.0343460e+00   1.0427125e+00   1.1295924e+00   1.1740855e+00   1.1558011e+00   9.8136365e-01   7.6676234e-01   7.8518466e-01   9.7560024e-01   8.9532518e-01   9.1629994e-01   8.3279115e-01   6.0912567e-01   4.8277900e-01   7.1965218e-01   8.7618744e-01   8.6376750e-01   9.3140870e-01   1.0658852e+00   1.1354948e+00   1.1469312e+00   1.1309197e+00   1.1355749e+00   1.1008573e+00
   1.8963416e+00   1.5158006e+00   1.2531737e+00   1.2306062e+00   1.2680551e+00   1.1784699e+00   1.2574989e+00   1.3185774e+00   1.1754490e+00   1.0440269e+00   9.3659627e-01   9.0014881e-01   9.3680608e-01   9.4562316e-01   9.7595817e-01   1.0025192e+00   9.7200453e-01   9.6845881e-01   1.0197661e+00   7.9265946e-01   7.3948693e-01   6.1187488e-01   6.4965218e-01   6.6222557e-01   6.9162367e-01   8.0551228e-01   8.3673170e-01   7.6653425e-01   5.8768080e-01   6.1701164e-01   8.9465669e-01   1.3139739e+00   1.5138791e+00   1.5918147e+00   1.6852249e+00   1.9360863e+00
   1.7622347e+00   1.5668447e+00   1.4406247e+00   1.0540941e+00   1.1457644e+00   6.7936807e-01   6.4388692e-01   1.3029782e+00   1.2827403e+00   1.2805069e+00   1.3215035e+00   1.4374795e+00   1.7292893e+00   1.5821739e+00   1.5851117e+00   1.6374034e+00   1.6528807e+00   8.5806474e-01   1.7041755e+00   1.1506743e+00   1.1523587e+00   1.2396266e+00   1.3430373e+00   1.1261069e+00   6.6946628e-01   6.6056895e-01   8.1333911e-01   7.7487147e-01   6.4702904e-01   5.5978948e-01   4.4630134e-01   6.8284005e-01   8.7648423e-01   8.7242478e-01   7.7748227e-01   8.4605414e-01
