   9.4419855e-01
   7.5354862e-01
   5.7711601e-01
   4.9809560e-01
   2.8131053e-01
   7.5041704e-02
   4.8809013e-01
   9.7058946e-01
   8.1981695e-01
   7.7486742e-01
   7.1133935e-01
   4.7307453e-01
   4.5494625e-01
   6.1019480e-01
   7.1643406e-01
   6.6983682e-01
   6.9600320e-01
   5.9719270e-01
   3.5683963e-01
   4.1609129e-01
   4.7658998e-01
   6.4720720e-01
   8.0447745e-01
   5.4727584e-01
   1.9974394e-01
   1.8130844e-02
  -1.1647506e-01
  -1.3581609e-02
   2.1466428e-01
   1.8089482e-01
   9.2663966e-02
   2.6566970e-01
   3.5358551e-01
   3.2855213e-01
   4.1043925e-01
   6.2070584e-01
   3.9036670e-01
   2.3542900e-01
   3.2958469e-01
   4.5707694e-01
   4.2516387e-01
   4.2118877e-01
   6.7546701e-01
   7.8801131e-01
   6.8508941e-01
   5.5242634e-01
   5.1938683e-01
   4.7404599e-01
   4.3869597e-01
   4.9339503e-01
   6.0483533e-01
   5.9366953e-01
   5.1993793e-01
   1.2421994e-01
  -3.4864388e-02
   2.8628412e-01
   1.1673711e-01
   2.6451913e-01
   4.1042182e-01
   4.2558387e-01
   2.6475826e-01
   1.1827056e-01
  -2.4040509e-02
  -1.3369001e-02
   1.6956139e-01
   3.6549115e-01
   6.4333761e-01
   1.0199417e+00
   1.0985848e+00
   9.7397768e-01
   8.2428348e-01
   8.0550003e-01
  -8.6663496e-01
  -5.3618354e-01
  -1.0325976e-01
  -2.8207298e-02
  -2.1649478e-01
   1.4699352e-01
   4.2509440e-01
   3.7710321e-01
   6.2807903e-02
   9.7317761e-03
  -2.0796470e-02
  -8.2501560e-02
  -6.9208585e-02
   1.4183665e-02
   1.3355972e-01
   1.5893491e-01
   1.4275421e-01
   1.5502473e-02
  -3.0716655e-01
  -5.6626445e-01
  -3.9215663e-01
  -1.3355255e-01
   2.5027242e-01
   4.7343418e-01
   3.3163387e-01
  -7.0712969e-02
  -5.0158054e-01
  -6.0076922e-01
  -3.7601602e-01
   1.0663749e-01
   4.9252900e-01
   7.0524049e-01
   7.3991019e-01
   6.8939686e-01
   6.1147493e-01
   1.1014999e-01
  -1.0309930e+00
  -5.8910733e-01
  -4.0389389e-01
  -1.2615989e-01
  -3.4548128e-01
   2.7443385e-01
   4.9264319e-02
  -1.6503906e-01
  -4.4849494e-01
  -4.9782783e-01
  -6.8332183e-01
  -7.1463382e-01
  -5.7999963e-01
  -4.7542223e-01
  -4.0671122e-01
  -3.4375459e-01
  -2.9983187e-01
  -3.8817880e-01
  -8.7790525e-01
  -1.5452682e+00
  -6.1846113e-01
  -4.7640464e-01
   1.0026112e-01
   3.5014248e-01
   3.3259630e-02
  -6.2517017e-01
  -1.1834805e+00
  -1.2261857e+00
  -8.1300306e-01
  -2.3092689e-01
   1.9342473e-01
   2.8777608e-01
   1.6965672e-01
   6.1199881e-02
  -5.7548631e-02
  -7.0300812e-01
  -6.7179257e-01
  -5.8254266e-01
  -3.8187808e-01
  -4.7176418e-01
  -4.6504349e-01
  -4.0849850e-02
  -4.0673330e-01
  -6.8685639e-01
  -7.8803545e-01
  -9.1107619e-01
  -1.0823219e+00
  -1.0381646e+00
  -8.8206714e-01
  -7.8608251e-01
  -6.9759750e-01
  -6.1537725e-01
  -5.8725607e-01
  -7.1036416e-01
  -1.0687751e+00
  -1.3965906e+00
  -6.0791761e-01
  -6.8533659e-01
  -5.2635901e-02
   7.1185499e-02
  -3.7911490e-01
  -1.0517113e+00
  -1.6145750e+00
  -1.3859448e+00
  -8.6427712e-01
  -3.5822597e-01
  -1.0628380e-02
  -4.2159777e-02
  -2.7691987e-01
  -4.7567019e-01
  -5.3670007e-01
  -6.5351897e-01
  -1.4703318e-02
  -5.5041239e-01
  -3.1298729e-01
  -7.2620877e-01
  -4.7364184e-01
  -5.0352857e-01
  -5.6201310e-01
  -9.3854898e-01
  -1.0443891e+00
  -1.1042758e+00
  -1.1720285e+00
  -1.0803503e+00
  -9.3733376e-01
  -8.2284014e-01
  -7.0321260e-01
  -6.6976251e-01
  -6.7478518e-01
  -7.3924337e-01
  -6.5110077e-01
  -6.7677669e-01
  -4.6271860e-01
  -7.9449580e-01
  -1.9827056e-01
  -2.2002537e-01
  -6.4906206e-01
  -1.0216843e+00
  -1.2746695e+00
  -7.0921465e-01
  -6.7168895e-01
  -3.6970862e-01
  -1.7221274e-02
  -7.0650604e-02
  -4.5929643e-01
  -7.3145738e-01
  -6.8319748e-01
  -3.8053196e-01
   4.3120506e-01
   9.4302371e-02
  -5.9881550e-01
  -8.5645384e-01
  -3.6843094e-01
  -3.0062973e-01
  -7.2745055e-01
  -1.0967464e+00
  -1.1477814e+00
  -1.1058428e+00
  -1.0446960e+00
  -9.0692025e-01
  -7.5854963e-01
  -6.5493590e-01
  -5.8184016e-01
  -5.8922833e-01
  -6.1256450e-01
  -5.3899157e-01
   1.1959760e-01
   5.2302349e-01
   1.2985676e-02
  -6.3945663e-01
  -3.5775906e-01
  -4.8392028e-01
  -7.0595342e-01
  -3.7459600e-01
  -1.5897190e-02
  -4.3740597e-01
  -6.7076147e-01
  -3.0477032e-01
   2.0513389e-01
   7.1452469e-02
  -5.1631355e-01
  -7.7993989e-01
  -6.4809096e-01
  -1.7447895e-01
   7.6440605e-01
   1.1059885e+00
  -1.1977620e-01
  -6.0108606e-02
  -2.9802898e-01
  -4.7422150e-01
  -8.8795091e-01
  -1.0250707e+00
  -9.6036291e-01
  -7.9961678e-01
  -6.7900717e-01
  -5.3028077e-01
  -4.2318479e-01
  -3.9079463e-01
  -3.8919729e-01
  -4.4750438e-01
  -4.5083275e-01
  -1.3274503e-01
   1.1647360e+00
   2.1723697e+00
   1.2657233e-01
  -6.9450337e-03
  -6.7785984e-01
  -8.5220402e-01
  -4.9446499e-01
   9.6173811e-01
   1.0747741e+00
  -1.6032081e-01
  -5.1291370e-01
  -7.6474607e-02
   2.1536744e-01
  -1.1544152e-01
  -6.5848917e-01
  -7.2111747e-01
  -4.1793948e-01
   1.5247715e-01
   1.0687802e+00
   1.3654240e+00
   1.1680300e+00
   5.8556294e-01
  -2.8550169e-01
  -3.5770050e-01
  -5.8572614e-01
  -6.4345467e-01
  -5.2781820e-01
  -3.5265484e-01
  -2.5669718e-01
  -1.6115889e-01
  -1.2967321e-01
  -1.5977395e-01
  -2.1259986e-01
  -3.3098733e-01
  -2.7071109e-01
   2.7483693e-01
   2.0217125e+00
   3.2065825e+00
  -2.0154971e-01
   2.5194830e-01
  -7.4755341e-01
  -1.3363156e+00
  -1.1411151e-01
   2.4355772e+00
   1.4731756e+00
   5.3293630e-04
  -3.7971705e-01
  -1.7388391e-01
   8.9040630e-02
  -2.6127785e-01
  -6.3178957e-01
  -5.1546830e-01
  -7.6258451e-02
   5.2350146e-01
   1.4671916e+00
   1.7550013e+00
   1.8420593e+00
   2.1719125e-01
  -1.0155299e-01
   2.2293229e-01
   7.7580564e-02
   4.3486789e-02
   1.2542561e-01
   2.2597688e-01
   2.4695691e-01
   2.2484627e-01
   1.8090953e-01
   9.3473397e-02
  -3.6853734e-02
  -1.7442454e-01
   3.7698783e-02
   8.7734425e-01
   2.8504624e+00
   4.3021193e+00
   8.3711728e-02
   1.0021394e-01
  -6.3851881e-01
  -2.0023072e+00
   6.8339658e-01
   4.2625842e+00
   1.9893593e+00
   2.1935341e-01
   2.3091730e-01
  -4.4765505e-01
   6.2459435e-02
   7.9653472e-02
  -4.2868975e-01
  -1.2004066e-01
   4.7881758e-01
   1.0439219e+00
   1.8421403e+00
   2.1212358e+00
   2.2393909e+00
   1.1446455e+00
   6.5401214e-01
   7.0792061e-01
   5.9238762e-01
   5.7312399e-01
   5.9103680e-01
   6.1244535e-01
   5.7119679e-01
   4.7568789e-01
   3.6518204e-01
   2.2814113e-01
   4.8727795e-02
  -1.6057573e-02
   3.7172243e-01
   1.4384758e+00
   3.3680372e+00
   4.6646843e+00
  -1.2006696e-01
  -7.2843887e-02
  -2.2291036e-01
  -1.8909296e+00
   1.5512093e+00
   5.4502511e+00
   1.5799732e+00
   2.6395589e-02
  -2.3282842e-01
  -7.8845686e-01
   4.5650035e-01
   5.3596151e-01
  -3.8586697e-01
   2.6246315e-01
   9.7484732e-01
   1.4965432e+00
   2.1837587e+00
   2.3830585e+00
   2.3064041e+00
   1.4914297e+00
   1.0988851e+00
   1.0487372e+00
   1.0064241e+00
   9.8192292e-01
   9.5281845e-01
   8.9794195e-01
   7.9713601e-01
   6.1609405e-01
   4.0895239e-01
   2.0945597e-01
   7.9866469e-02
   2.3289825e-01
   8.8346058e-01
   2.1646485e+00
   4.0477042e+00
   3.5531414e+00
  -2.2462825e-01
  -6.0078084e-01
  -4.9831638e-01
  -1.0538186e+00
   2.5227256e+00
   5.7133842e+00
   8.2718790e-01
  -1.5614556e-01
  -4.0702787e-01
  -5.1586998e-01
   1.0770894e+00
   1.2626449e+00
  -2.8437656e-01
   6.9080168e-01
   1.4415724e+00
   1.9116678e+00
   2.2760286e+00
   2.2756450e+00
   2.0499144e+00
   1.5129412e+00
   1.2578055e+00
   1.1957269e+00
   1.1991017e+00
   1.1526054e+00
   1.0689355e+00
   9.3549055e-01
   7.8186274e-01
   5.0822014e-01
   2.5333560e-01
   1.1029144e-01
   1.9857916e-01
   6.4034051e-01
   1.5117186e+00
   2.9105625e+00
   4.7943616e+00
   2.5068007e+00
  -6.1022472e-01
  -7.8055048e-01
  -4.5866570e-01
   2.8199053e-01
   3.2484608e+00
   5.2776160e+00
   1.1919682e+00
  -3.8914987e-01
  -4.7544187e-01
  -1.1967290e-01
   1.4798220e+00
   2.3106644e+00
   5.3621423e-01
   9.6866953e-01
   1.7118024e+00
   2.1353307e+00
   2.1201849e+00
   1.9118837e+00
   1.7039485e+00
   1.3772519e+00
   1.1827012e+00
   1.1631124e+00
   1.1475081e+00
   1.0512354e+00
   8.9482915e-01
   7.2225207e-01
   5.5898297e-01
   3.3022645e-01
   2.1283019e-01
   2.7366129e-01
   5.6769836e-01
   1.1549824e+00
   2.0571027e+00
   3.3608458e+00
   4.6536965e+00
   1.1737914e+00
  -8.6735928e-01
  -6.2224424e-01
  -3.6049217e-01
   1.2031376e+00
   3.7544801e+00
   4.9004908e+00
   2.1492238e+00
  -2.7722079e-01
  -4.4362158e-01
   4.0181708e-01
   1.4159822e+00
   2.0118661e+00
   6.6626906e-01
   1.3591443e+00
   1.7831784e+00
   2.1748333e+00
   1.7552701e+00
   1.3871611e+00
   1.2858261e+00
   1.0782645e+00
   9.2817760e-01
   8.9127320e-01
   8.0629730e-01
   6.5204686e-01
   4.7055542e-01
   3.3429694e-01
   2.4696940e-01
   2.4558613e-01
   4.2875788e-01
   7.1698779e-01
   1.1259102e+00
   1.6922108e+00
   2.4026911e+00
   3.2581916e+00
   3.4571538e+00
   4.6933684e-01
  -1.0225769e+00
  -6.7612457e-01
  -3.7009424e-01
   1.5254261e+00
   4.0125136e+00
   4.4280443e+00
   1.8421056e+00
  -1.1460565e-01
  -1.1289719e-01
   9.7786874e-01
   9.5718163e-01
   2.0012281e+00
   7.6362258e-01
   1.0935643e+00
   1.8262210e+00
   2.0041723e+00
   1.3624682e+00
   7.5230521e-01
   7.9984087e-01
   6.8958724e-01
   5.5811906e-01
   4.6151131e-01
   3.1147256e-01
   1.2432287e-01
  -5.4975145e-02
  -1.5550669e-01
  -1.5986109e-01
  -5.5196723e-03
   3.3518413e-01
   7.2321576e-01
   1.1279373e+00
   1.5643065e+00
   2.0494905e+00
   2.4705412e+00
   1.9477301e+00
  -1.8379089e-01
  -1.8753934e+00
  -1.3527373e+00
  -7.6351947e-01
   1.4492350e+00
   3.8051600e+00
   3.7828307e+00
   6.9981366e-01
  -1.4600926e-04
   4.2733121e-01
   1.7303044e+00
   5.2008206e-01
   1.6967227e+00
   6.5152627e-01
   8.4662902e-01
   1.4543008e+00
   1.6136914e+00
   8.9335757e-01
   2.0065378e-01
   2.2452371e-01
   2.4910632e-01
   1.4030953e-01
   2.2301549e-02
  -1.5852635e-01
  -3.9733750e-01
  -6.3426459e-01
  -7.7762401e-01
  -8.0674118e-01
  -6.7756873e-01
  -4.0510136e-01
  -1.4199513e-01
   4.4590361e-02
   1.9072597e-01
   3.7409094e-01
   6.1113364e-01
   3.6510018e-01
  -4.4898808e-01
  -2.3146317e+00
  -3.3882208e+00
  -1.5457401e+00
   1.5860257e+00
   3.2611921e+00
   3.1231296e+00
   3.7098923e-01
   1.8664448e-02
   7.1641493e-01
   1.4041014e+00
   1.5772243e-01
   7.9153049e-01
   1.7033508e-01
   6.6512495e-01
   1.4852201e+00
   1.1014520e+00
   1.0768968e+00
   3.3422272e-01
  -3.2099318e-01
  -1.5607448e-01
  -2.1050439e-01
  -2.0608229e-01
  -2.3173794e-01
  -3.3973737e-01
  -4.9798822e-01
  -6.2173860e-01
  -6.8004886e-01
  -6.4840440e-01
  -5.3703981e-01
  -4.6385962e-01
  -5.4054921e-01
  -7.6964149e-01
  -1.1111806e+00
  -1.5823042e+00
  -1.4305363e+00
  -7.2848889e-01
  -2.4801320e+00
  -5.0830191e+00
  -2.1168537e+00
   1.9239405e+00
   2.4984147e+00
   2.3809244e+00
   3.2555165e-01
   9.5780527e-03
   8.7475820e-01
   9.0829481e-01
  -3.4521123e-01
  -3.6466260e-01
  -2.3000619e-01
   2.4769253e-01
   1.6597977e+00
   1.0157924e+00
  -1.4495396e-01
  -1.7874923e-01
  -5.3732585e-01
  -2.4228618e-01
  -2.7672559e-01
  -1.2417299e-01
   1.2427525e-01
   3.7970622e-01
   5.8323966e-01
   6.9278321e-01
   7.7755192e-01
   8.3023640e-01
   8.3820321e-01
   7.5271663e-01
   4.4358874e-01
  -1.5557909e-01
  -1.0193446e+00
  -2.2066548e+00
  -3.0646342e+00
  -1.2069541e+00
  -3.4399436e+00
  -4.4628491e+00
  -1.9986358e+00
   1.0719219e+00
   1.1111302e+00
   1.0846687e+00
  -4.7787694e-02
  -2.2535958e-01
   5.0597036e-01
   2.3004338e-01
  -1.2674104e-01
  -1.3029306e+00
  -1.0593461e+00
  -8.3005973e-01
   1.5572247e+00
   1.6123010e+00
   4.4724390e-01
   5.7270080e-01
  -6.5657097e-01
  -6.8258214e-01
  -7.6506782e-01
  -6.2150967e-01
  -3.3476079e-01
   1.5843127e-02
   3.2678366e-01
   4.6360987e-01
   5.1446235e-01
   5.0898218e-01
   4.1444317e-01
   2.4143703e-01
  -1.1181053e-01
  -7.0586836e-01
  -1.4724693e+00
  -2.3710515e+00
  -3.5469062e+00
  -2.5676389e+00
  -3.3424132e+00
  -3.4684548e+00
  -2.6672513e+00
  -5.9347737e-01
   8.0284244e-01
   8.7677729e-01
  -9.9704206e-02
  -3.7674478e-01
   1.5130673e-02
  -2.8473935e-01
  -2.3031546e-01
  -1.7470521e+00
  -1.9954455e+00
  -1.1587454e+00
   1.2377394e+00
   1.6456269e+00
   6.9143158e-01
   2.2693558e-01
  -6.0146213e-01
  -1.0709865e+00
  -1.3013701e+00
  -1.2951350e+00
  -1.1179444e+00
  -8.4374249e-01
  -5.4793698e-01
  -4.5248958e-01
  -5.1636267e-01
  -6.5789187e-01
  -8.7518877e-01
  -1.0714865e+00
  -1.2245536e+00
  -1.3608434e+00
  -1.5858436e+00
  -2.0943756e+00
  -2.9822979e+00
  -3.4797299e+00
  -3.0553327e+00
  -3.0646257e+00
  -3.6644130e+00
  -2.5743864e+00
   1.0880822e-01
   7.4539560e-01
  -3.0487019e-01
  -5.9657031e-01
  -2.5501671e-01
  -5.2037823e-01
  -1.2081378e+00
  -2.0349195e+00
  -1.9576280e+00
  -2.4224570e-01
   1.2779539e+00
   1.6179649e+00
   9.4094127e-01
   6.2805839e-02
  -6.4519107e-01
  -1.2118080e+00
  -1.5577650e+00
  -1.7673447e+00
  -1.7504197e+00
  -1.5817975e+00
  -1.2959750e+00
  -1.1211411e+00
  -1.1331253e+00
  -1.3033867e+00
  -1.6115245e+00
  -1.8947325e+00
  -2.0118234e+00
  -1.8000219e+00
  -1.3513435e+00
  -1.4641438e+00
  -2.0418236e+00
  -2.0981576e+00
  -1.7277561e+00
  -2.6791871e+00
  -4.0924592e+00
  -4.4570193e+00
  -6.5891951e-01
   4.4009325e-01
  -2.1922570e-01
  -8.9079511e-01
  -4.4359910e-01
  -4.6205294e-01
  -1.7731049e+00
  -2.7473173e+00
  -1.9898531e+00
   5.2964425e-01
   9.5391583e-01
   1.3237163e+00
   7.4205863e-01
   2.1317619e-01
  -6.1472732e-01
  -1.1605995e+00
  -1.5046009e+00
  -1.8636229e+00
  -1.9946969e+00
  -1.9304457e+00
  -1.7043701e+00
  -1.4398090e+00
  -1.3090534e+00
  -1.4135977e+00
  -1.7129998e+00
  -2.0367305e+00
  -2.2918351e+00
  -2.2422879e+00
  -1.3623068e+00
  -4.9595797e-01
  -1.0895009e+00
  -1.1669837e+00
  -1.1637591e+00
  -2.1677368e+00
  -3.7833643e+00
  -5.7637820e+00
  -1.9952984e+00
  -1.9521183e-01
  -2.1619138e-01
  -9.9983943e-01
  -7.2323072e-01
  -1.4097178e-01
  -1.6123784e+00
  -3.2848675e+00
  -1.9834769e+00
  -1.3422215e+00
  -1.7285296e-01
   1.0913184e+00
   1.2658750e+00
   1.3483989e+00
  -1.5054387e-01
  -9.3551290e-01
  -1.2882711e+00
  -1.7070972e+00
  -1.9554980e+00
  -1.9690564e+00
  -1.7975602e+00
  -1.5010211e+00
  -1.2208649e+00
  -1.1551259e+00
  -1.3601350e+00
  -1.6481432e+00
  -2.0453343e+00
  -2.4070568e+00
  -1.7440485e+00
   8.1762969e-01
   1.6245942e-01
  -5.7476699e-01
  -8.0410153e-01
  -1.6501483e+00
  -3.1395397e+00
  -5.8527727e+00
  -4.0327215e+00
  -1.4374112e+00
  -4.5575932e-01
  -1.2971489e+00
  -1.3029343e+00
  -5.2638881e-02
  -1.3614019e+00
  -3.3149891e+00
  -2.2264936e+00
  -2.5352306e+00
  -9.1063136e-01
   6.2676871e-01
   1.1940936e+00
   1.6290693e+00
   3.3600876e-01
  -5.1072323e-01
  -8.9428639e-01
  -1.3273926e+00
  -1.6760454e+00
  -1.7873455e+00
  -1.6803064e+00
  -1.4145414e+00
  -1.0570854e+00
  -8.0005366e-01
  -8.6217517e-01
  -1.1376519e+00
  -1.6674489e+00
  -2.4294920e+00
  -1.8365016e+00
   9.3971372e-01
   1.1329119e+00
  -8.1106491e-02
  -3.6583176e-01
  -1.0627587e+00
  -2.3661695e+00
  -4.5422688e+00
  -4.6041040e+00
  -1.6416633e+00
  -1.0756930e+00
  -1.9437869e+00
  -2.5412209e+00
   8.7864771e-02
  -8.6038649e-01
  -2.5620606e+00
  -3.0486088e+00
  -3.0012188e+00
  -1.6548203e+00
   1.0979348e-01
   7.4678463e-01
   1.2970619e+00
   8.1422335e-01
   3.6992256e-02
  -3.3096811e-01
  -7.4157190e-01
  -1.1365142e+00
  -1.3448184e+00
  -1.3319582e+00
  -1.1425623e+00
  -8.1849164e-01
  -5.4498547e-01
  -4.8170066e-01
  -7.5404269e-01
  -1.4317803e+00
  -2.5295587e+00
  -1.7727163e+00
   1.0980222e+00
   1.8557681e+00
   2.2207554e-01
   1.1681895e-01
  -3.7081313e-01
  -1.4369661e+00
  -3.2214918e+00
  -4.4459758e+00
  -7.9676348e-01
  -5.6840289e-01
  -1.4263006e+00
  -2.2127290e+00
  -3.1045082e-01
  -2.0743611e-01
  -1.2714763e+00
  -2.8607378e+00
  -3.0752115e+00
  -2.4459739e+00
  -2.1020517e-01
   2.4035171e-01
   1.0244187e+00
   1.1910298e+00
   5.7337499e-01
   2.5818101e-01
  -1.1722483e-01
  -5.1030385e-01
  -7.7671629e-01
  -8.5292637e-01
  -7.4525088e-01
  -5.0584251e-01
  -2.9964513e-01
  -2.2870913e-01
  -5.0626725e-01
  -1.3223650e+00
  -2.6838741e+00
  -9.5493102e-01
   1.1838844e+00
   1.8831919e+00
   3.1196743e-01
   6.6294611e-01
   2.4898586e-01
  -5.4268771e-01
  -2.0955021e+00
  -3.7201762e+00
  -1.3393904e+00
  -5.7267976e-01
  -7.3911124e-01
  -8.9158386e-01
  -4.3909514e-01
  -3.8140118e-01
  -1.1811073e+00
  -2.3167894e+00
  -2.6316142e+00
  -2.6740432e+00
  -4.2648503e-01
   3.6426701e-02
   6.3391620e-01
   1.2215028e+00
   1.0957415e+00
   8.9205146e-01
   6.1269462e-01
   2.6900953e-01
  -1.7593782e-02
  -1.6237773e-01
  -1.4938869e-01
  -2.4053454e-02
   8.8906750e-02
   1.0123233e-01
  -2.3761217e-01
  -1.2462022e+00
  -2.4606941e+00
  -2.4463424e-01
   9.1607678e-01
   1.6995835e+00
   5.7605237e-01
   1.1770822e+00
   9.2715120e-01
   3.7717810e-01
  -7.3865521e-01
  -2.2722404e+00
  -1.7069070e-01
  -1.4721193e-02
  -5.3106725e-02
  -2.1967496e-01
  -7.0287764e-01
  -5.3433752e-01
  -5.7334667e-01
  -1.0687296e+00
  -1.2694364e+00
  -9.4128621e-01
  -1.4629808e-01
   2.0929507e-02
   4.2575508e-01
   8.2508713e-01
   9.7672618e-01
   9.8087424e-01
   9.1276711e-01
   7.0455596e-01
   4.8752758e-01
   3.4813580e-01
   3.2200705e-01
   3.8612080e-01
   4.2265442e-01
   3.6815320e-01
  -5.4265466e-02
  -1.2598666e+00
  -2.0254261e+00
  -9.5799126e-02
   5.3661758e-01
   1.2735933e+00
   7.0048892e-01
   1.5022773e+00
   1.3280245e+00
   9.3574595e-01
   1.4757223e-01
  -1.2817694e+00
  -6.7016229e-02
   7.8038890e-03
   1.2155952e-01
   8.8576369e-02
  -3.2532629e-01
   2.9730112e-02
   1.0001175e-01
  -3.0293232e-02
  -3.0332687e-01
  -2.8653875e-01
   2.3607719e-01
   2.1764837e-01
   1.1556341e-01
   3.1237072e-01
   4.9017793e-01
   6.4366591e-01
   8.6658007e-01
   9.4276506e-01
   8.6707211e-01
   7.7965987e-01
   7.6407492e-01
   8.0612761e-01
   7.7080768e-01
   6.3420302e-01
   8.5556723e-02
  -1.4182256e+00
  -1.2206984e+00
   2.7860054e-01
   2.0120698e-01
   5.0027215e-01
   4.8307097e-01
   1.0414637e+00
   1.3962052e+00
   1.3527904e+00
   8.5699773e-01
  -7.1009114e-02
  -1.0467342e-01
   1.1880694e-01
   1.5934518e-01
   2.4936035e-01
   7.5263247e-02
   3.0518081e-02
   4.6931244e-02
  -2.9591992e-02
  -3.8476491e-01
   8.7885462e-02
   4.6221015e-01
   2.7652383e-01
   3.4062964e-01
   2.0123455e-01
   1.1478393e-01
   3.3892119e-01
   7.0259899e-01
   9.5242488e-01
   1.0078396e+00
   9.9225569e-01
   9.9792129e-01
   1.0432274e+00
   1.0052476e+00
   8.1312171e-01
   1.5199664e-01
  -1.4850900e+00
  -4.1952085e-01
   1.7567562e-01
  -1.0249291e-01
  -1.1077653e-01
   1.5797262e-01
   4.6089789e-01
   9.2058687e-01
   1.3077532e+00
   1.1172767e+00
   5.6676824e-01
   4.8021838e-02
   1.7706808e-01
   2.0102591e-01
   3.0216226e-01
   3.4167546e-01
   1.9284075e-01
   5.1639739e-02
   2.5655702e-04
  -4.1688715e-02
  -9.3600616e-02
   1.1639640e-01
  -2.0654130e-01
  -2.8335771e-01
   1.2824368e-02
  -4.7145420e-01
  -1.9423138e-01
   3.2854926e-01
   7.0515072e-01
   9.1067506e-01
   9.9123341e-01
   1.0577044e+00
   1.1035114e+00
   1.0887984e+00
   8.9046896e-01
   2.2679715e-01
  -1.1060628e+00
   7.8194804e-02
  -7.5427993e-03
  -3.6252304e-01
  -4.5729923e-01
  -2.6887825e-01
   1.2819156e-01
   3.2422113e-01
   7.1365157e-01
   9.7916574e-01
   7.8192168e-01
   4.0816028e-01
   1.2016736e-01
   2.4121189e-01
   2.1059923e-01
   1.2615804e-01
   9.0002507e-02
   6.3388787e-02
   4.8963150e-02
   6.1503842e-02
   5.4863655e-02
  -2.5110564e-01
  -3.8310652e-01
  -5.8303756e-01
  -5.2118677e-01
  -1.0206396e+00
  -8.0433112e-01
  -2.8267634e-01
   1.9270606e-01
   5.3931296e-01
   7.3438424e-01
   9.0344554e-01
   9.7607547e-01
   9.6624696e-01
   8.0479823e-01
   3.0020416e-01
  -6.1360615e-01
   1.4368893e-01
   5.7570282e-03
  -4.5513067e-01
  -4.4625359e-01
  -4.1521814e-01
  -5.1530030e-02
   2.3502731e-01
  -2.3669545e-02
   3.2880858e-01
   7.2072433e-01
   5.1577187e-01
   1.8933804e-01
   1.4130985e-01
   1.2286536e-01
  -1.5786290e-02
  -2.2099474e-02
  -4.7483910e-02
  -5.9265457e-02
   7.6769886e-02
   2.8349665e-01
  -1.9390360e-01
   1.8258020e-01
  -1.5429300e-01
  -8.2527065e-01
  -1.6567507e+00
  -1.3205580e+00
  -8.7842375e-01
  -5.5588841e-01
  -7.8744076e-02
   2.4193761e-01
   4.6382377e-01
   5.9248155e-01
   6.1662149e-01
   5.1870120e-01
   2.8446594e-01
   1.7227495e-01
   3.4813118e-01
  -1.2003788e-01
  -4.4519547e-01
  -4.9975088e-01
  -5.1658362e-01
  -1.4249830e-01
   5.4162972e-02
  -4.2789876e-01
   2.6397514e-01
  -4.0832478e-01
  -2.3028272e-01
   5.6631958e-01
   1.7208526e-02
  -8.3332121e-02
  -1.3236769e-01
  -8.6264253e-02
  -2.4292876e-01
  -1.0426667e-01
   5.1798228e-02
   3.6197014e-02
   1.1720960e-01
   1.8952265e-02
   9.2624709e-02
   2.1765172e-01
  -6.0109090e-01
  -1.1208884e+00
  -7.1839160e-01
  -9.6567470e-01
  -9.2496020e-01
  -6.3045961e-01
  -3.3759813e-01
  -1.0996929e-01
   4.9099501e-02
   1.5313486e-02
   2.1487224e-01
   4.7409680e-01
  -7.4877514e-02
  -2.4353732e-01
  -2.2248732e-01
  -5.7309782e-01
  -6.5652263e-01
  -5.3489053e-01
  -1.3686046e-01
  -5.1270181e-01
   1.2300812e-01
   6.4413194e-01
  -1.9114240e-01
  -2.6407602e-01
   3.6697362e-01
   2.3296962e-02
  -2.4040535e-01
  -1.7006051e-01
  -3.0223274e-01
  -2.1246596e-01
   4.2279101e-01
   1.8807261e-01
  -4.4977024e-02
   2.9948193e-03
   1.1005689e-02
  -1.3655717e-02
   3.1285338e-02
   2.1408305e-01
   2.6838064e-01
  -2.5089119e-02
  -5.6683117e-01
  -7.7377123e-01
  -3.2957914e-01
   6.7042343e-02
   1.5130112e-01
   8.1378430e-02
   1.3418846e-01
   2.3622854e-01
   1.4399561e-01
   1.0726277e-02
  -2.4209004e-02
  -2.4695618e-01
  -4.4443876e-01
  -4.3024844e-01
  -3.9618412e-01
  -3.5938597e-01
  -1.9836067e-01
  -1.5163751e-01
  -8.2313009e-02
  -7.8861296e-02
  -5.4523867e-02
  -1.0020638e-01
  -2.7420971e-01
  -3.9673448e-01
  -5.0184304e-01
  -2.6180640e-01
  -2.5547238e-02
   1.2483975e-02
  -2.2230241e-02
