  -1.9601024e-02
  -1.7105963e-02
   0.0000000e+00
  -9.9836304e-03
  -1.4618956e-02
   0.0000000e+00
  -0.0000000e+00
  -1.2176140e-02
  -1.4406920e-02
  -1.3783134e-02
  -1.5704874e-02
  -2.1850964e-02
  -2.2571494e-02
  -1.9078769e-02
  -2.1079470e-02
  -1.9596136e-02
  -1.8872910e-02
  -0.0000000e+00
  -1.8938969e-02
  -1.6315666e-02
  -1.6631256e-02
  -1.5760621e-02
  -1.3853475e-02
  -1.0216981e-02
  -0.0000000e+00
   0.0000000e+00
   0.0000000e+00
   0.0000000e+00
   0.0000000e+00
   0.0000000e+00
   0.0000000e+00
  -0.0000000e+00
  -0.0000000e+00
   0.0000000e+00
   0.0000000e+00
  -0.0000000e+00
  -2.3363786e-02
  -1.7748469e-02
  -1.6410616e-02
  -1.7193096e-02
  -1.7019799e-02
  -1.7659149e-02
  -1.9141597e-02
  -1.7306810e-02
  -1.5905928e-02
  -1.3883841e-02
  -1.2070455e-02
  -1.1924120e-02
  -1.1902322e-02
  -1.0067465e-02
  -9.1430191e-03
  -9.4945664e-03
  -9.3849683e-03
  -1.2558585e-02
  -7.8949286e-03
  -8.3007803e-03
  -6.9725947e-03
  -5.6407973e-03
  -5.8786995e-03
  -8.0038393e-03
  -1.1463670e-02
  -1.3397776e-02
  -1.2824055e-02
  -9.9973568e-03
  -7.4491964e-03
  -6.0778465e-03
  -1.0990189e-02
  -1.4277657e-02
  -1.6285102e-02
  -2.0694112e-02
  -2.4229932e-02
  -2.7671563e-02
  -1.8305114e-03
  -1.1336604e-03
  -2.1369559e-04
  -2.9475691e-03
  -1.3228461e-02
  -1.5196259e-03
  -5.5362787e-03
  -3.0175736e-03
  -3.5600171e-03
   2.2223096e-03
   8.7929508e-03
   1.4651834e-02
   1.6171919e-02
   1.7068852e-02
   1.8765625e-02
   1.9781513e-02
   1.8820671e-02
   1.5460046e-02
   0.0000000e+00
   1.5169933e-02
   1.5983045e-02
   1.6069859e-02
   1.4037344e-02
   9.4656339e-03
   5.9279185e-03
   6.3016699e-03
   9.8714456e-03
   1.4469406e-02
   1.7064247e-02
   1.7481146e-02
   1.5078568e-02
   1.2162933e-02
   1.0765377e-02
   1.0699661e-02
   1.2578767e-02
   1.7733065e-03
   0.0000000e+00
   0.0000000e+00
   0.0000000e+00
   0.0000000e+00
   0.0000000e+00
   0.0000000e+00
   1.3540762e-02
   1.8316801e-02
   3.3616490e-02
   2.7880690e-02
   3.1321071e-02
   3.7812933e-02
   4.2673901e-02
   4.4536762e-02
   4.7302909e-02
   4.9725451e-02
   5.1569495e-02
   5.1691696e-02
   4.9948275e-02
   3.9067520e-02
   3.5708215e-02
   3.7491888e-02
   3.7046287e-02
   3.4295190e-02
   3.2299511e-02
   3.3060316e-02
   3.6332872e-02
   3.8886927e-02
   3.8867965e-02
   3.8884871e-02
   3.9287284e-02
   3.9733622e-02
   4.2639367e-02
   4.6377655e-02
   5.1202320e-02
   4.5638565e-02
   0.0000000e+00
   0.0000000e+00
   0.0000000e+00
   0.0000000e+00
   0.0000000e+00
   3.1214512e-02
   3.4011040e-02
   3.7344330e-02
   4.4321059e-02
   4.6406485e-02
   4.7719669e-02
   4.9608968e-02
   5.3478256e-02
   5.6811571e-02
   6.0320526e-02
   6.4446598e-02
   6.9030538e-02
   6.9414340e-02
   6.2377701e-02
   0.0000000e+00
   3.7667459e-02
   4.7441259e-02
   5.3607542e-02
   5.6425117e-02
   5.7559840e-02
   5.6524571e-02
   5.7107076e-02
   4.9622554e-02
   4.6730187e-02
   4.8777036e-02
   5.2026510e-02
   5.5014350e-02
   6.1965901e-02
   6.9105193e-02
   7.2658390e-02
   6.6396467e-02
   6.7155665e-02
   0.0000000e+00
   0.0000000e+00
   0.0000000e+00
   0.0000000e+00
   4.7939743e-02
   4.7455738e-02
   4.7608366e-02
   5.1077551e-02
   5.2319344e-02
   5.0319551e-02
   4.9183964e-02
   4.9991465e-02
   5.2298813e-02
   5.5628292e-02
   6.0480967e-02
   6.6292964e-02
   6.7104463e-02
   5.6932515e-02
   3.4629310e-02
   0.0000000e+00
   4.2468345e-02
   5.5222466e-02
   6.5021802e-02
   6.8532441e-02
   6.1919861e-02
   6.2996033e-02
   3.5999332e-02
   3.5826095e-02
   4.4060505e-02
   4.9435101e-02
   5.4347507e-02
   6.2957820e-02
   7.1790990e-02
   7.5451838e-02
   7.1995145e-02
   6.1828171e-02
   0.0000000e+00
   0.0000000e+00
   4.8923439e-02
   5.1306053e-02
   5.3950369e-02
   5.2936107e-02
   5.0667565e-02
   4.9656726e-02
   4.6706811e-02
   4.2610701e-02
   3.9444711e-02
   3.7986841e-02
   3.8851939e-02
   4.1358117e-02
   4.5537665e-02
   4.9982131e-02
   4.9994707e-02
   3.7491702e-02
   2.6962202e-02
   0.0000000e+00
   2.1653829e-02
   4.0364210e-02
   5.6077573e-02
   6.0090639e-02
   4.5987666e-02
   0.0000000e+00
   0.0000000e+00
   1.6291043e-02
   2.7708754e-02
   3.5529293e-02
   4.2060241e-02
   5.0250411e-02
   5.7546668e-02
   6.1325576e-02
   6.2744759e-02
   4.1611638e-02
   4.4027780e-02
   4.1126181e-02
   4.3856718e-02
   4.6622420e-02
   4.8783474e-02
   4.5980014e-02
   4.1465047e-02
   3.6316074e-02
   3.0497722e-02
   2.5850712e-02
   2.2535522e-02
   2.0963294e-02
   2.0849624e-02
   2.2056833e-02
   2.4805553e-02
   2.6644821e-02
   2.4997335e-02
   1.4360451e-02
   5.3578927e-03
   0.0000000e+00
  -0.0000000e+00
   1.5108020e-02
   3.2465577e-02
   3.4238912e-02
   2.2509599e-02
   0.0000000e+00
   0.0000000e+00
  -2.4067138e-04
   1.3021507e-02
   1.8876152e-02
   2.4462520e-02
   2.8914114e-02
   3.1721901e-02
   3.3453174e-02
   3.6164667e-02
   1.6471075e-02
   2.3396991e-02
   2.7984965e-02
   0.0000000e+00
   2.6878415e-02
   2.9404838e-02
   2.7356640e-02
   2.2675503e-02
   1.7382041e-02
   1.2089804e-02
   8.2186973e-03
   5.9971409e-03
   5.3562666e-03
   5.1030363e-03
   5.6063142e-03
   7.0796218e-03
   7.0530926e-03
   4.0419237e-03
  -1.5729966e-04
   1.3948843e-03
   0.0000000e+00
  -0.0000000e+00
  -4.1225036e-03
   1.1865294e-02
   9.7378641e-03
   8.1423810e-04
   0.0000000e+00
   0.0000000e+00
  -0.0000000e+00
   3.7485759e-03
   4.0736864e-03
   6.2003043e-03
   7.5970544e-03
   7.5226296e-03
   7.5352918e-03
   9.7857611e-03
  -1.3022819e-02
  -6.1832112e-03
  -3.1360067e-03
  -4.3555020e-03
  -8.6900417e-04
   3.3704314e-04
  -1.4092936e-03
  -5.1355488e-03
  -8.1961807e-03
  -1.0726975e-02
  -1.2554914e-02
  -1.3252470e-02
  -1.3029348e-02
  -1.2526940e-02
  -1.2117859e-02
  -1.2812199e-02
  -1.5314136e-02
  -1.9928858e-02
  -1.4214636e-02
  -8.0850231e-04
   0.0000000e+00
   0.0000000e+00
  -2.1511054e-02
  -9.2006736e-03
  -1.5807988e-02
  -2.1963201e-02
   0.0000000e+00
   0.0000000e+00
   0.0000000e+00
   0.0000000e+00
  -1.4536805e-02
  -1.7449237e-02
  -1.6780622e-02
  -1.8490149e-02
  -2.0030666e-02
  -1.8519307e-02
  -3.1556282e-02
  -2.4452196e-02
  -1.4868366e-02
  -1.6474158e-02
  -1.8157894e-02
  -1.8416049e-02
  -2.0864563e-02
  -2.3808759e-02
  -2.5395598e-02
  -2.6007377e-02
  -2.6096977e-02
  -2.5561007e-02
  -2.4669798e-02
  -2.3678461e-02
  -2.3766229e-02
  -2.6660223e-02
  -3.1441379e-02
  -3.6664326e-02
  -2.7427655e-02
  -7.8953719e-03
   0.0000000e+00
   0.0000000e+00
  -0.0000000e+00
  -2.2173155e-02
  -3.0072264e-02
  -2.7714889e-02
   0.0000000e+00
   0.0000000e+00
  -0.0000000e+00
  -1.1745554e-02
  -2.4804274e-02
  -3.2850124e-02
  -3.1660605e-02
  -3.3261251e-02
  -3.5916790e-02
  -3.5682146e-02
  -4.3385804e-02
  -3.5876177e-02
  -2.6733397e-02
  -2.6574839e-02
  -2.8481012e-02
  -3.0526338e-02
  -3.3613037e-02
  -3.6091372e-02
  -3.7273187e-02
  -3.6887109e-02
  -3.5775449e-02
  -3.4079392e-02
  -3.2624952e-02
  -3.2323264e-02
  -3.4743994e-02
  -4.0629540e-02
  -4.6967100e-02
  -5.1435385e-02
  -4.2183264e-02
  -2.0416459e-02
   0.0000000e+00
   0.0000000e+00
  -0.0000000e+00
  -3.2989837e-02
  -3.5505131e-02
  -1.1146669e-02
   0.0000000e+00
   0.0000000e+00
  -0.0000000e+00
  -2.1836124e-02
  -2.7957167e-02
  -4.5115432e-02
  -4.3061775e-02
  -4.2833369e-02
  -4.4891689e-02
  -4.6121664e-02
  -4.4019394e-02
  -3.5847064e-02
  -2.8342105e-02
  -2.8347706e-02
  -3.0430835e-02
  -3.3652987e-02
  -3.6745209e-02
  -3.8785640e-02
  -3.9953411e-02
  -3.9914027e-02
  -3.8919508e-02
  -3.7760288e-02
  -3.7716683e-02
  -4.0175285e-02
  -4.5280237e-02
  -5.2205820e-02
  -5.7298623e-02
  -5.8260147e-02
  -4.7551086e-02
   0.0000000e+00
   0.0000000e+00
   0.0000000e+00
  -0.0000000e+00
  -3.9792104e-02
  -3.3865657e-02
  -8.5291060e-04
   0.0000000e+00
   0.0000000e+00
  -0.0000000e+00
  -2.4675015e-02
  -2.5121344e-02
  -2.7981294e-02
  -4.8447219e-02
  -4.5084596e-02
  -4.5284629e-02
  -4.6625763e-02
  -3.7429538e-02
  -2.9828422e-02
  -2.4714539e-02
  -2.4940712e-02
  -2.7098937e-02
  -3.0226275e-02
  -3.2540105e-02
  -3.4082320e-02
  -3.5482328e-02
  -3.7042245e-02
  -3.8683601e-02
  -4.1087169e-02
  -4.4874843e-02
  -4.9615745e-02
  -5.4857012e-02
  -5.9016086e-02
  -5.9347522e-02
  -5.2545868e-02
  -2.5110826e-02
   0.0000000e+00
   0.0000000e+00
   0.0000000e+00
   0.0000000e+00
  -0.0000000e+00
  -3.0445628e-02
  -5.7028983e-03
   0.0000000e+00
   0.0000000e+00
  -0.0000000e+00
  -2.8829329e-02
  -1.6658274e-02
  -9.9521587e-03
  -0.0000000e+00
  -4.2245970e-02
  -4.0699825e-02
  -4.0616326e-02
  -2.7458481e-02
  -2.1802042e-02
  -1.7986346e-02
  -1.7900633e-02
  -1.9528646e-02
  -2.1256551e-02
  -2.2762585e-02
  -2.4399713e-02
  -2.6914254e-02
  -3.1183526e-02
  -3.7074719e-02
  -4.4401683e-02
  -5.2010696e-02
  -5.7419728e-02
  -6.0189258e-02
  -5.8573861e-02
  -5.1100917e-02
  -3.3907436e-02
  -1.2790541e-02
   0.0000000e+00
   0.0000000e+00
   0.0000000e+00
   0.0000000e+00
  -0.0000000e+00
  -2.4233356e-02
  -6.1669368e-03
   0.0000000e+00
   0.0000000e+00
  -0.0000000e+00
  -3.3243163e-02
  -1.0337019e-02
   2.8249182e-03
   0.0000000e+00
  -0.0000000e+00
  -3.2871616e-02
  -3.0430481e-02
  -1.8681839e-02
  -1.4659260e-02
  -1.1242611e-02
  -1.0617419e-02
  -1.1236213e-02
  -1.2113269e-02
  -1.3725104e-02
  -1.6118249e-02
  -1.9861639e-02
  -2.5739500e-02
  -3.3284418e-02
  -4.1771486e-02
  -4.9628496e-02
  -5.4203063e-02
  -5.4249853e-02
  -4.7935948e-02
  -3.4906074e-02
  -1.3150183e-02
   1.8380168e-03
   0.0000000e+00
   0.0000000e+00
   0.0000000e+00
   0.0000000e+00
  -0.0000000e+00
  -1.3730023e-02
   7.1550097e-04
   0.0000000e+00
   0.0000000e+00
   0.0000000e+00
  -0.0000000e+00
  -7.6957373e-03
   3.1424105e-03
   0.0000000e+00
   0.0000000e+00
  -2.3434426e-02
  -2.0162042e-02
  -1.2547958e-02
  -1.0181754e-02
  -6.8256170e-03
  -6.0666362e-03
  -6.4569945e-03
  -7.8860400e-03
  -1.0554774e-02
  -1.4312345e-02
  -1.9280363e-02
  -2.5656026e-02
  -3.2450996e-02
  -3.8734429e-02
  -4.3248590e-02
  -4.4773053e-02
  -4.2075291e-02
  -3.3435892e-02
  -1.9419434e-02
  -1.8154091e-04
   9.7689567e-03
   0.0000000e+00
   0.0000000e+00
   0.0000000e+00
  -0.0000000e+00
  -1.8206957e-02
  -6.9750159e-04
   8.6711501e-03
   0.0000000e+00
   0.0000000e+00
   0.0000000e+00
  -0.0000000e+00
  -6.1208815e-03
   3.2728857e-03
   0.0000000e+00
   0.0000000e+00
  -1.7328223e-02
  -1.2859261e-02
  -1.0596808e-02
  -9.8148081e-03
  -5.9737919e-03
  -5.2214231e-03
  -5.6598394e-03
  -7.5437948e-03
  -1.1029379e-02
  -1.5996667e-02
  -2.2052990e-02
  -2.8657120e-02
  -3.4480843e-02
  -3.8683041e-02
  -4.0514755e-02
  -3.9839479e-02
  -3.5840101e-02
  -2.7616702e-02
  -1.6457623e-02
  -2.1774044e-03
   8.0632927e-03
   0.0000000e+00
   0.0000000e+00
   0.0000000e+00
  -2.4245864e-02
  -1.1637980e-02
   4.1859180e-03
   0.0000000e+00
   0.0000000e+00
   0.0000000e+00
   0.0000000e+00
   0.0000000e+00
  -6.4706199e-03
   4.1406671e-03
   0.0000000e+00
   0.0000000e+00
  -1.4307731e-02
  -9.6434834e-03
  -1.4543090e-02
  -1.4444877e-02
  -9.5495533e-03
  -9.0265692e-03
  -8.6383558e-03
  -9.0011431e-03
  -1.1084966e-02
  -1.5252018e-02
  -2.1056869e-02
  -2.7611930e-02
  -3.3339973e-02
  -3.7434160e-02
  -3.9375882e-02
  -3.9387717e-02
  -3.7151232e-02
  -3.2642819e-02
  -2.7694997e-02
  -2.1506152e-02
  -4.5535666e-03
   0.0000000e+00
   0.0000000e+00
  -0.0000000e+00
  -1.4960357e-02
   2.8926387e-03
   0.0000000e+00
   0.0000000e+00
   0.0000000e+00
   0.0000000e+00
   0.0000000e+00
   0.0000000e+00
  -9.3407525e-03
  -1.2037478e-03
   0.0000000e+00
   0.0000000e+00
  -6.4020674e-03
  -2.3413899e-03
  -1.2666125e-02
  -1.6357882e-02
  -1.5834088e-02
  -1.7091203e-02
  -1.6366750e-02
  -1.5091006e-02
  -1.4770364e-02
  -1.6460346e-02
  -2.0408906e-02
  -2.5867261e-02
  -3.1277128e-02
  -3.6127560e-02
  -4.0165097e-02
  -4.3726247e-02
  -4.6382286e-02
  -4.7638997e-02
  -4.7638118e-02
  -4.7259945e-02
  -3.9463535e-02
   0.0000000e+00
   0.0000000e+00
  -3.6654989e-02
  -1.1192657e-02
   8.0920802e-03
   0.0000000e+00
   0.0000000e+00
   0.0000000e+00
   0.0000000e+00
   0.0000000e+00
   0.0000000e+00
  -0.0000000e+00
  -3.1184445e-03
   9.5616145e-03
   6.0198211e-03
   1.2738545e-03
   4.4245913e-03
  -0.0000000e+00
  -0.0000000e+00
  -2.4859678e-02
  -2.8425969e-02
  -2.9286174e-02
  -2.8270673e-02
  -2.6894458e-02
  -2.6570622e-02
  -2.8808722e-02
  -3.3637285e-02
  -3.9365463e-02
  -4.5219447e-02
  -5.0720945e-02
  -5.5177223e-02
  -5.7845406e-02
  -5.9344292e-02
  -6.1622959e-02
  -6.6459984e-02
  -7.9350610e-02
  -8.8819634e-02
  -0.0000000e+00
  -4.6181053e-02
  -1.7320668e-02
   6.5651019e-03
   0.0000000e+00
   0.0000000e+00
   0.0000000e+00
   0.0000000e+00
   0.0000000e+00
   0.0000000e+00
  -0.0000000e+00
  -4.6116747e-03
   1.3876191e-02
   1.1139065e-02
   0.0000000e+00
   0.0000000e+00
  -0.0000000e+00
  -0.0000000e+00
  -3.4345530e-02
  -3.9111391e-02
  -4.3062299e-02
  -4.4360898e-02
  -4.3900672e-02
  -4.3400824e-02
  -4.4786919e-02
  -4.9201164e-02
  -5.5664524e-02
  -6.2419929e-02
  -6.8066381e-02
  -6.9340393e-02
  -6.4655818e-02
  -5.6936268e-02
  -5.8253843e-02
  -6.6852197e-02
  -8.2948975e-02
  -8.9884027e-02
  -6.9605651e-02
  -5.6400832e-02
  -3.2378707e-02
   8.6124440e-03
   0.0000000e+00
   0.0000000e+00
   0.0000000e+00
   0.0000000e+00
   0.0000000e+00
  -0.0000000e+00
  -3.2880074e-02
  -9.1966870e-03
   9.9181755e-03
   1.6639302e-02
   0.0000000e+00
   0.0000000e+00
  -0.0000000e+00
  -3.4632734e-02
  -3.9335266e-02
  -4.4941049e-02
  -5.1122114e-02
  -5.4798983e-02
  -5.5815436e-02
  -5.6097470e-02
  -5.6762133e-02
  -5.9761446e-02
  -6.5405577e-02
  -7.1201660e-02
  -7.4672885e-02
  -7.2276637e-02
  -6.1839532e-02
  -4.3847691e-02
  -3.8989638e-02
  -5.6365926e-02
  -6.4554438e-02
  -7.2193258e-02
  -6.4446621e-02
  -5.9187315e-02
  -4.9768489e-02
  -3.2933369e-02
   0.0000000e+00
   0.0000000e+00
   0.0000000e+00
   0.0000000e+00
   0.0000000e+00
  -0.0000000e+00
  -4.1730531e-02
  -1.6823106e-02
   0.0000000e+00
   0.0000000e+00
   0.0000000e+00
   0.0000000e+00
  -0.0000000e+00
  -2.9510396e-02
  -3.6736265e-02
  -4.5311496e-02
  -5.2554209e-02
  -5.7578843e-02
  -5.9892703e-02
  -6.0463689e-02
  -6.0584366e-02
  -6.1717607e-02
  -6.4480260e-02
  -6.7500658e-02
  -6.8097450e-02
  -6.3903153e-02
  -5.2146420e-02
  -2.9033745e-02
  -1.5666720e-02
  -4.9536032e-02
  -4.7131345e-02
  -5.1662903e-02
  -5.1943112e-02
  -5.4591689e-02
  -5.8362987e-02
  -5.6433953e-02
   0.0000000e+00
   0.0000000e+00
   0.0000000e+00
   0.0000000e+00
   0.0000000e+00
  -0.0000000e+00
  -4.7890529e-02
  -3.1968842e-02
  -5.1324976e-03
   0.0000000e+00
   0.0000000e+00
   0.0000000e+00
  -0.0000000e+00
  -2.1196928e-02
  -2.9512517e-02
  -3.9925136e-02
  -4.7476601e-02
  -5.3185672e-02
  -5.6510124e-02
  -5.7057627e-02
  -5.6599170e-02
  -5.5799704e-02
  -5.5199686e-02
  -5.4716989e-02
  -5.3735614e-02
  -4.9359899e-02
  -3.8086679e-02
  -1.4932118e-02
  -3.3361843e-03
  -0.0000000e+00
  -2.9828122e-02
  -3.1932019e-02
  -3.5399437e-02
  -4.2605985e-02
  -5.3741023e-02
  -6.0569650e-02
   0.0000000e+00
   0.0000000e+00
   0.0000000e+00
  -0.0000000e+00
  -4.6387918e-02
  -3.7300589e-02
  -4.2110343e-02
  -3.5329226e-02
  -1.9653747e-02
   0.0000000e+00
   0.0000000e+00
   0.0000000e+00
   0.0000000e+00
  -1.1435452e-02
  -1.8290073e-02
  -2.7471058e-02
  -3.4236990e-02
  -3.9345123e-02
  -4.2699717e-02
  -4.3483101e-02
  -4.2626053e-02
  -4.1048564e-02
  -3.9571788e-02
  -3.7686501e-02
  -3.6059614e-02
  -3.2088250e-02
  -2.2072529e-02
  -1.9090067e-03
   3.4553730e-03
  -0.0000000e+00
  -1.1036354e-02
  -1.0599857e-02
  -1.5853545e-02
  -2.4414472e-02
  -3.7205912e-02
  -4.7621809e-02
  -3.3674417e-02
   0.0000000e+00
  -0.0000000e+00
  -4.3174416e-02
  -4.3154530e-02
  -2.0045784e-02
   0.0000000e+00
  -3.0603800e-02
   0.0000000e+00
   0.0000000e+00
   0.0000000e+00
   0.0000000e+00
   0.0000000e+00
   1.9439411e-03
  -1.6790123e-03
  -8.5187117e-03
  -1.4045359e-02
  -1.8012581e-02
  -2.0850182e-02
  -2.2136234e-02
  -2.1856965e-02
  -2.1483026e-02
  -2.1473190e-02
  -2.0872749e-02
  -1.9732812e-02
  -1.6334897e-02
  -7.5629577e-03
   9.9261748e-03
   8.4264638e-03
  -0.0000000e+00
   8.5942084e-03
   1.2462192e-02
   3.8097932e-03
  -5.2918443e-03
  -1.7150450e-02
  -3.0428819e-02
  -2.9684812e-02
   0.0000000e+00
  -0.0000000e+00
  -2.8905242e-02
  -2.6261767e-02
  -1.3612702e-02
  -0.0000000e+00
  -1.1781644e-02
   0.0000000e+00
   0.0000000e+00
   0.0000000e+00
   0.0000000e+00
   0.0000000e+00
   2.4982936e-02
   2.8996164e-02
   2.5022516e-02
   2.1241069e-02
   1.8612502e-02
   1.5856272e-02
   1.3167587e-02
   1.0299925e-02
   7.0039239e-03
   4.0864344e-03
   2.0751404e-03
   8.3088333e-04
   2.6674378e-03
   1.0631490e-02
   1.6709348e-02
   0.0000000e+00
   0.0000000e+00
   3.3905364e-02
   4.0290650e-02
   2.9510802e-02
   1.9842170e-02
   9.3291998e-03
  -3.6067856e-03
  -6.8322662e-03
  -6.7557278e-03
   6.4546691e-04
   0.0000000e+00
   4.3826392e-03
   6.6954934e-03
   1.0605825e-02
   1.7914070e-02
   0.0000000e+00
   0.0000000e+00
   0.0000000e+00
   0.0000000e+00
   0.0000000e+00
   3.9415967e-02
   4.5697775e-02
   4.8248481e-02
   4.8351725e-02
   4.7997985e-02
   4.5709625e-02
   4.1328328e-02
   3.5396412e-02
   2.8807752e-02
   2.3141793e-02
   1.8874805e-02
   1.5258803e-02
   1.5472396e-02
   2.3329532e-02
   2.6224048e-02
   0.0000000e+00
   0.0000000e+00
   0.0000000e+00
   0.0000000e+00
   4.6614472e-02
   4.0010925e-02
   3.0061428e-02
   1.6641872e-02
   6.4242098e-03
   0.0000000e+00
   0.0000000e+00
   0.0000000e+00
   1.9157613e-02
   1.7994095e-02
   2.1093166e-02
   0.0000000e+00
   0.0000000e+00
   0.0000000e+00
   0.0000000e+00
   0.0000000e+00
   0.0000000e+00
   2.8442434e-02
   4.4911258e-02
   5.6420930e-02
   6.5240368e-02
   6.9533095e-02
   6.7687839e-02
   6.1795462e-02
   5.4014400e-02
   4.5317195e-02
   3.7569400e-02
   3.0908825e-02
   2.5531523e-02
   2.4267597e-02
   2.9963098e-02
   0.0000000e+00
   0.0000000e+00
   0.0000000e+00
   0.0000000e+00
   0.0000000e+00
   5.2218277e-02
   5.5897135e-02
   4.8183665e-02
   3.7640337e-02
   2.6957456e-02
   2.8993329e-02
   0.0000000e+00
   0.0000000e+00
   3.4565325e-02
   2.4066976e-02
   0.0000000e+00
   0.0000000e+00
   0.0000000e+00
   0.0000000e+00
   0.0000000e+00
   0.0000000e+00
   0.0000000e+00
   0.0000000e+00
   0.0000000e+00
   5.1260572e-02
   6.6401631e-02
   7.0686013e-02
   6.8643861e-02
   6.2855028e-02
   5.4964159e-02
   4.6809047e-02
   4.0034891e-02
   3.3598691e-02
   2.8270390e-02
   2.6099650e-02
   2.4345106e-02
   0.0000000e+00
   0.0000000e+00
   0.0000000e+00
   0.0000000e+00
   0.0000000e+00
   0.0000000e+00
   5.8045038e-02
   4.9956918e-02
   5.0100926e-02
   4.0529024e-02
   3.5214917e-02
   0.0000000e+00
   0.0000000e+00
   0.0000000e+00
   0.0000000e+00
   0.0000000e+00
   0.0000000e+00
   0.0000000e+00
   0.0000000e+00
   0.0000000e+00
   0.0000000e+00
   0.0000000e+00
   0.0000000e+00
   0.0000000e+00
   3.7686954e-02
   4.7679666e-02
   5.0559485e-02
   4.9647810e-02
   4.6436541e-02
   4.2162618e-02
   3.7243895e-02
   3.3172987e-02
   2.9900368e-02
   2.7681191e-02
   2.5967764e-02
   2.1022243e-02
   0.0000000e+00
   0.0000000e+00
   0.0000000e+00
   0.0000000e+00
   0.0000000e+00
   0.0000000e+00
   0.0000000e+00
   4.1580253e-02
   5.0180683e-02
   4.7591426e-02
   4.3228178e-02
   0.0000000e+00
   0.0000000e+00
   0.0000000e+00
   0.0000000e+00
   0.0000000e+00
   0.0000000e+00
   0.0000000e+00
   0.0000000e+00
   0.0000000e+00
   0.0000000e+00
   0.0000000e+00
   0.0000000e+00
   0.0000000e+00
   1.2536914e-02
   1.1946955e-02
   1.3384162e-02
   1.6319467e-02
   1.8717474e-02
   1.9883743e-02
   1.9868001e-02
   2.0157767e-02
   2.1947429e-02
   2.3842052e-02
   2.4421297e-02
   2.1543679e-02
   0.0000000e+00
   0.0000000e+00
   0.0000000e+00
   0.0000000e+00
   0.0000000e+00
   0.0000000e+00
   0.0000000e+00
   2.2929239e-02
   3.3496150e-02
   3.4704458e-02
   3.6247511e-02
   0.0000000e+00
   0.0000000e+00
   0.0000000e+00
   0.0000000e+00
   0.0000000e+00
   0.0000000e+00
   0.0000000e+00
   0.0000000e+00
   0.0000000e+00
   0.0000000e+00
   0.0000000e+00
   0.0000000e+00
   0.0000000e+00
  -2.3997116e-02
  -2.4432736e-02
  -1.8325183e-02
  -1.6340712e-02
  -9.8289251e-03
  -4.7077877e-03
   7.4593251e-04
   6.4633498e-03
   1.2175406e-02
   1.7829234e-02
   1.7258308e-02
   1.2716389e-02
   0.0000000e+00
   0.0000000e+00
   0.0000000e+00
   0.0000000e+00
   0.0000000e+00
   0.0000000e+00
   0.0000000e+00
   0.0000000e+00
   0.0000000e+00
   0.0000000e+00
   4.3672444e-03
   3.9332907e-03
   0.0000000e+00
  -0.0000000e+00
  -0.0000000e+00
   0.0000000e+00
   0.0000000e+00
   0.0000000e+00
   0.0000000e+00
   0.0000000e+00
   0.0000000e+00
   0.0000000e+00
   0.0000000e+00
   0.0000000e+00
   0.0000000e+00
  -0.0000000e+00
   0.0000000e+00
  -3.2765654e-02
  -2.7577542e-02
  -2.0848837e-02
  -1.3932477e-02
  -6.6583595e-03
   1.7536386e-04
   0.0000000e+00
  -0.0000000e+00
   0.0000000e+00
   0.0000000e+00
   0.0000000e+00
   0.0000000e+00
   0.0000000e+00
   0.0000000e+00
   0.0000000e+00
   0.0000000e+00
  -0.0000000e+00
   0.0000000e+00
   0.0000000e+00
  -0.0000000e+00
  -1.3583433e-02
  -1.0175349e-02
  -6.9710732e-03
  -5.5773516e-03
  -6.3132587e-03
   2.7442547e-04
   2.3239135e-03
   0.0000000e+00
   0.0000000e+00
   0.0000000e+00
  -2.4411531e-03
  -4.4932477e-04
  -1.3593141e-03
  -0.0000000e+00
  -0.0000000e+00
  -0.0000000e+00
  -0.0000000e+00
  -0.0000000e+00
  -1.8952203e-02
  -1.3345959e-02
  -0.0000000e+00
  -0.0000000e+00
  -0.0000000e+00
  -0.0000000e+00
  -0.0000000e+00
  -0.0000000e+00
  -0.0000000e+00
  -0.0000000e+00
  -0.0000000e+00
  -0.0000000e+00
  -0.0000000e+00
  -0.0000000e+00
  -0.0000000e+00
  -0.0000000e+00
  -0.0000000e+00
  -6.4346607e-03
  -7.1171684e-03
  -7.6891339e-03
  -6.5179880e-03
  -5.2058093e-03
  -5.4677196e-03
  -6.5669066e-03
  -7.0820131e-03
  -5.6373098e-03
  -4.1910730e-03
  -2.9023039e-03
