  -1.6455878e-02
  -1.9304522e-02
  -9.7846429e-03
  -9.2648203e-03
  -1.3621804e-02
   0.0000000e+00
  -0.0000000e+00
  -6.8575855e-03
  -1.3762017e-02
  -1.4764670e-02
  -1.5844956e-02
  -1.9837411e-02
  -2.2754842e-02
  -2.2015832e-02
  -2.3558226e-02
  -2.2777969e-02
   0.0000000e+00
  -2.1694563e-02
  -2.2931709e-02
  -1.9116406e-02
  -1.5802444e-02
  -1.4945824e-02
  -1.3388638e-02
  -1.0837336e-02
  -0.0000000e+00
   0.0000000e+00
   0.0000000e+00
   0.0000000e+00
   0.0000000e+00
   0.0000000e+00
   0.0000000e+00
   0.0000000e+00
   0.0000000e+00
   0.0000000e+00
   0.0000000e+00
   0.0000000e+00
  -2.3985778e-02
  -2.0348815e-02
  -1.8292288e-02
  -1.4627425e-02
  -1.4797680e-02
  -1.7861976e-02
  -2.0279762e-02
  -1.5514777e-02
  -1.6421666e-02
  -1.5383088e-02
  -1.4803108e-02
  -1.6437425e-02
  -1.8621645e-02
  -1.6985424e-02
  -1.6603593e-02
  -1.7322405e-02
  -1.5492065e-02
  -1.7011741e-02
  -2.2330573e-02
  -1.2322626e-02
  -1.5194812e-02
  -1.3442905e-02
  -1.2481868e-02
  -1.1429765e-02
  -1.3023932e-02
  -1.6690105e-02
  -1.8489706e-02
  -1.7780185e-02
  -1.4275155e-02
  -1.2331330e-02
  -1.5197017e-02
  -1.8055279e-02
  -1.8827787e-02
  -2.3374848e-02
  -2.8069228e-02
  -3.2779338e-02
  -1.5208376e-02
  -1.1393695e-02
  -9.0921001e-03
  -1.0491635e-02
  -0.0000000e+00
  -1.3617450e-02
  -1.2504654e-02
  -1.2766533e-02
  -1.1202326e-02
  -8.2132518e-03
  -4.8069200e-03
  -6.8106700e-04
   6.4168799e-04
   1.2865837e-03
   2.9405663e-03
   3.3950459e-03
   2.7508514e-03
   1.1209332e-04
  -1.5519814e-03
   4.3149437e-04
   2.7984898e-03
   4.3965526e-03
   4.1581048e-03
   1.1535450e-03
  -2.6218897e-03
  -4.8228595e-03
  -3.8775716e-03
  -5.0210208e-04
   2.7514824e-03
   4.0690154e-03
   1.1246305e-03
  -2.1362870e-03
  -4.5008180e-03
  -6.4996892e-03
  -9.2117889e-03
  -1.3696091e-02
   0.0000000e+00
   0.0000000e+00
   0.0000000e+00
   0.0000000e+00
   0.0000000e+00
   0.0000000e+00
   2.3233674e-03
   5.8241114e-03
   8.8470218e-03
   7.1377129e-03
   1.6096169e-02
   2.4071455e-02
   2.9820256e-02
   3.1299498e-02
   3.3014223e-02
   3.5232305e-02
   3.6300775e-02
   3.6193635e-02
   3.4725789e-02
   2.5984664e-02
   3.0225699e-02
   2.7280448e-02
   2.7151734e-02
   2.3587614e-02
   1.9520593e-02
   1.8260080e-02
   2.1017022e-02
   2.5625252e-02
   2.8556196e-02
   2.9448884e-02
   2.9150771e-02
   2.7690046e-02
   2.7079744e-02
   2.8368941e-02
   3.1207919e-02
   3.3970458e-02
   0.0000000e+00
   0.0000000e+00
   0.0000000e+00
   0.0000000e+00
   0.0000000e+00
   2.0889898e-02
   2.1692561e-02
   2.6772473e-02
   3.2900716e-02
   3.9016447e-02
   3.9177489e-02
   4.3224711e-02
   4.8002087e-02
   5.1459577e-02
   5.4752842e-02
   5.7897784e-02
   6.1339617e-02
   6.3844495e-02
   6.1955977e-02
   0.0000000e+00
   3.7269252e-02
   4.0844064e-02
   4.6313748e-02
   4.6634663e-02
   4.6308290e-02
   4.5951471e-02
   4.7251798e-02
   4.8167154e-02
   4.5865722e-02
   4.5021378e-02
   4.6357617e-02
   4.7950730e-02
   5.1570494e-02
   5.7131678e-02
   6.2628217e-02
   6.2189505e-02
   7.0171261e-02
   0.0000000e+00
   0.0000000e+00
   0.0000000e+00
   0.0000000e+00
   3.9667244e-02
   4.1503775e-02
   4.2139831e-02
   4.5657246e-02
   5.0488339e-02
   5.0921851e-02
   5.0437120e-02
   5.1899818e-02
   5.4527526e-02
   5.8004398e-02
   6.1840337e-02
   6.7231588e-02
   7.1592561e-02
   6.6881090e-02
   5.6409404e-02
   0.0000000e+00
   3.9429343e-02
   5.2381647e-02
   6.0316637e-02
   6.4755611e-02
   6.4359300e-02
   6.1279956e-02
   5.5180987e-02
   4.1979550e-02
   4.5826664e-02
   5.0667887e-02
   5.4391158e-02
   6.0278818e-02
   6.9136284e-02
   7.5927539e-02
   7.4431054e-02
   6.7989289e-02
   6.0659761e-02
   0.0000000e+00
   4.8186798e-02
   4.9683224e-02
   5.2493581e-02
   5.2514758e-02
   5.0494812e-02
   5.0718524e-02
   5.1792599e-02
   4.9224980e-02
   4.6122711e-02
   4.4760000e-02
   4.5322556e-02
   4.7805857e-02
   5.1453158e-02
   5.6727894e-02
   6.0829591e-02
   5.5617962e-02
   4.1187205e-02
   0.0000000e+00
   2.9457858e-02
   4.2114496e-02
   5.7146855e-02
   6.6549495e-02
   6.3402072e-02
   5.0301835e-02
   0.0000000e+00
   2.2010503e-02
   3.2152288e-02
   4.0793490e-02
   4.5578253e-02
   5.3618334e-02
   6.2461749e-02
   6.9268733e-02
   7.0213765e-02
   5.2359660e-02
   5.1604866e-02
   4.6104733e-02
   4.7143749e-02
   4.9191530e-02
   5.2290916e-02
   5.2316835e-02
   4.9699977e-02
   4.6107970e-02
   4.1973713e-02
   3.7298556e-02
   3.2748505e-02
   3.0274879e-02
   2.9512545e-02
   3.0535007e-02
   3.3244807e-02
   3.6901258e-02
   3.8457789e-02
   3.3210389e-02
   1.9008273e-02
   0.0000000e+00
   0.0000000e+00
   1.6939314e-02
   3.7271373e-02
   4.8870509e-02
   4.1985121e-02
   2.6504676e-02
   0.0000000e+00
   2.5033851e-03
   1.3261827e-02
   2.4631002e-02
   2.9184621e-02
   3.7148401e-02
   4.2775276e-02
   4.6642877e-02
   4.9153242e-02
   2.5398005e-02
   3.3064596e-02
   3.4342542e-02
   3.4570481e-02
   3.6161199e-02
   3.9578628e-02
   3.9110787e-02
   3.5410583e-02
   2.9857725e-02
   2.4184320e-02
   1.9106247e-02
   1.5254342e-02
   1.3481156e-02
   1.2838398e-02
   1.3019411e-02
   1.4583398e-02
   1.6427534e-02
   1.5904076e-02
   1.0818674e-02
   4.4859022e-03
   0.0000000e+00
  -0.0000000e+00
  -2.5284461e-03
   1.4496670e-02
   2.4503361e-02
   1.4948893e-02
   0.0000000e+00
   0.0000000e+00
  -0.0000000e+00
  -4.2656250e-03
   9.6232424e-03
   1.3193896e-02
   1.7193466e-02
   1.8997170e-02
   1.9708045e-02
   2.1142961e-02
  -2.5847973e-03
   4.6480023e-03
   9.4976686e-03
   0.0000000e+00
   1.1288553e-02
   1.3919315e-02
   1.4156933e-02
   1.1017724e-02
   6.3408059e-03
   2.3195234e-03
  -1.2202584e-03
  -3.4874887e-03
  -4.1806954e-03
  -4.1504353e-03
  -3.9505740e-03
  -3.3763573e-03
  -3.4772558e-03
  -6.1111674e-03
  -1.0131293e-02
  -1.8412861e-03
   0.0000000e+00
   0.0000000e+00
  -2.0223796e-02
  -5.7953866e-03
   1.1070760e-03
  -9.3120951e-03
   0.0000000e+00
   0.0000000e+00
   0.0000000e+00
  -0.0000000e+00
  -4.9254932e-03
  -6.1529484e-03
  -5.6241322e-03
  -5.5407146e-03
  -7.0236782e-03
  -6.5377685e-03
  -2.5168470e-02
  -1.9242954e-02
  -1.0954276e-02
  -8.3847382e-03
  -1.0073069e-02
  -9.3063200e-03
  -9.8312793e-03
  -1.2839968e-02
  -1.5825011e-02
  -1.7594103e-02
  -1.8890103e-02
  -1.9460071e-02
  -1.9192993e-02
  -1.8550958e-02
  -1.7769558e-02
  -1.8405694e-02
  -2.0877304e-02
  -2.5703566e-02
  -2.7822201e-02
  -9.4126984e-03
   0.0000000e+00
   0.0000000e+00
  -0.0000000e+00
  -1.9529780e-02
  -1.8029328e-02
  -2.6506636e-02
   0.0000000e+00
   0.0000000e+00
   0.0000000e+00
  -1.1745555e-02
  -1.8785877e-02
  -2.3473598e-02
  -2.4843948e-02
  -2.4540505e-02
  -2.7426597e-02
  -2.8123284e-02
  -4.1534070e-02
  -3.6496054e-02
  -2.6801802e-02
  -2.2154415e-02
  -2.4387866e-02
  -2.5403729e-02
  -2.7556291e-02
  -3.0494833e-02
  -3.2590300e-02
  -3.3059224e-02
  -3.2585513e-02
  -3.1626843e-02
  -3.0219723e-02
  -2.9199384e-02
  -2.8877649e-02
  -3.1872347e-02
  -3.7086058e-02
  -4.3366861e-02
  -4.4424675e-02
  -2.1542317e-02
   0.0000000e+00
   0.0000000e+00
   0.0000000e+00
  -2.5447965e-02
  -3.3031259e-02
  -2.7667886e-02
   0.0000000e+00
   0.0000000e+00
   0.0000000e+00
  -1.6541993e-02
  -2.3576859e-02
  -3.4744695e-02
  -4.0895253e-02
  -3.8423732e-02
  -4.0752947e-02
  -4.2780057e-02
  -4.6943065e-02
  -4.1841712e-02
  -3.1948261e-02
  -2.7361797e-02
  -2.9308863e-02
  -3.1447146e-02
  -3.4627661e-02
  -3.7289929e-02
  -3.9307561e-02
  -3.9559741e-02
  -3.8687095e-02
  -3.6940716e-02
  -3.5198197e-02
  -3.4819461e-02
  -3.7041154e-02
  -4.2600360e-02
  -4.9312331e-02
  -5.4806080e-02
  -5.4324523e-02
  -4.0370814e-02
   0.0000000e+00
   0.0000000e+00
   0.0000000e+00
  -3.2325000e-02
  -3.9770577e-02
  -1.9692902e-02
   9.6242783e-03
   0.0000000e+00
   0.0000000e+00
  -2.2485837e-02
  -2.4142561e-02
  -3.4439132e-02
  -4.7114661e-02
  -4.5471761e-02
  -4.4994608e-02
  -4.7056969e-02
  -4.3294076e-02
  -3.7666302e-02
  -2.8966190e-02
  -2.6478257e-02
  -2.7871428e-02
  -3.0861255e-02
  -3.4093849e-02
  -3.6123421e-02
  -3.7848290e-02
  -3.8619108e-02
  -3.8960859e-02
  -3.8996033e-02
  -3.9933961e-02
  -4.2665184e-02
  -4.7683008e-02
  -5.3638760e-02
  -5.8365282e-02
  -5.9311192e-02
  -4.8472948e-02
  -0.0000000e+00
   0.0000000e+00
   0.0000000e+00
   0.0000000e+00
  -0.0000000e+00
  -4.0652134e-02
  -1.6130807e-02
   2.6375101e-03
   0.0000000e+00
   0.0000000e+00
  -2.6723132e-02
  -2.3864426e-02
  -1.9507115e-02
  -0.0000000e+00
  -4.7083211e-02
  -4.2964663e-02
  -4.3825306e-02
  -3.4157455e-02
  -2.9179908e-02
  -2.2558782e-02
  -2.1006698e-02
  -2.2173071e-02
  -2.4717733e-02
  -2.6825396e-02
  -2.8287454e-02
  -3.0059475e-02
  -3.2374628e-02
  -3.5818893e-02
  -4.0598441e-02
  -4.6339441e-02
  -5.1978901e-02
  -5.7054184e-02
  -5.9828326e-02
  -5.8867577e-02
  -5.1374421e-02
  -2.9306295e-02
  -0.0000000e+00
   0.0000000e+00
   0.0000000e+00
   0.0000000e+00
  -0.0000000e+00
  -3.6709506e-02
  -1.4507962e-02
   0.0000000e+00
   0.0000000e+00
   0.0000000e+00
  -3.5632503e-02
  -2.2557590e-02
  -5.0098337e-03
   0.0000000e+00
  -0.0000000e+00
  -3.7751190e-02
  -3.6158528e-02
  -2.4368579e-02
  -2.1257270e-02
  -1.6032141e-02
  -1.4281590e-02
  -1.4954827e-02
  -1.6178565e-02
  -1.7386628e-02
  -1.8976837e-02
  -2.1497803e-02
  -2.5504665e-02
  -3.1522155e-02
  -3.9756868e-02
  -4.8289377e-02
  -5.5179037e-02
  -5.9002798e-02
  -5.7829551e-02
  -5.1100723e-02
  -3.5478111e-02
  -1.2691547e-02
   0.0000000e+00
   0.0000000e+00
   0.0000000e+00
   0.0000000e+00
  -0.0000000e+00
  -2.8859980e-02
  -9.5077632e-03
   0.0000000e+00
   0.0000000e+00
   0.0000000e+00
  -0.0000000e+00
  -2.0619857e-02
  -4.7722162e-04
   0.0000000e+00
   0.0000000e+00
  -3.0332879e-02
  -2.7137822e-02
  -1.5446696e-02
  -1.4772356e-02
  -9.8915091e-03
  -8.1817610e-03
  -8.1798574e-03
  -8.8803815e-03
  -1.0280725e-02
  -1.2678844e-02
  -1.6313365e-02
  -2.1394966e-02
  -2.7987473e-02
  -3.5986237e-02
  -4.3066531e-02
  -4.8100803e-02
  -4.9466006e-02
  -4.5143023e-02
  -3.4865338e-02
  -1.6317833e-02
   2.7092001e-03
   0.0000000e+00
   0.0000000e+00
   0.0000000e+00
   0.0000000e+00
  -2.5841600e-02
  -1.6776506e-02
   1.2948528e-03
   0.0000000e+00
   0.0000000e+00
   0.0000000e+00
   0.0000000e+00
  -2.0195905e-02
  -9.0524129e-04
   0.0000000e+00
   0.0000000e+00
  -2.0752942e-02
  -1.8424081e-02
  -9.4051239e-03
  -1.1272002e-02
  -6.8556629e-03
  -5.2562811e-03
  -5.1195486e-03
  -6.2936293e-03
  -8.7945606e-03
  -1.2691106e-02
  -1.8070675e-02
  -2.4205390e-02
  -3.0525241e-02
  -3.6575623e-02
  -4.0233458e-02
  -4.1632112e-02
  -3.9728735e-02
  -3.3509048e-02
  -2.2907754e-02
  -7.3673483e-03
   7.2966047e-03
   0.0000000e+00
   0.0000000e+00
   0.0000000e+00
  -2.7990369e-02
  -2.2903761e-02
  -5.0198741e-03
   9.2293194e-03
   0.0000000e+00
   0.0000000e+00
   0.0000000e+00
   0.0000000e+00
  -1.1304162e-02
   4.1051419e-04
   0.0000000e+00
   0.0000000e+00
  -1.6788382e-02
  -1.2846615e-02
  -4.0450799e-03
  -1.4633459e-02
  -8.7697823e-03
  -6.8361349e-03
  -6.4962199e-03
  -7.1758498e-03
  -9.2750033e-03
  -1.3145274e-02
  -1.8964278e-02
  -2.5416592e-02
  -3.1548362e-02
  -3.6799245e-02
  -3.9350659e-02
  -3.9812580e-02
  -3.7570655e-02
  -3.2373838e-02
  -2.4904789e-02
  -1.5759446e-02
  -2.8576319e-03
   0.0000000e+00
   0.0000000e+00
   0.0000000e+00
  -2.5762786e-02
  -9.8476000e-03
   0.0000000e+00
   0.0000000e+00
   0.0000000e+00
   0.0000000e+00
   0.0000000e+00
   0.0000000e+00
  -1.2842529e-02
  -2.0225782e-03
   0.0000000e+00
   0.0000000e+00
  -1.3659949e-02
  -7.5954469e-03
  -4.1354326e-03
  -1.6160267e-02
  -1.2818820e-02
  -1.1951058e-02
  -1.1470766e-02
  -1.0659553e-02
  -1.0818382e-02
  -1.2860912e-02
  -1.7298192e-02
  -2.3043943e-02
  -2.8871927e-02
  -3.4365271e-02
  -3.7786378e-02
  -3.9944635e-02
  -4.0754401e-02
  -3.9663075e-02
  -3.7224781e-02
  -3.4308944e-02
  -2.4727400e-02
  -1.1576983e-02
   0.0000000e+00
  -3.6350860e-02
  -2.5122272e-02
  -9.8673911e-04
   0.0000000e+00
   0.0000000e+00
   0.0000000e+00
   0.0000000e+00
   0.0000000e+00
   0.0000000e+00
  -0.0000000e+00
  -7.4031793e-03
   0.0000000e+00
   0.0000000e+00
  -2.3258237e-03
  -8.5959491e-04
  -0.0000000e+00
  -0.0000000e+00
  -1.8498353e-02
  -2.2250317e-02
  -2.3156825e-02
  -2.2034153e-02
  -2.0528233e-02
  -1.9967113e-02
  -2.1552809e-02
  -2.5602704e-02
  -3.0639561e-02
  -3.6337856e-02
  -4.1220270e-02
  -4.6047419e-02
  -5.0729118e-02
  -5.4053310e-02
  -5.6194324e-02
  -5.8095399e-02
  -6.1425466e-02
  -6.6312090e-02
   0.0000000e+00
  -4.5967281e-02
  -3.0823523e-02
   1.2475431e-03
   0.0000000e+00
   0.0000000e+00
   0.0000000e+00
   0.0000000e+00
   0.0000000e+00
   0.0000000e+00
  -1.2815755e-02
  -8.8903613e-03
   4.8664077e-03
   1.0307604e-02
   0.0000000e+00
   0.0000000e+00
  -0.0000000e+00
  -0.0000000e+00
  -2.8678963e-02
  -3.2770492e-02
  -3.6340654e-02
  -3.7562538e-02
  -3.6853567e-02
  -3.5852060e-02
  -3.6139823e-02
  -3.9429609e-02
  -4.4904634e-02
  -5.1760510e-02
  -5.7847265e-02
  -6.2496770e-02
  -6.3635111e-02
  -6.1186828e-02
  -6.0118753e-02
  -6.5267779e-02
  -7.6844200e-02
  -9.0260674e-02
  -8.2980318e-02
  -5.8243411e-02
  -4.2475935e-02
  -5.3345862e-03
   0.0000000e+00
   0.0000000e+00
   0.0000000e+00
   0.0000000e+00
   0.0000000e+00
   0.0000000e+00
  -3.6975774e-02
  -1.7530321e-02
   4.9077993e-03
   1.8196419e-02
   0.0000000e+00
   0.0000000e+00
   0.0000000e+00
   0.0000000e+00
  -3.6486700e-02
  -3.9736621e-02
  -4.5178693e-02
  -4.9325418e-02
  -5.0336204e-02
  -5.0203301e-02
  -5.0456796e-02
  -5.2741591e-02
  -5.7923391e-02
  -6.4998195e-02
  -7.0899375e-02
  -7.3624820e-02
  -6.9289029e-02
  -5.7938330e-02
  -4.8956819e-02
  -5.6092322e-02
  -6.7649528e-02
  -8.1966475e-02
  -7.7449299e-02
  -6.2967181e-02
  -5.2916721e-02
  -2.1610348e-02
   0.0000000e+00
   0.0000000e+00
   0.0000000e+00
   0.0000000e+00
   0.0000000e+00
   0.0000000e+00
  -4.3244605e-02
  -2.5709022e-02
  -1.6855013e-03
   0.0000000e+00
   0.0000000e+00
   0.0000000e+00
  -0.0000000e+00
  -2.9559714e-02
  -3.6182733e-02
  -4.2071993e-02
  -4.9117271e-02
  -5.5168349e-02
  -5.7890799e-02
  -5.8792658e-02
  -5.9134655e-02
  -6.0134765e-02
  -6.3497968e-02
  -6.8690591e-02
  -7.2213209e-02
  -7.1919039e-02
  -6.4416923e-02
  -4.8154222e-02
  -2.9060496e-02
  -3.3169549e-02
  -5.3144762e-02
  -6.0231075e-02
  -6.0831539e-02
  -5.7864525e-02
  -5.7711180e-02
  -5.0503091e-02
   0.0000000e+00
   0.0000000e+00
   0.0000000e+00
   0.0000000e+00
   0.0000000e+00
   0.0000000e+00
  -4.8534110e-02
  -3.4272532e-02
  -4.9394477e-03
  -0.0000000e+00
   0.0000000e+00
   0.0000000e+00
  -0.0000000e+00
  -2.2288266e-02
  -2.8418275e-02
  -3.8320843e-02
  -4.6995535e-02
  -5.3907227e-02
  -5.8065291e-02
  -5.9649933e-02
  -5.9685104e-02
  -5.9461530e-02
  -5.9797417e-02
  -6.0817674e-02
  -6.1282873e-02
  -5.9341524e-02
  -5.1363833e-02
  -3.4145553e-02
  -9.9601489e-03
   0.0000000e+00
  -3.6031615e-02
  -3.9330676e-02
  -4.1778333e-02
  -4.5466669e-02
  -5.2716531e-02
  -6.1378308e-02
  -6.2144722e-02
   0.0000000e+00
   0.0000000e+00
   0.0000000e+00
   0.0000000e+00
  -3.9377338e-02
  -4.4721149e-02
  -4.6384412e-02
  -1.3566904e-02
  -0.0000000e+00
   0.0000000e+00
   0.0000000e+00
   0.0000000e+00
  -1.6179094e-02
  -2.0768508e-02
  -3.0331172e-02
  -3.9002676e-02
  -4.5663990e-02
  -5.0243862e-02
  -5.2172292e-02
  -5.2027572e-02
  -5.0834298e-02
  -4.9491402e-02
  -4.7901999e-02
  -4.6534196e-02
  -4.4403329e-02
  -3.7111979e-02
  -2.0735493e-02
  -3.4103274e-03
  -0.0000000e+00
  -2.2592399e-02
  -2.1634819e-02
  -2.4320977e-02
  -3.0344520e-02
  -4.0125642e-02
  -5.4302938e-02
  -5.2289567e-02
   0.0000000e+00
   0.0000000e+00
  -4.7501781e-02
  -4.7623735e-02
  -3.1730495e-02
  -3.0119084e-02
  -4.0515613e-02
  -2.6958264e-02
   0.0000000e+00
   0.0000000e+00
   0.0000000e+00
   0.0000000e+00
  -3.4342142e-03
  -7.2058868e-03
  -1.4343454e-02
  -2.1481334e-02
  -2.6987151e-02
  -3.0696759e-02
  -3.2720022e-02
  -3.2799125e-02
  -3.1713307e-02
  -3.0733511e-02
  -2.9691726e-02
  -2.8202443e-02
  -2.6183058e-02
  -1.9828127e-02
  -4.9140550e-03
   7.9718018e-03
  -0.0000000e+00
  -8.0137662e-03
   1.7102871e-03
  -2.0273656e-03
  -9.7432181e-03
  -1.9632030e-02
  -3.4474622e-02
  -3.7168687e-02
   0.0000000e+00
   0.0000000e+00
  -3.2599273e-02
  -3.7452969e-02
  -1.4703784e-02
  -0.0000000e+00
  -2.0454212e-02
  -0.0000000e+00
   0.0000000e+00
   0.0000000e+00
   0.0000000e+00
   0.0000000e+00
   1.0043920e-02
   1.4279854e-02
   1.0382067e-02
   4.9769687e-03
   8.1250840e-04
  -2.0362984e-03
  -4.3995990e-03
  -5.7961694e-03
  -6.8474165e-03
  -8.1389528e-03
  -9.3338741e-03
  -9.6020224e-03
  -8.6761219e-03
  -3.2139493e-03
   8.1031362e-03
   0.0000000e+00
  -0.0000000e+00
   1.3958561e-02
   2.9432317e-02
   2.1936772e-02
   1.1798176e-02
   2.3779524e-03
  -1.1176927e-02
  -1.9523133e-02
   0.0000000e+00
  -5.8805281e-03
  -4.0759934e-03
  -1.7084199e-02
  -9.5261633e-03
   5.1625586e-05
   1.2377675e-03
   0.0000000e+00
   0.0000000e+00
   0.0000000e+00
   0.0000000e+00
   0.0000000e+00
   2.6802826e-02
   3.8520660e-02
   3.9109997e-02
   3.6658216e-02
   3.4576796e-02
   3.2586209e-02
   2.9591868e-02
   2.5381690e-02
   2.0618495e-02
   1.5936097e-02
   1.2168776e-02
   9.3776435e-03
   8.1017334e-03
   1.2622491e-02
   2.0313510e-02
   0.0000000e+00
   0.0000000e+00
   0.0000000e+00
   0.0000000e+00
   4.3165118e-02
   3.4328829e-02
   2.5444265e-02
   1.3096156e-02
   1.8283606e-03
   0.0000000e+00
  -0.0000000e+00
   0.0000000e+00
   9.7674434e-03
   1.2517052e-02
   1.5092298e-02
   0.0000000e+00
   0.0000000e+00
   0.0000000e+00
   0.0000000e+00
   0.0000000e+00
   0.0000000e+00
   2.1391348e-02
   4.3959966e-02
   5.0979839e-02
   5.6466736e-02
   5.9953164e-02
   6.0213734e-02
   5.6716599e-02
   4.9996763e-02
   4.2644589e-02
   3.5019469e-02
   2.8643426e-02
   2.3416429e-02
   2.0274883e-02
   2.3864692e-02
   2.9888696e-02
   0.0000000e+00
   0.0000000e+00
   0.0000000e+00
   0.0000000e+00
   4.9173088e-02
   5.1926063e-02
   4.5431934e-02
   3.4507938e-02
   1.9151328e-02
   0.0000000e+00
   0.0000000e+00
   0.0000000e+00
   2.4520352e-02
   3.0290722e-02
   0.0000000e+00
   0.0000000e+00
   0.0000000e+00
   0.0000000e+00
   0.0000000e+00
   0.0000000e+00
   0.0000000e+00
   0.0000000e+00
   0.0000000e+00
   4.8504762e-02
   6.2862568e-02
   7.1520358e-02
   7.2411947e-02
   6.8167560e-02
   6.0347937e-02
   5.1946636e-02
   4.3979496e-02
   3.6294594e-02
   3.0023588e-02
   2.5918290e-02
   2.6712561e-02
   2.9810490e-02
   0.0000000e+00
   0.0000000e+00
   0.0000000e+00
   0.0000000e+00
   0.0000000e+00
   5.5560813e-02
   5.3538974e-02
   4.9549542e-02
   3.9052436e-02
   3.2845842e-02
   0.0000000e+00
   0.0000000e+00
   0.0000000e+00
   0.0000000e+00
   0.0000000e+00
   0.0000000e+00
   0.0000000e+00
   0.0000000e+00
   0.0000000e+00
   0.0000000e+00
   0.0000000e+00
   0.0000000e+00
   0.0000000e+00
   3.9932832e-02
   5.4055423e-02
   6.2553763e-02
   6.3009448e-02
   5.9590276e-02
   5.3537183e-02
   4.6625463e-02
   4.0562019e-02
   3.4901150e-02
   3.0200191e-02
   2.7174598e-02
   2.3595486e-02
   0.0000000e+00
   0.0000000e+00
   0.0000000e+00
   0.0000000e+00
   0.0000000e+00
   0.0000000e+00
   0.0000000e+00
   4.1901971e-02
   5.1533341e-02
   4.9280593e-02
   4.2354322e-02
   4.1670278e-02
   0.0000000e+00
   0.0000000e+00
   0.0000000e+00
   0.0000000e+00
   0.0000000e+00
   0.0000000e+00
   0.0000000e+00
   0.0000000e+00
   0.0000000e+00
   0.0000000e+00
   0.0000000e+00
   0.0000000e+00
   2.5587107e-02
   2.8986397e-02
   3.2450992e-02
   3.3745516e-02
   3.3613417e-02
   3.2597896e-02
   3.0517031e-02
   2.8048300e-02
   2.6324601e-02
   2.6123734e-02
   2.5832810e-02
   2.4030712e-02
   0.0000000e+00
   0.0000000e+00
   0.0000000e+00
   0.0000000e+00
   0.0000000e+00
   0.0000000e+00
   0.0000000e+00
   2.8662217e-02
   4.2072649e-02
   4.5367543e-02
   4.2920651e-02
   4.3713282e-02
   0.0000000e+00
   0.0000000e+00
   0.0000000e+00
   0.0000000e+00
   0.0000000e+00
   0.0000000e+00
   0.0000000e+00
   0.0000000e+00
   0.0000000e+00
   0.0000000e+00
   0.0000000e+00
   0.0000000e+00
  -3.8411562e-04
  -6.6042482e-03
  -7.9987822e-03
  -4.0210374e-03
   1.6029816e-03
   6.0921717e-03
   8.8113266e-03
   1.1484787e-02
   1.5553131e-02
   1.9464137e-02
   2.2607110e-02
   1.9878857e-02
   0.0000000e+00
   0.0000000e+00
   0.0000000e+00
   0.0000000e+00
   0.0000000e+00
   0.0000000e+00
   0.0000000e+00
   0.0000000e+00
   0.0000000e+00
   0.0000000e+00
   1.8863216e-02
   0.0000000e+00
   0.0000000e+00
   0.0000000e+00
   0.0000000e+00
   0.0000000e+00
   0.0000000e+00
   0.0000000e+00
   0.0000000e+00
   0.0000000e+00
   0.0000000e+00
   0.0000000e+00
   0.0000000e+00
   0.0000000e+00
  -0.0000000e+00
  -0.0000000e+00
  -0.0000000e+00
  -2.7352836e-02
  -2.5621483e-02
  -1.8383849e-02
  -1.1240895e-02
  -4.4888943e-03
   1.8681444e-03
   9.5514125e-03
   1.0929669e-02
   0.0000000e+00
   0.0000000e+00
   0.0000000e+00
   0.0000000e+00
   0.0000000e+00
   0.0000000e+00
   0.0000000e+00
   0.0000000e+00
   0.0000000e+00
  -0.0000000e+00
   0.0000000e+00
  -0.0000000e+00
  -3.2306333e-03
  -1.1779784e-02
  -3.4140016e-03
  -4.5466827e-03
  -5.2591071e-03
   2.3352560e-03
   2.8678130e-03
   0.0000000e+00
   0.0000000e+00
   0.0000000e+00
  -1.4088953e-05
   2.8987633e-03
   3.4520468e-03
   2.5340779e-03
   0.0000000e+00
   0.0000000e+00
  -0.0000000e+00
  -3.1295744e-02
  -2.3219176e-02
  -1.9739458e-02
  -0.0000000e+00
  -0.0000000e+00
   0.0000000e+00
   0.0000000e+00
   0.0000000e+00
   0.0000000e+00
   0.0000000e+00
   0.0000000e+00
   0.0000000e+00
   0.0000000e+00
   0.0000000e+00
   0.0000000e+00
  -0.0000000e+00
  -0.0000000e+00
   0.0000000e+00
   0.0000000e+00
  -1.0774625e-02
  -1.2170302e-02
  -8.7122123e-03
  -6.9923808e-03
  -6.1672287e-03
  -4.5745037e-03
  -3.8749788e-03
  -7.1922811e-03
   0.0000000e+00
   1.9498700e-04
