   2.3363582e-02
   1.3176091e-02
   1.4621168e-02
   4.2610401e-03
  -1.2542133e-03
   0.0000000e+00
   0.0000000e+00
   1.5513392e-02
   1.0919620e-02
   7.7195318e-03
   8.0268311e-03
   5.8537212e-03
   3.3997217e-03
   4.7168334e-03
   8.0900663e-03
   9.6835306e-03
   0.0000000e+00
   0.0000000e+00
   9.6226537e-03
   5.7986573e-03
   4.7436141e-03
   6.7040982e-03
   8.5380091e-03
   4.7097667e-03
  -0.0000000e+00
   0.0000000e+00
   0.0000000e+00
   0.0000000e+00
   0.0000000e+00
   0.0000000e+00
   0.0000000e+00
   0.0000000e+00
   0.0000000e+00
   0.0000000e+00
   0.0000000e+00
   0.0000000e+00
   1.1526421e-02
   5.6177448e-03
   2.2467065e-03
   6.1603535e-03
   3.6504557e-03
   1.1622514e-03
   1.0073002e-02
   1.3493365e-02
   9.3039749e-03
   7.3191551e-03
   6.1191167e-03
   4.3309015e-03
   5.3329413e-03
   7.5833695e-03
   8.9670876e-03
   8.0213552e-03
   8.2263437e-03
   1.3165338e-03
   9.3936723e-04
   5.9814562e-03
   2.6645535e-03
   3.4969470e-03
   4.6789586e-03
   1.9938010e-03
  -1.2382991e-04
  -1.4215361e-03
  -3.3134818e-03
  -3.0727077e-03
  -9.0603653e-04
   4.1591086e-04
   6.0583240e-03
   1.5190935e-02
   1.3365978e-02
   9.3782197e-03
   8.7569778e-03
   1.2220701e-02
  -2.1087269e-03
  -2.6892947e-03
   1.3526846e-03
   3.9880390e-03
   3.6949738e-03
   4.9085516e-03
   6.9437154e-03
   5.9960932e-03
   3.9723047e-03
   2.7445025e-03
   2.1941091e-03
   2.1816846e-03
   1.6589893e-03
   2.8532988e-03
   5.0733555e-03
   5.4746916e-03
   4.0524434e-03
   2.2806150e-04
  -0.0000000e+00
  -1.6542272e-03
  -3.0986483e-03
  -1.9686418e-03
   1.3211645e-03
   3.8382630e-03
   2.4416004e-03
  -1.2213953e-03
  -5.8647329e-03
  -7.1157511e-03
  -4.5712534e-03
   1.1445470e-03
   6.2358125e-03
   1.1124106e-02
   1.2737017e-02
   1.1782692e-02
   1.1198962e-02
   9.1188948e-03
   0.0000000e+00
   0.0000000e+00
   0.0000000e+00
   0.0000000e+00
   0.0000000e+00
   0.0000000e+00
   5.8751462e-03
   3.7349487e-04
  -5.2938734e-03
  -1.1901250e-03
  -5.5243075e-03
  -6.4661982e-03
  -5.1122446e-03
  -3.7904293e-03
  -2.5225475e-03
  -1.7110193e-03
  -9.8155451e-04
  -2.0401150e-03
  -8.9368810e-03
  -1.3608886e-02
  -5.8140555e-03
  -5.8099974e-03
   8.4368803e-06
   4.2739836e-03
   1.1543550e-03
  -6.5813009e-03
  -1.4075586e-02
  -1.5326652e-02
  -1.0861720e-02
  -3.0683153e-03
   3.8608252e-03
   7.3195109e-03
   6.9029089e-03
   6.1400232e-03
   5.4024542e-03
  -2.1051574e-03
   0.0000000e+00
   0.0000000e+00
   0.0000000e+00
   0.0000000e+00
   0.0000000e+00
   1.2660488e-02
   1.9689393e-04
  -7.7288630e-03
  -1.1887498e-02
  -1.2165795e-02
  -1.4623693e-02
  -1.4223690e-02
  -1.1791899e-02
  -1.0777340e-02
  -9.9846693e-03
  -8.3242962e-03
  -6.9502452e-03
  -8.5794702e-03
  -1.6742332e-02
  -0.0000000e+00
  -4.0127505e-03
  -6.1049415e-03
  -1.1696480e-04
   2.4817947e-03
  -3.7504307e-03
  -1.4216355e-02
  -2.2164423e-02
  -1.9973049e-02
  -1.2454242e-02
  -4.6712998e-03
   1.2406476e-03
   2.1786094e-03
  -3.7027715e-04
  -2.4283037e-03
  -3.6257647e-03
  -9.2708779e-03
  -1.0471453e-03
   0.0000000e+00
   0.0000000e+00
   0.0000000e+00
   0.0000000e+00
   2.2845892e-03
  -3.4818219e-03
  -1.2091968e-02
  -1.4777151e-02
  -1.5888378e-02
  -1.8504116e-02
  -1.7362006e-02
  -1.5119509e-02
  -1.4237832e-02
  -1.2887421e-02
  -1.1658614e-02
  -1.0836658e-02
  -1.2218709e-02
  -1.5377563e-02
  -1.2562943e-02
  -0.0000000e+00
  -5.4979220e-03
  -2.8052982e-05
  -1.0580056e-03
  -9.1578018e-03
  -1.8742082e-02
  -2.7251842e-02
  -1.5575359e-02
  -7.4914978e-03
  -3.5964097e-03
   4.0534288e-04
  -6.1558465e-04
  -5.8674102e-03
  -9.6506409e-03
  -9.7644988e-03
  -8.4204986e-03
   2.3174471e-04
   6.0018349e-04
   0.0000000e+00
  -1.2256164e-02
   3.5183970e-03
   9.6394472e-04
  -6.4669224e-03
  -1.4970473e-02
  -1.6798535e-02
  -1.7416051e-02
  -1.7757216e-02
  -1.6133279e-02
  -1.3971386e-02
  -1.2940104e-02
  -1.1883367e-02
  -1.1816706e-02
  -1.1937764e-02
  -1.1772545e-02
  -7.6366137e-03
  -3.5993167e-05
  -0.0000000e+00
  -4.9836950e-03
  -9.3763357e-04
  -5.1376056e-03
  -1.2061024e-02
  -1.5632784e-02
  -1.5029227e-02
  -0.0000000e+00
  -4.6985879e-03
  -2.0731734e-03
   3.1089173e-03
   8.0238975e-04
  -8.3608441e-03
  -1.3016163e-02
  -1.1710230e-02
  -6.7872950e-03
   3.3811411e-03
   7.9294217e-03
  -7.3196408e-03
  -8.4224955e-03
   3.5149517e-03
  -7.4628403e-04
  -1.1074409e-02
  -1.6145205e-02
  -1.6469048e-02
  -1.4942265e-02
  -1.3273073e-02
  -1.1193142e-02
  -9.5187172e-03
  -9.1406908e-03
  -9.1154454e-03
  -9.7573509e-03
  -1.0145143e-02
  -7.5851590e-03
   3.5829945e-03
   1.9310823e-02
   0.0000000e+00
  -0.0000000e+00
  -4.4977632e-03
  -8.6301919e-03
  -1.0339909e-02
  -1.9997987e-03
   8.8982563e-03
   0.0000000e+00
  -6.9698766e-03
  -4.7364894e-04
   7.6847481e-03
   4.5038451e-04
  -1.0423834e-02
  -1.3122781e-02
  -1.0066867e-02
  -3.7992632e-03
   6.9809374e-03
   1.0371056e-02
   4.5799953e-03
   0.0000000e+00
   2.0085244e-03
  -5.1012072e-03
  -1.0889852e-02
  -1.2379240e-02
  -1.1196957e-02
  -8.6080171e-03
  -6.7445529e-03
  -5.1019033e-03
  -4.5711575e-03
  -5.0527588e-03
  -5.6045731e-03
  -6.8513476e-03
  -6.6842968e-03
  -2.0124028e-03
   1.4369844e-02
   4.2743522e-02
   0.0000000e+00
  -0.0000000e+00
  -1.0359879e-02
  -1.2821686e-02
  -5.2166376e-03
   1.6271193e-02
   0.0000000e+00
   0.0000000e+00
  -0.0000000e+00
  -5.8327530e-04
   5.6306886e-03
  -3.0878531e-03
  -1.0317730e-02
  -9.7014904e-03
  -5.0484245e-03
   1.1834865e-03
   1.1187118e-02
   1.3465920e-02
   1.4452363e-02
   0.0000000e+00
   6.6673290e-04
  -1.7461047e-03
  -4.2293868e-03
  -4.6897540e-03
  -3.2665920e-03
  -1.1595122e-03
  -8.6777945e-05
   3.8144749e-04
  -8.4002801e-05
  -9.2393247e-04
  -1.9585800e-03
  -3.6578435e-03
  -2.4900280e-03
   4.0730764e-03
   2.3714788e-02
   4.3528062e-02
   0.0000000e+00
   0.0000000e+00
  -1.8336208e-02
  -1.8556314e-02
   1.8615914e-03
   3.4089021e-02
   0.0000000e+00
   0.0000000e+00
   0.0000000e+00
  -0.0000000e+00
   3.2716305e-03
  -1.9245213e-03
  -6.4497762e-03
  -3.8441280e-03
   1.5751362e-03
   7.0756311e-03
   1.5752532e-02
   1.7990753e-02
   1.8507815e-02
   7.5403015e-03
   4.6136178e-03
   3.8472230e-03
   2.4082788e-03
   2.5976654e-03
   3.5498391e-03
   4.8059080e-03
   5.1446846e-03
   4.5034871e-03
   3.5107548e-03
   2.4592835e-03
   6.7494821e-04
  -7.5386974e-04
   1.7017517e-03
   1.0636847e-02
   3.0642826e-02
   4.0576950e-02
   0.0000000e+00
   0.0000000e+00
  -0.0000000e+00
  -2.1545644e-02
   1.0613712e-02
   5.2462578e-02
   0.0000000e+00
   0.0000000e+00
   0.0000000e+00
  -1.2439829e-02
   7.1767634e-03
   2.8948826e-03
  -3.5582513e-03
   1.6056095e-03
   7.8131706e-03
   1.2638373e-02
   2.0654645e-02
   2.2652447e-02
   2.1233041e-02
   1.2147024e-02
   8.6019477e-03
   8.0557214e-03
   7.6148119e-03
   8.1832716e-03
   8.7317936e-03
   9.3524987e-03
   8.9456476e-03
   7.4937972e-03
   5.8179367e-03
   4.0543079e-03
   1.9452970e-03
   1.9718618e-03
   6.7153778e-03
   1.8566540e-02
   3.8999129e-02
   4.0468218e-02
   0.0000000e+00
   0.0000000e+00
   0.0000000e+00
  -1.1560273e-02
   2.0762956e-02
   6.0715169e-02
   0.0000000e+00
   0.0000000e+00
   0.0000000e+00
  -8.2917116e-03
   9.9578397e-03
   7.4653467e-03
  -3.1127138e-03
   6.5012048e-03
   1.3150560e-02
   1.7830048e-02
   2.3360517e-02
   2.4172008e-02
   2.0637278e-02
   1.2829515e-02
   1.0622176e-02
   1.0127645e-02
   1.0692616e-02
   1.1194324e-02
   1.1521228e-02
   1.1351846e-02
   1.0250271e-02
   7.8380089e-03
   5.3438088e-03
   3.1556073e-03
   2.3843832e-03
   4.9599917e-03
   1.2395713e-02
   2.6759056e-02
   4.9691323e-02
   5.0011880e-02
   0.0000000e+00
   0.0000000e+00
   0.0000000e+00
  -4.1652992e-04
   2.8259594e-02
   5.6054953e-02
   0.0000000e+00
   0.0000000e+00
   0.0000000e+00
  -2.1193899e-03
   1.1323606e-02
   1.6563008e-02
  -1.2768021e-03
   9.3034897e-03
   1.6426973e-02
   2.0966820e-02
   2.3417128e-02
   2.1574749e-02
   1.7307719e-02
   1.2632366e-02
   1.0840097e-02
   1.1155602e-02
   1.2157576e-02
   1.2194000e-02
   1.1757506e-02
   1.0434306e-02
   8.6558172e-03
   5.7459390e-03
   3.5436337e-03
   2.8400456e-03
   4.7295354e-03
   1.0145664e-02
   1.9655583e-02
   3.5004321e-02
   5.4004591e-02
   0.0000000e+00
   0.0000000e+00
   0.0000000e+00
   0.0000000e+00
   0.0000000e+00
   3.4897730e-02
   4.9520981e-02
   0.0000000e+00
   0.0000000e+00
   0.0000000e+00
   3.7134200e-03
   1.3214913e-02
   2.4671058e-02
   0.0000000e+00
   1.1159013e-02
   1.8669484e-02
   2.2716817e-02
   2.0843910e-02
   1.6723739e-02
   1.3694469e-02
   1.0965719e-02
   9.5465351e-03
   1.0221323e-02
   1.0573325e-02
   9.8489011e-03
   8.6993342e-03
   7.1333395e-03
   5.6823432e-03
   4.3486990e-03
   4.6943701e-03
   6.4644199e-03
   1.0199611e-02
   1.6337411e-02
   2.4577800e-02
   3.5311908e-02
   4.0507662e-02
   0.0000000e+00
   0.0000000e+00
   0.0000000e+00
   0.0000000e+00
   0.0000000e+00
   3.9089695e-02
   4.5287702e-02
   0.0000000e+00
   0.0000000e+00
   0.0000000e+00
   9.7788528e-03
   1.1104078e-02
   1.9454978e-02
   0.0000000e+00
   0.0000000e+00
   1.9799025e-02
   2.2438928e-02
   1.6612729e-02
   1.1356320e-02
   1.0014318e-02
   8.2461312e-03
   7.1429303e-03
   7.1394490e-03
   6.6808080e-03
   5.5771037e-03
   4.3338812e-03
   3.2559894e-03
   2.8464082e-03
   3.8044332e-03
   6.9092172e-03
   1.0912810e-02
   1.5571731e-02
   2.0662993e-02
   2.5623310e-02
   2.8546425e-02
   2.4036390e-02
   0.0000000e+00
   0.0000000e+00
   0.0000000e+00
   0.0000000e+00
   0.0000000e+00
   3.8132705e-02
   3.6873028e-02
   0.0000000e+00
   0.0000000e+00
   0.0000000e+00
   0.0000000e+00
   6.7007854e-03
   1.4700982e-02
   0.0000000e+00
   0.0000000e+00
   1.9959071e-02
   1.9264262e-02
   1.1912634e-02
   5.3287605e-03
   5.0818268e-03
   4.7183014e-03
   3.6545231e-03
   2.9315767e-03
   1.8753995e-03
   3.2440654e-04
  -1.1903581e-03
  -2.0525677e-03
  -1.9238953e-03
  -1.8384238e-04
   3.4424227e-03
   7.6316684e-03
   1.1561790e-02
   1.4576104e-02
   1.6526828e-02
   1.5282250e-02
   8.4351083e-03
   0.0000000e+00
   0.0000000e+00
   0.0000000e+00
   0.0000000e+00
   3.5429779e-02
   3.1148747e-02
   2.6237293e-02
   0.0000000e+00
   0.0000000e+00
   0.0000000e+00
   0.0000000e+00
   7.2221969e-04
   8.6089562e-03
   0.0000000e+00
   0.0000000e+00
   1.5666471e-02
   1.4071492e-02
   5.6006004e-03
   8.2182403e-04
  -9.4164390e-04
   4.7165516e-04
  -2.3050242e-04
  -6.7061471e-04
  -1.4581355e-03
  -2.9230812e-03
  -4.6495637e-03
  -5.8911595e-03
  -6.3450946e-03
  -5.6059300e-03
  -3.7483964e-03
  -1.9606962e-03
  -1.0513010e-03
  -1.2276429e-03
  -2.2837247e-03
  -4.4363542e-03
  -4.4535066e-03
   0.0000000e+00
   0.0000000e+00
   0.0000000e+00
  -4.8244226e-03
   1.8823031e-02
   2.2242362e-02
   0.0000000e+00
   0.0000000e+00
   0.0000000e+00
   0.0000000e+00
   0.0000000e+00
  -6.7100297e-03
  -2.6491528e-03
   0.0000000e+00
   0.0000000e+00
   1.8821288e-02
   8.5195163e-03
   7.1737170e-03
  -2.4780274e-03
  -4.4912184e-03
  -1.5742049e-03
  -1.8394026e-03
  -1.0577965e-03
  -1.1271797e-04
   3.9934469e-04
   4.9571029e-04
   4.5296687e-04
   5.8720598e-04
   9.5256150e-04
   1.4475568e-03
   1.3836988e-03
  -2.2032115e-04
  -3.6216453e-03
  -8.4414259e-03
  -1.4672718e-02
  -1.5737563e-02
  -0.0000000e+00
   0.0000000e+00
   0.0000000e+00
  -8.1253052e-03
   1.3946674e-02
   0.0000000e+00
   0.0000000e+00
   0.0000000e+00
   0.0000000e+00
   0.0000000e+00
   0.0000000e+00
  -8.5133109e-03
  -9.8929197e-03
   0.0000000e+00
   0.0000000e+00
   2.2720337e-02
   1.0992333e-02
   9.8593995e-03
   1.2785525e-03
  -7.9576019e-03
  -4.6244336e-03
  -4.8678756e-03
  -3.3455104e-03
  -8.8963692e-04
   1.7480708e-03
   3.8913754e-03
   5.1464567e-03
   6.0622397e-03
   6.5576377e-03
   6.2389731e-03
   4.7662897e-03
   1.1320681e-03
  -4.7776073e-03
  -1.1852745e-02
  -1.9719275e-02
  -2.5997232e-02
  -0.0000000e+00
   0.0000000e+00
  -2.9504343e-02
  -1.7681441e-02
   2.5721144e-03
   0.0000000e+00
   0.0000000e+00
   0.0000000e+00
   0.0000000e+00
   0.0000000e+00
   0.0000000e+00
  -0.0000000e+00
  -1.4736301e-02
   0.0000000e+00
   0.0000000e+00
   2.4043482e-02
   1.6650524e-02
  -0.0000000e+00
  -0.0000000e+00
  -1.0683701e-02
  -1.1224234e-02
  -1.2774017e-02
  -1.1889881e-02
  -9.3234610e-03
  -6.1098929e-03
  -3.3196830e-03
  -2.5846870e-03
  -2.9441565e-03
  -3.8641477e-03
  -5.3381710e-03
  -6.9584362e-03
  -8.9629153e-03
  -1.1839746e-02
  -1.5860362e-02
  -2.2338362e-02
  -3.4715626e-02
  -4.1997526e-02
   0.0000000e+00
  -3.4283179e-02
  -3.1392086e-02
  -1.6576894e-02
   0.0000000e+00
   0.0000000e+00
   0.0000000e+00
   0.0000000e+00
   0.0000000e+00
   0.0000000e+00
  -0.0000000e+00
  -1.8558979e-02
  -1.4211559e-02
  -3.8119077e-03
   0.0000000e+00
   0.0000000e+00
  -0.0000000e+00
  -0.0000000e+00
  -1.2099423e-02
  -1.5060806e-02
  -1.8733634e-02
  -2.0343604e-02
  -1.9319886e-02
  -1.6665401e-02
  -1.3225341e-02
  -1.1946829e-02
  -1.2599732e-02
  -1.4419666e-02
  -1.7120862e-02
  -1.9481555e-02
  -1.9917911e-02
  -1.7563274e-02
  -1.5065049e-02
  -1.8853694e-02
  -2.7684517e-02
  -2.8882331e-02
  -1.8627581e-02
  -3.2046738e-02
  -4.1319646e-02
  -3.5766817e-02
  -0.0000000e+00
   0.0000000e+00
   0.0000000e+00
   0.0000000e+00
   0.0000000e+00
   0.0000000e+00
  -2.6510075e-02
  -2.5986024e-02
  -1.7216159e-02
  -2.2944145e-04
   0.0000000e+00
   0.0000000e+00
   0.0000000e+00
   0.0000000e+00
  -1.2036899e-02
  -1.5532956e-02
  -1.9868217e-02
  -2.3971114e-02
  -2.5031738e-02
  -2.3615621e-02
  -2.0444343e-02
  -1.8023962e-02
  -1.7681658e-02
  -1.9472649e-02
  -2.2868743e-02
  -2.6191482e-02
  -2.6972178e-02
  -2.2188734e-02
  -1.2290210e-02
  -1.1638156e-02
  -1.7946109e-02
  -1.8713631e-02
  -1.6328773e-02
  -2.7575435e-02
  -4.4415470e-02
  -5.4779233e-02
  -0.0000000e+00
   0.0000000e+00
   0.0000000e+00
   0.0000000e+00
   0.0000000e+00
   0.0000000e+00
  -2.6235415e-02
  -3.2173969e-02
  -2.1537968e-02
   0.0000000e+00
   0.0000000e+00
   0.0000000e+00
   0.0000000e+00
   1.1321567e-02
  -7.0302425e-03
  -1.3498442e-02
  -1.7658779e-02
  -2.2928730e-02
  -2.5860727e-02
  -2.5774498e-02
  -2.3532849e-02
  -2.0225625e-02
  -1.7987493e-02
  -1.8503793e-02
  -2.1174957e-02
  -2.4173567e-02
  -2.6443426e-02
  -2.4703546e-02
  -1.2605672e-02
  -4.8787854e-03
  -1.0105215e-02
  -9.6477866e-03
  -1.1489692e-02
  -2.1021680e-02
  -3.9151113e-02
  -6.9102376e-02
   0.0000000e+00
   0.0000000e+00
   0.0000000e+00
   0.0000000e+00
   0.0000000e+00
   0.0000000e+00
  -2.4296061e-02
  -3.7266790e-02
  -2.4104610e-02
  -0.0000000e+00
   0.0000000e+00
   0.0000000e+00
   0.0000000e+00
   1.7621053e-02
  -2.8076681e-04
  -8.9635234e-03
  -1.3447151e-02
  -1.8969201e-02
  -2.3160152e-02
  -2.4275750e-02
  -2.2882476e-02
  -1.9586463e-02
  -1.5645783e-02
  -1.3506184e-02
  -1.4633927e-02
  -1.7027900e-02
  -2.0598659e-02
  -2.3291979e-02
  -1.5937001e-02
   0.0000000e+00
  -6.1617349e-04
  -4.2115841e-03
  -6.5397085e-03
  -1.4075363e-02
  -2.9302506e-02
  -5.9134963e-02
  -0.0000000e+00
   0.0000000e+00
   0.0000000e+00
   0.0000000e+00
   0.0000000e+00
   2.8176371e-03
  -1.6781225e-02
  -3.4865075e-02
  -3.0365940e-02
  -0.0000000e+00
   0.0000000e+00
   0.0000000e+00
   0.0000000e+00
   1.5890050e-02
   5.4684239e-03
  -3.9793830e-03
  -8.6101433e-03
  -1.3913100e-02
  -1.8522244e-02
  -2.0546174e-02
  -1.9712334e-02
  -1.6907590e-02
  -1.2779501e-02
  -9.4442312e-03
  -9.2710238e-03
  -1.1619227e-02
  -1.6254371e-02
  -2.2256989e-02
  -2.2330315e-02
   0.0000000e+00
   1.0896479e-02
  -1.0202561e-03
  -2.8357229e-03
  -8.2526999e-03
  -2.0419290e-02
  -4.4524059e-02
  -5.9958188e-02
   0.0000000e+00
   0.0000000e+00
  -1.9812799e-02
  -2.5209527e-02
   3.1099706e-03
  -7.3027863e-03
  -2.8850666e-02
  -3.0210912e-02
   0.0000000e+00
   0.0000000e+00
   0.0000000e+00
   0.0000000e+00
   1.7999362e-02
   1.2311018e-02
   2.9584087e-03
  -1.5708524e-03
  -6.7218651e-03
  -1.1260815e-02
  -1.3922527e-02
  -1.3817625e-02
  -1.1609179e-02
  -8.1275394e-03
  -5.3865652e-03
  -4.7039547e-03
  -7.0922310e-03
  -1.3265079e-02
  -2.3162861e-02
  -2.0479593e-02
   0.0000000e+00
   1.7725913e-02
   1.1320968e-03
   2.7556728e-03
  -1.4683945e-03
  -1.0387869e-02
  -2.8296324e-02
  -4.5765142e-02
   0.0000000e+00
   0.0000000e+00
  -1.1159785e-02
  -1.8258251e-02
   6.7796524e-04
   0.0000000e+00
  -1.8923679e-02
  -0.0000000e+00
   0.0000000e+00
   0.0000000e+00
   0.0000000e+00
   0.0000000e+00
   1.4621786e-02
   1.7294325e-02
   1.1788776e-02
   7.5671962e-03
   2.2577667e-03
  -2.4920336e-03
  -5.6201490e-03
  -6.3401102e-03
  -4.7439612e-03
  -2.1515943e-03
  -4.1022300e-04
  -3.1437870e-04
  -3.2573515e-03
  -1.1648481e-02
  -2.4382973e-02
  -0.0000000e+00
   0.0000000e+00
   1.7551279e-02
   2.5660610e-03
   9.8398533e-03
   5.9089474e-03
  -1.3072046e-03
  -1.4971762e-02
  -3.1425981e-02
   0.0000000e+00
  -1.0433198e-03
  -3.6955045e-03
  -8.4167483e-03
  -7.2903447e-03
  -8.7937415e-03
  -1.2165934e-02
   0.0000000e+00
   0.0000000e+00
   0.0000000e+00
   0.0000000e+00
  -0.0000000e+00
   2.7939110e-03
   1.4649636e-02
   1.7265439e-02
   1.5719311e-02
   1.1565643e-02
   7.0462655e-03
   3.9442242e-03
   2.7595372e-03
   3.5703394e-03
   5.1541310e-03
   5.9085414e-03
   5.0913468e-03
   7.0269196e-04
  -1.1336533e-02
  -2.3057480e-02
   0.0000000e+00
   0.0000000e+00
   0.0000000e+00
   0.0000000e+00
   1.5632158e-02
   1.3846862e-02
   8.0144769e-03
  -2.8591049e-03
  -1.8191431e-02
   0.0000000e+00
  -0.0000000e+00
  -0.0000000e+00
  -5.2578416e-03
  -6.4102574e-03
  -3.2631106e-03
  -0.0000000e+00
  -0.0000000e+00
   0.0000000e+00
   0.0000000e+00
   0.0000000e+00
  -0.0000000e+00
  -3.7541986e-03
   6.1929830e-03
   1.0698488e-02
   1.3819051e-02
   1.4710147e-02
   1.3318900e-02
   1.1843495e-02
   1.1250376e-02
   1.1704954e-02
   1.2574308e-02
   1.2184337e-02
   1.0316821e-02
   3.8990332e-03
  -1.3348214e-02
  -2.2272706e-02
   0.0000000e+00
   0.0000000e+00
   0.0000000e+00
   0.0000000e+00
   1.7039519e-02
   1.8391732e-02
   1.6513446e-02
   8.1747808e-03
  -4.7050363e-03
   0.0000000e+00
   0.0000000e+00
  -0.0000000e+00
  -2.9155253e-03
  -4.7232768e-03
   0.0000000e+00
   0.0000000e+00
   0.0000000e+00
   0.0000000e+00
   0.0000000e+00
   0.0000000e+00
  -0.0000000e+00
  -0.0000000e+00
   0.0000000e+00
   2.3195588e-03
   7.8548249e-03
   1.3857542e-02
   1.6743295e-02
   1.7320734e-02
   1.7371183e-02
   1.7773403e-02
   1.8639866e-02
   1.7406397e-02
   1.4301358e-02
   5.5795135e-03
  -1.7555604e-02
  -0.0000000e+00
   0.0000000e+00
   0.0000000e+00
   0.0000000e+00
   0.0000000e+00
   0.0000000e+00
   1.6415846e-02
   1.9792213e-02
   1.6127873e-02
   8.9869593e-03
   2.7016477e-03
   0.0000000e+00
  -0.0000000e+00
  -0.0000000e+00
  -0.0000000e+00
   0.0000000e+00
   0.0000000e+00
   0.0000000e+00
   0.0000000e+00
   0.0000000e+00
   0.0000000e+00
   0.0000000e+00
   0.0000000e+00
   0.0000000e+00
  -9.4863074e-03
   6.2871672e-04
   1.0879780e-02
   1.5894301e-02
   1.8341411e-02
   1.9487696e-02
   1.9977251e-02
   2.0664847e-02
   1.9770466e-02
   1.6058303e-02
   5.6850100e-03
  -1.5147503e-02
  -0.0000000e+00
   0.0000000e+00
   0.0000000e+00
   0.0000000e+00
   0.0000000e+00
   0.0000000e+00
   0.0000000e+00
   1.3188091e-02
   1.5904274e-02
   1.4011725e-02
   8.7381787e-03
   6.9477338e-03
   0.0000000e+00
   0.0000000e+00
   0.0000000e+00
   0.0000000e+00
   0.0000000e+00
   0.0000000e+00
   0.0000000e+00
   0.0000000e+00
   0.0000000e+00
   0.0000000e+00
   0.0000000e+00
   0.0000000e+00
  -2.0151071e-02
  -9.2988487e-03
   3.3080800e-03
   1.0093858e-02
   1.4325714e-02
   1.6575863e-02
   1.8335687e-02
   1.9064279e-02
   1.8530724e-02
   1.4853698e-02
   5.4937976e-03
  -1.0197098e-02
  -0.0000000e+00
   0.0000000e+00
   0.0000000e+00
   0.0000000e+00
   0.0000000e+00
   0.0000000e+00
   0.0000000e+00
  -1.6740781e-03
   9.0701915e-03
   1.3914104e-02
   1.2577525e-02
   6.6967385e-03
   0.0000000e+00
   0.0000000e+00
   0.0000000e+00
   0.0000000e+00
   0.0000000e+00
   0.0000000e+00
   0.0000000e+00
   0.0000000e+00
   0.0000000e+00
   0.0000000e+00
   0.0000000e+00
   0.0000000e+00
  -2.7670043e-02
  -1.7291520e-02
  -8.0834245e-03
  -1.9699349e-03
   4.5203902e-03
   8.7231304e-03
   1.2377625e-02
   1.3612872e-02
   1.3192960e-02
   1.0211495e-02
   3.9130924e-03
  -1.6624186e-03
   0.0000000e+00
   0.0000000e+00
   0.0000000e+00
   0.0000000e+00
   0.0000000e+00
   0.0000000e+00
   0.0000000e+00
  -0.0000000e+00
   0.0000000e+00
   0.0000000e+00
   8.9156906e-03
   0.0000000e+00
   0.0000000e+00
   0.0000000e+00
   0.0000000e+00
   0.0000000e+00
   0.0000000e+00
   0.0000000e+00
   0.0000000e+00
   0.0000000e+00
   0.0000000e+00
   0.0000000e+00
   0.0000000e+00
   0.0000000e+00
  -0.0000000e+00
  -0.0000000e+00
  -0.0000000e+00
  -1.9397409e-02
  -1.0974958e-02
  -4.8870221e-03
   8.1555582e-04
   3.2006858e-03
   5.1341001e-03
   0.0000000e+00
   0.0000000e+00
   0.0000000e+00
   0.0000000e+00
   0.0000000e+00
   0.0000000e+00
   0.0000000e+00
   0.0000000e+00
   0.0000000e+00
   0.0000000e+00
  -0.0000000e+00
  -0.0000000e+00
   0.0000000e+00
   0.0000000e+00
   2.2005730e-03
   7.6441448e-03
   1.1391195e-03
  -2.8397076e-04
   2.2060013e-03
  -1.8663027e-03
   7.3608398e-04
   0.0000000e+00
   0.0000000e+00
   0.0000000e+00
   1.0985819e-03
  -1.7031098e-03
  -3.3517518e-03
  -0.0000000e+00
   0.0000000e+00
   0.0000000e+00
  -0.0000000e+00
  -0.0000000e+00
  -2.3735955e-02
  -1.0880511e-02
  -0.0000000e+00
   0.0000000e+00
   0.0000000e+00
   0.0000000e+00
   0.0000000e+00
   0.0000000e+00
   0.0000000e+00
   0.0000000e+00
   0.0000000e+00
   0.0000000e+00
   0.0000000e+00
   0.0000000e+00
  -0.0000000e+00
  -0.0000000e+00
   0.0000000e+00
   0.0000000e+00
  -1.9491672e-03
   3.8939260e-03
   3.3216063e-03
   2.0769063e-03
   4.6466146e-04
  -1.4396032e-03
   5.9305277e-04
   5.7702129e-03
   0.0000000e+00
   1.5841471e-03
