  1.228863e-01
  1.053125e-01
  9.841724e-02
  9.297400e-02
  8.996985e-02
  8.502058e-02
  8.105442e-02
  8.577586e-02
  8.799449e-02
  8.983227e-02
  9.751816e-02
  9.478844e-02
  8.558139e-02
  6.961292e-02
  6.523810e-02
  7.191076e-02
  7.567457e-02
  8.953669e-02
  9.459605e-02
  8.749740e-02
  7.839627e-02
  7.068086e-02
  7.034236e-02
  6.154448e-02
  6.388307e-02
  7.406538e-02
  7.449062e-02
  7.009533e-02
  6.365578e-02
  6.391147e-02
  6.680154e-02
  7.086550e-02
  7.422245e-02
  7.449232e-02
  7.825745e-02
  9.951158e-02
