  0.1575  0.1596  0.1477  0.1392  0.1239  0.1304  0.1220  0.1064  0.0995  0.1035  0.1035  0.1096  0.1220  0.1303  0.1384  0.1523  0.1467  0.1460  0.1429  0.1311  0.1375  0.1354  0.1122  0.1125  0.1140  0.1069  0.0974  0.0881  0.0846  0.0846  0.0892  0.0888  0.1109  0.1340  0.1431  0.1724
  0.1263  0.1285  0.1317  0.1302  0.1191  0.1016  0.0880  0.0751  0.0749  0.0753  0.0809  0.0815  0.0887  0.0891  0.1026  0.1112  0.1146  0.1213  0.1258  0.1263  0.1265  0.1248  0.1076  0.1002  0.1192  0.1247  0.0833  0.0881  0.0863  0.0770  0.0883  0.0883  0.0968  0.1275  0.1305  0.1294
  0.1289  0.1311  0.1283  0.0758  0.0698  0.0742  0.0732  0.0715  0.0717  0.0718  0.0716  0.0712  0.0708  0.0705  0.0751  0.1030  0.1065  0.1137  0.1200  0.1220  0.1229  0.1221  0.0759  0.1040  0.1068  0.0818  0.0821  0.1070  0.1090  0.1032  0.1144  0.1164  0.1168  0.1173  0.1200  0.1225
  0.1279  0.1257  0.1211  0.0747  0.0669  0.0681  0.0687  0.0687  0.0686  0.0686  0.0683  0.0678  0.0673  0.0671  0.0682  0.0965  0.1050  0.1094  0.1138  0.1179  0.1193  0.1169  0.0768  0.0743  0.0665  0.0659  0.0819  0.1059  0.1085  0.1097  0.1106  0.1112  0.1119  0.1116  0.1151  0.1204
  0.1209  0.1229  0.1138  0.0706  0.0642  0.0652  0.0654  0.0650  0.0648  0.0649  0.0647  0.0640  0.0636  0.0637  0.0640  0.0903  0.1049  0.1073  0.1094  0.1102  0.1105  0.1076  0.0818  0.0629  0.0629  0.0699  0.0792  0.1040  0.1067  0.1089  0.1108  0.1121  0.1129  0.1142  0.1175  0.1173
  0.1109  0.1094  0.1064  0.0693  0.0614  0.0618  0.0617  0.0613  0.0611  0.0613  0.0612  0.0606  0.0602  0.0604  0.0610  0.0826  0.1042  0.1062  0.1085  0.1083  0.1051  0.0774  0.0687  0.0600  0.0597  0.0625  0.0969  0.1025  0.1006  0.0914  0.0837  0.1083  0.1101  0.1123  0.1306  0.1134
  0.0945  0.0705  0.0697  0.0587  0.0586  0.0588  0.0586  0.0584  0.0583  0.0584  0.0582  0.0579  0.0577  0.0577  0.0581  0.0689  0.1014  0.1041  0.1051  0.1022  0.0689  0.0573  0.0572  0.0573  0.0574  0.0722  0.0830  0.0715  0.0623  0.0705  0.0752  0.1054  0.1072  0.1727  0.2369  0.1470
  0.0909  0.0561  0.0560  0.0563  0.0566  0.0564  0.0564  0.0563  0.0563  0.0561  0.0558  0.0557  0.0557  0.0557  0.0556  0.0565  0.0988  0.1029  0.0911  0.0818  0.0549  0.0550  0.0550  0.0550  0.0554  0.0958  0.0643  0.0870  0.0551  0.0564  0.0659  0.0862  0.1587  0.2940  0.3550  0.1875
  0.1095  0.0760  0.0545  0.0550  0.0548  0.0541  0.0541  0.0543  0.0542  0.0537  0.0533  0.0536  0.0537  0.0536  0.0531  0.0538  0.0943  0.0954  0.0529  0.0525  0.0527  0.0529  0.0530  0.0528  0.0537  0.1978  0.0536  0.0717  0.0741  0.0581  0.0668  0.0537  0.2237  0.3550  0.3549  0.1571
  0.1149  0.0744  0.0532  0.0536  0.0531  0.0521  0.0522  0.0527  0.0526  0.0519  0.0514  0.0520  0.0522  0.0520  0.0513  0.0517  0.0680  0.0808  0.0509  0.0506  0.0512  0.0516  0.0516  0.0512  0.0520  0.2111  0.0996  0.0584  0.0562  0.0568  0.0948  0.0548  0.2981  0.3550  0.3532  0.1665
  0.1117  0.0697  0.0513  0.0517  0.0510  0.0500  0.0502  0.0510  0.0509  0.0500  0.0495  0.0503  0.0508  0.0504  0.0496  0.0499  0.0605  0.0789  0.0493  0.0490  0.0499  0.0505  0.0502  0.0495  0.0741  0.3369  0.3287  0.0706  0.0498  0.1185  0.0699  0.1330  0.1593  0.3548  0.3354  0.1539
  0.1013  0.0507  0.0497  0.0504  0.0496  0.0485  0.0488  0.0498  0.0498  0.0486  0.0482  0.0492  0.0498  0.0492  0.0484  0.0486  0.0550  0.1453  0.0984  0.0479  0.0489  0.0497  0.0491  0.0484  0.2044  0.3518  0.2970  0.1254  0.0715  0.0800  0.0502  0.0765  0.0851  0.2972  0.2603  0.1298
  0.0734  0.0474  0.0485  0.0494  0.0485  0.0473  0.0476  0.0488  0.0488  0.0475  0.0471  0.0482  0.0490  0.0482  0.0472  0.0474  0.0488  0.1683  0.0679  0.0470  0.0481  0.0491  0.0483  0.0625  0.3144  0.2437  0.1452  0.1181  0.1113  0.1036  0.0491  0.0593  0.0872  0.2292  0.1655  0.1199
  0.0971  0.0575  0.0509  0.0487  0.0475  0.0463  0.0465  0.0480  0.0479  0.0465  0.0461  0.0471  0.0482  0.0470  0.0459  0.0462  0.0479  0.0482  0.0465  0.0463  0.0474  0.0487  0.0478  0.0604  0.1780  0.1240  0.1112  0.1147  0.1180  0.1081  0.0483  0.0471  0.0717  0.1407  0.1194  0.1143
  0.0906  0.0842  0.0591  0.0481  0.0468  0.0456  0.0459  0.0474  0.0473  0.0457  0.0454  0.0464  0.0477  0.0463  0.0452  0.0455  0.0474  0.0476  0.0460  0.0460  0.0468  0.0485  0.0473  0.0460  0.1001  0.1164  0.1122  0.1160  0.1216  0.1123  0.0586  0.0464  0.0478  0.0816  0.1089  0.1135
  0.0517  0.0821  0.0588  0.0477  0.0462  0.0450  0.0453  0.0469  0.0469  0.0452  0.0448  0.0459  0.0474  0.0458  0.0447  0.0450  0.0470  0.0471  0.0458  0.0884  0.2601  0.0481  0.0466  0.0486  0.1087  0.1132  0.1150  0.1205  0.1256  0.1174  0.0835  0.0489  0.0450  0.0458  0.0869  0.1571
  0.0646  0.0461  0.0462  0.0472  0.0457  0.0445  0.0448  0.0465  0.0465  0.0448  0.0444  0.0455  0.0471  0.0455  0.0443  0.0447  0.0466  0.0467  0.0455  0.1167  0.3435  0.1593  0.0458  0.0481  0.1043  0.1108  0.1154  0.1205  0.1388  0.1497  0.1033  0.0481  0.0555  0.0529  0.0539  0.0701
  0.0617  0.0557  0.0454  0.0470  0.0454  0.0442  0.0445  0.0463  0.0463  0.0445  0.0441  0.0451  0.0469  0.0452  0.0441  0.0444  0.0464  0.0465  0.0451  0.1181  0.3403  0.2927  0.0531  0.0445  0.0874  0.1099  0.1126  0.1247  0.2179  0.3000  0.1434  0.0575  0.1078  0.0999  0.0782  0.0462
  0.0616  0.0556  0.0454  0.0470  0.0454  0.0442  0.0445  0.0463  0.0463  0.0445  0.0441  0.0451  0.0469  0.0451  0.0441  0.0445  0.0464  0.0466  0.0450  0.1335  0.3421  0.3548  0.0833  0.0446  0.0620  0.0790  0.1119  0.1256  0.2857  0.3432  0.1436  0.0575  0.1097  0.1160  0.0782  0.0463
  0.0450  0.0445  0.0457  0.0473  0.0457  0.0445  0.0448  0.0465  0.0465  0.0447  0.0443  0.0454  0.0471  0.0455  0.0445  0.0449  0.0467  0.0469  0.0451  0.1368  0.3352  0.2931  0.1047  0.0466  0.0449  0.0488  0.1039  0.1247  0.2628  0.3335  0.0644  0.0573  0.1097  0.1143  0.0568  0.0467
  0.0454  0.0450  0.0462  0.0477  0.0462  0.0451  0.0453  0.0469  0.0469  0.0451  0.0447  0.0457  0.0473  0.0459  0.0451  0.0455  0.0473  0.0474  0.0456  0.1210  0.2753  0.1773  0.1162  0.0846  0.0454  0.0472  0.1195  0.1262  0.1560  0.2580  0.0475  0.0462  0.0994  0.1116  0.0695  0.0472
  0.0458  0.0455  0.0467  0.0481  0.0468  0.0456  0.0459  0.0474  0.0474  0.0457  0.0452  0.0462  0.0475  0.0464  0.0456  0.0461  0.0479  0.0481  0.0467  0.1028  0.1391  0.1203  0.1147  0.0925  0.0460  0.0478  0.2226  0.1607  0.1395  0.0804  0.0481  0.0469  0.0994  0.1019  0.0497  0.0476
  0.0464  0.0461  0.0473  0.0485  0.0474  0.0463  0.0466  0.0481  0.0480  0.0464  0.0459  0.0468  0.0480  0.0470  0.0461  0.0467  0.0484  0.0487  0.0476  0.0806  0.1272  0.1182  0.1139  0.1449  0.0469  0.0485  0.2149  0.1972  0.1157  0.0599  0.0487  0.0574  0.1069  0.0593  0.0480  0.0480
  0.0473  0.0469  0.0481  0.0491  0.0482  0.0471  0.0475  0.0489  0.0489  0.0474  0.0469  0.0479  0.0488  0.0479  0.0469  0.0473  0.0489  0.0491  0.0481  0.0757  0.1166  0.1185  0.1115  0.0635  0.0481  0.0496  0.0845  0.1272  0.1172  0.0610  0.0495  0.0590  0.0777  0.0473  0.0487  0.0487
  0.0484  0.0480  0.0490  0.0497  0.0491  0.0481  0.0485  0.0497  0.0497  0.0485  0.0481  0.0490  0.0496  0.0489  0.0479  0.0482  0.0494  0.0496  0.0490  0.0552  0.1067  0.1215  0.1099  0.0605  0.0492  0.0503  0.1422  0.1988  0.1183  0.0625  0.0505  0.0496  0.0482  0.0484  0.0496  0.0496
  0.0499  0.0495  0.0502  0.0505  0.0502  0.0493  0.0497  0.0507  0.0507  0.0498  0.0495  0.0503  0.0507  0.0501  0.0491  0.0494  0.0502  0.0504  0.0499  0.0505  0.1004  0.1230  0.0984  0.0535  0.0506  0.0510  0.2764  0.3368  0.1919  0.0668  0.0648  0.0508  0.0496  0.0499  0.0508  0.0509
  0.0520  0.0515  0.0533  0.0710  0.0529  0.0512  0.0515  0.0521  0.0521  0.0515  0.0512  0.0518  0.0520  0.0517  0.0509  0.0510  0.0515  0.0516  0.0513  0.0518  0.1090  0.1630  0.0769  0.0527  0.0524  0.0524  0.2590  0.3302  0.1164  0.0856  0.0692  0.0526  0.0516  0.0518  0.0524  0.0525
  0.0537  0.0533  0.0548  0.0855  0.0569  0.0529  0.0532  0.0535  0.0536  0.0532  0.0529  0.0533  0.0533  0.0532  0.0526  0.0527  0.0529  0.0529  0.0528  0.0598  0.1151  0.1138  0.0644  0.0541  0.0541  0.0539  0.1917  0.2200  0.1461  0.0738  0.0596  0.0542  0.0536  0.0537  0.0540  0.0541
  0.0561  0.0558  0.0615  0.0710  0.0581  0.0550  0.0553  0.0555  0.0556  0.0556  0.0555  0.0555  0.0554  0.0554  0.0552  0.0552  0.0551  0.0551  0.0551  0.0637  0.1087  0.0865  0.0560  0.0562  0.0563  0.0560  0.0916  0.1551  0.0791  0.0671  0.0563  0.0564  0.0564  0.0564  0.0564  0.0563
  0.0582  0.0755  0.0922  0.0753  0.0642  0.0575  0.0576  0.0576  0.0578  0.0580  0.0581  0.0578  0.0575  0.0577  0.0579  0.0577  0.0574  0.0574  0.0576  0.0654  0.1043  0.0704  0.0580  0.0584  0.0585  0.0581  0.0770  0.1011  0.0659  0.0584  0.0584  0.0588  0.0591  0.0590  0.0587  0.0585
  0.0609  0.0913  0.1008  0.1012  0.0981  0.0647  0.0608  0.0606  0.0606  0.0609  0.0611  0.0607  0.0604  0.0606  0.0610  0.0608  0.0603  0.0603  0.0606  0.0762  0.0845  0.0605  0.0606  0.0613  0.0612  0.0607  0.0685  0.0737  0.0618  0.0611  0.0611  0.0615  0.0621  0.0618  0.0613  0.0612
  0.1005  0.1007  0.1008  0.1011  0.1011  0.0779  0.0646  0.0645  0.0643  0.0644  0.0647  0.0644  0.0640  0.0643  0.0646  0.0644  0.0639  0.0638  0.0642  0.0847  0.0788  0.0638  0.0639  0.0647  0.0646  0.0641  0.0639  0.0645  0.0647  0.0643  0.0642  0.0647  0.0653  0.0652  0.0647  0.0667
  0.1008  0.1008  0.1001  0.1008  0.1010  0.0876  0.0684  0.0684  0.0802  0.0737  0.0683  0.0683  0.0682  0.0683  0.0684  0.0681  0.0678  0.0678  0.0678  0.0831  0.0717  0.0674  0.0675  0.0680  0.0681  0.0678  0.0676  0.0678  0.0678  0.0677  0.0678  0.0683  0.0688  0.0689  0.0687  0.0702
  0.0841  0.0841  0.0751  0.0840  0.0945  0.0859  0.0728  0.0730  0.0771  0.0726  0.0725  0.0726  0.0727  0.0727  0.0726  0.0725  0.0723  0.0721  0.0719  0.0719  0.0722  0.0722  0.0721  0.0722  0.0721  0.0719  0.0718  0.0717  0.0717  0.0718  0.0720  0.0722  0.0724  0.0725  0.0726  0.0732
  0.0774  0.0778  0.0783  0.0812  0.0783  0.0799  0.0784  0.0780  0.0781  0.0779  0.0778  0.0779  0.0779  0.0778  0.0777  0.0777  0.0775  0.0774  0.0881  0.0786  0.0776  0.0776  0.0775  0.0770  0.0768  0.0766  0.0763  0.0760  0.0760  0.0784  0.0814  0.0784  0.0763  0.0763  0.0795  0.0818
  0.0964  0.0954  0.0955  0.0967  0.0927  0.1005  0.1017  0.0921  0.0925  0.0924  0.0923  0.0938  0.0954  0.0932  0.0915  0.0939  0.0958  0.0928  0.0967  0.0917  0.0912  0.0923  0.0940  0.0940  0.1006  0.1042  0.1046  0.1106  0.1133  0.1131  0.1125  0.1133  0.1099  0.1141  0.1121  0.1095
