   0.0000000e+00
   0.0000000e+00
   0.0000000e+00
   0.0000000e+00
   0.0000000e+00
   0.0000000e+00
   0.0000000e+00
   0.0000000e+00
   0.0000000e+00
   0.0000000e+00
   0.0000000e+00
  -0.0000000e+00
  -0.0000000e+00
  -0.0000000e+00
   0.0000000e+00
   0.0000000e+00
   0.0000000e+00
   0.0000000e+00
   0.0000000e+00
   0.0000000e+00
   1.9017936e-02
  -9.5770244e-03
  -2.4880527e-02
  -0.0000000e+00
  -0.0000000e+00
   0.0000000e+00
   0.0000000e+00
   0.0000000e+00
   0.0000000e+00
   0.0000000e+00
   0.0000000e+00
   0.0000000e+00
   0.0000000e+00
   0.0000000e+00
   0.0000000e+00
   0.0000000e+00
   7.2310165e-02
   1.8783022e-02
  -1.5681690e-04
   1.0196541e-02
   1.0956929e-03
   3.2985157e-03
   1.3199509e-02
   1.6767291e-02
   1.5952395e-02
   1.1379172e-02
   4.3466282e-03
  -4.0992550e-03
  -9.3508773e-03
  -1.1431445e-02
  -7.9562580e-03
  -3.7595897e-03
   3.5896923e-03
   6.5949531e-03
   5.9690874e-03
   0.0000000e+00
   6.9807959e-03
   8.7880120e-03
   7.0586870e-03
   2.3454570e-03
  -1.1166183e-03
   7.2109372e-03
   1.2587590e-02
   1.1840751e-02
  -1.1486047e-03
  -5.4814579e-03
   1.3233013e-02
   5.1086907e-02
   2.9832217e-02
   1.0939834e-02
   2.1761618e-02
   0.0000000e+00
  -5.7280809e-03
  -1.9632485e-02
  -2.6722945e-02
  -2.4942795e-02
  -1.7638782e-02
  -7.4333162e-03
   6.3724234e-04
   4.0774737e-03
   8.1365863e-03
   8.1661614e-03
   1.5901229e-03
  -6.5028807e-03
  -1.1540851e-02
  -1.3214789e-02
  -1.2500950e-02
  -9.8453173e-03
  -6.4211912e-03
  -3.3239240e-03
   1.4698468e-03
   5.2497819e-03
   7.8087449e-03
   1.0687668e-02
   1.3687045e-02
   1.1635831e-02
   3.8949538e-03
  -3.5120791e-03
  -7.7409423e-03
  -9.6495012e-03
  -8.0507137e-03
  -4.0811747e-03
   3.3261832e-03
   1.1739918e-02
   1.4670547e-02
   1.6402511e-02
   1.4034742e-02
   7.6840622e-03
  -3.3206705e-02
  -4.2041540e-02
  -4.2301387e-02
  -3.4891050e-02
  -2.2419889e-02
  -1.0312175e-02
  -4.1212626e-03
  -3.6379730e-03
   2.5580940e-03
   1.8163335e-03
  -6.1022216e-03
  -1.5229555e-02
  -1.9919951e-02
  -2.0967716e-02
  -2.0280415e-02
  -1.7555336e-02
  -1.4807058e-02
  -1.8664980e-02
  -1.3932699e-02
  -2.7909513e-03
  -5.4124901e-03
   1.8478492e-03
   7.7937832e-03
   5.9434120e-03
  -5.8852546e-03
  -1.4723768e-02
  -2.3054009e-02
  -2.8162949e-02
  -2.5385035e-02
  -1.9331099e-02
  -7.9000453e-03
   3.4526801e-03
   6.0226014e-03
   1.2474064e-02
   3.8810959e-03
  -1.5780155e-02
  -4.3004286e-02
  -4.4890173e-02
  -4.1804299e-02
  -3.2432048e-02
  -1.6728706e-02
  -6.3374038e-03
  -4.2791562e-03
   4.7743123e-04
   5.9836060e-03
  -9.8420610e-04
  -1.1198653e-02
  -2.0920420e-02
  -2.5001395e-02
  -2.5718916e-02
  -2.3849659e-02
  -1.8915804e-02
  -1.6696539e-02
  -2.3949420e-02
   0.0000000e+00
  -1.1766734e-02
  -1.4496940e-02
  -4.3507791e-03
   5.4267090e-04
  -7.8268920e-04
  -1.1858514e-02
  -2.0175800e-02
  -2.9840691e-02
  -3.3423934e-02
  -2.7844314e-02
  -2.2354506e-02
  -1.0443825e-02
   3.4605950e-04
   5.5525135e-03
   1.4291739e-02
  -3.3548309e-03
  -2.8491214e-02
  -3.5330603e-02
  -3.2596044e-02
  -2.8907783e-02
  -2.0929790e-02
  -3.6882674e-03
   9.2635379e-04
   1.2266016e-03
   7.1228028e-03
   3.9614767e-03
  -5.3934654e-03
  -1.3464679e-02
  -1.9603956e-02
  -2.2070689e-02
  -2.1764650e-02
  -1.8619023e-02
  -1.3689614e-02
  -1.2608212e-02
  -1.4442631e-02
   0.0000000e+00
  -0.0000000e+00
  -1.1862462e-02
  -4.6909589e-03
  -1.7282484e-03
  -4.4780991e-03
  -1.4137044e-02
  -2.1303179e-02
  -2.6614755e-02
  -2.1611343e-02
  -1.2827170e-02
  -1.0670284e-02
  -3.0874167e-03
   3.2688632e-03
   8.4472527e-03
   7.7913939e-03
  -1.3973175e-02
  -3.1710969e-02
  -1.5460676e-02
  -1.9127329e-02
  -1.2925780e-02
  -9.8188264e-03
   0.0000000e+00
   8.8361371e-03
   5.6263390e-03
   3.5075814e-03
  -3.2850495e-03
  -5.9514758e-03
  -1.0120708e-02
  -1.3545812e-02
  -1.5020270e-02
  -1.4540163e-02
  -1.1799426e-02
  -8.3076227e-03
  -7.3121749e-03
  -2.6697868e-03
   0.0000000e+00
  -0.0000000e+00
  -8.5916063e-03
  -5.4564001e-03
  -4.0218602e-03
  -8.4615052e-03
  -1.3516958e-02
  -1.6134685e-02
  -1.2265409e-02
  -9.8349969e-04
   3.8674762e-03
   8.4649364e-05
   1.2279878e-03
   1.6098416e-03
   1.8249695e-03
  -5.5118874e-03
  -1.7363496e-02
  -2.0551605e-02
   1.2916706e-02
  -0.0000000e+00
  -0.0000000e+00
   0.0000000e+00
   0.0000000e+00
   9.4909687e-03
   3.4635381e-03
   7.9943026e-04
  -1.9115742e-03
  -7.7818549e-04
  -3.4465080e-03
  -6.5354574e-03
  -8.7086791e-03
  -8.9634693e-03
  -6.9533959e-03
  -4.3536196e-03
  -1.5550842e-03
   1.0974638e-02
   1.9417420e-02
   0.0000000e+00
  -0.0000000e+00
  -8.1548598e-03
  -8.9606837e-03
  -8.9581506e-03
  -7.5031356e-03
  -4.0864572e-03
   8.6146258e-03
   2.8192669e-03
   3.8614373e-03
  -2.3798384e-03
  -3.8092851e-03
  -7.3958166e-03
  -6.8965391e-03
  -7.3851566e-03
  -6.9493410e-03
   1.7447385e-04
   3.9989918e-02
   0.0000000e+00
   0.0000000e+00
   0.0000000e+00
   0.0000000e+00
   6.6005681e-03
   1.2997454e-03
   1.2495982e-03
   3.2667234e-03
   4.7062682e-03
   2.3552314e-03
  -1.1772178e-03
  -4.4383327e-03
  -5.3995722e-03
  -3.8462514e-03
  -1.0329086e-03
   3.6505563e-03
   2.1436084e-02
   2.6483804e-02
   0.0000000e+00
  -0.0000000e+00
  -1.2043350e-02
  -1.0916837e-02
  -5.2997246e-03
  -6.4604450e-04
   7.8857318e-03
   3.1772949e-02
   0.0000000e+00
   0.0000000e+00
   2.1067690e-03
  -2.7452861e-03
  -6.3537075e-03
  -3.1869935e-03
   3.9298393e-04
   5.0100894e-03
   1.8787764e-02
   5.7728837e-02
   0.0000000e+00
   0.0000000e+00
   0.0000000e+00
   0.0000000e+00
   9.9179195e-03
   6.5451274e-03
   7.9872841e-03
   1.0585538e-02
   1.1648645e-02
   9.1689341e-03
   4.5053246e-03
  -5.2938989e-04
  -2.2061353e-03
  -4.4987607e-04
   3.7020796e-03
   1.0827597e-02
   3.2477908e-02
   3.9772652e-02
   0.0000000e+00
   0.0000000e+00
  -1.7158421e-02
  -1.0529622e-02
   3.1465428e-05
   7.1168728e-03
   2.3821734e-02
   5.5474883e-02
   0.0000000e+00
   0.0000000e+00
   8.7943014e-03
  -1.4588672e-03
   1.0512138e-03
   4.9108947e-03
   1.0020113e-02
   1.8082362e-02
   3.8344778e-02
   4.9642524e-02
   0.0000000e+00
   0.0000000e+00
   0.0000000e+00
   0.0000000e+00
   1.6480662e-02
   1.2638103e-02
   1.3470651e-02
   1.5702786e-02
   1.6589914e-02
   1.3131758e-02
   6.7275427e-03
   3.5238083e-04
  -6.5763114e-04
   2.3040625e-03
   7.9546385e-03
   1.7378520e-02
   3.8680732e-02
   4.2975922e-02
   0.0000000e+00
   0.0000000e+00
  -2.0993586e-02
  -8.6924266e-03
   3.7147782e-03
   1.3282506e-02
   3.8099755e-02
   7.3994851e-02
   0.0000000e+00
   0.0000000e+00
   0.0000000e+00
   1.4107246e-03
   7.2013205e-03
   1.0536464e-02
   1.7268721e-02
   2.8106712e-02
   4.7726694e-02
   3.8260486e-02
   1.7160299e-02
   0.0000000e+00
   0.0000000e+00
   2.6792462e-02
   2.1527505e-02
   1.7007822e-02
   1.7164117e-02
   1.9208457e-02
   1.8560627e-02
   1.2812490e-02
   4.7528464e-03
  -3.5327117e-04
   1.1901109e-03
   6.1407876e-03
   1.3789977e-02
   2.5662007e-02
   4.4171154e-02
   3.7571487e-02
   0.0000000e+00
   0.0000000e+00
  -0.0000000e+00
  -3.6844630e-03
   8.4801149e-03
   2.1860046e-02
   5.1600739e-02
   7.6467471e-02
   0.0000000e+00
   0.0000000e+00
   0.0000000e+00
   4.3840923e-03
   1.1749635e-02
   1.6591864e-02
   2.6357101e-02
   3.8774513e-02
   5.1535841e-02
   3.5286441e-02
   1.1566309e-02
   4.8842363e-03
   1.7430878e-02
   2.8265412e-02
   2.2197787e-02
   1.6693044e-02
   1.6357318e-02
   1.7559102e-02
   1.4586037e-02
   7.4358704e-03
   9.4144966e-04
  -4.2815373e-05
   4.4501377e-03
   1.1457685e-02
   2.0972744e-02
   3.5265867e-02
   5.0330684e-02
   3.0378975e-02
   0.0000000e+00
   0.0000000e+00
  -0.0000000e+00
   3.6240957e-03
   1.5607625e-02
   3.2031555e-02
   5.8290299e-02
   6.2637573e-02
   0.0000000e+00
   0.0000000e+00
   0.0000000e+00
   0.0000000e+00
   1.5552020e-02
   2.2503529e-02
   3.4900777e-02
   4.6552513e-02
   5.1175613e-02
   3.0985467e-02
   1.1587304e-02
   6.8959338e-03
   1.6775330e-02
   2.4795866e-02
   1.7053183e-02
   1.0435287e-02
   1.0630699e-02
   1.1520127e-02
   8.0346502e-03
   2.6771552e-03
  -1.1246114e-04
   2.5717197e-03
   9.0836016e-03
   1.7591806e-02
   2.8203452e-02
   4.4499967e-02
   5.8209530e-02
   0.0000000e+00
   0.0000000e+00
   0.0000000e+00
   0.0000000e+00
   1.2866680e-02
   2.4845304e-02
   4.1255180e-02
   5.7626270e-02
   4.9660742e-02
   0.0000000e+00
   0.0000000e+00
  -0.0000000e+00
   1.8289365e-02
   1.8955830e-02
   2.6401758e-02
   3.9188609e-02
   4.7995586e-02
   4.6522170e-02
   2.1032687e-02
   1.1631371e-02
   1.4059727e-02
   1.6605530e-02
   1.4999866e-02
   5.7158293e-03
   3.7147489e-04
   1.6990143e-03
   2.8899363e-03
   1.5971649e-03
   5.7560046e-05
   1.0709633e-03
   6.3951719e-03
   1.4483148e-02
   2.3522755e-02
   3.3918060e-02
   4.8383005e-02
   5.3223361e-02
   0.0000000e+00
   0.0000000e+00
   0.0000000e+00
   0.0000000e+00
   2.2131847e-02
   3.4002144e-02
   4.5778736e-02
   5.0553754e-02
   3.6736351e-02
   0.0000000e+00
   0.0000000e+00
  -0.0000000e+00
   1.1480957e-02
   2.1914596e-02
   2.6904065e-02
   3.6422640e-02
   4.0330332e-02
   3.3606280e-02
   1.7468415e-02
   7.5605911e-03
   8.2902297e-03
   0.0000000e+00
   6.3019512e-03
  -5.5596004e-03
  -8.4161162e-03
  -7.9732165e-03
  -7.5669596e-03
  -7.1032885e-03
  -5.3308448e-03
  -8.8991795e-04
   7.2894492e-03
   1.6780276e-02
   2.5827143e-02
   3.5014071e-02
   4.0686946e-02
   3.5853028e-02
   0.0000000e+00
   0.0000000e+00
   0.0000000e+00
   0.0000000e+00
   0.0000000e+00
   3.7226394e-02
   4.2853642e-02
   3.9850336e-02
   2.6768526e-02
   0.0000000e+00
   0.0000000e+00
  -0.0000000e+00
   1.1262709e-02
   2.1415234e-02
   2.3872556e-02
   2.8620677e-02
   2.6995610e-02
   1.9861438e-02
   0.0000000e+00
   1.5171506e-03
  -1.3985682e-03
   7.2402937e-05
  -1.9905189e-03
  -1.2011519e-02
  -1.4588413e-02
  -1.5739910e-02
  -1.6599378e-02
  -1.6051857e-02
  -1.2841401e-02
  -6.4057512e-03
   3.1993282e-03
   1.3139728e-02
   2.2364683e-02
   2.9466094e-02
   2.8514223e-02
   2.1423325e-02
   0.0000000e+00
   0.0000000e+00
   0.0000000e+00
   0.0000000e+00
   3.1422403e-02
   3.3729091e-02
   3.4813050e-02
   2.8354967e-02
   1.8198442e-02
   0.0000000e+00
   0.0000000e+00
  -0.0000000e+00
   3.3829263e-03
   1.5740506e-02
   1.7697195e-02
   1.9619722e-02
   1.5793232e-02
   1.1663397e-02
   0.0000000e+00
  -0.0000000e+00
  -2.5726270e-03
   1.5353039e-04
  -4.1393349e-03
  -9.5500814e-03
  -1.1858855e-02
  -1.3525506e-02
  -1.4755324e-02
  -1.4630594e-02
  -1.2007779e-02
  -6.9199056e-03
   3.6876656e-04
   8.0351550e-03
   1.5644634e-02
   2.1135350e-02
   1.8717240e-02
   1.3539008e-02
   0.0000000e+00
   0.0000000e+00
   0.0000000e+00
   0.0000000e+00
   2.3472252e-02
   2.5483423e-02
   2.5948156e-02
   1.9115651e-02
   1.0107072e-02
   0.0000000e+00
   0.0000000e+00
   0.0000000e+00
  -3.3421997e-03
   8.3269048e-03
   1.1116774e-02
   1.2868994e-02
   9.2282498e-03
   3.7362187e-03
  -4.4964619e-04
   0.0000000e+00
   3.3197286e-04
   2.6036032e-03
   1.8112060e-03
   6.7112080e-04
  -6.4731131e-04
  -2.0446791e-03
  -3.3710043e-03
  -4.1139344e-03
  -2.9040600e-03
   7.5643867e-04
   7.0596022e-03
   1.3841911e-02
   1.9282726e-02
   1.8878150e-02
   1.0036530e-02
   2.1320646e-03
   0.0000000e+00
   0.0000000e+00
  -0.0000000e+00
   1.0594975e-02
   1.9608935e-02
   2.1773900e-02
   2.0766082e-02
   1.2706073e-02
   6.3893131e-03
   0.0000000e+00
   0.0000000e+00
   0.0000000e+00
  -0.0000000e+00
   2.6370663e-03
   4.7538056e-03
   8.8312997e-03
   6.9209706e-03
   1.1200969e-03
  -3.0889588e-03
   1.7667387e-03
  -4.3824891e-04
  -1.7286848e-03
  -3.7141605e-03
  -5.9194528e-03
  -7.9005305e-03
  -9.6868873e-03
  -1.1192427e-02
  -1.1681641e-02
  -1.0116773e-02
  -5.8778445e-03
   1.5380480e-03
   8.6925859e-03
   1.1385805e-02
   7.3121148e-03
   2.9293029e-04
  -3.4201956e-03
   0.0000000e+00
   0.0000000e+00
  -0.0000000e+00
   4.1693910e-03
   4.8310733e-03
   9.5320307e-03
   1.5995584e-02
   1.1657714e-02
   0.0000000e+00
   0.0000000e+00
   0.0000000e+00
   0.0000000e+00
  -0.0000000e+00
  -2.7100756e-03
  -6.5907172e-04
   1.0407869e-02
   9.4270948e-03
   8.5962471e-04
  -1.9938513e-03
   2.8650854e-03
  -2.2564183e-03
  -6.9588171e-03
  -1.1967298e-02
  -1.7046897e-02
  -2.1717411e-02
  -2.5480961e-02
  -2.8381713e-02
  -2.9829370e-02
  -2.9565530e-02
  -2.7262580e-02
  -2.0820491e-02
  -1.0735326e-02
  -3.9608153e-03
  -5.0115720e-03
  -6.0961490e-03
  -6.8020122e-03
   0.0000000e+00
  -0.0000000e+00
  -3.2979503e-03
  -6.6933478e-03
  -1.2154679e-02
  -3.2745395e-03
   0.0000000e+00
   0.0000000e+00
   0.0000000e+00
   0.0000000e+00
   0.0000000e+00
   0.0000000e+00
  -0.0000000e+00
  -3.0939959e-03
  -5.9442878e-03
   2.5543761e-02
   1.6573647e-02
  -2.2875940e-03
   0.0000000e+00
   4.7091702e-03
  -1.5583186e-03
  -7.0554400e-03
  -1.3414581e-02
  -2.0271113e-02
  -2.7150132e-02
  -3.2366097e-02
  -3.6375694e-02
  -3.9556507e-02
  -4.2202599e-02
  -4.3932572e-02
  -4.1286815e-02
  -2.9561963e-02
  -1.3855707e-02
  -1.1638753e-02
  -9.1010596e-03
  -1.8942970e-02
  -0.0000000e+00
  -9.8543352e-04
  -6.0791061e-03
  -1.6105535e-02
  -2.4160935e-02
  -1.8534382e-02
   0.0000000e+00
   0.0000000e+00
   0.0000000e+00
   0.0000000e+00
   0.0000000e+00
   0.0000000e+00
   0.0000000e+00
   5.3572301e-03
  -1.0260433e-02
   0.0000000e+00
   2.6673103e-02
  -2.8943177e-03
  -0.0000000e+00
   1.7005518e-03
   2.1478868e-04
  -2.7310841e-03
  -8.2138320e-03
  -1.5586891e-02
  -2.3408826e-02
  -2.8857689e-02
  -3.2151625e-02
  -3.5018388e-02
  -3.9017797e-02
  -4.4608213e-02
  -4.8105754e-02
  -4.0533394e-02
  -1.8882506e-02
  -9.9554740e-03
  -1.8997395e-02
  -0.0000000e+00
  -3.2841344e-03
  -3.5679215e-04
  -8.8753039e-03
  -2.0357570e-02
  -3.2760639e-02
  -3.4852758e-02
   0.0000000e+00
   0.0000000e+00
   0.0000000e+00
   0.0000000e+00
   0.0000000e+00
   0.0000000e+00
   0.0000000e+00
   1.4259261e-02
  -8.6834647e-03
   0.0000000e+00
   2.9593913e-02
   0.0000000e+00
  -0.0000000e+00
  -9.1936402e-03
  -1.9516408e-03
   1.1574027e-04
  -1.8862267e-03
  -8.3958507e-03
  -1.6715256e-02
  -2.2988772e-02
  -2.5825545e-02
  -2.7018594e-02
  -2.9833587e-02
  -3.6532886e-02
  -4.4374760e-02
  -4.2887747e-02
  -2.2426002e-02
  -1.9036357e-03
  -0.0000000e+00
  -8.7004443e-03
   1.6303806e-04
  -1.3555863e-04
  -6.9711478e-03
  -1.9318532e-02
  -3.7795831e-02
  -4.7474092e-02
   0.0000000e+00
   0.0000000e+00
   0.0000000e+00
   0.0000000e+00
   0.0000000e+00
   0.0000000e+00
   0.0000000e+00
   0.0000000e+00
  -0.0000000e+00
   0.0000000e+00
   0.0000000e+00
   0.0000000e+00
  -0.0000000e+00
  -2.3280235e-02
  -8.7350355e-03
  -2.5587003e-03
   1.7593270e-03
  -1.1269182e-03
  -8.6323889e-03
  -1.5863478e-02
  -1.9508952e-02
  -1.9935930e-02
  -2.1055588e-02
  -2.7763398e-02
  -3.9340783e-02
  -4.3608356e-02
  -2.4565628e-02
   0.0000000e+00
  -1.2378348e-02
  -8.8205012e-03
  -1.4030565e-04
   1.9840705e-03
  -3.7143412e-03
  -1.5771050e-02
  -3.7377786e-02
  -5.5901445e-02
   0.0000000e+00
   0.0000000e+00
   0.0000000e+00
   0.0000000e+00
   0.0000000e+00
   0.0000000e+00
   0.0000000e+00
   0.0000000e+00
   0.0000000e+00
   0.0000000e+00
   0.0000000e+00
   0.0000000e+00
   0.0000000e+00
  -0.0000000e+00
  -1.6414378e-02
  -6.6776127e-03
   1.5423732e-03
   2.8812252e-03
  -2.3065712e-03
  -9.2070149e-03
  -1.3554159e-02
  -1.4186895e-02
  -1.4391024e-02
  -2.1047838e-02
  -3.7154622e-02
  -4.5788005e-02
  -3.4969661e-02
   0.0000000e+00
  -9.4352897e-03
  -1.1825611e-02
  -4.2579684e-04
   3.4911190e-03
  -4.0605949e-04
  -1.0848282e-02
  -3.0848937e-02
  -5.4095215e-02
   0.0000000e+00
   0.0000000e+00
   0.0000000e+00
   0.0000000e+00
   0.0000000e+00
   0.0000000e+00
   0.0000000e+00
   0.0000000e+00
   0.0000000e+00
   0.0000000e+00
   0.0000000e+00
   0.0000000e+00
   0.0000000e+00
  -0.0000000e+00
  -2.5730506e-02
  -8.3327964e-03
   3.2657376e-03
   5.9663369e-03
   1.8413356e-03
  -4.2656735e-03
  -8.7121427e-03
  -9.2385979e-03
  -9.2444094e-03
  -1.5663574e-02
  -3.6558982e-02
  -4.8152049e-02
  -4.0551250e-02
   0.0000000e+00
  -0.0000000e+00
  -1.1364609e-02
   6.5560761e-04
   4.8158402e-03
   1.9532118e-03
  -6.1826115e-03
  -2.2350311e-02
  -4.6824003e-02
   0.0000000e+00
   0.0000000e+00
   0.0000000e+00
   0.0000000e+00
   0.0000000e+00
   0.0000000e+00
   0.0000000e+00
   0.0000000e+00
   0.0000000e+00
   0.0000000e+00
   0.0000000e+00
   0.0000000e+00
   0.0000000e+00
  -0.0000000e+00
  -3.0447631e-02
  -1.7747127e-02
   2.4902932e-03
   1.0522640e-02
   7.4009253e-03
   1.7751409e-03
  -2.1567077e-03
  -1.8806526e-03
  -1.1457090e-03
  -7.0392927e-03
  -3.4937326e-02
  -4.7294492e-02
   0.0000000e+00
   0.0000000e+00
   0.0000000e+00
  -0.0000000e+00
   1.6186227e-03
   8.5271476e-03
   4.1613388e-03
  -2.6328082e-03
  -1.2813270e-02
  -3.4100506e-02
  -4.7173152e-02
   0.0000000e+00
   0.0000000e+00
  -0.0000000e+00
  -0.0000000e+00
   0.0000000e+00
   0.0000000e+00
   0.0000000e+00
   0.0000000e+00
   0.0000000e+00
   0.0000000e+00
   0.0000000e+00
   0.0000000e+00
  -0.0000000e+00
  -2.3689013e-02
  -1.7876560e-02
  -7.9911827e-04
   1.2165111e-02
   1.0603000e-02
   5.5168972e-03
   2.6108408e-03
   4.0850262e-03
   6.4089840e-03
   1.9102159e-03
  -3.0015821e-02
  -4.9538676e-02
   0.0000000e+00
   0.0000000e+00
   0.0000000e+00
   0.0000000e+00
   2.9132923e-03
   9.2529224e-03
   5.2592154e-03
  -2.4205409e-03
  -9.3608059e-03
  -2.3831826e-02
  -3.7282327e-02
  -0.0000000e+00
  -0.0000000e+00
  -0.0000000e+00
  -0.0000000e+00
   0.0000000e+00
   0.0000000e+00
   0.0000000e+00
   0.0000000e+00
   0.0000000e+00
   0.0000000e+00
   0.0000000e+00
   0.0000000e+00
   0.0000000e+00
  -0.0000000e+00
  -2.2538675e-02
  -5.9054140e-03
   1.1368533e-02
   1.2577146e-02
   8.6483806e-03
   6.7811348e-03
   9.4992062e-03
   1.3371658e-02
   1.2152248e-02
  -1.4421473e-02
  -3.1474333e-02
   0.0000000e+00
   0.0000000e+00
   0.0000000e+00
   0.0000000e+00
   0.0000000e+00
   7.9772444e-03
   5.8853813e-03
  -2.1410524e-03
  -8.1759021e-03
  -1.6723346e-02
  -2.2144770e-02
  -0.0000000e+00
  -0.0000000e+00
  -0.0000000e+00
   0.0000000e+00
   0.0000000e+00
   0.0000000e+00
   0.0000000e+00
   0.0000000e+00
   0.0000000e+00
   0.0000000e+00
   0.0000000e+00
   0.0000000e+00
   0.0000000e+00
  -0.0000000e+00
  -2.3012110e-02
  -8.9574471e-03
   7.3591294e-03
   1.2177766e-02
   9.6100264e-03
   8.5440781e-03
   1.2190015e-02
   1.6810678e-02
   1.9198157e-02
   4.7341711e-03
   1.4450443e-03
   0.0000000e+00
   0.0000000e+00
   0.0000000e+00
   0.0000000e+00
   0.0000000e+00
   7.1589901e-03
   5.3499234e-03
  -2.6744530e-03
  -7.2416225e-03
  -1.1590094e-02
  -3.0869851e-04
   0.0000000e+00
  -0.0000000e+00
   0.0000000e+00
  -0.0000000e+00
  -0.0000000e+00
   0.0000000e+00
   0.0000000e+00
   0.0000000e+00
   0.0000000e+00
   0.0000000e+00
   0.0000000e+00
   0.0000000e+00
   0.0000000e+00
   0.0000000e+00
  -0.0000000e+00
  -1.6678771e-02
  -2.1747441e-03
   2.7583105e-03
   2.9654407e-03
   3.4168831e-03
   7.4441592e-03
   1.4426375e-02
   2.1874630e-02
   1.6751812e-02
   1.4602965e-02
   0.0000000e+00
   0.0000000e+00
   0.0000000e+00
   0.0000000e+00
   0.0000000e+00
   0.0000000e+00
  -2.7563825e-03
  -5.0256796e-03
  -5.7405774e-03
  -5.1060131e-03
   8.7671191e-03
   0.0000000e+00
   0.0000000e+00
   0.0000000e+00
   0.0000000e+00
   0.0000000e+00
   0.0000000e+00
   0.0000000e+00
   0.0000000e+00
   0.0000000e+00
   0.0000000e+00
   0.0000000e+00
   0.0000000e+00
   0.0000000e+00
   0.0000000e+00
  -0.0000000e+00
  -2.2585668e-02
  -1.5732740e-02
  -1.7998194e-02
  -1.5129444e-02
  -1.3688932e-02
  -5.3305318e-03
   3.9954320e-03
   1.9991716e-02
   2.5097375e-02
   0.0000000e+00
   0.0000000e+00
   0.0000000e+00
   0.0000000e+00
   0.0000000e+00
   0.0000000e+00
  -0.0000000e+00
  -2.4643386e-02
  -1.3826510e-02
  -7.0166899e-03
  -1.0946863e-03
   1.2851120e-02
   0.0000000e+00
   0.0000000e+00
   0.0000000e+00
   0.0000000e+00
   0.0000000e+00
   0.0000000e+00
   0.0000000e+00
   0.0000000e+00
   0.0000000e+00
   0.0000000e+00
   0.0000000e+00
   0.0000000e+00
   0.0000000e+00
   0.0000000e+00
  -0.0000000e+00
  -0.0000000e+00
   0.0000000e+00
  -3.4390808e-02
  -4.0800771e-02
  -3.2936370e-02
   0.0000000e+00
   0.0000000e+00
   0.0000000e+00
   0.0000000e+00
   0.0000000e+00
   0.0000000e+00
   0.0000000e+00
  -0.0000000e+00
  -0.0000000e+00
   0.0000000e+00
  -0.0000000e+00
  -3.2793245e-02
  -2.8767404e-02
  -2.1749400e-02
  -1.3345188e-02
   7.3803228e-03
   2.2270336e-02
   0.0000000e+00
   0.0000000e+00
   0.0000000e+00
   0.0000000e+00
   0.0000000e+00
   0.0000000e+00
   0.0000000e+00
   0.0000000e+00
   0.0000000e+00
   0.0000000e+00
   0.0000000e+00
   0.0000000e+00
   0.0000000e+00
   0.0000000e+00
   0.0000000e+00
   0.0000000e+00
   0.0000000e+00
   0.0000000e+00
  -0.0000000e+00
   0.0000000e+00
   0.0000000e+00
  -0.0000000e+00
   0.0000000e+00
   0.0000000e+00
   0.0000000e+00
   0.0000000e+00
   0.0000000e+00
   0.0000000e+00
   0.0000000e+00
  -0.0000000e+00
  -0.0000000e+00
  -0.0000000e+00
  -0.0000000e+00
  -5.9897216e-02
  -3.2968264e-02
  -1.5988970e-02
   9.5182659e-04
   0.0000000e+00
  -0.0000000e+00
  -0.0000000e+00
  -0.0000000e+00
  -0.0000000e+00
   0.0000000e+00
   0.0000000e+00
   0.0000000e+00
   0.0000000e+00
   0.0000000e+00
   0.0000000e+00
   0.0000000e+00
   0.0000000e+00
   0.0000000e+00
   0.0000000e+00
   0.0000000e+00
  -0.0000000e+00
  -0.0000000e+00
  -0.0000000e+00
  -0.0000000e+00
  -0.0000000e+00
  -0.0000000e+00
  -0.0000000e+00
  -0.0000000e+00
  -0.0000000e+00
  -0.0000000e+00
  -0.0000000e+00
  -0.0000000e+00
  -0.0000000e+00
  -0.0000000e+00
  -0.0000000e+00
  -0.0000000e+00
  -0.0000000e+00
  -4.0683713e-02
  -2.7925925e-02
  -1.3766798e-02
  -4.8606178e-03
  -3.8880220e-03
  -6.9521661e-03
  -6.8738240e-03
  -6.2631203e-03
  -5.2916184e-03
  -1.3477132e-03
   1.4719178e-03
   0.0000000e+00
