  -3.7326903e+00
  -5.5899196e+00
  -6.4421034e+00
  -5.7089739e+00
  -5.2253823e+00
  -5.0605345e+00
  -3.8501718e+00
  -3.5619009e+00
  -4.1941562e+00
  -4.4285550e+00
  -4.6571174e+00
  -5.1591125e+00
  -5.8971825e+00
  -6.1604648e+00
  -5.9708729e+00
  -5.6061630e+00
  -5.0365992e+00
  -4.3823047e+00
  -4.0702610e+00
  -3.6963179e+00
  -3.6242273e+00
  -4.2468748e+00
  -5.3294048e+00
  -6.9965572e+00
  -8.0695295e+00
  -8.3000469e+00
  -7.7619233e+00
  -7.2134752e+00
  -7.0342045e+00
  -6.6778498e+00
  -5.6836753e+00
  -4.4327817e+00
  -4.5258765e+00
  -6.6892185e+00
  -6.0014787e+00
  -3.7331154e+00
  -1.6433809e+00
  -1.3434480e+00
  -1.5197326e+00
  -1.0108768e+00
  -3.0257952e-01
  -1.8219440e-01
   1.6067660e-01
   6.6388202e-01
   9.9715263e-01
   1.0440259e+00
   8.9745635e-01
   7.1654850e-01
   4.5944312e-01
   2.7639559e-01
   1.0723449e-01
   1.1205155e-01
   1.3569349e-01
   3.3996439e-01
   3.5261506e-01
   2.9132393e-01
   5.5987573e-01
   6.2089020e-01
   3.8085607e-01
  -2.7252260e-01
  -1.2261240e+00
  -2.4291623e+00
  -2.9981017e+00
  -3.1302595e+00
  -3.4207249e+00
  -4.9574013e+00
  -6.1572385e+00
  -5.2884259e+00
  -2.4956353e+00
  -4.2836604e+00
  -6.6467609e+00
  -5.4886804e+00
   1.3205409e+00
   2.1218638e+00
   2.8422549e+00
   3.2746143e+00
   3.6025736e+00
   3.8766418e+00
   3.9391243e+00
   3.7858503e+00
   3.9080412e+00
   3.9700587e+00
   3.7407603e+00
   3.4711511e+00
   3.3376768e+00
   3.2643721e+00
   3.2491698e+00
   3.2438998e+00
   3.3061035e+00
   3.4614122e+00
   3.7866645e+00
   3.5327926e+00
   3.2887862e+00
   3.2766809e+00
   3.2735255e+00
   3.0887637e+00
   2.6834753e+00
   2.3484099e+00
   2.2265103e+00
   2.2786677e+00
   2.4261870e+00
   2.4162319e+00
   2.1186750e+00
   1.7332435e+00
   1.5722072e+00
   1.5817111e+00
   1.3676815e+00
   9.4123447e-01
   4.8831072e+00
   5.0933690e+00
   5.2911329e+00
   5.3771510e+00
   5.4076886e+00
   5.3493543e+00
   5.2989111e+00
   4.9566145e+00
   5.1522412e+00
   5.3000326e+00
   5.2466145e+00
   5.0314121e+00
   4.9499621e+00
   4.9102764e+00
   4.8493681e+00
   4.8224611e+00
   4.8364587e+00
   4.9445486e+00
   4.4976635e+00
   3.9496665e+00
   4.9421234e+00
   5.3615222e+00
   5.5787654e+00
   5.5860100e+00
   5.2737651e+00
   5.1208668e+00
   5.1646118e+00
   5.2316270e+00
   5.4660435e+00
   5.6732554e+00
   5.7979593e+00
   5.8031898e+00
   5.3339114e+00
   5.2854776e+00
   5.3523769e+00
   4.9383717e+00
   6.6058421e+00
   6.4471560e+00
   6.1226392e+00
   5.8300447e+00
   5.3239155e+00
   5.1789508e+00
   5.0702300e+00
   4.7600894e+00
   4.9413614e+00
   5.0915251e+00
   5.3040414e+00
   5.3548055e+00
   5.3704081e+00
   5.3776689e+00
   5.3275833e+00
   5.2776575e+00
   5.2447157e+00
   5.2211313e+00
   3.5757253e+00
   3.8424327e+00
   4.5763454e+00
   5.6639462e+00
   6.1912584e+00
   6.5870199e+00
   6.4777813e+00
   6.4722395e+00
   6.5385122e+00
   6.5216031e+00
   6.6132846e+00
   6.5537424e+00
   6.6552343e+00
   6.9673429e+00
   6.8423543e+00
   7.0680466e+00
   7.1826558e+00
   6.8181386e+00
   6.8407606e+00
   6.1673569e+00
   5.3217820e+00
   4.7335158e+00
   2.8494727e+00
   3.6723273e+00
   3.7541022e+00
   3.0594503e+00
   3.9821031e+00
   4.2447486e+00
   4.5873440e+00
   4.7060259e+00
   4.7783586e+00
   4.7815106e+00
   4.7424267e+00
   4.7449823e+00
   4.7650359e+00
   4.6902311e+00
   3.2063607e+00
   3.0989634e+00
   3.5216169e+00
   4.7230340e+00
   5.4473165e+00
   6.1879529e+00
   6.4076703e+00
   6.5734386e+00
   6.5752939e+00
   6.3745416e+00
   6.0030345e+00
   5.3765601e+00
   5.4746434e+00
   6.0736388e+00
   6.5591983e+00
   7.0989665e+00
   7.3881158e+00
   7.2294235e+00
   5.6704044e+00
   3.9944551e+00
   3.1882389e+00
   2.4917789e+00
   1.3975165e+00
   1.8412825e+00
   2.1308484e+00
   2.3924272e+00
   3.1218429e+00
   3.2882190e+00
   3.4606283e+00
   3.5171289e+00
   3.5516400e+00
   3.5510266e+00
   3.6169369e+00
   3.7619383e+00
   3.8989604e+00
   3.7806549e+00
   2.4721117e+00
   1.9436857e+00
   1.9279587e+00
   3.1523669e+00
   3.9910762e+00
   4.9448986e+00
   5.4622011e+00
   5.7308311e+00
   5.6592293e+00
   5.0084300e+00
   4.1205978e+00
   3.4830308e+00
   3.4678557e+00
   4.1777205e+00
   5.1289864e+00
   5.9486694e+00
   6.3962936e+00
   6.3376212e+00
   3.1931079e+00
   1.3465853e+00
   8.4532005e-01
   6.8300758e-01
   4.7397748e-01
   6.7538947e-01
   8.2080903e-01
   1.4190133e+00
   1.7849746e+00
   1.8592909e+00
   1.8596337e+00
   1.8360678e+00
   1.8294224e+00
   1.9262962e+00
   2.1130581e+00
   2.3596389e+00
   2.5298891e+00
   2.3657753e+00
   1.6922148e+00
   8.8638800e-01
   7.9267889e-02
   8.8231690e-01
   1.9512933e+00
   3.1132774e+00
   3.7784405e+00
   4.0361242e+00
   3.6302769e+00
   2.3626244e+00
   2.1603756e+00
   1.7657030e+00
   1.4444799e+00
   1.8444561e+00
   2.8222075e+00
   3.6791773e+00
   4.1844597e+00
   4.1039891e+00
   8.9561260e-01
   9.8336592e-02
  -1.4262436e-01
  -3.9759625e-02
   2.3954973e-02
   1.1407256e-01
  -1.5102182e-02
   2.3048565e-01
   4.1275209e-01
   4.1118643e-01
   3.5936293e-01
   2.7288741e-01
   2.8355604e-01
   4.5446870e-01
   7.2942519e-01
   1.0042201e+00
   1.1095001e+00
   8.7271065e-01
   5.2886391e-01
   2.6589090e-01
  -8.2833910e-01
  -8.7618512e-01
   3.4046996e-01
   1.4630371e+00
   1.9878299e+00
   2.0797844e+00
   1.2098680e+00
  -3.6561396e-02
   3.4792873e-01
  -1.2593754e-01
  -4.5277497e-01
  -2.4684981e-01
   5.2381504e-01
   1.2729418e+00
   1.7144753e+00
   1.5797503e+00
  -1.3659370e+00
  -8.5058576e-01
  -1.2760534e+00
  -7.9799736e-01
  -5.3869843e-01
  -1.0308363e+00
  -1.5361860e+00
  -1.6609800e+00
  -1.5611126e+00
  -1.4549584e+00
  -1.3960679e+00
  -1.3962895e+00
  -1.3302315e+00
  -1.1496115e+00
  -9.1177088e-01
  -7.8374887e-01
  -8.6794257e-01
  -1.1366696e+00
  -8.3016962e-01
  -4.5440495e-02
  -9.6931279e-01
  -1.5244670e+00
  -1.1628003e+00
  -5.0702423e-01
  -4.2738068e-01
  -7.1989208e-01
  -1.7055043e+00
  -8.8125730e-01
  -2.3652995e-01
  -1.3361449e+00
  -2.2534523e+00
  -2.2888496e+00
  -2.1076124e+00
  -1.7445346e+00
  -1.5500792e+00
  -1.6665237e+00
  -2.6410718e+00
  -1.2356323e+00
  -1.7829597e+00
  -1.3965920e+00
  -1.3065404e+00
  -2.5704241e+00
  -2.9232590e+00
  -3.1012363e+00
  -2.9636428e+00
  -2.7341676e+00
  -2.5181956e+00
  -2.3304586e+00
  -2.2239707e+00
  -2.1741002e+00
  -2.1775255e+00
  -2.2887986e+00
  -2.5222714e+00
  -2.7160614e+00
  -1.4504001e+00
   2.0958662e-02
  -9.8725522e-01
  -1.3131869e+00
  -1.9960512e+00
  -2.0978701e+00
  -2.3651705e+00
  -2.8691952e+00
  -3.2340627e+00
  -1.0883191e+00
  -7.0132107e-01
  -1.4245101e+00
  -2.1841922e+00
  -3.4551013e+00
  -3.7828832e+00
  -3.8560345e+00
  -3.8977029e+00
  -3.7961879e+00
  -3.6746242e+00
  -1.6836799e+00
  -1.4377248e+00
  -1.9417306e+00
  -2.8452775e+00
  -3.7317119e+00
  -3.8903487e+00
  -4.0268168e+00
  -3.8174469e+00
  -3.4884415e+00
  -3.1171117e+00
  -2.8401976e+00
  -2.8719914e+00
  -3.1846354e+00
  -3.5680919e+00
  -3.8993061e+00
  -4.1693902e+00
  -4.1456728e+00
  -2.0884016e+00
   1.6222869e-01
  -6.6382134e-01
  -9.4592440e-01
  -2.8517227e+00
  -3.7461452e+00
  -4.2151446e+00
  -4.6064825e+00
  -3.6275871e+00
  -4.5414746e-01
  -1.0580127e+00
  -1.4535512e+00
  -1.9917547e+00
  -4.0695677e+00
  -4.9945545e+00
  -5.4808550e+00
  -5.6668134e+00
  -5.2735124e+00
  -4.1075792e+00
  -2.4443579e+00
  -1.9813702e+00
  -2.8355601e+00
  -3.5060368e+00
  -3.7168550e+00
  -3.8273237e+00
  -3.9404869e+00
  -3.7602677e+00
  -3.3771660e+00
  -3.0399816e+00
  -3.0414958e+00
  -3.5049586e+00
  -4.2013865e+00
  -4.8076944e+00
  -5.1731963e+00
  -5.3055925e+00
  -5.0991135e+00
  -3.0523739e+00
   1.3745785e-01
  -5.5165040e-01
  -1.4850821e+00
  -4.0049767e+00
  -4.9956064e+00
  -5.4393134e+00
  -5.3601594e+00
  -3.0883722e+00
   1.4261076e-01
  -9.1856915e-01
  -8.9007115e-01
  -1.1299762e+00
  -3.6255248e+00
  -5.3566980e+00
  -6.1130905e+00
  -6.3510785e+00
  -5.7674198e+00
  -3.8736567e+00
  -2.7153440e+00
  -2.5672624e+00
  -3.6402371e+00
  -3.0801308e+00
  -2.9510660e+00
  -2.8927779e+00
  -3.0779679e+00
  -3.0695014e+00
  -2.8239179e+00
  -2.8078806e+00
  -3.3335862e+00
  -4.1740980e+00
  -5.0228300e+00
  -5.6569324e+00
  -5.9260859e+00
  -5.8403883e+00
  -5.4281549e+00
  -1.7941568e+00
  -1.2754540e-01
  -7.2919142e-01
  -1.7874423e+00
  -4.3810835e+00
  -5.7633018e+00
  -5.9489779e+00
  -5.2393403e+00
  -2.4592118e+00
   2.3819140e-01
  -6.4794958e-01
  -8.6150402e-01
  -8.0810952e-01
  -3.0013568e+00
  -4.8916802e+00
  -5.7862406e+00
  -6.0573606e+00
  -5.4165506e+00
  -2.7785718e+00
  -2.2477181e+00
  -2.6337271e+00
  -2.3980002e+00
  -1.3643287e+00
  -1.9472857e+00
  -1.8152754e+00
  -2.1005669e+00
  -2.3044982e+00
  -2.3828888e+00
  -2.7465622e+00
  -3.6511815e+00
  -4.6908951e+00
  -5.5379453e+00
  -6.0622096e+00
  -6.1927218e+00
  -5.9097352e+00
  -4.5129337e+00
  -7.9957843e-01
  -1.0765846e+00
  -1.3761624e+00
  -2.4384351e+00
  -4.8658476e+00
  -5.9618244e+00
  -5.7323685e+00
  -4.4054937e+00
  -1.5700173e+00
   4.3977490e-01
  -4.4834590e-01
  -1.3316035e+00
  -2.0012226e+00
  -2.5192094e+00
  -3.6283364e+00
  -4.3625894e+00
  -4.5650778e+00
  -3.9940529e+00
  -1.0266871e+00
  -9.0036637e-01
  -1.7667739e+00
  -7.1009696e-01
  -1.3889941e+00
  -1.8695830e+00
  -2.0161672e+00
  -2.3433945e+00
  -2.5109413e+00
  -2.6418953e+00
  -3.0013893e+00
  -3.8002563e+00
  -4.7277689e+00
  -5.4258423e+00
  -5.7893825e+00
  -5.7870584e+00
  -5.1806688e+00
  -2.3745811e+00
  -7.7740628e-01
  -2.7429545e+00
  -2.6969523e+00
  -3.0411634e+00
  -4.2884631e+00
  -5.3996797e+00
  -4.8180757e+00
  -3.1500037e+00
  -5.1015198e-01
   9.3027174e-01
  -2.0680870e-01
  -1.7779303e+00
  -2.3788974e+00
  -1.8290606e+00
  -2.0345585e+00
  -2.3203070e+00
  -2.2886000e+00
  -1.8799685e+00
   1.8707407e-01
  -2.5429025e-01
  -1.1840723e+00
  -1.5351813e+00
  -2.6244321e+00
  -2.9634049e+00
  -3.5219665e+00
  -3.8562839e+00
  -3.9641306e+00
  -3.9850059e+00
  -4.0543394e+00
  -4.2917652e+00
  -4.6591330e+00
  -4.9527898e+00
  -5.0414863e+00
  -4.7567163e+00
  -3.7088504e+00
  -1.1113458e+00
  -1.0361741e+00
  -3.9062135e+00
  -4.3325205e+00
  -3.4414744e+00
  -4.1862769e+00
  -4.2537956e+00
  -3.4777329e+00
  -1.7009059e+00
   5.3046000e-01
   9.8216426e-01
   2.2124226e-01
  -2.0710247e+00
  -2.3046451e+00
  -1.1311235e+00
  -6.2904292e-01
  -4.3252161e-01
  -1.4721566e-01
   8.8752449e-02
   6.7825178e-01
   4.0307413e-02
  -1.5241550e+00
  -3.1530112e+00
  -3.9978113e+00
  -4.4746565e+00
  -5.1629857e+00
  -5.4792359e+00
  -5.5724562e+00
  -5.5034245e+00
  -5.3129071e+00
  -5.0225190e+00
  -4.7633533e+00
  -4.5186633e+00
  -4.1338830e+00
  -3.4127799e+00
  -1.9566506e+00
   1.8783198e-01
  -7.1328322e-01
  -4.0283918e+00
  -5.9464419e+00
  -5.2781423e+00
  -4.5610356e+00
  -2.7943670e+00
  -1.8730724e+00
  -1.4612955e-01
   1.5299019e+00
   1.0153528e+00
   5.4300129e-01
  -2.4145798e+00
  -2.2921302e+00
  -6.5197698e-01
   4.6463636e-01
   1.1842584e+00
   1.6646226e+00
   1.5203081e+00
   1.0571952e+00
   1.1423470e-01
  -2.0943894e+00
  -3.6481226e+00
  -4.3072390e+00
  -4.8817147e+00
  -5.4056066e+00
  -5.7082894e+00
  -5.8576596e+00
  -5.8642252e+00
  -5.7276476e+00
  -5.3865822e+00
  -4.8844303e+00
  -4.2835269e+00
  -3.4106427e+00
  -2.2004728e+00
  -5.6867885e-01
   1.3954018e+00
  -1.4695997e-02
  -2.5464041e+00
  -5.8709958e+00
  -6.0890663e+00
  -3.8004964e+00
  -1.3329230e+00
   2.4857709e-01
   1.6840892e+00
   2.5425228e+00
   9.0338398e-01
   4.2386053e-01
  -2.1904478e+00
  -2.0810699e+00
  -2.2067452e-01
   1.2170244e+00
   2.4713180e+00
   2.8715269e+00
   2.0719149e+00
   7.6653153e-01
   8.7416545e-03
  -2.2352221e+00
  -3.4359202e+00
  -4.1975069e+00
  -4.8160419e+00
  -5.2811913e+00
  -5.5615644e+00
  -5.6979632e+00
  -5.6747761e+00
  -5.4854283e+00
  -5.0476027e+00
  -4.3583040e+00
  -3.4965475e+00
  -2.4292707e+00
  -1.3483734e+00
  -4.6570909e-01
   5.8665240e-01
  -1.0846469e-01
  -1.7759067e+00
  -4.6514993e+00
  -5.4274640e+00
  -3.2084897e+00
  -3.9315724e-01
   1.5937070e+00
   1.6758983e+00
   1.8500210e+00
   4.9351171e-01
   1.9025463e-01
  -1.4151131e+00
  -1.3117392e+00
   2.5009543e-01
   1.5292871e+00
   3.1379726e+00
   2.9964037e+00
   1.6531508e+00
   6.4035571e-01
  -3.5818356e-01
  -2.2201965e+00
  -3.4672811e+00
  -4.5461917e+00
  -5.4306655e+00
  -6.0376916e+00
  -6.3757854e+00
  -6.5001092e+00
  -6.3995194e+00
  -6.0654340e+00
  -5.3729434e+00
  -4.3076162e+00
  -3.0275764e+00
  -1.8910946e+00
  -1.3473680e+00
  -1.1615192e+00
  -8.9380461e-01
  -5.5372649e-01
  -2.5841401e+00
  -5.2551656e+00
  -4.6961012e+00
  -2.6597669e+00
   3.7837625e-02
   1.9112085e+00
   7.9672509e-01
   5.3238624e-01
   1.7326295e-01
   1.9765068e-02
  -5.0592417e-01
  -1.3988738e-01
   7.9448736e-01
   1.6923418e+00
   2.7699831e+00
   2.4468317e+00
   1.3037112e+00
   2.0401312e-01
  -6.6278571e-01
  -2.1967371e+00
  -3.5751512e+00
  -4.9474254e+00
  -6.1196017e+00
  -6.8810849e+00
  -7.3066325e+00
  -7.5092144e+00
  -7.5294895e+00
  -7.3700881e+00
  -6.8491206e+00
  -5.7328525e+00
  -4.0143538e+00
  -2.3245006e+00
  -1.7677528e+00
  -1.5124658e+00
  -2.1390038e+00
  -3.2644284e+00
  -3.7438633e+00
  -5.4154110e+00
  -4.1788707e+00
  -2.6452806e+00
  -2.2961433e-01
   1.4040800e+00
   4.8447660e-01
   6.4727671e-02
  -6.7458846e-02
  -2.1635081e-01
  -3.1122607e-01
  -2.0018221e-01
   7.4691772e-01
   1.8345081e+00
   1.7776512e+00
   1.7715023e+00
   1.0545549e+00
  -2.3853680e-01
  -1.4568415e+00
  -2.3811512e+00
  -3.5632637e+00
  -4.9610186e+00
  -6.2577386e+00
  -7.0407333e+00
  -7.4322805e+00
  -7.5867429e+00
  -7.6348391e+00
  -7.5996332e+00
  -7.3078370e+00
  -6.4297671e+00
  -4.7197828e+00
  -2.5011685e+00
  -1.5024601e+00
  -1.0857749e+00
  -2.7240622e+00
  -5.5087008e+00
  -5.9581070e+00
  -4.9249830e+00
  -4.3871145e+00
  -3.4377439e+00
  -1.3040960e+00
   5.2824974e-01
   5.8586866e-02
  -2.2740586e-01
  -3.6184004e-01
  -6.5063339e-01
  -3.1625330e-01
  -2.8115910e-01
   9.1972417e-01
   2.1802690e+00
   1.5345898e+00
   1.6259693e+00
   8.3723962e-01
  -4.7496077e-01
  -2.3514972e+00
  -2.6617880e+00
  -3.3927109e+00
  -4.4739056e+00
  -5.7229757e+00
  -6.5284357e+00
  -6.9237032e+00
  -7.0198421e+00
  -7.0263405e+00
  -7.0211387e+00
  -6.8962030e+00
  -6.2217588e+00
  -4.6089783e+00
  -2.0971820e+00
  -4.4970381e-01
  -1.0619835e+00
  -3.6027243e+00
  -4.7823458e+00
  -4.9242740e+00
  -4.8034668e+00
  -4.7646899e+00
  -4.3966951e+00
  -2.7601860e+00
  -2.3039737e-01
  -2.9560667e-01
  -4.1739511e-01
  -7.1981490e-01
  -1.2653259e+00
  -6.6504401e-01
  -3.2331240e-01
   1.0052549e+00
   2.4943893e+00
   1.3682539e+00
   1.3312271e+00
   5.3165466e-01
  -3.9447901e-01
  -2.2621472e+00
  -2.9113703e+00
  -3.1399293e+00
  -3.5789034e+00
  -4.4470925e+00
  -5.2321539e+00
  -5.7011623e+00
  -5.8351026e+00
  -5.8345389e+00
  -5.8707304e+00
  -5.9109287e+00
  -5.4594831e+00
  -3.9146302e+00
  -1.1943653e+00
  -6.0258120e-02
  -2.2013729e+00
  -4.2278585e+00
  -4.0340233e+00
  -4.1591940e+00
  -4.3978319e+00
  -4.6706047e+00
  -4.7833152e+00
  -4.0838127e+00
  -1.1406721e+00
  -5.2957821e-01
  -6.3641810e-01
  -1.1692868e+00
  -1.7111678e+00
  -9.3991965e-01
  -7.4884105e-01
   3.0793154e-01
   2.1957240e+00
   1.4653341e+00
   7.2442323e-01
   3.2995737e-01
  -2.8760266e-01
  -1.1847073e+00
  -2.9490228e+00
  -2.5708697e+00
  -2.5013950e+00
  -2.8747950e+00
  -3.3756516e+00
  -3.7583921e+00
  -3.9260106e+00
  -3.9463694e+00
  -4.0543232e+00
  -4.2567949e+00
  -4.0334091e+00
  -2.5122371e+00
   3.0857137e-01
   1.6243207e-01
  -2.1255159e+00
  -3.1022692e+00
  -2.9067602e+00
  -3.1060891e+00
  -3.4746673e+00
  -3.8253937e+00
  -4.1548166e+00
  -4.2910113e+00
  -1.9577441e+00
  -8.0480123e-01
  -8.0644494e-01
  -1.2941246e+00
  -1.3902855e+00
  -1.1423784e+00
  -2.0192339e-01
  -1.4238305e-01
   1.2688107e+00
   1.9228725e+00
   7.5761944e-01
   8.5929894e-01
  -6.8470782e-01
  -8.4782332e-01
  -2.2613103e+00
  -1.5857954e+00
  -1.2120081e+00
  -1.4672631e+00
  -1.7202668e+00
  -1.8533902e+00
  -1.8782270e+00
  -1.8975472e+00
  -2.0530179e+00
  -2.3445382e+00
  -2.2954459e+00
  -7.8057122e-01
   1.4167546e+00
   1.5013844e-01
  -9.7968322e-01
  -1.0055441e+00
  -1.2955054e+00
  -1.8370503e+00
  -2.2548211e+00
  -2.4527962e+00
  -2.7287045e+00
  -3.1531687e+00
  -2.2153304e+00
  -7.2886628e-01
  -8.7706137e-01
  -9.8454303e-01
  -9.0733188e-01
  -1.8832542e-01
   7.5235343e-01
  -6.7599964e-01
   9.8381448e-01
   9.3247193e-01
   2.0835454e+00
   1.2452204e+00
  -9.7198564e-01
  -4.7805944e-01
  -7.8853548e-01
  -1.4415891e-01
   3.7971377e-01
   2.8818491e-01
   2.2007868e-01
   3.3971938e-01
   5.5842102e-01
   6.2537527e-01
   5.0662178e-01
   2.1981207e-01
   7.3764309e-02
   1.3264755e+00
   1.7055327e+00
   3.7948057e-01
   2.3506347e-02
   3.0134368e-01
   5.4895049e-01
   5.7628527e-03
  -4.6790177e-01
  -4.6057054e-01
  -3.9556941e-01
  -7.5245190e-01
  -7.4884850e-01
   6.8766519e-02
  -3.7595192e-01
  -3.3072600e-01
   7.5876248e-01
   1.4601533e+00
   3.7828028e-01
   7.0737757e-02
   4.8376167e-01
   5.0403333e-01
   2.2040946e+00
   4.4550285e-02
  -4.8681924e-02
  -7.0178490e-03
   3.8794044e-01
   7.6230499e-01
   1.4447680e+00
   1.5254174e+00
   1.6354241e+00
   1.8977737e+00
   2.2153211e+00
   2.3672638e+00
   2.3263192e+00
   2.0814922e+00
   1.7349048e+00
   2.1379030e+00
   8.5168660e-01
   6.8986741e-01
   2.9325956e-01
   4.6368286e-01
   9.6711094e-01
   1.2756541e+00
   9.7812480e-01
   1.0711646e+00
   1.3204325e+00
   1.2789249e+00
   1.1064920e+00
   6.6881251e-01
   5.4171675e-01
   9.5863569e-01
   1.5840688e+00
   1.0099643e+00
   4.2295069e-01
   8.5941777e-03
   4.9156067e-01
   6.4905761e-01
   2.9158759e-01
  -1.0615466e-02
   1.2722026e+00
   9.2459917e-01
   7.6057088e-01
   1.8063134e+00
   2.4951823e+00
   2.4406171e+00
   2.8755600e+00
   3.2956896e+00
   3.6405144e+00
   3.7990007e+00
   3.7813973e+00
   3.5575674e+00
   2.9850621e+00
   1.6190560e+00
   8.2918823e-01
   8.1050080e-01
   3.1013884e-02
   5.1410538e-01
   9.6679318e-01
   2.1103830e+00
   2.2780752e+00
   2.4881670e+00
   2.7835703e+00
   2.9593720e+00
   2.4303594e+00
   5.8674085e-01
   1.6066012e+00
   1.4357454e+00
   1.3953811e-01
   2.2828551e-01
   5.2150011e-02
  -1.0770365e+00
  -2.6976195e-01
   5.9711373e-01
  -1.3461180e-01
   7.5263393e-01
   1.7568708e+00
   1.3920701e+00
   8.6030203e-01
   1.2757699e+00
   1.9382052e+00
   2.5004442e+00
   3.0876259e+00
   3.5963178e+00
   3.9613788e+00
   4.1439276e+00
   4.1411047e+00
   3.9283862e+00
   3.3061024e+00
   1.8001952e+00
   7.3991406e-01
   6.3323583e-01
   8.3049089e-02
   5.4087692e-01
   8.9770656e-01
   1.4158368e+00
   2.6503043e+00
   3.0031289e+00
   3.3942380e+00
   3.7007146e+00
   3.0980047e+00
   1.4232204e+00
   6.0456437e-01
   1.7990210e-01
   1.1304437e-01
   2.7923125e-01
  -1.1742157e-01
  -7.5319684e-01
  -7.7380374e-02
   5.1484788e-01
   5.9460729e-01
   8.8519144e-01
   1.4265026e+00
   1.0346549e+00
   7.2686824e-01
   6.3947564e-01
   1.1903957e+00
   1.4647810e+00
   1.8464541e+00
   2.4515364e+00
   2.9268741e+00
   3.2004604e+00
   3.3697534e+00
   3.2743605e+00
   2.8699963e+00
   1.4402886e+00
   7.1263811e-01
   5.2056211e-01
   2.9069265e-01
   6.1752986e-01
   7.2822499e-01
   7.0037506e-01
   1.4203113e+00
   2.6899264e+00
   3.3558653e+00
   3.6995893e+00
   3.3148537e+00
   1.8972652e+00
   3.3073058e-01
   2.5718042e-01
   2.3479988e-02
  -8.9066502e-02
  -7.4057400e-02
   3.3259555e-01
   3.6857613e-01
   6.6886693e-01
   6.4417194e-01
   1.5050395e+00
   1.0103510e+00
   7.6801902e-01
   2.0974609e-01
   2.3259027e-01
   3.1956252e-01
  -1.8881147e-01
  -5.2904020e-02
   2.6791701e-01
   7.1004450e-01
   1.1017814e+00
   1.6477035e+00
   1.9151537e+00
   1.4388154e+00
   1.1767365e-01
   7.3983300e-01
   3.1745445e-01
   3.3589238e-01
   6.2817776e-01
   4.4338348e-01
   4.5667592e-01
   8.3775049e-01
   1.8223405e+00
   2.4460526e+00
   2.6008730e+00
   2.0384270e+00
   2.4987140e-01
   1.8372969e-01
   3.7127884e-02
   5.9735920e-02
   2.3133098e-01
   3.9607557e-01
   5.9412616e-01
   9.2861408e-01
   1.1837282e+00
   1.0903460e+00
   1.3878820e+00
   7.1408099e-01
   1.1059968e+00
   8.4255171e-01
   1.8955404e-01
  -1.0278163e+00
  -9.0261120e-01
  -1.1126472e+00
  -1.4047692e+00
  -1.1127906e+00
  -4.5833641e-01
  -2.8591129e-01
  -4.1276470e-01
  -6.4732361e-01
   8.5785426e-02
   1.2090851e-01
  -9.6921660e-03
   2.9812294e-01
   4.4153509e-01
   1.3844106e-01
   2.7919224e-01
   4.7319481e-01
   3.0569460e-02
   1.8348273e-02
  -2.5387424e-01
  -4.7509271e-01
  -5.4324317e-01
  -4.0705842e-01
  -4.7681026e-02
   2.9560607e-02
   2.4296793e-01
   4.1224664e-01
   5.2722377e-01
   5.7282865e-01
   5.1463997e-01
   5.9644294e-01
   7.0495743e-01
   3.3721118e-01
   3.1588274e-01
  -2.2341935e-01
  -1.4757241e-01
   4.2935339e-01
  -1.7780947e-02
  -4.3514700e-01
  -4.6831200e-01
  -5.6601489e-01
  -7.2825840e-01
  -9.0534782e-01
  -7.3213363e-01
  -3.9327721e-01
  -1.1764106e-01
  -4.6458870e-01
   1.8598903e-02
   1.8452296e-01
   7.7398799e-02
  -1.8673749e-01
   1.3042258e-01
  -1.6823472e-01
  -1.9937975e+00
  -1.2599493e+00
  -1.6548835e+00
  -1.9443541e+00
  -1.1776375e+00
  -5.6156135e-01
  -2.2123424e-01
  -4.5342728e-02
   1.3277954e-01
   1.7350636e-01
   2.2577104e-01
   3.0618301e-01
   1.7049474e-01
  -1.1980142e-01
   1.8959706e-01
  -5.0875449e-01
  -5.1119715e-01
  -5.2467936e-01
  -4.8736566e-01
  -5.0582063e-01
  -5.1277512e-01
  -5.6951958e-01
  -6.1260492e-01
  -8.0734968e-01
  -9.8589027e-01
  -9.3007433e-01
  -8.3551925e-01
  -7.3470682e-01
  -4.7466210e-01
  -8.8277280e-02
   1.0723763e-01
  -3.7727799e-02
  -1.3207714e-01
   3.1287938e-02
  -2.9257241e-01
  -1.3665746e+00
  -6.4538175e-01
   2.2199659e+00
   2.0801830e+00
   3.5892168e-01
  -4.1942638e-01
  -8.9176953e-01
  -9.7028369e-01
  -6.5003639e-01
  -5.7291263e-01
  -5.2153355e-01
  -5.5298758e-01
  -6.2113589e-01
  -6.2951303e-01
  -6.9824618e-01
  -6.1347216e-01
