  -0.0000000e+00
  -0.0000000e+00
   0.0000000e+00
  -0.0000000e+00
  -0.0000000e+00
   0.0000000e+00
  -0.0000000e+00
  -0.0000000e+00
  -0.0000000e+00
  -0.0000000e+00
  -0.0000000e+00
  -0.0000000e+00
  -0.0000000e+00
  -0.0000000e+00
  -0.0000000e+00
  -0.0000000e+00
  -0.0000000e+00
  -0.0000000e+00
  -0.0000000e+00
  -0.0000000e+00
  -3.8961440e-02
  -5.7710290e-02
  -7.8417051e-02
  -0.0000000e+00
  -0.0000000e+00
   0.0000000e+00
   0.0000000e+00
   0.0000000e+00
   0.0000000e+00
   0.0000000e+00
   0.0000000e+00
   0.0000000e+00
   0.0000000e+00
   0.0000000e+00
   0.0000000e+00
   0.0000000e+00
  -4.2558905e-02
  -3.7596850e-02
  -4.2632804e-03
  -1.3348686e-02
   1.8284505e-03
   2.7236838e-02
   2.1113755e-02
   2.7944541e-02
   3.0284788e-02
   2.8307943e-02
   2.3362223e-02
   1.8438267e-02
   1.3086718e-02
   9.8770866e-03
   8.4625985e-03
   9.0455003e-03
   1.1920171e-02
   1.5043361e-02
   2.4206953e-02
   2.7821494e-02
   2.1240819e-02
   1.7833337e-02
   5.9076082e-03
  -1.5027938e-02
  -4.1759818e-02
  -5.9272760e-02
  -7.0493114e-02
  -6.9343875e-02
  -7.7849570e-02
  -9.3375123e-02
  -7.8050046e-02
  -6.7729163e-02
  -6.1695727e-02
  -9.3926951e-02
  -1.1398997e-01
  -0.0000000e+00
   3.8012147e-02
   5.3726383e-02
   6.4815402e-02
   7.3423520e-02
   7.9566792e-02
   8.3288684e-02
   8.1337780e-02
   7.9760492e-02
   8.3268121e-02
   8.0427483e-02
   7.3241591e-02
   6.8498701e-02
   6.6232398e-02
   6.5661304e-02
   6.5704450e-02
   6.6309474e-02
   6.8105645e-02
   7.3357947e-02
   7.6201454e-02
   7.1355005e-02
   7.3953427e-02
   7.6307215e-02
   7.3350921e-02
   6.4086229e-02
   5.3448148e-02
   4.8450779e-02
   4.7392238e-02
   4.9583986e-02
   5.2039590e-02
   5.0282069e-02
   4.4252943e-02
   4.2355724e-02
   4.2944327e-02
   3.7897926e-02
   2.3799106e-02
   2.1381879e-02
   1.0250832e-01
   1.0691366e-01
   1.0874182e-01
   1.0947008e-01
   1.0736544e-01
   1.0661545e-01
   1.0062933e-01
   9.6373297e-02
   1.0536814e-01
   1.0840406e-01
   1.0533126e-01
   1.0083941e-01
   9.9702135e-02
   9.8758921e-02
   9.7501509e-02
   9.6527807e-02
   9.6807107e-02
   1.0116829e-01
   1.0306880e-01
   8.6831016e-02
   9.2916690e-02
   1.0728587e-01
   1.1262499e-01
   1.1079875e-01
   1.0291456e-01
   1.0361915e-01
   1.0486117e-01
   1.0825711e-01
   1.1363667e-01
   1.1616267e-01
   1.2089926e-01
   1.1830021e-01
   1.1394606e-01
   1.1824521e-01
   1.0902280e-01
   1.0062945e-01
   1.3592634e-01
   1.2851070e-01
   1.1843898e-01
   1.1267052e-01
   1.0195554e-01
   9.5388152e-02
   9.2077240e-02
   8.8291548e-02
   9.6200436e-02
   1.0209902e-01
   1.0643584e-01
   1.0617605e-01
   1.0695134e-01
   1.0615735e-01
   1.0437503e-01
   1.0296167e-01
   1.0104888e-01
   9.4016962e-02
   0.0000000e+00
   6.4747525e-02
   8.6498901e-02
   1.1432992e-01
   1.2857978e-01
   1.3670333e-01
   1.3241825e-01
   1.3527542e-01
   1.3470358e-01
   1.3337561e-01
   1.3354753e-01
   1.3034885e-01
   1.4013408e-01
   1.4573322e-01
   1.4412671e-01
   1.6083507e-01
   1.5298946e-01
   1.4232525e-01
   1.3002909e-01
   1.1094531e-01
   9.2698676e-02
   8.4420388e-02
   5.7546366e-02
   6.0020353e-02
   6.5726626e-02
   7.0045318e-02
   7.2797847e-02
   8.0934947e-02
   8.5299405e-02
   8.6754163e-02
   8.7617432e-02
   8.6706917e-02
   8.5831215e-02
   8.6173256e-02
   8.4425102e-02
   7.4603339e-02
   0.0000000e+00
   0.0000000e+00
   6.3747529e-02
   9.0915693e-02
   1.1228394e-01
   1.2736709e-01
   1.3105144e-01
   1.3281670e-01
   1.2853519e-01
   1.1969083e-01
   1.0803744e-01
   9.7303635e-02
   1.1172902e-01
   1.2732050e-01
   1.4112353e-01
   1.5995041e-01
   1.5709186e-01
   1.4588270e-01
   9.6846801e-02
   7.9677886e-02
   5.5948197e-02
   5.6946156e-02
   0.0000000e+00
   2.5818534e-02
   3.4683669e-02
   4.6204113e-02
   5.2035049e-02
   5.6604229e-02
   5.7851668e-02
   5.8360603e-02
   5.8319300e-02
   5.8629300e-02
   6.0068812e-02
   6.2360741e-02
   6.1747827e-02
   5.3154718e-02
   0.0000000e+00
   0.0000000e+00
   4.1500656e-02
   5.7168387e-02
   7.9802513e-02
   9.6691914e-02
   1.0494227e-01
   1.0532611e-01
   9.7378671e-02
   8.2499191e-02
   7.0762165e-02
   5.6073979e-02
   6.7674518e-02
   8.7237947e-02
   1.0941172e-01
   1.2638266e-01
   1.2655813e-01
   1.1537096e-01
   5.0524194e-02
   0.0000000e+00
   0.0000000e+00
   0.0000000e+00
   0.0000000e+00
   6.5203127e-03
   1.5197843e-02
   2.5224174e-02
   2.8752768e-02
   2.9999923e-02
   2.9707032e-02
   2.9114749e-02
   2.9473595e-02
   3.1398460e-02
   3.4092072e-02
   3.7005048e-02
   3.6382637e-02
   2.9072443e-02
   1.1473032e-02
   0.0000000e+00
   0.0000000e+00
   2.1391144e-02
   4.2394119e-02
   5.7149585e-02
   6.4299166e-02
   6.1826009e-02
   4.8250102e-02
   4.9916182e-02
   4.4164495e-02
   2.5959976e-02
   2.6552228e-02
   4.1285502e-02
   5.9065405e-02
   7.1637630e-02
   7.3230340e-02
   6.4162388e-02
   1.3285222e-02
   0.0000000e+00
   0.0000000e+00
   0.0000000e+00
   0.0000000e+00
  -6.5861573e-04
   1.7963335e-03
   6.6281245e-03
   8.2965111e-03
   8.7267095e-03
   8.1888996e-03
   7.2162403e-03
   7.8382334e-03
   1.0580702e-02
   1.3870579e-02
   1.6509846e-02
   1.5455333e-02
   8.9448756e-03
   2.3533815e-03
   0.0000000e+00
  -0.0000000e+00
  -2.1335818e-03
   1.5532741e-02
   2.5670184e-02
   2.9987488e-02
   2.4926689e-02
   6.3818069e-03
   0.0000000e+00
   0.0000000e+00
   2.8093014e-04
  -4.4102101e-03
   4.2343494e-03
   1.6297035e-02
   2.6132604e-02
   2.8437907e-02
   2.1234062e-02
  -1.6434662e-02
   0.0000000e+00
   0.0000000e+00
   0.0000000e+00
  -0.0000000e+00
  -1.6774604e-02
  -1.9807329e-02
  -1.9350156e-02
  -1.7547190e-02
  -1.6037956e-02
  -1.5348941e-02
  -1.5494683e-02
  -1.3969277e-02
  -1.1090020e-02
  -8.1720036e-03
  -7.2672274e-03
  -9.4555039e-03
  -1.3062826e-02
  -1.0713313e-02
   0.0000000e+00
   0.0000000e+00
  -2.1000022e-02
  -8.1014689e-03
  -4.6064812e-03
  -4.6132966e-03
  -1.3305578e-02
  -2.6384079e-02
   0.0000000e+00
  -0.0000000e+00
  -2.1968843e-02
  -2.8841641e-02
  -2.8948236e-02
  -2.4061074e-02
  -1.7598940e-02
  -1.6825324e-02
  -2.0853385e-02
  -2.5218160e-02
   0.0000000e+00
   0.0000000e+00
   0.0000000e+00
  -0.0000000e+00
  -3.3732012e-02
  -3.7600778e-02
  -3.7732754e-02
  -3.5069130e-02
  -3.2240540e-02
  -2.9338675e-02
  -2.7293012e-02
  -2.5566261e-02
  -2.4559204e-02
  -2.4042245e-02
  -2.5224557e-02
  -2.8474776e-02
  -2.7414933e-02
  -1.2218341e-02
   0.0000000e+00
   0.0000000e+00
  -2.4893072e-02
  -2.1984205e-02
  -2.3328377e-02
  -2.7160469e-02
  -3.7560280e-02
  -4.1724649e-02
   0.0000000e+00
   0.0000000e+00
  -0.0000000e+00
  -4.1620791e-02
  -4.5579571e-02
  -4.6988863e-02
  -4.5228474e-02
  -4.5862738e-02
  -4.3526851e-02
  -3.0935877e-02
  -2.2748791e-02
   0.0000000e+00
   0.0000000e+00
  -4.5301471e-02
  -4.5723587e-02
  -4.9252611e-02
  -4.8717856e-02
  -4.4984303e-02
  -3.9785918e-02
  -3.4676939e-02
  -3.1877682e-02
  -3.3444513e-02
  -3.7005350e-02
  -4.0267669e-02
  -4.3689039e-02
  -4.7002070e-02
  -3.9786246e-02
  -1.3930809e-02
   0.0000000e+00
   0.0000000e+00
  -0.0000000e+00
  -3.5650767e-02
  -4.1258860e-02
  -4.8066895e-02
  -5.3338360e-02
  -3.7869599e-02
   0.0000000e+00
   0.0000000e+00
  -0.0000000e+00
  -4.1493558e-02
  -5.3799968e-02
  -6.3468792e-02
  -6.7924373e-02
  -6.8928547e-02
  -5.8641344e-02
  -3.6406960e-02
  -2.6976630e-02
  -3.2536721e-02
  -4.4675040e-02
  -4.5647711e-02
  -4.5251105e-02
  -4.7708061e-02
  -4.6967007e-02
  -4.2414602e-02
  -3.5652056e-02
  -3.1550359e-02
  -3.2899726e-02
  -4.0195055e-02
  -4.8332971e-02
  -5.4465171e-02
  -5.8384549e-02
  -6.0003765e-02
  -5.2503724e-02
  -2.4134369e-02
   0.0000000e+00
   0.0000000e+00
  -0.0000000e+00
  -4.8113078e-02
  -5.6590877e-02
  -6.2365778e-02
  -5.5695415e-02
  -2.3559606e-02
   0.0000000e+00
   0.0000000e+00
   0.0000000e+00
  -0.0000000e+00
  -5.2036025e-02
  -6.8898752e-02
  -7.8046307e-02
  -7.8653991e-02
  -6.4017229e-02
  -3.5285272e-02
  -2.9469851e-02
  -3.1747103e-02
  -4.8953160e-02
  -3.7459277e-02
  -3.4630526e-02
  -3.5581123e-02
  -3.6520798e-02
  -3.3531576e-02
  -2.8669473e-02
  -2.9059529e-02
  -3.5945322e-02
  -4.7255654e-02
  -5.7573490e-02
  -6.4504169e-02
  -6.6739984e-02
  -6.5760195e-02
  -5.7785612e-02
   0.0000000e+00
   0.0000000e+00
   0.0000000e+00
   0.0000000e+00
  -5.8579671e-02
  -6.7154571e-02
  -6.7199036e-02
  -4.8544407e-02
  -1.5334010e-02
   0.0000000e+00
   0.0000000e+00
  -0.0000000e+00
  -3.1125341e-02
  -4.4040959e-02
  -6.3138984e-02
  -7.3878385e-02
  -7.3955879e-02
  -5.9100494e-02
  -2.5351332e-02
  -2.6101545e-02
  -3.3518143e-02
  -0.0000000e+00
  -2.2791925e-02
  -2.0415731e-02
  -2.1005040e-02
  -2.4058627e-02
  -2.4466183e-02
  -2.4580529e-02
  -2.9637652e-02
  -4.0320631e-02
  -5.3493794e-02
  -6.3429192e-02
  -6.8530880e-02
  -6.7684874e-02
  -6.0446430e-02
  -3.8717792e-02
   0.0000000e+00
   0.0000000e+00
   0.0000000e+00
   0.0000000e+00
  -6.3609526e-02
  -6.8599649e-02
  -5.9816871e-02
  -3.4746923e-02
  -7.9478510e-03
   0.0000000e+00
   0.0000000e+00
  -0.0000000e+00
  -2.1245153e-02
  -3.2492273e-02
  -4.6556022e-02
  -5.4095753e-02
  -5.3224936e-02
  -4.1097902e-02
  -1.2552185e-02
  -1.6988206e-02
  -1.6641404e-02
   0.0000000e+00
  -1.7727137e-02
  -1.5475047e-02
  -1.7882545e-02
  -2.0720692e-02
  -2.2347065e-02
  -2.4811821e-02
  -3.0795660e-02
  -4.0896203e-02
  -5.2522581e-02
  -6.0081959e-02
  -6.2809035e-02
  -5.8295019e-02
  -4.1442994e-02
  -2.1285884e-02
   0.0000000e+00
   0.0000000e+00
   0.0000000e+00
   0.0000000e+00
  -0.0000000e+00
  -5.7358596e-02
  -4.3118477e-02
  -1.9318333e-02
  -1.7178286e-03
   0.0000000e+00
   0.0000000e+00
  -0.0000000e+00
  -2.2372024e-02
  -2.0734882e-02
  -2.5703179e-02
  -2.7717264e-02
  -2.5374003e-02
  -1.8946070e-02
   0.0000000e+00
  -8.2853501e-03
  -8.7334348e-03
  -2.3789176e-02
  -2.1142169e-02
  -2.4291374e-02
  -2.9063599e-02
  -3.1685516e-02
  -3.3089302e-02
  -3.4166634e-02
  -3.5940133e-02
  -3.9256811e-02
  -4.3979742e-02
  -4.7110222e-02
  -4.7023319e-02
  -3.9520949e-02
  -2.1713428e-02
  -7.3818793e-03
   0.0000000e+00
   0.0000000e+00
   0.0000000e+00
   0.0000000e+00
  -4.4327577e-02
  -3.9144412e-02
  -2.4653243e-02
  -5.6302762e-03
   4.3231379e-03
   0.0000000e+00
   0.0000000e+00
  -0.0000000e+00
  -1.7709559e-02
  -8.6538382e-03
  -6.7920182e-03
  -4.3451716e-03
  -1.5756581e-03
  -7.0903507e-04
   0.0000000e+00
  -0.0000000e+00
  -1.4387030e-02
  -2.8427845e-02
  -2.9517547e-02
  -3.6466903e-02
  -4.1790223e-02
  -4.4166373e-02
  -4.4726344e-02
  -4.3234034e-02
  -4.0311477e-02
  -3.7132829e-02
  -3.4965749e-02
  -3.2997347e-02
  -2.9364938e-02
  -2.0791850e-02
  -6.3558665e-03
   1.8277761e-03
   0.0000000e+00
   0.0000000e+00
   0.0000000e+00
  -0.0000000e+00
  -3.1186712e-02
  -1.9957922e-02
  -8.3567388e-03
   5.2565460e-03
   1.0937478e-02
   0.0000000e+00
   0.0000000e+00
  -0.0000000e+00
  -1.4517079e-02
  -2.4423699e-04
   6.9741999e-03
   1.3110752e-02
   1.4578170e-02
   1.4864852e-02
   8.6639802e-03
  -0.0000000e+00
  -1.9599448e-02
  -3.0508762e-02
  -3.4357845e-02
  -4.0178782e-02
  -4.4904525e-02
  -4.7416175e-02
  -4.8361575e-02
  -4.7312112e-02
  -4.4154568e-02
  -3.9119850e-02
  -3.3703204e-02
  -2.8391471e-02
  -2.0854305e-02
  -9.4117669e-03
   2.6641913e-03
   8.4980467e-03
   0.0000000e+00
   0.0000000e+00
  -0.0000000e+00
  -4.8196157e-02
  -2.2147791e-02
  -4.6123098e-03
   6.7099796e-03
   1.6861304e-02
   1.6519825e-02
   0.0000000e+00
   0.0000000e+00
   0.0000000e+00
  -0.0000000e+00
   3.6726059e-03
   1.4988925e-02
   2.5816054e-02
   2.1929381e-02
   1.6989067e-02
   4.6778704e-03
  -1.3468092e-02
  -2.1811713e-02
  -3.2032043e-02
  -3.9145447e-02
  -4.6134189e-02
  -5.1861975e-02
  -5.5107400e-02
  -5.6340173e-02
  -5.4825909e-02
  -5.0521784e-02
  -4.3291740e-02
  -3.4161463e-02
  -2.5281079e-02
  -1.5798477e-02
  -6.1193211e-03
   1.9037107e-06
   5.9239777e-03
   0.0000000e+00
   0.0000000e+00
  -0.0000000e+00
  -4.5587149e-02
  -1.8763689e-02
   5.3734053e-03
   1.4959869e-02
   2.3661142e-02
   0.0000000e+00
   0.0000000e+00
   0.0000000e+00
   0.0000000e+00
  -0.0000000e+00
   6.7955721e-03
   1.9881222e-02
   3.3085822e-02
   2.3930479e-02
   1.3320560e-02
   1.4722682e-03
  -1.4751619e-02
  -2.6807452e-02
  -3.9554339e-02
  -5.1353734e-02
  -6.2163491e-02
  -7.0533924e-02
  -7.5187854e-02
  -7.6537132e-02
  -7.3717281e-02
  -6.7225873e-02
  -5.6827202e-02
  -4.1863997e-02
  -2.6682669e-02
  -1.6131379e-02
  -1.0399617e-02
  -7.9330484e-03
  -7.2601312e-04
   0.0000000e+00
  -0.0000000e+00
  -5.5779118e-02
  -4.3818466e-02
  -1.9132938e-02
   1.1357853e-02
   0.0000000e+00
   0.0000000e+00
   0.0000000e+00
   0.0000000e+00
   0.0000000e+00
   0.0000000e+00
   0.0000000e+00
   1.2472757e-02
   2.0948576e-02
   3.7635352e-02
   2.5480606e-02
   8.4217667e-03
  -0.0000000e+00
  -1.6733373e-02
  -3.1370807e-02
  -4.7102649e-02
  -6.2986806e-02
  -7.7509753e-02
  -8.8793397e-02
  -9.5221624e-02
  -9.8019034e-02
  -9.7280860e-02
  -9.2793919e-02
  -8.2546204e-02
  -6.2756754e-02
  -3.7304267e-02
  -1.8500265e-02
  -1.6629018e-02
  -9.1968767e-03
  -4.4801358e-02
  -0.0000000e+00
  -5.8722010e-02
  -5.5299662e-02
  -4.5754686e-02
  -2.3889294e-02
   4.9505337e-03
   0.0000000e+00
   0.0000000e+00
   0.0000000e+00
   0.0000000e+00
   0.0000000e+00
   0.0000000e+00
   0.0000000e+00
   2.2224670e-02
   2.4782263e-02
   0.0000000e+00
   3.0636240e-02
   7.9197998e-03
  -0.0000000e+00
  -2.3704827e-02
  -3.2383218e-02
  -4.7025777e-02
  -6.4061746e-02
  -8.0045223e-02
  -9.1795422e-02
  -9.7681627e-02
  -9.9916667e-02
  -1.0053046e-01
  -9.9350259e-02
  -9.2966720e-02
  -7.4270383e-02
  -4.3595627e-02
  -1.4417986e-02
  -1.6712992e-02
  -2.0465494e-02
  -0.0000000e+00
  -7.1160346e-02
  -5.9602700e-02
  -5.6068003e-02
  -5.0881274e-02
  -3.4238227e-02
  -8.5599929e-03
   0.0000000e+00
   0.0000000e+00
   0.0000000e+00
   0.0000000e+00
   0.0000000e+00
   0.0000000e+00
   0.0000000e+00
   3.6197114e-02
   3.6913508e-02
   0.0000000e+00
   3.3063003e-02
   0.0000000e+00
  -0.0000000e+00
  -3.5777323e-02
  -3.3988182e-02
  -4.2331159e-02
  -5.6526136e-02
  -7.1540341e-02
  -8.3037093e-02
  -8.8268526e-02
  -8.9176334e-02
  -8.9055315e-02
  -8.9361556e-02
  -8.6441435e-02
  -7.0623815e-02
  -4.0161178e-02
  -8.1910389e-03
  -5.2727764e-03
  -0.0000000e+00
  -4.8664036e-02
  -5.7235610e-02
  -5.4536402e-02
  -5.3757507e-02
  -5.4139648e-02
  -4.7440767e-02
  -2.7893704e-02
   0.0000000e+00
   0.0000000e+00
   0.0000000e+00
   0.0000000e+00
   0.0000000e+00
   0.0000000e+00
   0.0000000e+00
   0.0000000e+00
   0.0000000e+00
   0.0000000e+00
   0.0000000e+00
   0.0000000e+00
  -0.0000000e+00
  -4.8545237e-02
  -3.8758136e-02
  -3.8194511e-02
  -4.4652134e-02
  -5.5311792e-02
  -6.5190427e-02
  -7.0049688e-02
  -7.0455924e-02
  -6.9767855e-02
  -7.0725426e-02
  -7.0341364e-02
  -5.7775822e-02
  -2.9615810e-02
  -3.1228042e-03
   0.0000000e+00
  -4.3167853e-02
  -4.3559834e-02
  -4.4309083e-02
  -4.5337711e-02
  -4.7758836e-02
  -5.2329153e-02
  -5.5502802e-02
  -4.7657730e-02
   0.0000000e+00
   0.0000000e+00
   0.0000000e+00
   0.0000000e+00
   0.0000000e+00
   0.0000000e+00
   0.0000000e+00
   0.0000000e+00
   0.0000000e+00
   0.0000000e+00
   0.0000000e+00
   0.0000000e+00
   0.0000000e+00
  -0.0000000e+00
  -3.9014507e-02
  -3.1219374e-02
  -3.2187145e-02
  -3.7197307e-02
  -4.2795647e-02
  -4.5830112e-02
  -4.5649260e-02
  -4.5138702e-02
  -4.6775509e-02
  -4.8456755e-02
  -3.9430443e-02
  -1.3354979e-02
   5.1853712e-03
   0.0000000e+00
  -3.4909410e-02
  -3.4704134e-02
  -3.3160694e-02
  -3.4757227e-02
  -3.8241275e-02
  -4.2953968e-02
  -5.0168838e-02
  -5.3414679e-02
   0.0000000e+00
   0.0000000e+00
   0.0000000e+00
   0.0000000e+00
   0.0000000e+00
   0.0000000e+00
   0.0000000e+00
   0.0000000e+00
   0.0000000e+00
   0.0000000e+00
   0.0000000e+00
   0.0000000e+00
   0.0000000e+00
  -0.0000000e+00
  -2.8849248e-02
  -1.5353823e-02
  -1.5612541e-02
  -1.8826218e-02
  -2.0782566e-02
  -2.0868795e-02
  -1.9775409e-02
  -1.9708913e-02
  -2.2250628e-02
  -2.5779529e-02
  -1.9914214e-02
   3.3006382e-03
   1.1985118e-02
   0.0000000e+00
  -0.0000000e+00
  -2.1702972e-02
  -2.0173086e-02
  -2.4058202e-02
  -2.6160963e-02
  -2.8016854e-02
  -3.3916809e-02
  -3.8072527e-02
   0.0000000e+00
   0.0000000e+00
   0.0000000e+00
   0.0000000e+00
   0.0000000e+00
   0.0000000e+00
   0.0000000e+00
   0.0000000e+00
   0.0000000e+00
   0.0000000e+00
   0.0000000e+00
   0.0000000e+00
   0.0000000e+00
  -0.0000000e+00
  -1.1246757e-02
   9.0617333e-03
   1.3784102e-02
   1.1695419e-02
   1.2370781e-02
   1.5723672e-02
   1.8830745e-02
   1.8399980e-02
   1.4452710e-02
   7.4104290e-03
   6.8212859e-03
   2.3222422e-02
   0.0000000e+00
   0.0000000e+00
   0.0000000e+00
   0.0000000e+00
   2.6192146e-03
  -3.6546835e-03
  -5.4171695e-03
  -3.0456649e-03
  -4.2801211e-03
  -9.7609367e-03
  -6.8709484e-03
   0.0000000e+00
   0.0000000e+00
   0.0000000e+00
   0.0000000e+00
   0.0000000e+00
   0.0000000e+00
   0.0000000e+00
   0.0000000e+00
   0.0000000e+00
   0.0000000e+00
   0.0000000e+00
   0.0000000e+00
   0.0000000e+00
   3.4083913e-02
   2.7522490e-02
   3.7507030e-02
   3.7253637e-02
   4.0856019e-02
   4.6551256e-02
   5.1091492e-02
   5.1019147e-02
   4.6389693e-02
   3.6293771e-02
   2.5957050e-02
   2.8290394e-02
   0.0000000e+00
   0.0000000e+00
   0.0000000e+00
   0.0000000e+00
   1.9058259e-02
   1.6529154e-02
   1.5831418e-02
   2.0219779e-02
   2.2575277e-02
   1.9177683e-02
   1.7387239e-02
   0.0000000e+00
   0.0000000e+00
   0.0000000e+00
   0.0000000e+00
   0.0000000e+00
   0.0000000e+00
   0.0000000e+00
   0.0000000e+00
   0.0000000e+00
   0.0000000e+00
   0.0000000e+00
   0.0000000e+00
   0.0000000e+00
   0.0000000e+00
   5.2074737e-02
   5.4205388e-02
   5.6847822e-02
   6.6489048e-02
   7.4204013e-02
   7.8592204e-02
   7.8183696e-02
   7.3134176e-02
   6.1726980e-02
   3.9917417e-02
   2.5352981e-02
   0.0000000e+00
   0.0000000e+00
   0.0000000e+00
   0.0000000e+00
   0.0000000e+00
   3.5981216e-02
   3.8782161e-02
   4.5821432e-02
   5.0138541e-02
   5.0285425e-02
   3.8310841e-02
   0.0000000e+00
   0.0000000e+00
   0.0000000e+00
   0.0000000e+00
   0.0000000e+00
   0.0000000e+00
   0.0000000e+00
   0.0000000e+00
   0.0000000e+00
   0.0000000e+00
   0.0000000e+00
   0.0000000e+00
   0.0000000e+00
   0.0000000e+00
   4.9190956e-02
   4.7373202e-02
   5.5741772e-02
   6.8569072e-02
   7.7560121e-02
   8.2229666e-02
   8.2011811e-02
   7.8050779e-02
   6.7628354e-02
   4.6084981e-02
   3.0328516e-02
   0.0000000e+00
   0.0000000e+00
   0.0000000e+00
   0.0000000e+00
   0.0000000e+00
   4.3597697e-02
   4.8545156e-02
   5.9411798e-02
   6.5956317e-02
   6.9895484e-02
   5.3167152e-02
   0.0000000e+00
   0.0000000e+00
   0.0000000e+00
   0.0000000e+00
   0.0000000e+00
   0.0000000e+00
   0.0000000e+00
   0.0000000e+00
   0.0000000e+00
   0.0000000e+00
   0.0000000e+00
   0.0000000e+00
   0.0000000e+00
   0.0000000e+00
   0.0000000e+00
   2.2574987e-02
   2.5835472e-02
   3.9391479e-02
   5.0994158e-02
   5.7199721e-02
   6.0950771e-02
   6.1903924e-02
   5.5529718e-02
   4.2940260e-02
   3.4497068e-02
   0.0000000e+00
   0.0000000e+00
   0.0000000e+00
   0.0000000e+00
   0.0000000e+00
   0.0000000e+00
   4.3854645e-02
   6.1588280e-02
   6.9579966e-02
   7.4940866e-02
   5.6316155e-02
   0.0000000e+00
   0.0000000e+00
   0.0000000e+00
   0.0000000e+00
   0.0000000e+00
   0.0000000e+00
   0.0000000e+00
   0.0000000e+00
   0.0000000e+00
   0.0000000e+00
   0.0000000e+00
   0.0000000e+00
   0.0000000e+00
   0.0000000e+00
  -0.0000000e+00
  -8.6632652e-03
  -6.2912614e-03
  -6.1979778e-03
   4.9238534e-03
   1.3435286e-02
   2.8796160e-02
   3.3621576e-02
   3.0308332e-02
   2.7174961e-02
   0.0000000e+00
   0.0000000e+00
   0.0000000e+00
   0.0000000e+00
   0.0000000e+00
   0.0000000e+00
   0.0000000e+00
   3.3930324e-02
   5.0107732e-02
   5.4607808e-02
   5.4737478e-02
   3.9966080e-02
   0.0000000e+00
   0.0000000e+00
   0.0000000e+00
   0.0000000e+00
   0.0000000e+00
   0.0000000e+00
   0.0000000e+00
   0.0000000e+00
   0.0000000e+00
   0.0000000e+00
   0.0000000e+00
   0.0000000e+00
   0.0000000e+00
   0.0000000e+00
  -0.0000000e+00
  -0.0000000e+00
   0.0000000e+00
  -3.8008247e-02
  -3.3812379e-02
  -2.2167855e-02
   0.0000000e+00
   0.0000000e+00
   0.0000000e+00
   0.0000000e+00
   0.0000000e+00
   0.0000000e+00
   0.0000000e+00
   0.0000000e+00
   0.0000000e+00
   0.0000000e+00
   0.0000000e+00
   1.6207679e-02
   1.3083334e-02
  -1.3023680e-03
  -2.3130151e-03
  -1.0276101e-02
  -3.6555404e-03
   0.0000000e+00
   0.0000000e+00
   0.0000000e+00
   0.0000000e+00
   0.0000000e+00
   0.0000000e+00
   0.0000000e+00
   0.0000000e+00
   0.0000000e+00
   0.0000000e+00
   0.0000000e+00
   0.0000000e+00
   0.0000000e+00
   0.0000000e+00
   0.0000000e+00
   0.0000000e+00
   0.0000000e+00
   0.0000000e+00
  -0.0000000e+00
   0.0000000e+00
   0.0000000e+00
  -0.0000000e+00
   0.0000000e+00
   0.0000000e+00
   0.0000000e+00
   0.0000000e+00
   0.0000000e+00
   0.0000000e+00
   0.0000000e+00
   0.0000000e+00
  -0.0000000e+00
  -0.0000000e+00
  -0.0000000e+00
  -5.2742867e-02
  -3.2411747e-02
  -1.4188643e-02
  -1.1481157e-02
   0.0000000e+00
  -0.0000000e+00
  -0.0000000e+00
  -0.0000000e+00
  -0.0000000e+00
   0.0000000e+00
   0.0000000e+00
   0.0000000e+00
   0.0000000e+00
  -0.0000000e+00
  -0.0000000e+00
  -0.0000000e+00
  -0.0000000e+00
  -0.0000000e+00
  -0.0000000e+00
  -0.0000000e+00
  -0.0000000e+00
  -0.0000000e+00
  -0.0000000e+00
  -0.0000000e+00
  -0.0000000e+00
  -0.0000000e+00
  -0.0000000e+00
  -0.0000000e+00
  -0.0000000e+00
  -0.0000000e+00
  -0.0000000e+00
   0.0000000e+00
   0.0000000e+00
  -0.0000000e+00
  -0.0000000e+00
  -0.0000000e+00
  -0.0000000e+00
  -9.6050820e-03
  -1.7263569e-02
  -2.2935014e-02
  -2.1296298e-02
  -1.6740727e-02
  -1.2940345e-02
  -1.2636562e-02
  -1.3296824e-02
  -1.5819247e-02
  -1.6796125e-02
  -1.8115148e-02
  -0.0000000e+00
