   7.4017758e+00
   5.2607574e+00
   4.7839351e+00
   6.0006180e+00
   6.0152235e+00
   6.3839259e+00
   7.0039945e+00
   5.7056537e+00
   4.0532627e+00
   3.0921583e+00
   2.2177706e+00
   9.4632393e-01
   1.3317247e-01
   3.7278551e-01
   1.2295550e+00
   2.2744446e+00
   3.2867422e+00
   3.8605261e+00
   3.8239837e+00
   3.3486910e+00
   2.0944993e+00
   5.8175558e-01
  -1.2771888e+00
  -2.9230201e+00
  -3.3882327e+00
  -2.5786693e+00
  -8.5383463e-01
   2.6441664e-01
   2.4996647e-01
   5.4416247e-02
   1.3447551e+00
   4.0653772e+00
   3.2536390e+00
   6.7551553e-02
   2.0578043e+00
   7.3165283e+00
   4.6818814e+00
   1.8996692e+00
   8.9349830e-01
   8.2293785e-01
   4.2439288e-01
   4.2546919e-01
   7.1358603e-01
   8.6055112e-01
   7.8555125e-01
   7.6825368e-01
   4.6380413e-01
   2.2213067e-01
  -7.2941311e-02
  -1.5711465e-01
  -1.5000448e-01
   4.1089050e-02
   2.3150530e-01
   4.3474007e-01
   4.2651352e-01
   3.1067777e-01
   3.5294756e-01
   4.4179735e-01
   5.2084619e-01
   4.3922955e-01
   3.0129576e-01
   5.0765139e-01
   9.4442469e-01
   1.2391855e+00
   6.5924340e-01
   5.3503096e-01
   1.0384840e+00
   4.0620232e+00
   3.3000047e+00
   8.5050625e-01
   1.3232464e+00
   5.1317086e+00
   1.3247761e-01
  -5.9362382e-01
  -1.2163900e+00
  -1.3906844e+00
  -1.2360922e+00
  -8.2665515e-01
  -3.7689394e-01
  -1.5933202e-01
   4.0721674e-02
   2.1289480e-01
   8.5440621e-02
  -2.8611928e-01
  -5.8527857e-01
  -7.3591757e-01
  -7.4763799e-01
  -6.6638631e-01
  -5.3757465e-01
  -4.3428344e-01
  -3.2717130e-01
  -2.2831716e-01
   7.8654923e-03
   2.3406406e-01
   4.7118944e-01
   5.8919621e-01
   4.0033883e-01
   7.8137301e-02
  -2.0036253e-01
  -3.9167953e-01
  -4.8219508e-01
  -4.0795368e-01
  -1.5418203e-01
   3.0481720e-01
   6.4256328e-01
   7.8113490e-01
   8.7087047e-01
   6.2354577e-01
  -1.4214629e+00
  -2.0998981e+00
  -2.3583667e+00
  -2.2197509e+00
  -1.7993240e+00
  -1.2003094e+00
  -6.4959776e-01
  -6.2597746e-01
  -3.7425831e-01
  -1.4094429e-01
  -3.0891523e-01
  -7.5984865e-01
  -1.0599653e+00
  -1.1941543e+00
  -1.1964425e+00
  -1.1402876e+00
  -1.0121675e+00
  -9.8635525e-01
  -1.5628206e+00
  -1.0154030e+00
  -6.7552328e-01
  -4.3840146e-01
   2.9903002e-02
   2.2324874e-01
  -1.0439524e-01
  -5.6969929e-01
  -9.6419758e-01
  -1.3675704e+00
  -1.5137881e+00
  -1.3545425e+00
  -9.9584180e-01
  -3.6996201e-01
  -8.0998793e-02
   1.3808015e-01
   3.3029124e-01
  -4.7977448e-01
  -2.0852463e+00
  -2.4980392e+00
  -2.4994404e+00
  -2.2219448e+00
  -1.7175422e+00
  -9.7528291e-01
  -5.1938820e-01
  -4.9775428e-01
  -4.4463936e-02
  -9.4358474e-02
  -4.6010050e-01
  -9.9881494e-01
  -1.3041089e+00
  -1.4247605e+00
  -1.4172469e+00
  -1.2611580e+00
  -1.0636029e+00
  -1.0972873e+00
  -1.9285911e+00
  -1.0345780e+00
  -1.3963271e+00
  -8.2556766e-01
  -3.3961940e-01
  -1.3673741e-01
  -4.8076957e-01
  -9.1726762e-01
  -1.3786711e+00
  -1.8153821e+00
  -1.8400117e+00
  -1.6255653e+00
  -1.2378843e+00
  -5.5559134e-01
  -2.5662327e-01
   1.2160679e-01
   7.9784952e-02
  -1.0963701e+00
  -1.9743113e+00
  -1.9603803e+00
  -1.9279281e+00
  -1.5523701e+00
  -1.0757677e+00
  -4.2169195e-01
  -6.2995985e-02
  -2.8362791e-01
   2.3266487e-01
  -2.1124863e-01
  -5.6354866e-01
  -9.6796578e-01
  -1.1839375e+00
  -1.2439608e+00
  -1.1570068e+00
  -9.4627266e-01
  -8.1638311e-01
  -8.4313427e-01
  -1.1268743e+00
  -9.3745607e-01
  -1.4495823e+00
  -7.3775205e-01
  -3.9624306e-01
  -1.9960506e-01
  -5.8683587e-01
  -9.9338168e-01
  -1.4069765e+00
  -1.5464432e+00
  -1.2164320e+00
  -1.0084688e+00
  -7.8731093e-01
  -2.8112410e-01
   6.3559440e-03
   2.1634465e-01
  -3.2811575e-01
  -1.4331140e+00
  -9.8302913e-01
  -8.1704283e-01
  -1.0125719e+00
  -5.6099135e-01
  -3.7029582e-01
   3.0279210e-01
   3.3656627e-01
   1.4612898e-01
  -2.7454579e-02
  -3.3552557e-01
  -4.5663810e-01
  -6.8114042e-01
  -8.1733286e-01
  -8.3075798e-01
  -7.5473207e-01
  -6.0642493e-01
  -5.2961129e-01
  -3.9873880e-01
  -4.0703293e-02
  -5.6645894e-01
  -1.0859020e+00
  -6.9649231e-01
  -3.9912668e-01
  -3.1636259e-01
  -6.2029457e-01
  -8.7183475e-01
  -9.6198189e-01
  -4.3569422e-01
  -5.7445377e-02
  -1.4288653e-01
  -2.7592972e-01
  -8.9807436e-02
   5.2871831e-02
  -8.1365496e-02
  -6.8317086e-01
  -1.1730220e+00
   8.4254499e-01
   2.5925303e-01
  -1.8808407e-01
   9.5828403e-02
   5.9165590e-02
   5.1125801e-01
   2.7517992e-01
   2.2851223e-01
  -7.7781320e-02
  -8.3588218e-02
  -1.0153456e-01
  -2.6858070e-01
  -4.0711040e-01
  -4.9859673e-01
  -4.8710787e-01
  -4.0317122e-01
  -2.3383322e-01
   2.6014438e-01
   1.3410196e+00
  -2.4582456e-01
  -6.5224302e-01
  -8.0275812e-01
  -6.1728507e-01
  -5.3760093e-01
  -4.8529005e-01
  -4.4347885e-01
   1.4500430e-01
   9.9192625e-01
   1.8797228e-01
  -3.0229515e-01
  -4.2289356e-01
  -4.5950139e-01
  -3.5368520e-01
  -3.5013382e-01
  -4.4736040e-01
  -2.2137389e-01
   2.4482548e+00
   8.0297852e-01
  -2.3548869e-02
   4.5923808e-01
   1.7020538e-01
   4.3388247e-01
   1.0874151e-01
   1.4228691e-01
   1.7017215e-01
   2.8749967e-01
   2.8529364e-01
   9.7449541e-02
  -1.3357629e-01
  -3.3687049e-01
  -3.8101655e-01
  -2.7963212e-01
   3.2623194e-02
   9.0366137e-01
   2.4963088e+00
   9.9104851e-02
  -1.6139181e-01
  -9.5177799e-01
  -1.0011511e+00
  -6.0701072e-01
  -2.6872301e-01
   1.2276533e-01
   1.6003680e+00
   2.5403755e+00
   1.8914276e-01
  -2.4165615e-01
  -1.9376591e-01
  -5.6498253e-01
  -3.3465871e-01
  -1.1809969e-01
   1.1105815e-01
   8.1795400e-01
   3.8475995e+00
   1.2968934e+00
   2.1305834e-01
   6.7583638e-01
   3.0920917e-01
   7.1159637e-01
   5.0048870e-01
   5.5008113e-01
   7.2606659e-01
   8.3791411e-01
   8.0740374e-01
   4.9550581e-01
   6.2365983e-02
  -2.8584087e-01
  -3.1774902e-01
  -6.5966725e-02
   4.7015095e-01
   1.7524149e+00
   3.4521456e+00
   1.6536605e-02
  -1.6160408e-01
  -7.7957660e-01
  -1.6446655e+00
  -4.9673742e-01
   1.0437309e-01
   1.0506134e+00
   3.7058969e+00
   3.2795105e+00
  -2.4973597e-01
   1.2185526e-01
   1.1979578e-01
  -4.4625378e-01
   3.4892529e-02
   4.1456535e-01
   9.5389169e-01
   2.1436310e+00
   4.2623339e+00
   1.6772127e+00
   2.9755062e-01
   7.2969854e-01
   5.5330580e-01
   1.3885289e+00
   1.0782930e+00
   9.9030614e-01
   1.1330191e+00
   1.2497579e+00
   1.1406260e+00
   6.5109283e-01
   3.1052513e-02
  -3.4722510e-01
  -2.3117638e-01
   2.1884142e-01
   9.4529134e-01
   2.4176388e+00
   3.8415871e+00
  -2.4722986e-01
  -2.7859154e-01
  -5.7869256e-01
  -1.8416526e+00
  -2.6502320e-01
   5.1967478e-01
   1.9135842e+00
   5.0921092e+00
   2.8345091e+00
  -3.3108008e-01
   6.5710425e-01
   2.5421691e-01
  -4.5424663e-02
   4.3689725e-01
   9.3619549e-01
   1.7068062e+00
   3.0450151e+00
   4.2305727e+00
   2.0386186e+00
   1.1191158e-01
   5.1573038e-01
   1.2489892e+00
   2.0187917e+00
   1.5091108e+00
   1.2766360e+00
   1.3837507e+00
   1.4738719e+00
   1.1867449e+00
   4.6496946e-01
  -2.0196955e-01
  -3.7057739e-01
   2.5239246e-02
   6.7893630e-01
   1.5867413e+00
   3.0948849e+00
   3.8928821e+00
  -4.7896630e-01
  -4.5541865e-01
  -6.3162172e-01
  -1.4040766e+00
   1.4648275e-01
   1.1519845e+00
   2.8845301e+00
   5.8052831e+00
   1.7390900e+00
  -2.2346893e-01
   6.6911894e-01
   2.8498909e-01
   4.0812641e-01
   9.3116200e-01
   1.5710896e+00
   2.5171235e+00
   3.7249389e+00
   3.9583702e+00
   2.1923821e+00
   3.7370524e-01
   6.5441358e-01
   1.6105545e+00
   2.1222706e+00
   1.5182381e+00
   1.1833478e+00
   1.2864650e+00
   1.2674193e+00
   7.9842085e-01
   3.4830209e-02
  -3.4580529e-01
  -1.6157325e-01
   4.7092071e-01
   1.2537930e+00
   2.2690949e+00
   3.8717206e+00
   3.4279237e+00
  -5.5607194e-01
  -5.6109834e-01
  -4.4350481e-01
  -4.1392341e-01
   7.2526366e-01
   1.9141545e+00
   3.6956489e+00
   5.6448908e+00
   1.0601230e+00
  -2.6939505e-01
   4.0534338e-01
   2.6801103e-01
   1.0460411e+00
   1.4310484e+00
   2.1692042e+00
   3.1589916e+00
   4.0369334e+00
   3.4746869e+00
   1.9940192e+00
   7.7756691e-01
   9.8283899e-01
   1.4269483e+00
   1.7976252e+00
   9.8713714e-01
   6.7190558e-01
   8.2056600e-01
   7.4313539e-01
   3.0178952e-01
  -1.9404931e-01
  -1.9182000e-01
   2.4069899e-01
   9.9632770e-01
   1.8283354e+00
   2.8835814e+00
   4.7230372e+00
   1.9007285e+00
  -6.0970020e-01
  -4.1441712e-01
  -1.5263653e-01
   3.9494944e-01
   1.4454594e+00
   2.6885507e+00
   4.2280340e+00
   5.2057037e+00
   7.5698471e-01
  -3.1487837e-01
   1.8312202e-01
  -1.7601866e-01
   1.4556960e+00
   1.8178627e+00
   2.5679717e+00
   3.4706063e+00
   3.9521966e+00
   2.4469724e+00
   1.4162719e+00
   9.0434748e-01
   1.3137420e+00
   8.3507383e-01
   8.4713495e-01
  -7.1010306e-02
  -2.2060061e-01
  -2.5644587e-02
  -1.9394895e-02
  -1.7525905e-01
  -2.3951019e-01
   9.6578263e-02
   7.2562051e-01
   1.5436637e+00
   2.3606215e+00
   3.4357762e+00
   4.9860697e+00
   4.7445706e-01
  -3.9196408e-01
  -2.7221304e-01
   1.3355859e-01
   1.3015043e+00
   2.2728279e+00
   3.3753493e+00
   4.4396281e+00
   4.5167150e+00
   6.8680620e-01
  -1.4209419e-01
   1.4085770e-01
  -2.2182219e-02
   1.9264600e+00
   2.0501006e+00
   2.6284387e+00
   3.2660713e+00
   3.2270427e+00
   1.4989924e+00
   6.0090554e-01
   6.0779673e-01
   3.0433869e-01
   4.2437756e-01
  -3.7230295e-01
  -1.1393226e+00
  -1.2200186e+00
  -1.1551448e+00
  -1.1198845e+00
  -1.0064154e+00
  -6.4113164e-01
   5.3974994e-02
   9.3408692e-01
   1.8329984e+00
   2.6660223e+00
   3.6447930e+00
   3.7023029e+00
   3.7267601e-01
  -4.7011292e-01
  -5.6984138e-01
   1.7665896e-01
   1.8583821e+00
   2.8862059e+00
   3.6997707e+00
   4.2721982e+00
   3.5740485e+00
   4.6669340e-01
   9.6181713e-02
   2.8087044e-01
   1.8927142e-01
   1.7930338e+00
   2.0330076e+00
   2.3685877e+00
   2.6509500e+00
   2.0984566e+00
   6.5921050e-01
   3.4364870e-01
  -9.8253906e-02
  -4.8400012e-01
   8.1681445e-02
  -1.3468351e+00
  -1.8317364e+00
  -1.9861727e+00
  -2.0874655e+00
  -2.1169870e+00
  -1.9395183e+00
  -1.3845870e+00
  -4.8538342e-01
   5.7192445e-01
   1.6459508e+00
   2.5868690e+00
   3.3195758e+00
   2.5544245e+00
   3.0471498e-01
  -5.7224840e-01
  -1.4037147e+00
  -5.9136319e-01
   1.6080226e+00
   2.9783096e+00
   3.5375690e+00
   3.7441115e+00
   2.4150419e+00
   1.9221517e-01
  -1.1346782e-01
   6.3089764e-01
   3.7843847e-01
   1.1433368e+00
   1.7167203e+00
   1.9561700e+00
   2.0121984e+00
   1.2356074e+00
   2.4204002e-01
   2.3165956e-01
  -3.0059316e-01
  -3.5292770e-01
  -1.3230872e-01
  -1.1736908e+00
  -1.4350401e+00
  -1.6342863e+00
  -1.8075621e+00
  -1.9074669e+00
  -1.8236206e+00
  -1.4215819e+00
  -7.1923837e-01
   1.7425653e-01
   1.1928005e+00
   2.1398120e+00
   2.6963579e+00
   1.7869972e+00
   6.2961240e-04
  -2.7826145e-01
  -2.2136249e+00
  -1.2008915e+00
   1.5178789e+00
   2.4525241e+00
   3.0500046e+00
   3.0623754e+00
   1.5484236e+00
   8.8065018e-02
  -9.6054282e-02
   8.1544193e-01
   8.6107613e-01
   4.9310073e-01
   1.2152635e+00
   1.5361066e+00
   1.5502482e+00
   6.2204336e-01
   1.0783244e-01
   1.4754732e-01
   1.6045735e-01
   2.7354058e-01
   4.3318299e-01
   2.8424280e-01
   1.6220031e-01
   7.9237502e-03
  -1.6125255e-01
  -3.0029126e-01
  -3.2048388e-01
  -7.3504044e-02
   4.8936370e-01
   1.2734444e+00
   2.0797532e+00
   2.4968180e+00
   2.0354667e+00
   3.9227877e-01
  -7.1439504e-02
  -4.1465131e-01
  -1.8412820e+00
  -4.1198058e-01
   1.4408435e+00
   2.1579277e+00
   2.6718237e+00
   2.2432773e+00
   9.3877763e-01
  -5.4613621e-02
  -3.3080631e-01
   7.7575764e-01
   1.2631179e+00
   1.4689964e-01
   5.4158359e-01
   8.2463880e-01
   1.0925809e+00
   3.0595978e-01
  -1.5754990e-01
   2.3250939e-01
   3.6897221e-01
   1.4421059e-01
  -1.7244870e-02
  -2.2094694e-01
  -4.0066400e-01
  -5.4816681e-01
  -6.8701315e-01
  -7.6839787e-01
  -7.1899080e-01
  -4.1493231e-01
   1.6923925e-01
   9.2126513e-01
   1.4266875e+00
   1.2622727e+00
   5.0916606e-01
  -5.6252980e-01
  -1.3252904e-01
  -7.6887029e-01
  -1.1411370e+00
   2.4961805e-02
   3.6231136e-01
   5.6341547e-01
   1.3909472e+00
   1.2544893e+00
   8.2864314e-01
  -1.3403349e-01
  -3.4809923e-01
   6.4394993e-01
   1.1649007e+00
  -2.1266799e-01
  -2.4136147e-01
   3.7891176e-01
   1.1746033e+00
   2.2568531e-01
  -3.2680503e-01
   5.0337136e-01
   4.5302132e-01
  -5.7794590e-02
  -5.4216778e-01
  -1.0421214e+00
  -1.4466512e+00
  -1.7679558e+00
  -2.0330234e+00
  -2.2005110e+00
  -2.2522664e+00
  -2.1216125e+00
  -1.7392186e+00
  -1.0834081e+00
  -4.0510172e-01
  -3.5392073e-01
  -6.3918030e-01
  -1.0090519e+00
  -5.8285671e-01
  -9.2448574e-01
  -5.5650109e-01
  -1.0821500e-01
  -7.6379853e-01
  -1.0452285e+00
   3.2371837e-01
   6.2091541e-01
   5.2209491e-01
  -1.4620367e-01
  -4.1140494e-01
  -1.5488565e-03
   1.1145345e+00
  -4.4519927e-02
  -8.9617282e-01
   2.2074699e-01
   1.6414324e+00
   3.1182444e-01
  -1.8251316e-01
   7.3486352e-01
   5.2421796e-01
   4.9769424e-02
  -4.9649370e-01
  -1.1262950e+00
  -1.6830763e+00
  -2.1357436e+00
  -2.4861903e+00
  -2.7650759e+00
  -3.0323944e+00
  -3.3068788e+00
  -3.3996475e+00
  -3.0372050e+00
  -2.0098681e+00
  -1.1844285e+00
  -1.1869140e+00
  -9.9121523e-01
  -1.7650224e+00
  -7.0559722e-01
  -8.4512290e-03
  -6.6350144e-01
  -1.6955830e+00
  -2.1984143e+00
  -7.9368815e-02
   3.2281503e-01
   3.6197779e-01
  -1.8413465e-01
  -6.2621641e-01
  -7.5400867e-02
   7.9439443e-01
   2.4798420e-01
  -1.1836672e+00
  -3.3780679e-01
   1.7127811e+00
   7.7288073e-01
  -3.3076519e-01
   3.2815397e-01
   4.7291648e-01
   2.8665063e-01
  -6.1072234e-02
  -6.8784744e-01
  -1.3260112e+00
  -1.8342370e+00
  -2.1708481e+00
  -2.4051187e+00
  -2.6951270e+00
  -3.1684601e+00
  -3.6984665e+00
  -3.8800266e+00
  -3.0028040e+00
  -1.2527071e+00
  -1.0079420e+00
  -9.5795929e-01
  -7.0764178e-01
   1.5185493e-01
  -1.9636914e-01
  -1.1340640e+00
  -2.2999444e+00
  -3.1522181e+00
  -8.7922287e-01
  -3.3918802e-02
   1.7026974e-01
  -1.9974694e-01
  -8.1540763e-01
  -3.4650356e-01
   2.8743759e-01
   7.8555363e-01
  -1.1579950e+00
  -5.9387183e-01
   1.4853715e+00
   9.8561573e-01
  -2.5997272e-01
  -4.5322686e-01
   2.1117628e-01
   3.1898087e-01
   3.7698635e-01
  -7.7826582e-02
  -7.4636704e-01
  -1.3462763e+00
  -1.7334474e+00
  -1.9055283e+00
  -2.1030517e+00
  -2.5697095e+00
  -3.3131473e+00
  -3.9464648e+00
  -3.5327756e+00
  -1.0550456e+00
  -8.0851769e-01
  -6.5324295e-01
  -3.4360835e-01
   2.6093465e-01
  -2.3187774e-01
  -1.1089990e+00
  -2.4899566e+00
  -3.8206418e+00
  -1.5018375e+00
  -3.7896731e-01
  -7.2244585e-02
  -3.1477848e-01
  -1.0721482e+00
  -9.5596540e-01
  -4.1070583e-01
   7.8497827e-01
  -6.1580342e-01
  -4.7925752e-01
   9.8006225e-01
   1.1017250e+00
   3.7501477e-02
  -9.5492190e-01
  -3.0199227e-01
   1.5720228e-02
   4.8977265e-01
   5.2344984e-01
  -5.8325976e-03
  -6.6621637e-01
  -1.1932344e+00
  -1.3961957e+00
  -1.5231977e+00
  -1.9352555e+00
  -2.8648083e+00
  -3.9225731e+00
  -3.8800759e+00
  -9.8318005e-01
  -4.4493458e-01
  -4.7230241e-01
  -2.0165808e-01
   3.6526135e-01
   4.4969220e-02
  -8.0822396e-01
  -2.2612450e+00
  -4.1143880e+00
  -2.1406517e+00
  -6.3477564e-01
  -2.5411603e-01
  -4.9684235e-01
  -1.4477472e+00
  -1.3522270e+00
  -1.2465745e+00
  -6.4326960e-01
  -1.9158016e-01
  -3.4178513e-01
   1.6520903e-01
   9.3859339e-01
   5.4122144e-01
  -7.8362769e-01
  -9.8489815e-01
  -2.8007391e-01
   2.7824524e-01
   7.2468722e-01
   5.3446913e-01
   4.3053590e-03
  -5.8585876e-01
  -8.6078739e-01
  -9.8185503e-01
  -1.3601140e+00
  -2.5062721e+00
  -3.9968374e+00
  -3.9808359e+00
  -1.3494793e-01
   4.2823431e-01
  -6.2808865e-01
  -1.2000917e-01
   5.1271909e-01
   3.8590631e-01
  -3.7236351e-01
  -1.7038172e+00
  -3.7780321e+00
  -3.1218414e+00
  -9.2185092e-01
  -2.7782345e-01
  -4.3124843e-01
  -1.4077291e+00
  -1.7969469e+00
  -1.8091712e+00
  -1.6682156e+00
  -7.3355669e-01
   3.0933592e-01
   4.2768624e-01
   1.4173865e+00
   5.7827371e-01
  -4.2085528e-01
  -1.5022451e+00
  -5.9560502e-01
   2.1073781e-01
   7.4539798e-01
   7.2904122e-01
   3.7173408e-01
  -1.1799051e-01
  -3.9668936e-01
  -5.2225798e-01
  -8.7664193e-01
  -2.1766844e+00
  -4.0570145e+00
  -3.3814616e+00
   1.8156692e-01
   8.3715808e-01
  -1.6146117e-01
   2.9495738e-02
   6.9601542e-01
   5.9968913e-01
  -7.0539964e-03
  -1.0774761e+00
  -2.9687881e+00
  -3.8821900e+00
  -9.8520499e-01
  -2.8068861e-01
  -3.8401210e-01
  -1.4431436e+00
  -1.3336169e+00
  -1.6542021e+00
  -1.9760501e+00
  -2.1035469e+00
   3.0968705e-01
   1.6935545e+00
   2.1576002e+00
  -9.2804031e-03
  -7.7871151e-02
  -1.1667022e+00
  -1.1695622e+00
  -2.3759180e-01
   6.5722734e-01
   7.9517794e-01
   5.5960256e-01
   2.6597071e-01
   9.5706880e-02
   2.4986101e-02
  -2.6355976e-01
  -1.5991459e+00
  -3.9420953e+00
  -1.7113861e+00
   3.5846412e-01
   8.2308567e-01
   3.7498930e-01
   3.0964184e-01
   9.0638930e-01
   7.7823567e-01
   2.0176908e-01
  -4.6476948e-01
  -1.8321364e+00
  -3.4144912e+00
  -6.3581628e-01
  -3.8211879e-01
  -4.3333459e-01
  -1.3307545e+00
  -6.6076076e-01
  -9.3818384e-01
  -8.1278026e-01
  -2.6627755e+00
   1.8953450e-02
   6.9465625e-01
  -3.0003637e-01
  -3.9530559e-02
  -1.3932298e-01
  -3.7447298e-01
  -5.9853928e-01
  -3.5142025e-01
   5.6910992e-01
   7.6427606e-01
   6.0165286e-01
   4.2646131e-01
   3.7754805e-01
   3.9229602e-01
   2.0650339e-01
  -9.8551089e-01
  -3.2123430e+00
  -3.0274421e-01
   3.2006564e-01
   6.5071875e-01
   4.1413262e-01
   3.8009308e-01
   8.5678452e-01
   8.3439583e-01
   2.3564822e-01
  -3.0472586e-01
  -1.1274043e+00
  -2.5905873e+00
  -3.6852613e-01
  -3.8608503e-02
  -4.4194562e-01
  -6.1972648e-01
  -2.8112389e-02
   2.6272026e-01
  -2.5866231e-01
  -1.2216823e+00
   1.2046939e-02
  -6.9722819e-01
  -1.0435539e+00
  -8.1679851e-02
  -1.5823987e-01
  -1.9823082e-01
  -5.7856107e-01
  -4.8306221e-01
   4.3902433e-01
   7.3445958e-01
   6.8827337e-01
   5.7943124e-01
   6.2711310e-01
   7.2202241e-01
   6.7132264e-01
  -1.5499298e-01
  -1.7573599e+00
   2.2152905e-01
   1.6284913e-01
   5.6464370e-02
   1.8913005e-01
   2.1099110e-01
   7.4512666e-01
   8.7977153e-01
   3.1795481e-01
  -2.0417443e-01
  -6.7513257e-01
  -1.5018144e+00
  -4.1085826e-03
  -2.7000397e-01
  -7.2857499e-02
  -2.6122043e-02
   5.8852147e-02
   1.7871644e-01
  -2.2163504e-01
  -6.6527414e-01
  -2.8573093e-01
  -7.5370437e-01
  -3.6080781e-01
  -2.1928498e-01
  -2.3821166e-01
  -3.1987913e-02
  -6.4366050e-01
  -4.3826312e-01
   1.3826284e-01
   5.6103332e-01
   6.3925952e-01
   6.1551052e-01
   7.4859855e-01
   9.1967058e-01
   1.0014641e+00
   5.9479577e-01
  -2.5927317e-01
   3.3788311e-01
  -5.2099309e-03
  -2.6187819e-01
  -2.0743118e-01
   1.1346646e-01
   3.9781252e-01
   8.2966858e-01
   3.3433692e-01
  -1.4507271e-01
  -3.9980870e-01
  -5.0083107e-01
   5.3804243e-01
  -3.4260742e-02
   1.4823894e-01
   1.7883432e-01
  -2.6678810e-01
   3.8494940e-01
  -1.5934341e-01
  -5.0558102e-01
   3.9253150e-01
  -3.8557220e-01
  -3.5671961e-01
  -4.7013113e-01
  -4.9792910e-01
  -5.1313609e-01
  -3.3208355e-01
  -8.3171101e-01
  -3.7094332e-01
  -7.0355967e-02
   1.1573792e-01
   2.4932340e-01
   4.8964295e-01
   7.9324248e-01
   1.1522344e+00
   1.0995799e+00
   6.6084693e-01
   5.0129443e-01
  -6.3651748e-02
  -2.9234570e-01
  -3.6982100e-01
  -6.4476289e-02
   7.0947333e-02
   2.2640193e-01
   4.8029952e-02
  -1.9887964e-01
  -1.7999909e-01
   1.6394137e-01
   5.5696075e-01
   7.2254399e-01
   2.4045829e-01
   1.7022947e-01
  -1.8732370e-01
   1.6592383e-01
   2.5329962e-01
   1.0778045e-01
   3.5272077e-01
   6.1268316e-01
   3.3307337e-01
  -1.1250688e-01
  -5.7366246e-01
  -7.8511596e-01
  -1.0319560e+00
  -1.2167528e+00
  -7.1284580e-01
  -1.0326596e+00
  -9.0386528e-01
  -6.8116027e-01
  -3.5467251e-01
   1.6378756e-01
   9.5480102e-01
   1.3219637e+00
   1.0184748e+00
   4.7854549e-01
  -1.5670246e-03
  -2.1875319e-01
  -4.6388629e-01
  -8.0600892e-02
  -1.2788576e-01
  -6.7939836e-01
  -8.0206691e-01
  -5.7153153e-01
  -1.8861076e-01
   4.3239474e-01
   8.0772102e-01
   6.4533705e-01
   3.0838974e-01
   2.4777187e-01
   1.1685397e-01
   1.3967944e-01
   3.5520187e-01
   3.9787146e-01
   6.3886742e-01
   1.1906619e+00
   6.1144900e-01
   3.1224480e-01
   3.2226992e-01
  -1.2224530e-01
  -4.5045003e-01
  -1.3832270e+00
  -1.1855541e+00
  -1.4574026e+00
  -1.9401767e+00
  -1.7545068e+00
  -9.1068256e-01
  -3.4210774e-01
   2.0880128e-01
   9.2140192e-01
   4.4176483e-01
   1.6434391e-01
   1.0782537e-02
  -5.3183401e-01
  -8.4479749e-01
  -1.6894856e-01
  -1.9743142e-01
  -1.4001081e+00
  -1.7459307e+00
  -1.6381940e+00
  -8.8823593e-01
   5.2840665e-02
   7.5838572e-01
   9.8665154e-01
   8.3948866e-02
   1.4068104e-01
   9.1786385e-02
   1.1428404e-02
   9.0554260e-02
   1.2515130e-02
   3.2483584e-01
   6.4743543e-01
   5.9952390e-01
   2.5475717e-01
  -3.0989381e-03
   4.0942681e-01
   4.5871225e-01
  -2.0015765e-02
  -1.7182721e-01
  -1.8208528e-01
  -1.1235257e+00
  -1.5975096e+00
  -1.0079077e+00
  -4.5600873e-01
  -1.2486773e-02
   3.5460828e-01
   7.5226769e-02
  -6.2909597e-03
  -3.5809027e-01
  -5.5384314e-01
  -7.8013027e-01
  -2.7033782e-01
  -4.5992488e-01
  -6.8065983e-01
   9.4712210e-01
  -2.8852782e+00
  -3.1821632e+00
  -1.9121509e+00
  -1.3169713e+00
   1.4949629e-02
   5.6932001e-01
   3.7443042e-02
  -2.8596169e-01
  -3.0809703e-01
  -1.6686252e-01
  -3.1641489e-01
  -1.7481322e-01
   6.3785738e-01
   7.6520824e-01
   2.9130936e-01
   3.0328184e-01
   4.9186859e-01
   4.9485835e-01
   3.6700991e-01
   2.4355300e-01
   1.0535122e-01
  -1.0054427e-01
  -4.4829795e-01
  -4.4605976e-01
  -4.3448046e-01
  -6.2930286e-01
  -8.3865595e-01
  -7.6361835e-01
  -6.3765079e-01
  -6.6941744e-01
  -6.1274618e-01
  -5.9437895e-01
  -5.9568775e-01
  -1.4927182e-01
   1.3892462e+00
   2.7592289e+00
   6.6657984e-01
  -1.5483091e+00
  -1.6796825e+00
  -1.5428050e+00
  -1.1283116e+00
  -5.2007318e-01
  -2.8762364e-01
  -4.8768380e-01
  -5.6646371e-01
  -5.9036887e-01
  -5.4191953e-01
  -4.1148362e-01
  -4.3908354e-02
   3.1226617e-01
