   0.0000000e+00
   0.0000000e+00
   0.0000000e+00
   0.0000000e+00
   0.0000000e+00
   0.0000000e+00
   0.0000000e+00
   0.0000000e+00
   0.0000000e+00
   0.0000000e+00
   0.0000000e+00
   0.0000000e+00
   0.0000000e+00
   0.0000000e+00
   0.0000000e+00
   0.0000000e+00
   0.0000000e+00
   0.0000000e+00
   0.0000000e+00
   0.0000000e+00
  -5.9730468e-02
  -6.8844064e-02
  -1.1357164e-01
   0.0000000e+00
   0.0000000e+00
   0.0000000e+00
   0.0000000e+00
   0.0000000e+00
   0.0000000e+00
   0.0000000e+00
   0.0000000e+00
   0.0000000e+00
   0.0000000e+00
   0.0000000e+00
   0.0000000e+00
   0.0000000e+00
  -5.3865941e-02
  -8.3116571e-02
  -8.4530381e-02
  -7.1517793e-02
  -5.7862508e-02
  -4.3841936e-02
  -9.9868174e-03
  -1.2745433e-02
  -7.3021759e-03
  -6.1565631e-03
  -9.5624567e-03
  -1.8326326e-02
  -1.6327127e-02
  -2.2348723e-02
  -2.9629510e-02
  -2.9784844e-02
  -2.8705615e-02
  -2.1061688e-02
  -1.7696572e-02
   0.0000000e+00
  -1.5507987e-02
  -1.8873304e-02
  -3.3675020e-02
  -4.6992220e-02
  -8.0647693e-02
  -9.5460839e-02
  -1.1822803e-01
  -1.2224421e-01
  -1.3020167e-01
  -1.1573247e-01
  -1.6754411e-01
   0.0000000e+00
  -8.4342353e-02
  -9.7047853e-02
  -1.7022359e-01
   0.0000000e+00
  -2.2434593e-02
   7.2077150e-03
   2.4705416e-02
   3.6052819e-02
   4.8035391e-02
   5.5675447e-02
   5.8331818e-02
   5.8965422e-02
   6.0429294e-02
   5.9062064e-02
   5.3561736e-02
   4.8222970e-02
   4.5400443e-02
   4.4224113e-02
   4.4071265e-02
   4.4455452e-02
   4.5490466e-02
   4.8305865e-02
   5.1488822e-02
   5.5138325e-02
   5.2071940e-02
   5.2940690e-02
   4.8979510e-02
   3.8392138e-02
   2.4075954e-02
   1.1351067e-02
   4.0325969e-03
   1.9086765e-03
  -2.0816387e-03
  -1.5103584e-02
  -2.7520517e-02
  -2.2646075e-02
  -1.8841030e-02
  -2.1447907e-02
  -4.5072375e-02
  -5.1053289e-02
   6.9723069e-02
   7.8175493e-02
   8.7139279e-02
   9.2660833e-02
   9.6111916e-02
   9.7937882e-02
   9.7883958e-02
   9.0823583e-02
   9.4868705e-02
   9.9804665e-02
   9.6264102e-02
   8.8932261e-02
   8.5869496e-02
   8.4425092e-02
   8.3800443e-02
   8.3370072e-02
   8.3777554e-02
   8.6737804e-02
   9.4589564e-02
   8.5407981e-02
   8.3472207e-02
   9.0057690e-02
   9.5047459e-02
   9.2978671e-02
   8.3996062e-02
   7.8516975e-02
   7.8040145e-02
   8.0019636e-02
   8.4953129e-02
   8.9287542e-02
   9.1348131e-02
   9.0848662e-02
   8.6597428e-02
   8.4915218e-02
   7.9917446e-02
   6.8799168e-02
   1.2434293e-01
   1.2390593e-01
   1.2070786e-01
   1.1681957e-01
   1.1354426e-01
   1.0562437e-01
   1.0441128e-01
   9.4640695e-02
   1.0036833e-01
   1.0643548e-01
   1.1015330e-01
   1.0835849e-01
   1.0735507e-01
   1.0727389e-01
   1.0581043e-01
   1.0425309e-01
   1.0270412e-01
   1.0271078e-01
   9.7904034e-02
   7.5545053e-02
   8.2150728e-02
   1.0576791e-01
   1.2022155e-01
   1.2889373e-01
   1.2354523e-01
   1.2189337e-01
   1.2451523e-01
   1.2462981e-01
   1.2848224e-01
   1.2980287e-01
   1.3304149e-01
   1.4009148e-01
   1.3304049e-01
   1.3905197e-01
   1.4273550e-01
   1.2944596e-01
   1.4347939e-01
   1.3189587e-01
   1.1586357e-01
   1.0340210e-01
   1.0239175e-01
   7.7450527e-02
   8.0375274e-02
   7.9193965e-02
   8.1698617e-02
   8.7993880e-02
   9.5423046e-02
   9.8107893e-02
   9.9182020e-02
   9.9304254e-02
   9.7781557e-02
   9.6805554e-02
   9.5674481e-02
   9.2181128e-02
   7.8246472e-02
   0.0000000e+00
   6.1085820e-02
   9.2920546e-02
   1.1345732e-01
   1.3309170e-01
   1.3533686e-01
   1.3701254e-01
   1.3734344e-01
   1.3299072e-01
   1.2892978e-01
   1.1944931e-01
   1.2238440e-01
   1.3711393e-01
   1.4335386e-01
   1.5727974e-01
   1.6502648e-01
   1.5406580e-01
   1.2524475e-01
   1.0594908e-01
   8.2142703e-02
   6.9560154e-02
   0.0000000e+00
   4.0595021e-02
   4.6479162e-02
   4.8223467e-02
   6.0295410e-02
   6.5827318e-02
   7.1224369e-02
   7.2531335e-02
   7.3442549e-02
   7.3226847e-02
   7.2961777e-02
   7.3863082e-02
   7.4535921e-02
   7.0588239e-02
   6.0276244e-02
   0.0000000e+00
   4.0349788e-02
   6.4233236e-02
   8.4642977e-02
   1.0812156e-01
   1.1732263e-01
   1.2194476e-01
   1.1944070e-01
   1.0983688e-01
   9.7322814e-02
   7.9210423e-02
   8.0188945e-02
   9.8325334e-02
   1.1823947e-01
   1.3884999e-01
   1.4788081e-01
   1.4070390e-01
   7.9591689e-02
   0.0000000e+00
   0.0000000e+00
   0.0000000e+00
   0.0000000e+00
   1.2043114e-02
   1.7497817e-02
   3.0257041e-02
   3.8791776e-02
   4.1716496e-02
   4.3014709e-02
   4.2904001e-02
   4.2763906e-02
   4.3363284e-02
   4.5202889e-02
   4.7907470e-02
   4.9687531e-02
   4.5879018e-02
   3.7469666e-02
   0.0000000e+00
   0.0000000e+00
   3.1005938e-02
   4.8343305e-02
   7.0305809e-02
   8.1660909e-02
   8.5439876e-02
   7.9777658e-02
   6.5803609e-02
   5.9678745e-02
   4.7516752e-02
   4.1153705e-02
   5.3726874e-02
   7.5377658e-02
   9.3716811e-02
   1.0143279e-01
   9.6326016e-02
   3.5481242e-02
   0.0000000e+00
   0.0000000e+00
   0.0000000e+00
   0.0000000e+00
   3.5682153e-03
   4.7946731e-03
   1.2617720e-02
   1.7897991e-02
   1.8819120e-02
   1.8995045e-02
   1.8113591e-02
   1.7735377e-02
   1.9247482e-02
   2.2101879e-02
   2.5257668e-02
   2.6749225e-02
   2.2753928e-02
   1.3657424e-02
   0.0000000e+00
   0.0000000e+00
   2.2694162e-03
   1.7679414e-02
   3.5766546e-02
   4.4440091e-02
   4.6014145e-02
   3.5719749e-02
   2.3812783e-02
   0.0000000e+00
   1.8696230e-02
   9.0967286e-03
   1.3889086e-02
   2.9661108e-02
   4.3016072e-02
   4.9921252e-02
   4.7115516e-02
  -3.8742721e-03
   0.0000000e+00
   0.0000000e+00
   0.0000000e+00
   0.0000000e+00
  -6.5368906e-03
  -8.6633461e-03
  -7.5566638e-03
  -5.2993363e-03
  -4.3666903e-03
  -3.8407394e-03
  -4.6130153e-03
  -4.7343830e-03
  -2.6513226e-03
   8.7675737e-04
   3.7921527e-03
   4.2236838e-03
   1.3031636e-04
  -4.5383743e-03
   0.0000000e+00
   0.0000000e+00
  -1.6427307e-02
  -5.0340751e-03
   7.0320521e-03
   1.1088664e-02
   1.0063594e-02
  -4.1570636e-03
  -0.0000000e+00
   0.0000000e+00
  -1.0373190e-02
  -1.6568314e-02
  -1.7428352e-02
  -9.9725537e-03
  -9.4939821e-04
   4.5410804e-03
   2.2750765e-03
  -2.7921179e-02
  -1.9100240e-02
   0.0000000e+00
   0.0000000e+00
   0.0000000e+00
  -2.4704783e-02
  -2.6848946e-02
  -2.9011166e-02
  -2.7490310e-02
  -2.5313298e-02
  -2.3318237e-02
  -2.2170443e-02
  -2.1098600e-02
  -1.8944701e-02
  -1.6562661e-02
  -1.5450653e-02
  -1.6736990e-02
  -2.0401234e-02
  -1.6468905e-02
   0.0000000e+00
   0.0000000e+00
  -2.7050310e-02
  -1.8437579e-02
  -1.3909480e-02
  -1.4099830e-02
  -1.8665656e-02
  -3.2600779e-02
  -0.0000000e+00
   0.0000000e+00
  -0.0000000e+00
  -2.8792788e-02
  -3.7073076e-02
  -3.7525468e-02
  -3.3011883e-02
  -3.0448841e-02
  -3.2356504e-02
  -4.0410414e-02
  -2.2381012e-02
   0.0000000e+00
   0.0000000e+00
  -4.5240023e-02
  -4.0901318e-02
  -4.3587226e-02
  -4.5982886e-02
  -4.3694139e-02
  -4.0170249e-02
  -3.5939120e-02
  -3.1922329e-02
  -3.0194392e-02
  -3.0795982e-02
  -3.2226011e-02
  -3.4120254e-02
  -3.7149809e-02
  -3.9345115e-02
  -2.2089596e-02
   0.0000000e+00
   0.0000000e+00
   0.0000000e+00
  -2.7345980e-02
  -3.1650141e-02
  -3.5800852e-02
  -4.3241035e-02
  -4.6978369e-02
  -0.0000000e+00
   0.0000000e+00
  -0.0000000e+00
  -3.2751340e-02
  -4.6224393e-02
  -5.5403221e-02
  -5.8084156e-02
  -5.9634499e-02
  -5.8279462e-02
  -4.8182052e-02
  -2.6033249e-02
   0.0000000e+00
   0.0000000e+00
  -4.7401920e-02
  -4.6352126e-02
  -4.8892725e-02
  -5.0603140e-02
  -4.7575295e-02
  -4.2266563e-02
  -3.6220964e-02
  -3.2301016e-02
  -3.3711061e-02
  -3.9142802e-02
  -4.4749185e-02
  -4.8924670e-02
  -5.2422084e-02
  -5.2789941e-02
  -3.0900981e-02
   0.0000000e+00
   0.0000000e+00
   0.0000000e+00
  -3.8152268e-02
  -4.5240272e-02
  -5.1935561e-02
  -5.7916775e-02
  -4.3182179e-02
  -0.0000000e+00
   0.0000000e+00
  -0.0000000e+00
  -0.0000000e+00
  -4.6021929e-02
  -6.2112913e-02
  -7.1294039e-02
  -7.5731918e-02
  -7.0909798e-02
  -4.9536228e-02
  -3.0095564e-02
  -3.0995382e-02
  -4.6132474e-02
  -4.7556984e-02
  -4.0115900e-02
  -4.1275535e-02
  -4.2698957e-02
  -4.0534128e-02
  -3.4772713e-02
  -2.9997615e-02
  -3.1223115e-02
  -3.8675539e-02
  -4.8690595e-02
  -5.7498317e-02
  -6.2402952e-02
  -6.3843973e-02
  -6.2638201e-02
  -5.0510846e-02
   0.0000000e+00
   0.0000000e+00
   0.0000000e+00
  -5.0014895e-02
  -5.9052505e-02
  -6.5416716e-02
  -6.3550860e-02
  -3.2367304e-02
  -0.0000000e+00
   0.0000000e+00
   0.0000000e+00
  -3.4313967e-03
  -3.9975045e-02
  -5.9373312e-02
  -7.3372655e-02
  -7.9479642e-02
  -7.2195426e-02
  -4.0038478e-02
  -2.6753811e-02
  -3.0861882e-02
  -4.5411866e-02
  -4.7535550e-02
  -2.7884681e-02
  -2.6085420e-02
  -2.8408969e-02
  -2.9251769e-02
  -2.6738349e-02
  -2.6603431e-02
  -3.3357695e-02
  -4.4729203e-02
  -5.6479461e-02
  -6.5431088e-02
  -6.8716019e-02
  -6.7122601e-02
  -5.7016466e-02
  -0.0000000e+00
   0.0000000e+00
   0.0000000e+00
   0.0000000e+00
  -5.8959246e-02
  -6.6982925e-02
  -6.8759635e-02
  -5.6780405e-02
  -2.2067871e-02
  -0.0000000e+00
   0.0000000e+00
   0.0000000e+00
  -1.1017071e-02
  -2.9720415e-02
  -4.7702838e-02
  -6.0952120e-02
  -6.6131465e-02
  -5.9079275e-02
  -2.3253271e-02
  -2.1605490e-02
  -2.5216553e-02
  -3.1792282e-02
  -1.9381053e-02
  -1.8128894e-02
  -1.6350189e-02
  -1.9310772e-02
  -2.1670057e-02
  -2.2546049e-02
  -2.5952578e-02
  -3.5270549e-02
  -4.7884785e-02
  -5.9257548e-02
  -6.6224210e-02
  -6.7000188e-02
  -6.1287776e-02
  -4.0849592e-02
  -0.0000000e+00
   0.0000000e+00
   0.0000000e+00
   0.0000000e+00
  -0.0000000e+00
  -6.4552061e-02
  -6.0530405e-02
  -4.2591505e-02
  -1.2063581e-02
  -0.0000000e+00
   0.0000000e+00
   0.0000000e+00
  -1.9550583e-02
  -2.4408612e-02
  -3.2809567e-02
  -4.0592957e-02
  -4.2535007e-02
  -3.6635026e-02
  -1.1247749e-02
  -1.0386309e-02
  -1.1248184e-02
  -1.1145793e-02
  -1.9081350e-02
  -1.7314140e-02
  -1.9625748e-02
  -2.2917369e-02
  -2.4935890e-02
  -2.6466021e-02
  -2.9508611e-02
  -3.5990614e-02
  -4.4665053e-02
  -5.2355971e-02
  -5.6466185e-02
  -5.4693703e-02
  -4.3910328e-02
  -2.1023991e-02
   0.0000000e+00
   0.0000000e+00
   0.0000000e+00
   0.0000000e+00
  -4.5096993e-02
  -5.2063510e-02
  -4.3398693e-02
  -2.4532920e-02
  -3.8998746e-03
   0.0000000e+00
   0.0000000e+00
   0.0000000e+00
  -2.1654851e-02
  -1.6545346e-02
  -1.5525862e-02
  -1.6775824e-02
  -1.5209030e-02
  -1.0757497e-02
   0.0000000e+00
   0.0000000e+00
  -7.7288635e-03
  -1.7788264e-02
  -2.6802652e-02
  -2.8382067e-02
  -3.5042973e-02
  -3.8910814e-02
  -4.0742185e-02
  -4.0988776e-02
  -4.0090669e-02
  -3.8609464e-02
  -3.8188907e-02
  -3.8529657e-02
  -3.7727784e-02
  -3.2945113e-02
  -2.0925917e-02
  -4.7677067e-03
   0.0000000e+00
   0.0000000e+00
   0.0000000e+00
  -0.0000000e+00
  -4.3370278e-02
  -3.1710334e-02
  -2.1810419e-02
  -6.6516120e-03
   6.2314587e-03
   0.0000000e+00
   0.0000000e+00
   0.0000000e+00
  -2.2277444e-02
  -7.4763629e-03
   6.6375535e-05
   4.5527250e-03
   8.3567891e-03
   9.8956806e-03
   9.3105063e-03
   0.0000000e+00
  -1.1201529e-02
  -2.4975603e-02
  -3.1286832e-02
  -3.5754766e-02
  -4.1880615e-02
  -4.5369972e-02
  -4.6867173e-02
  -4.6363894e-02
  -4.3942034e-02
  -3.9656911e-02
  -3.5387840e-02
  -3.1851120e-02
  -2.7211931e-02
  -1.9736713e-02
  -7.8876885e-03
   4.1023126e-03
   0.0000000e+00
   0.0000000e+00
   0.0000000e+00
  -5.5134344e-02
  -3.8596213e-02
  -1.7029803e-02
  -6.0165185e-03
   6.1963657e-03
   1.3515485e-02
   0.0000000e+00
   0.0000000e+00
   0.0000000e+00
  -0.0000000e+00
  -3.9190389e-03
   7.2647003e-03
   1.6268525e-02
   2.0873535e-02
   1.7487514e-02
   7.1593876e-03
   0.0000000e+00
  -1.4192743e-02
  -2.6056567e-02
  -3.2732230e-02
  -3.8327535e-02
  -4.3944905e-02
  -4.7775136e-02
  -5.0020876e-02
  -5.0287782e-02
  -4.8448524e-02
  -4.3808369e-02
  -3.7447179e-02
  -3.1096514e-02
  -2.2978931e-02
  -1.2707442e-02
  -2.1951490e-03
   6.6690186e-03
   0.0000000e+00
   0.0000000e+00
   0.0000000e+00
  -5.6208653e-02
  -3.4094133e-02
  -8.5579772e-03
   7.0514789e-03
   1.7031818e-02
   2.0916923e-02
   0.0000000e+00
   0.0000000e+00
   0.0000000e+00
  -0.0000000e+00
  -1.2080755e-03
   1.0634542e-02
   2.4646908e-02
   2.8820054e-02
   1.7888950e-02
   3.6384581e-03
  -1.8247359e-05
  -1.8505329e-02
  -2.9979328e-02
  -3.9920364e-02
  -4.9546260e-02
  -5.7356618e-02
  -6.2454261e-02
  -6.5023787e-02
  -6.4226761e-02
  -6.0178533e-02
  -5.2403830e-02
  -4.1822851e-02
  -3.0227492e-02
  -1.9037493e-02
  -1.1011554e-02
  -5.4837274e-03
  -2.0903214e-03
   0.0000000e+00
   0.0000000e+00
  -5.6511977e-02
  -5.2984376e-02
  -3.3131111e-02
  -3.6015506e-03
   1.5010539e-02
   0.0000000e+00
   0.0000000e+00
   0.0000000e+00
   0.0000000e+00
   0.0000000e+00
  -0.0000000e+00
   7.5481392e-03
   1.3670239e-02
   2.7852548e-02
   3.4146709e-02
   1.4377453e-02
   0.0000000e+00
  -6.7703139e-03
  -2.3121212e-02
  -3.6884617e-02
  -5.1220402e-02
  -6.5812908e-02
  -7.7356718e-02
  -8.5179560e-02
  -8.9395992e-02
  -8.9373998e-02
  -8.5571408e-02
  -7.6949984e-02
  -6.2672548e-02
  -4.2765632e-02
  -2.2998333e-02
  -1.5567976e-02
  -1.1163115e-02
  -1.1651204e-02
  -0.0000000e+00
   0.0000000e+00
  -5.6836749e-02
  -5.1332653e-02
  -3.4823295e-02
  -4.4266307e-03
   1.9401181e-02
   0.0000000e+00
   0.0000000e+00
   0.0000000e+00
   0.0000000e+00
   0.0000000e+00
   0.0000000e+00
   1.6825331e-02
   1.9249080e-02
   0.0000000e+00
   3.5549516e-02
   1.4676048e-02
   0.0000000e+00
  -1.4473781e-02
  -2.5688440e-02
  -3.9703038e-02
  -5.6024674e-02
  -7.3318690e-02
  -8.6809911e-02
  -9.5582575e-02
  -1.0024152e-01
  -1.0159380e-01
  -1.0057892e-01
  -9.5131628e-02
  -8.1494659e-02
  -5.7178713e-02
  -2.6655959e-02
  -1.5546409e-02
  -1.6562756e-02
  -0.0000000e+00
  -6.1894943e-02
  -6.9126086e-02
  -5.7141554e-02
  -5.3248353e-02
  -4.0412799e-02
  -1.1006676e-02
   0.0000000e+00
   0.0000000e+00
   0.0000000e+00
   0.0000000e+00
   0.0000000e+00
   0.0000000e+00
   0.0000000e+00
   2.4826283e-02
   3.0007841e-02
   0.0000000e+00
   3.3879804e-02
   2.7419994e-02
  -0.0000000e+00
  -2.8891187e-02
  -2.9440414e-02
  -3.8105461e-02
  -5.2415941e-02
  -6.9963664e-02
  -8.3629568e-02
  -9.2018291e-02
  -9.5311962e-02
  -9.5922511e-02
  -9.6076295e-02
  -9.4328880e-02
  -8.4244718e-02
  -6.0536411e-02
  -2.4532231e-02
  -7.0824359e-03
  -0.0000000e+00
  -4.6969431e-02
  -5.9906908e-02
  -6.2163066e-02
  -5.5913515e-02
  -5.4741212e-02
  -4.9034812e-02
  -2.6613928e-02
  -0.0000000e+00
   0.0000000e+00
   0.0000000e+00
   0.0000000e+00
   0.0000000e+00
   0.0000000e+00
   0.0000000e+00
   0.0000000e+00
   0.0000000e+00
   0.0000000e+00
   0.0000000e+00
   0.0000000e+00
  -0.0000000e+00
  -4.4781038e-02
  -3.8194325e-02
  -3.7399679e-02
  -4.3889109e-02
  -5.6955222e-02
  -6.9090575e-02
  -7.7193581e-02
  -7.9785965e-02
  -7.9278834e-02
  -7.9273760e-02
  -7.9947971e-02
  -7.3456921e-02
  -5.2132320e-02
  -1.6918693e-02
  -0.0000000e+00
  -3.7653658e-02
  -4.5252781e-02
  -4.8027553e-02
  -4.9619924e-02
  -5.0027896e-02
  -5.2337989e-02
  -5.4895736e-02
  -4.6465971e-02
  -0.0000000e+00
   0.0000000e+00
   0.0000000e+00
   0.0000000e+00
   0.0000000e+00
   0.0000000e+00
   0.0000000e+00
   0.0000000e+00
   0.0000000e+00
   0.0000000e+00
   0.0000000e+00
   0.0000000e+00
   0.0000000e+00
  -0.0000000e+00
  -4.4674192e-02
  -3.7315946e-02
  -3.6647916e-02
  -4.2990752e-02
  -5.1348519e-02
  -5.7815440e-02
  -5.9915233e-02
  -5.9192069e-02
  -5.9297599e-02
  -6.1104350e-02
  -5.7395924e-02
  -3.8622275e-02
  -6.9012092e-03
   0.0000000e+00
  -3.7216370e-02
  -4.2867474e-02
  -3.9418381e-02
  -3.9522000e-02
  -4.2060286e-02
  -4.6332985e-02
  -5.1928967e-02
  -5.5088393e-02
  -0.0000000e+00
   0.0000000e+00
   0.0000000e+00
   0.0000000e+00
   0.0000000e+00
   0.0000000e+00
   0.0000000e+00
   0.0000000e+00
   0.0000000e+00
   0.0000000e+00
   0.0000000e+00
   0.0000000e+00
   0.0000000e+00
   0.0000000e+00
  -4.1855226e-02
  -2.8424325e-02
  -2.3213972e-02
  -2.6195739e-02
  -2.9848952e-02
  -3.2432537e-02
  -3.2832671e-02
  -3.1903066e-02
  -3.2709144e-02
  -3.5724330e-02
  -3.5239942e-02
  -1.8747605e-02
   5.6100762e-03
   0.0000000e+00
  -0.0000000e+00
  -3.0023047e-02
  -2.7046864e-02
  -2.7912768e-02
  -3.0852921e-02
  -3.3627704e-02
  -3.8333911e-02
  -4.6565896e-02
  -4.2893570e-02
   0.0000000e+00
   0.0000000e+00
   0.0000000e+00
   0.0000000e+00
   0.0000000e+00
   0.0000000e+00
   0.0000000e+00
   0.0000000e+00
   0.0000000e+00
   0.0000000e+00
   0.0000000e+00
   0.0000000e+00
   0.0000000e+00
  -2.1151634e-02
  -1.0619682e-02
  -6.6263555e-04
  -3.1640437e-03
  -4.9654455e-03
  -4.3455828e-03
  -2.0968530e-03
  -1.0104596e-03
  -2.7343910e-03
  -7.4324422e-03
  -1.0631558e-02
   3.3304382e-03
   2.1501236e-02
   0.0000000e+00
   0.0000000e+00
   0.0000000e+00
  -7.1550240e-03
  -1.2509123e-02
  -1.6447220e-02
  -1.6339455e-02
  -1.7293483e-02
  -2.3764038e-02
  -2.1976279e-02
   0.0000000e+00
   0.0000000e+00
   0.0000000e+00
   0.0000000e+00
   0.0000000e+00
   0.0000000e+00
   0.0000000e+00
   0.0000000e+00
   0.0000000e+00
   0.0000000e+00
   0.0000000e+00
   0.0000000e+00
   0.0000000e+00
  -3.7028783e-03
   1.0100564e-02
   2.3899722e-02
   2.4554959e-02
   2.5139345e-02
   2.8564449e-02
   3.3594713e-02
   3.5478760e-02
   3.3339895e-02
   2.6332784e-02
   1.7275121e-02
   2.2093686e-02
   0.0000000e+00
   0.0000000e+00
   0.0000000e+00
   0.0000000e+00
   1.0465012e-02
   9.7206552e-03
   4.9280184e-03
   6.3420874e-03
   9.3958322e-03
   7.0633814e-03
   3.7348638e-03
   0.0000000e+00
   0.0000000e+00
   0.0000000e+00
   0.0000000e+00
   0.0000000e+00
   0.0000000e+00
   0.0000000e+00
   0.0000000e+00
   0.0000000e+00
   0.0000000e+00
   0.0000000e+00
   0.0000000e+00
   0.0000000e+00
   0.0000000e+00
   3.4083916e-02
   5.1297332e-02
   4.7472209e-02
   5.1813090e-02
   5.8454357e-02
   6.5017492e-02
   6.7163631e-02
   6.4992599e-02
   5.6939341e-02
   4.2408335e-02
   2.9548097e-02
   0.0000000e+00
   0.0000000e+00
   0.0000000e+00
   0.0000000e+00
   0.0000000e+00
   2.6930166e-02
   2.6723051e-02
   3.0332666e-02
   3.5492353e-02
   3.7408385e-02
   3.1395533e-02
   0.0000000e+00
   0.0000000e+00
   0.0000000e+00
   0.0000000e+00
   0.0000000e+00
   0.0000000e+00
   0.0000000e+00
   0.0000000e+00
   0.0000000e+00
   0.0000000e+00
   0.0000000e+00
   0.0000000e+00
   0.0000000e+00
   0.0000000e+00
   3.8406759e-02
   5.4554480e-02
   5.3424731e-02
   6.5665193e-02
   7.5467445e-02
   8.2257904e-02
   8.4000424e-02
   8.1272468e-02
   7.3442973e-02
   5.7305902e-02
   3.4343106e-02
   0.0000000e+00
   0.0000000e+00
   0.0000000e+00
   0.0000000e+00
   0.0000000e+00
   3.5168052e-02
   4.3898162e-02
   4.9921151e-02
   5.7265613e-02
   6.2288616e-02
   5.3811256e-02
   0.0000000e+00
   0.0000000e+00
   0.0000000e+00
   0.0000000e+00
   0.0000000e+00
   0.0000000e+00
   0.0000000e+00
   0.0000000e+00
   0.0000000e+00
   0.0000000e+00
   0.0000000e+00
   0.0000000e+00
   0.0000000e+00
   0.0000000e+00
   0.0000000e+00
   3.4353149e-02
   4.0555652e-02
   5.0749013e-02
   6.3284732e-02
   7.1468964e-02
   7.4385239e-02
   7.4261345e-02
   6.9200210e-02
   5.5880804e-02
   3.9405517e-02
   0.0000000e+00
   0.0000000e+00
   0.0000000e+00
   0.0000000e+00
   0.0000000e+00
   0.0000000e+00
   4.3831759e-02
   5.4581058e-02
   6.6158496e-02
   7.3726572e-02
   6.6715847e-02
   0.0000000e+00
   0.0000000e+00
   0.0000000e+00
   0.0000000e+00
   0.0000000e+00
   0.0000000e+00
   0.0000000e+00
   0.0000000e+00
   0.0000000e+00
   0.0000000e+00
   0.0000000e+00
   0.0000000e+00
   0.0000000e+00
   0.0000000e+00
   0.0000000e+00
   9.2479941e-03
   7.1352498e-03
   9.9551501e-03
   2.3383823e-02
   3.2757196e-02
   3.9051108e-02
   4.6091864e-02
   4.7256982e-02
   3.9328295e-02
   0.0000000e+00
   0.0000000e+00
   0.0000000e+00
   0.0000000e+00
   0.0000000e+00
   0.0000000e+00
   0.0000000e+00
   3.3982262e-02
   4.8492197e-02
   6.2320594e-02
   6.7959226e-02
   6.2121808e-02
   0.0000000e+00
   0.0000000e+00
   0.0000000e+00
   0.0000000e+00
   0.0000000e+00
   0.0000000e+00
   0.0000000e+00
   0.0000000e+00
   0.0000000e+00
   0.0000000e+00
   0.0000000e+00
   0.0000000e+00
   0.0000000e+00
   0.0000000e+00
   0.0000000e+00
  -0.0000000e+00
  -0.0000000e+00
  -2.7525477e-02
  -2.3009347e-02
  -1.2082756e-02
   0.0000000e+00
   0.0000000e+00
   0.0000000e+00
   0.0000000e+00
   0.0000000e+00
   0.0000000e+00
   0.0000000e+00
   0.0000000e+00
   0.0000000e+00
   0.0000000e+00
   0.0000000e+00
   1.9207068e-02
   3.0911747e-02
   3.4535937e-02
   3.3177916e-02
   2.4526507e-02
  -2.6983136e-03
   2.6107197e-03
   0.0000000e+00
   0.0000000e+00
   0.0000000e+00
   0.0000000e+00
   0.0000000e+00
   0.0000000e+00
   0.0000000e+00
   0.0000000e+00
   0.0000000e+00
   0.0000000e+00
   0.0000000e+00
   0.0000000e+00
   0.0000000e+00
   0.0000000e+00
   0.0000000e+00
  -0.0000000e+00
  -0.0000000e+00
  -0.0000000e+00
  -0.0000000e+00
   0.0000000e+00
  -0.0000000e+00
   0.0000000e+00
   0.0000000e+00
   0.0000000e+00
   0.0000000e+00
   0.0000000e+00
   0.0000000e+00
   0.0000000e+00
   0.0000000e+00
   0.0000000e+00
   0.0000000e+00
  -0.0000000e+00
  -4.2563662e-02
  -3.4763109e-02
  -1.6710602e-02
  -4.5479442e-03
   0.0000000e+00
   0.0000000e+00
   0.0000000e+00
   0.0000000e+00
   0.0000000e+00
   0.0000000e+00
   0.0000000e+00
   0.0000000e+00
   0.0000000e+00
   0.0000000e+00
   0.0000000e+00
   0.0000000e+00
  -0.0000000e+00
   0.0000000e+00
  -0.0000000e+00
  -0.0000000e+00
  -0.0000000e+00
  -0.0000000e+00
  -0.0000000e+00
  -0.0000000e+00
  -0.0000000e+00
  -0.0000000e+00
  -0.0000000e+00
   0.0000000e+00
   0.0000000e+00
   0.0000000e+00
   0.0000000e+00
   0.0000000e+00
   0.0000000e+00
   0.0000000e+00
   0.0000000e+00
   0.0000000e+00
  -0.0000000e+00
  -2.8773176e-02
  -2.1774728e-02
  -2.0530455e-02
  -2.7576600e-02
  -2.3122152e-02
  -1.3457781e-02
  -1.0328027e-02
  -1.2516056e-02
  -1.0602896e-02
  -1.4314424e-02
   0.0000000e+00
   0.0000000e+00
