  4.634387e-01
  3.826081e-01
  3.511276e-01
  3.355332e-01
  3.271950e-01
  3.143955e-01
  2.978815e-01
  2.832153e-01
  2.771138e-01
  2.718439e-01
  2.556839e-01
  2.426678e-01
  2.386464e-01
  2.359350e-01
  2.440046e-01
  2.573698e-01
  2.548653e-01
  2.358973e-01
  2.317602e-01
  2.457304e-01
  2.521884e-01
  2.442821e-01
  2.385182e-01
  2.329332e-01
  2.336152e-01
  2.374135e-01
  2.460546e-01
  2.560730e-01
  2.722204e-01
  2.912469e-01
  3.190593e-01
  3.493446e-01
  3.703900e-01
  3.896352e-01
  4.658098e-01
  6.280412e-01
