  0.3882  0.3999  0.4078  0.4145  0.4089  0.4283  0.4875  0.4989  0.5010  0.4979  0.5117  0.5423  0.5310  0.4706  0.4118  0.4255  0.3799  0.3731  0.4111  0.4192  0.4601  0.7171  0.6986  0.4870  0.4773  0.4478  0.3605  0.3830  0.4813  0.5187  0.5080  0.4941  0.4640  0.4299  0.3891  0.3735
  0.3226  0.3317  0.3265  0.3304  0.3235  0.2961  0.3003  0.2960  0.2734  0.2198  0.1984  0.2174  0.2275  0.2067  0.2090  0.2442  0.2814  0.3080  0.2895  0.3350  0.3570  0.5852  0.4964  0.2894  0.2275  0.1438  0.0864  0.1643  0.1996  0.2532  0.2773  0.2766  0.2978  0.2749  0.2755  0.3076
  0.2891  0.3177  0.3172  0.3136  0.3414  0.3026  0.2497  0.1792  0.1571  0.1763  0.1709  0.1115  0.1373  0.1528  0.1306  0.1532  0.2195  0.3133  0.2286  0.2849  0.2968  0.1613  0.0858  0.0704  0.0705  0.0784  0.0985  0.1222  0.1349  0.1346  0.1444  0.1576  0.1708  0.2010  0.2455  0.2557
  0.2458  0.2932  0.2961  0.2898  0.2830  0.1530  0.1248  0.0682  0.0669  0.0692  0.0700  0.0672  0.0674  0.1226  0.1418  0.1653  0.1700  0.1501  0.1541  0.1774  0.2043  0.0765  0.0667  0.0676  0.0669  0.1117  0.1029  0.1450  0.1481  0.1483  0.1546  0.1526  0.1858  0.2579  0.2243  0.1908
  0.2254  0.2521  0.2492  0.2504  0.1832  0.0808  0.0680  0.0650  0.0652  0.0653  0.0651  0.0642  0.0633  0.0885  0.1418  0.1816  0.2123  0.1530  0.1397  0.1397  0.0923  0.0636  0.0637  0.0643  0.0632  0.0723  0.1220  0.1312  0.1446  0.1891  0.1927  0.2017  0.2807  0.3108  0.2644  0.2916
  0.3124  0.1820  0.1779  0.1301  0.0853  0.0627  0.0621  0.0620  0.0620  0.0620  0.0616  0.0607  0.0599  0.0742  0.1643  0.1606  0.2137  0.1679  0.1396  0.0966  0.0604  0.0605  0.0605  0.0606  0.0597  0.0881  0.1012  0.1257  0.1340  0.0658  0.1232  0.2670  0.3484  0.2734  0.3742  0.3605
  0.2765  0.1626  0.1105  0.0634  0.0586  0.0583  0.0586  0.0585  0.0584  0.0583  0.0580  0.0576  0.0573  0.0749  0.1900  0.1642  0.1742  0.1418  0.1126  0.0581  0.0574  0.0574  0.0575  0.0577  0.0572  0.1039  0.0598  0.0660  0.1060  0.1226  0.1708  0.2503  0.3296  0.2960  0.3541  0.3322
  0.1541  0.1536  0.0856  0.0778  0.0572  0.0554  0.0556  0.0557  0.0556  0.0555  0.0553  0.0554  0.0554  0.0634  0.1868  0.1703  0.1490  0.1277  0.0879  0.0547  0.0545  0.0547  0.0551  0.0553  0.0555  0.1172  0.0898  0.0559  0.0601  0.1658  0.2628  0.3101  0.3393  0.2548  0.2535  0.2455
  0.1294  0.1370  0.0676  0.0538  0.0533  0.0531  0.0533  0.0536  0.0535  0.0532  0.0530  0.0535  0.0537  0.0544  0.1677  0.2499  0.1429  0.1054  0.0528  0.0522  0.0526  0.0529  0.0532  0.0532  0.0536  0.1914  0.2150  0.1600  0.1555  0.2432  0.3507  0.3546  0.3560  0.2766  0.2228  0.1441
  0.1226  0.1135  0.0564  0.0522  0.0522  0.0517  0.0519  0.0523  0.0522  0.0517  0.0514  0.0521  0.0525  0.0528  0.1044  0.2379  0.1148  0.0648  0.0512  0.0509  0.0516  0.0519  0.0520  0.0517  0.1135  0.1986  0.2515  0.2389  0.3532  0.3550  0.2927  0.3423  0.3550  0.2503  0.2073  0.1398
  0.1089  0.0937  0.0501  0.0510  0.0508  0.0499  0.0501  0.0508  0.0508  0.0499  0.0497  0.0506  0.0513  0.0513  0.0511  0.0969  0.0768  0.0504  0.0496  0.0495  0.0503  0.0507  0.0505  0.0501  0.1728  0.1780  0.1716  0.2424  0.3523  0.3549  0.3513  0.2590  0.2836  0.2792  0.1391  0.1136
  0.1064  0.0620  0.0491  0.0500  0.0495  0.0485  0.0487  0.0497  0.0496  0.0486  0.0484  0.0494  0.0504  0.0501  0.0490  0.0823  0.0671  0.0495  0.0485  0.0482  0.0492  0.0498  0.0495  0.0488  0.1265  0.1398  0.1361  0.1949  0.3423  0.2910  0.3361  0.2976  0.0624  0.1916  0.1338  0.1196
  0.0987  0.0471  0.0482  0.0493  0.0484  0.0473  0.0475  0.0487  0.0487  0.0474  0.0472  0.0484  0.0495  0.0488  0.0477  0.0523  0.1267  0.0699  0.0474  0.0471  0.0483  0.0492  0.0486  0.0476  0.1261  0.1332  0.1283  0.1498  0.2851  0.3090  0.3098  0.2027  0.0498  0.1167  0.0944  0.1130
  0.1034  0.0474  0.0473  0.0485  0.0473  0.0462  0.0464  0.0478  0.0477  0.0463  0.0461  0.0472  0.0485  0.0475  0.0465  0.0469  0.0617  0.1142  0.0466  0.0462  0.0473  0.0487  0.0478  0.0467  0.1293  0.1307  0.1250  0.1302  0.1532  0.1756  0.2756  0.0613  0.0466  0.1275  0.0586  0.0820
  0.0932  0.0476  0.0466  0.0479  0.0465  0.0455  0.0457  0.0472  0.0472  0.0457  0.0454  0.0465  0.0479  0.0467  0.0457  0.0460  0.0479  0.0894  0.0771  0.1096  0.0466  0.0482  0.0473  0.0464  0.0914  0.1240  0.1209  0.1251  0.1306  0.1455  0.2865  0.0559  0.0457  0.1352  0.0585  0.0640
  0.0521  0.0451  0.0461  0.0475  0.0460  0.0450  0.0452  0.0469  0.0468  0.0453  0.0451  0.0461  0.0476  0.0462  0.0452  0.0454  0.0471  0.0573  0.1091  0.2333  0.0694  0.0477  0.0466  0.0457  0.0686  0.1182  0.1181  0.1200  0.1274  0.1559  0.3470  0.0637  0.0451  0.1044  0.0567  0.0471
  0.0649  0.0727  0.0458  0.0473  0.0457  0.0447  0.0449  0.0467  0.0467  0.0450  0.0448  0.0458  0.0474  0.0458  0.0448  0.0451  0.0467  0.0470  0.1130  0.2083  0.2838  0.0472  0.0458  0.0450  0.0463  0.0699  0.0743  0.1169  0.1223  0.2592  0.2623  0.0464  0.0447  0.0469  0.0470  0.0505
  0.0659  0.0942  0.0456  0.0472  0.0455  0.0444  0.0446  0.0464  0.0465  0.0447  0.0445  0.0455  0.0472  0.0455  0.0446  0.0449  0.0467  0.0484  0.1157  0.2442  0.3415  0.0849  0.0455  0.0448  0.0451  0.0470  0.0511  0.1156  0.1218  0.3016  0.2135  0.0455  0.0446  0.0450  0.0467  0.0507
  0.0809  0.0946  0.0456  0.0472  0.0455  0.0444  0.0447  0.0464  0.0465  0.0448  0.0444  0.0454  0.0471  0.0455  0.0445  0.0449  0.0467  0.0510  0.1649  0.2821  0.3512  0.1832  0.0456  0.0447  0.0450  0.0470  0.0509  0.1133  0.1210  0.2969  0.0851  0.0455  0.0446  0.0450  0.0467  0.0507
  0.0726  0.0546  0.0459  0.0492  0.0470  0.0447  0.0450  0.0467  0.0467  0.0450  0.0447  0.0456  0.0472  0.0456  0.0448  0.0452  0.0471  0.0512  0.1588  0.2953  0.3059  0.2151  0.1103  0.0450  0.0454  0.0472  0.0511  0.1128  0.1249  0.2371  0.0474  0.0458  0.0448  0.0452  0.0469  0.0475
  0.0453  0.0636  0.0463  0.0858  0.0756  0.0452  0.0455  0.0471  0.0471  0.0455  0.0452  0.0461  0.0475  0.0460  0.0451  0.0457  0.0477  0.0517  0.1690  0.2781  0.2287  0.2129  0.1988  0.0453  0.0459  0.0476  0.0474  0.0932  0.1362  0.1994  0.0477  0.0463  0.0452  0.0457  0.0472  0.0470
  0.0459  0.0455  0.0467  0.0596  0.0739  0.0458  0.0461  0.0477  0.0477  0.0461  0.0457  0.0466  0.0479  0.0465  0.0455  0.0461  0.0480  0.0482  0.0909  0.2370  0.1665  0.1940  0.1573  0.0458  0.0464  0.0481  0.0479  0.0944  0.1181  0.1462  0.0484  0.0468  0.0457  0.0461  0.0476  0.0475
  0.0465  0.0461  0.0527  0.0753  0.0546  0.0464  0.0468  0.0483  0.0483  0.0468  0.0464  0.0474  0.0484  0.0472  0.0462  0.0466  0.0483  0.0484  0.0701  0.1505  0.1380  0.1554  0.1481  0.0464  0.0471  0.0487  0.0486  0.0944  0.1171  0.1168  0.0668  0.0509  0.0463  0.0467  0.0481  0.0481
  0.0476  0.0470  0.0762  0.0972  0.0910  0.0473  0.0477  0.0490  0.0491  0.0479  0.0476  0.0485  0.0493  0.0482  0.0472  0.0475  0.0489  0.0490  0.0484  0.1117  0.1292  0.1308  0.0578  0.0474  0.0480  0.0494  0.0496  0.0991  0.1166  0.1083  0.0999  0.0523  0.0473  0.0477  0.0490  0.0492
  0.0487  0.0646  0.1802  0.1705  0.0961  0.0484  0.0487  0.0497  0.0498  0.0489  0.0487  0.0496  0.0501  0.0493  0.0483  0.0486  0.0497  0.0497  0.0494  0.1172  0.1271  0.1220  0.0548  0.0486  0.0490  0.0503  0.0503  0.1227  0.1188  0.0897  0.0865  0.0495  0.0484  0.0488  0.0501  0.0503
  0.0500  0.1311  0.2120  0.1975  0.1307  0.0504  0.0500  0.0506  0.0507  0.0500  0.0498  0.0506  0.0510  0.0504  0.0496  0.0498  0.0506  0.0506  0.0505  0.1196  0.1421  0.0842  0.0526  0.0501  0.0504  0.0513  0.0512  0.1955  0.1236  0.0862  0.1010  0.0509  0.0499  0.0503  0.0512  0.0514
  0.0518  0.2277  0.2115  0.2213  0.1580  0.0639  0.0519  0.0522  0.0522  0.0517  0.0514  0.0520  0.0522  0.0519  0.0512  0.0514  0.0518  0.0519  0.0518  0.1273  0.1413  0.0646  0.0533  0.0522  0.0522  0.0527  0.0527  0.1947  0.1282  0.0624  0.0529  0.0527  0.0520  0.0522  0.0528  0.0529
  0.0534  0.2078  0.2374  0.2547  0.1707  0.0631  0.0535  0.0538  0.0538  0.0535  0.0532  0.0535  0.0535  0.0534  0.0529  0.0530  0.0531  0.0532  0.0531  0.1463  0.1478  0.0542  0.0547  0.0541  0.0539  0.0540  0.0540  0.1323  0.1493  0.0576  0.0541  0.0542  0.0539  0.0540  0.0542  0.0542
  0.0557  0.1219  0.2019  0.2101  0.1561  0.0648  0.0560  0.0560  0.0559  0.0561  0.0560  0.0559  0.0558  0.0557  0.0555  0.0555  0.0554  0.0554  0.0608  0.1985  0.1192  0.0557  0.0561  0.0563  0.0561  0.0560  0.0560  0.0561  0.0562  0.0561  0.0561  0.0564  0.0563  0.0563  0.0562  0.0561
  0.0581  0.0762  0.0669  0.0868  0.1081  0.0610  0.0588  0.0608  0.0582  0.0587  0.0589  0.0587  0.0584  0.0583  0.0584  0.0582  0.0580  0.0579  0.0728  0.1834  0.0709  0.0576  0.0580  0.0584  0.0584  0.0582  0.0582  0.0583  0.0585  0.0584  0.0584  0.0586  0.0587  0.0584  0.0581  0.0582
  0.0611  0.0610  0.0607  0.0607  0.0774  0.0618  0.0616  0.0684  0.0610  0.0617  0.0621  0.0617  0.0614  0.0614  0.0617  0.0615  0.0611  0.0610  0.0789  0.1290  0.0605  0.0603  0.0610  0.0614  0.0613  0.0610  0.0611  0.0614  0.0617  0.0614  0.0612  0.0613  0.0616  0.0612  0.0606  0.0607
  0.0646  0.0647  0.0643  0.0642  0.0648  0.0650  0.0646  0.0642  0.0641  0.0648  0.0653  0.0650  0.0646  0.0648  0.0650  0.0648  0.0645  0.0645  0.0936  0.1275  0.0639  0.0636  0.0643  0.0648  0.0649  0.0646  0.0646  0.0650  0.0651  0.0645  0.0643  0.0645  0.0649  0.0646  0.0640  0.0640
  0.0679  0.0681  0.0679  0.0677  0.0677  0.0678  0.0677  0.0675  0.0674  0.0679  0.0682  0.0681  0.0680  0.0681  0.0682  0.0682  0.0680  0.0680  0.0781  0.0946  0.0677  0.0672  0.0681  0.0681  0.0682  0.0680  0.0680  0.0682  0.0682  0.0679  0.0678  0.0692  0.0844  0.0952  0.0699  0.0676
  0.1273  0.1057  0.0856  0.0803  0.0821  0.0804  0.0806  0.0878  0.0870  0.0826  0.0791  0.0778  0.0775  0.0781  0.0772  0.0773  0.0789  0.0822  0.0855  0.1079  0.1590  0.1946  0.2022  0.1756  0.1501  0.1423  0.1289  0.1203  0.1175  0.1362  0.1746  0.2309  0.2748  0.2611  0.1722  0.1360
  0.5568  0.3688  0.3386  0.4056  0.3288  0.3571  0.3739  0.3531  0.3185  0.2918  0.2703  0.2536  0.2497  0.2556  0.2646  0.2728  0.2853  0.2959  0.3133  0.4851  0.4558  0.4202  0.3813  0.3656  0.3756  0.4180  0.4176  0.4176  0.4288  0.5236  0.6028  0.6732  0.5678  0.5341  0.5674  0.6562
  0.7734  0.7551  0.7541  0.7769  0.7523  0.7593  0.7819  0.7197  0.6778  0.6659  0.6612  0.6602  0.7171  0.7421  0.7472  0.7479  0.7474  0.7407  0.7270  0.7672  0.7048  0.7038  0.6961  0.7377  0.7624  0.7931  0.7948  0.7949  0.7946  0.7992  0.8000  0.8000  0.7894  0.7988  0.8000  0.7987
