   0.0000000e+00   0.0000000e+00   0.0000000e+00   0.0000000e+00   0.0000000e+00   0.0000000e+00   0.0000000e+00   0.0000000e+00   0.0000000e+00   0.0000000e+00   0.0000000e+00   0.0000000e+00   0.0000000e+00   0.0000000e+00   0.0000000e+00   0.0000000e+00   0.0000000e+00   0.0000000e+00   0.0000000e+00   0.0000000e+00   0.0000000e+00   0.0000000e+00   0.0000000e+00   0.0000000e+00   1.8748660e+00   1.6670117e+00   1.4854417e+00   1.3259189e+00   9.3941566e-01   8.0755413e-01   7.8766757e-01   8.5245181e-01   9.2977720e-01   1.0154938e+00   1.0681063e+00   0.0000000e+00
   0.0000000e+00   0.0000000e+00   0.0000000e+00   0.0000000e+00   0.0000000e+00   0.0000000e+00   0.0000000e+00   0.0000000e+00   0.0000000e+00   0.0000000e+00   0.0000000e+00   0.0000000e+00   0.0000000e+00   0.0000000e+00   0.0000000e+00   0.0000000e+00   0.0000000e+00   0.0000000e+00   0.0000000e+00   0.0000000e+00   0.0000000e+00   0.0000000e+00   0.0000000e+00   3.8467285e+00   2.8751704e+00   1.8258297e+00   1.2336049e+00   0.0000000e+00   0.0000000e+00   0.0000000e+00   0.0000000e+00   0.0000000e+00   0.0000000e+00   0.0000000e+00   0.0000000e+00   0.0000000e+00
   0.0000000e+00   0.0000000e+00   0.0000000e+00   0.0000000e+00   0.0000000e+00   0.0000000e+00   2.1769625e+00   2.3326164e+00   2.1143939e+00   0.0000000e+00   0.0000000e+00   0.0000000e+00   0.0000000e+00   0.0000000e+00   0.0000000e+00   0.0000000e+00   0.0000000e+00   0.0000000e+00   0.0000000e+00   0.0000000e+00   1.5270466e+00   1.7527953e+00   1.8563581e+00   1.4622960e+00   1.1253963e+00   1.2123584e+00   1.5515234e+00   0.0000000e+00   0.0000000e+00   0.0000000e+00   0.0000000e+00   0.0000000e+00   0.0000000e+00   0.0000000e+00   0.0000000e+00   0.0000000e+00
   0.0000000e+00   0.0000000e+00   0.0000000e+00   0.0000000e+00   1.3581444e+00   9.0045227e-01   1.1568366e+00   1.2554891e+00   1.2935365e+00   1.4836980e+00   1.9041118e+00   2.1514151e+00   2.3123614e+00   0.0000000e+00   0.0000000e+00   0.0000000e+00   0.0000000e+00   0.0000000e+00   0.0000000e+00   0.0000000e+00   1.5398241e+00   2.0579478e+00   2.5364063e+00   2.6144984e+00   2.2834587e+00   0.0000000e+00   0.0000000e+00   0.0000000e+00   0.0000000e+00   0.0000000e+00   0.0000000e+00   0.0000000e+00   0.0000000e+00   0.0000000e+00   0.0000000e+00   0.0000000e+00
   0.0000000e+00   0.0000000e+00   0.0000000e+00   0.0000000e+00   1.6263574e+00   1.5685292e+00   1.8987693e+00   2.4751789e+00   2.9456993e+00   3.2418408e+00   3.4640651e+00   3.4758368e+00   3.0917795e+00   2.6111369e+00   0.0000000e+00   0.0000000e+00   0.0000000e+00   0.0000000e+00   0.0000000e+00   0.0000000e+00   2.2769039e+00   2.7013736e+00   3.3631380e+00   3.7048130e+00   3.3761850e+00   0.0000000e+00   0.0000000e+00   0.0000000e+00   0.0000000e+00   0.0000000e+00   0.0000000e+00   0.0000000e+00   0.0000000e+00   0.0000000e+00   0.0000000e+00   0.0000000e+00
   0.0000000e+00   0.0000000e+00   0.0000000e+00   2.3885036e+00   2.4743576e+00   2.5153570e+00   3.1406177e+00   3.6538243e+00   4.0092826e+00   4.2117691e+00   4.2430296e+00   4.0564837e+00   3.3993549e+00   2.5164045e+00   0.0000000e+00   0.0000000e+00   0.0000000e+00   0.0000000e+00   0.0000000e+00   2.6068844e+00   2.8876101e+00   3.0312580e+00   3.3981440e+00   3.7252960e+00   3.3676407e+00   0.0000000e+00   0.0000000e+00   0.0000000e+00   0.0000000e+00   0.0000000e+00   0.0000000e+00   0.0000000e+00   0.0000000e+00   0.0000000e+00   0.0000000e+00   0.0000000e+00
   0.0000000e+00   0.0000000e+00   0.0000000e+00   2.3206938e+00   2.7208429e+00   2.4877241e+00   2.9691234e+00   3.3676014e+00   3.6863885e+00   3.8506153e+00   3.8498855e+00   3.6213033e+00   3.0671549e+00   3.1815546e+00   0.0000000e+00   0.0000000e+00   0.0000000e+00   0.0000000e+00   0.0000000e+00   2.3475751e+00   2.4471514e+00   2.5191321e+00   2.7936070e+00   3.0470278e+00   3.1577184e+00   0.0000000e+00   0.0000000e+00   0.0000000e+00   0.0000000e+00   0.0000000e+00   0.0000000e+00   0.0000000e+00   0.0000000e+00   0.0000000e+00   0.0000000e+00   0.0000000e+00
   0.0000000e+00   0.0000000e+00   9.1823287e-01   1.3577717e+00   1.6166501e+00   1.6410799e+00   1.8214250e+00   1.9998339e+00   2.2576580e+00   2.3972308e+00   2.3592722e+00   2.1007352e+00   2.1480110e+00   4.1066885e+00   0.0000000e+00   0.0000000e+00   0.0000000e+00   0.0000000e+00   1.5556401e+00   1.5801262e+00   1.3386636e+00   1.1354501e+00   1.3761897e+00   1.8452522e+00   3.0244404e+00   0.0000000e+00   0.0000000e+00   0.0000000e+00   0.0000000e+00   0.0000000e+00   0.0000000e+00   0.0000000e+00   0.0000000e+00   0.0000000e+00   0.0000000e+00   0.0000000e+00
   0.0000000e+00   0.0000000e+00   2.1288767e+00   1.3660842e+00   6.3147372e-01   8.2786912e-01   9.5016599e-01   7.9653454e-01   6.6766477e-01   6.3496840e-01   5.6067210e-01   7.1423751e-01   1.7636700e+00   4.2194109e+00   4.8420693e+00   0.0000000e+00   0.0000000e+00   0.0000000e+00   6.8767579e-01   1.0722331e+00   1.0550086e+00   7.4719459e-01   8.9510047e-01   2.1026046e+00   3.8089703e+00   0.0000000e+00   0.0000000e+00   0.0000000e+00   0.0000000e+00   0.0000000e+00   0.0000000e+00   0.0000000e+00   0.0000000e+00   0.0000000e+00   0.0000000e+00   0.0000000e+00
   0.0000000e+00   0.0000000e+00   2.9155699e+00   1.7186471e+00   1.2555952e+00   1.6621789e+00   1.8880341e+00   1.9067028e+00   1.8890902e+00   1.9391379e+00   2.1186209e+00   2.5105381e+00   3.2340856e+00   4.2570586e+00   4.6384944e+00   0.0000000e+00   0.0000000e+00   2.3883266e+00   1.4118996e+00   1.9802175e+00   2.3433950e+00   2.4684777e+00   2.9551656e+00   4.3506751e+00   5.1235189e+00   0.0000000e+00   0.0000000e+00   0.0000000e+00   0.0000000e+00   0.0000000e+00   0.0000000e+00   0.0000000e+00   0.0000000e+00   0.0000000e+00   0.0000000e+00   0.0000000e+00
   0.0000000e+00   0.0000000e+00   3.1511412e+00   2.5916784e+00   2.5247426e+00   2.9678574e+00   3.4279070e+00   3.7675948e+00   3.9725788e+00   4.0394797e+00   4.1715736e+00   4.4733486e+00   4.7875986e+00   4.8146191e+00   4.3007766e+00   0.0000000e+00   3.2761812e+00   3.1730006e+00   2.9288621e+00   3.1513569e+00   3.5039737e+00   3.8577247e+00   4.5122252e+00   5.7414894e+00   0.0000000e+00   0.0000000e+00   0.0000000e+00   0.0000000e+00   0.0000000e+00   0.0000000e+00   0.0000000e+00   0.0000000e+00   0.0000000e+00   0.0000000e+00   0.0000000e+00   0.0000000e+00
   0.0000000e+00   3.3463540e+00   2.9439044e+00   3.1451643e+00   3.6146126e+00   4.4857206e+00   5.2431173e+00   5.7463670e+00   5.9574757e+00   5.9996729e+00   6.0656018e+00   6.2234707e+00   6.1844563e+00   5.5857105e+00   4.1378088e+00   0.0000000e+00   4.1540849e+00   4.2944505e+00   4.0476842e+00   4.1766896e+00   4.4049029e+00   4.7536311e+00   5.3157358e+00   5.8357487e+00   0.0000000e+00   0.0000000e+00   0.0000000e+00   0.0000000e+00   0.0000000e+00   0.0000000e+00   0.0000000e+00   0.0000000e+00   0.0000000e+00   0.0000000e+00   0.0000000e+00   0.0000000e+00
   0.0000000e+00   2.4723635e+00   2.6750331e+00   3.4087772e+00   4.4938688e+00   5.7321939e+00   6.5777540e+00   7.0564651e+00   7.2316399e+00   7.2809772e+00   7.3308849e+00   7.3639669e+00   7.0613575e+00   6.0873952e+00   4.1460891e+00   1.9230237e+00   0.0000000e+00   4.5420480e+00   4.8060479e+00   4.9315085e+00   4.8149343e+00   4.9061942e+00   5.0831242e+00   4.7830329e+00   0.0000000e+00   0.0000000e+00   0.0000000e+00   0.0000000e+00   0.0000000e+00   0.0000000e+00   0.0000000e+00   0.0000000e+00   0.0000000e+00   0.0000000e+00   0.0000000e+00   0.0000000e+00
   0.0000000e+00   1.8074708e+00   2.4353833e+00   3.5768671e+00   4.9671316e+00   6.3007884e+00   7.1683836e+00   7.6571484e+00   7.8923364e+00   8.0062933e+00   8.0658340e+00   7.9697227e+00   7.4264283e+00   6.1200585e+00   3.9189234e+00   2.0696563e+00   2.6052761e+00   0.0000000e+00   5.5683103e+00   5.9644713e+00   4.9391518e+00   4.5480967e+00   4.1717358e+00   3.5259297e+00   0.0000000e+00   0.0000000e+00   0.0000000e+00   0.0000000e+00   0.0000000e+00   0.0000000e+00   0.0000000e+00   1.4373875e+00   2.4949019e+00   0.0000000e+00   2.8522473e+00   2.5352318e+00
   0.0000000e+00   1.3513274e+00   2.2760921e+00   3.5798023e+00   4.9756489e+00   6.2246518e+00   7.0856118e+00   7.6133108e+00   7.9108973e+00   8.0222530e+00   7.9708467e+00   7.6077862e+00   6.6700230e+00   5.0414758e+00   3.0840864e+00   2.1336803e+00   1.9950917e+00   3.0056891e+00   0.0000000e+00   6.3441106e+00   5.4253228e+00   4.2565517e+00   3.1926074e+00   2.3923256e+00   2.4742836e+00   0.0000000e+00   0.0000000e+00   0.0000000e+00   0.0000000e+00   0.0000000e+00   0.0000000e+00   9.5011473e-01   2.1912618e+00   0.0000000e+00   2.7922303e+00   1.9068828e+00
   7.9187536e-01   9.2600667e-01   2.2830529e+00   3.4707639e+00   4.5806918e+00   5.5325646e+00   6.2123041e+00   6.6212940e+00   6.8169689e+00   6.7758155e+00   6.4834838e+00   5.8039980e+00   4.7050629e+00   3.3314953e+00   2.0746984e+00   1.4962574e+00   1.3453810e+00   1.5031060e+00   0.0000000e+00   0.0000000e+00   5.7642727e+00   4.6303417e+00   2.8329983e+00   1.3879428e+00   2.4695020e+00   0.0000000e+00   0.0000000e+00   0.0000000e+00   0.0000000e+00   0.0000000e+00   0.0000000e+00   9.3628224e-01   1.9257870e+00   3.1104858e+00   3.0802224e+00   1.4722911e+00
   8.2532772e-01   7.0023483e-01   2.2723994e+00   3.4426067e+00   4.2101583e+00   4.8428297e+00   5.3239579e+00   5.6200547e+00   5.7729292e+00   5.7605081e+00   5.5670500e+00   5.1041851e+00   4.4131374e+00   3.6685326e+00   2.8559051e+00   1.9116303e+00   9.4368780e-01   1.2042686e+00   0.0000000e+00   0.0000000e+00   0.0000000e+00   5.2983475e+00   3.2771163e+00   1.2622815e+00   2.3285112e+00   3.7293674e+00   3.8984441e+00   0.0000000e+00   0.0000000e+00   0.0000000e+00   0.0000000e+00   6.0598106e-01   1.5793381e+00   3.0888256e+00   3.2354667e+00   1.9564495e+00
   1.3132918e+00   0.0000000e+00   2.1059198e+00   3.6596611e+00   4.3300666e+00   4.8903340e+00   5.4084242e+00   5.7085150e+00   5.8600748e+00   5.8721650e+00   5.7370494e+00   5.3892864e+00   4.9172772e+00   4.4820356e+00   4.0115905e+00   3.3501361e+00   2.1621406e+00   1.6474033e+00   0.0000000e+00   0.0000000e+00   0.0000000e+00   5.6908701e+00   4.1125717e+00   2.6220783e+00   2.8367827e+00   3.0395992e+00   3.0926355e+00   0.0000000e+00   0.0000000e+00   0.0000000e+00   0.0000000e+00   5.2335888e-01   1.3704052e+00   2.6232180e+00   3.0744055e+00   2.3988754e+00
   0.0000000e+00   0.0000000e+00   1.5548270e+00   3.1834715e+00   4.0068350e+00   4.6412124e+00   5.3772186e+00   5.7348039e+00   5.8743084e+00   5.8386948e+00   5.6269615e+00   5.2250565e+00   4.8245820e+00   4.5317501e+00   4.3154792e+00   4.0513177e+00   3.3868087e+00   2.5034127e+00   0.0000000e+00   0.0000000e+00   0.0000000e+00   0.0000000e+00   4.9817128e+00   3.7344187e+00   3.6194735e+00   3.1680878e+00   2.5954658e+00   0.0000000e+00   0.0000000e+00   0.0000000e+00   2.1683823e+00   9.6844894e-01   1.3609601e+00   2.0111027e+00   2.3399317e+00   1.9102302e+00
   1.5968343e+00   1.1763484e+00   1.2111504e+00   2.3056440e+00   3.1337976e+00   3.2659822e+00   3.9745965e+00   4.3405771e+00   4.4817510e+00   4.5131598e+00   4.4957776e+00   4.5199718e+00   4.7049251e+00   4.9996853e+00   5.3114023e+00   5.4284239e+00   5.0064840e+00   3.7416757e+00   0.0000000e+00   0.0000000e+00   0.0000000e+00   0.0000000e+00   5.4350629e+00   5.2027640e+00   4.9875107e+00   4.1818433e+00   2.9841881e+00   0.0000000e+00   0.0000000e+00   0.0000000e+00   2.3077722e+00   1.6840409e+00   1.8806828e+00   2.1158121e+00   2.1751206e+00   1.5590683e+00
   2.4967014e+00   1.8091923e+00   1.8847122e+00   1.8412026e+00   2.3423088e+00   2.0022368e+00   2.3179679e+00   2.6450026e+00   2.7731404e+00   2.8833773e+00   3.1819389e+00   3.8688054e+00   4.7387505e+00   5.5110703e+00   6.0767412e+00   6.3808031e+00   6.3541632e+00   5.4288826e+00   0.0000000e+00   0.0000000e+00   0.0000000e+00   0.0000000e+00   0.0000000e+00   6.1321993e+00   6.0972166e+00   5.3515425e+00   3.8581689e+00   0.0000000e+00   0.0000000e+00   0.0000000e+00   2.3674074e+00   2.5819271e+00   2.9021211e+00   3.3516688e+00   3.5426354e+00   2.8538818e+00
   3.7525944e+00   2.8284289e+00   2.8011351e+00   0.0000000e+00   3.3286710e+00   2.1768148e+00   1.8638338e+00   2.1401088e+00   2.3314390e+00   2.4053307e+00   2.7614074e+00   3.6604729e+00   4.6953912e+00   5.5903139e+00   6.2609401e+00   6.6352634e+00   6.8507714e+00   6.9363822e+00   0.0000000e+00   0.0000000e+00   0.0000000e+00   0.0000000e+00   5.9553291e+00   6.3916864e+00   6.6725287e+00   6.2913456e+00   4.8363385e+00   0.0000000e+00   0.0000000e+00   0.0000000e+00   2.1259767e+00   3.2329641e+00   4.1795287e+00   5.1047482e+00   5.6229601e+00   5.1375155e+00
   5.2056694e+00   3.3887930e+00   2.8604336e+00   4.7326360e+00   4.9909959e+00   3.4629056e+00   3.0669601e+00   3.1544030e+00   3.1804576e+00   2.9256232e+00   2.8335922e+00   3.3406107e+00   4.1812363e+00   5.0341506e+00   5.7500987e+00   6.2094870e+00   6.5253935e+00   7.2254982e+00   7.5081643e+00   0.0000000e+00   0.0000000e+00   0.0000000e+00   5.3023475e+00   5.9533181e+00   6.5471196e+00   6.7675862e+00   5.8228292e+00   0.0000000e+00   0.0000000e+00   0.0000000e+00   1.2235782e+00   3.9448274e+00   5.2232733e+00   6.3370404e+00   6.9869809e+00   6.7092061e+00
   5.7119565e+00   3.3065057e+00   2.8379051e+00   4.3432445e+00   4.9918524e+00   4.2839999e+00   4.1222506e+00   4.1148839e+00   3.9752181e+00   3.6087501e+00   3.1527545e+00   3.0517247e+00   3.5228956e+00   4.2093487e+00   4.8373199e+00   5.3308959e+00   5.7810836e+00   6.4234662e+00   6.2059013e+00   0.0000000e+00   0.0000000e+00   0.0000000e+00   4.5014631e+00   5.0595675e+00   5.7837286e+00   6.5445056e+00   6.5231543e+00   0.0000000e+00   0.0000000e+00   0.0000000e+00   0.0000000e+00   4.3944934e+00   5.5481343e+00   6.4933023e+00   7.1004229e+00   7.0480328e+00
   5.6287498e+00   3.2938596e+00   0.0000000e+00   0.0000000e+00   4.6482485e+00   4.2466836e+00   4.1759677e+00   4.2244263e+00   4.0612774e+00   3.7874641e+00   3.3383877e+00   2.8910763e+00   2.8846424e+00   3.2076435e+00   3.5742598e+00   3.9660552e+00   4.4699802e+00   5.2027225e+00   5.2070934e+00   0.0000000e+00   0.0000000e+00   0.0000000e+00   3.6140944e+00   3.7618203e+00   4.3849907e+00   5.4644222e+00   6.9154782e+00   0.0000000e+00   0.0000000e+00   0.0000000e+00   3.5569827e+00   4.1866524e+00   5.0834069e+00   5.7072296e+00   6.2079334e+00   6.4716563e+00
   5.1389524e+00   3.8634144e+00   0.0000000e+00   0.0000000e+00   0.0000000e+00   3.1450182e+00   3.1177971e+00   3.2555830e+00   3.1738539e+00   3.0071087e+00   2.7656827e+00   2.4264145e+00   2.2325690e+00   2.2024987e+00   2.1942773e+00   2.3082876e+00   2.7027817e+00   3.6757667e+00   4.8385315e+00   0.0000000e+00   0.0000000e+00   3.3382048e+00   2.7929999e+00   2.1391816e+00   2.4371004e+00   3.4741871e+00   6.0711174e+00   0.0000000e+00   0.0000000e+00   0.0000000e+00   3.1640282e+00   3.4811592e+00   3.8109090e+00   3.9729116e+00   4.2631850e+00   4.8912935e+00
   4.2477433e+00   0.0000000e+00   0.0000000e+00   0.0000000e+00   0.0000000e+00   1.4735920e+00   1.6166091e+00   1.7501876e+00   1.7249029e+00   1.6827184e+00   1.6164055e+00   1.4867239e+00   1.3391494e+00   1.1900541e+00   9.7844034e-01   8.0820537e-01   1.0084965e+00   2.1330147e+00   4.1034628e+00   0.0000000e+00   0.0000000e+00   2.6440904e+00   2.0438116e+00   8.3021826e-01   5.8934176e-01   1.3677413e+00   4.1032610e+00   0.0000000e+00   0.0000000e+00   2.0402147e+00   2.2446913e+00   2.3506098e+00   2.1131916e+00   1.8017027e+00   1.8442423e+00   2.7588665e+00
   2.8239335e+00   0.0000000e+00   0.0000000e+00   0.0000000e+00   0.0000000e+00   5.1787767e-01   3.3478200e-01   4.2983794e-01   5.5616570e-01   6.4167583e-01   6.2384564e-01   4.9087939e-01   4.4763905e-01   6.2905192e-01   8.4707677e-01   1.0499949e+00   1.1246793e+00   1.4087220e+00   2.9430182e+00   0.0000000e+00   0.0000000e+00   1.4182520e+00   1.2455307e+00   1.6120226e+00   2.0096374e+00   2.1105621e+00   2.3491824e+00   3.6938243e+00   0.0000000e+00   6.8024270e-01   7.6373768e-01   9.1307032e-01   8.0772376e-01   1.2849824e+00   1.7401769e+00   1.9498748e+00
   3.5202987e+00   0.0000000e+00   0.0000000e+00   0.0000000e+00   0.0000000e+00   8.7440014e-01   8.7371309e-01   1.4394323e+00   1.7889775e+00   1.8646404e+00   1.8664724e+00   1.8572283e+00   1.8748670e+00   1.9911966e+00   2.1700199e+00   2.3946964e+00   2.5425110e+00   2.4226260e+00   2.8116083e+00   0.0000000e+00   0.0000000e+00   1.4119913e+00   2.0915859e+00   3.1646976e+00   3.8098598e+00   4.0624924e+00   3.7125621e+00   3.0824916e+00   2.8891642e+00   1.8251413e+00   1.5209083e+00   1.9290947e+00   2.8513396e+00   3.6966114e+00   4.2096958e+00   4.1303463e+00
   5.7675266e+00   5.1814003e+00   3.5433347e+00   3.4612148e+00   0.0000000e+00   2.0511525e+00   2.1657398e+00   2.6369046e+00   3.1274641e+00   3.3054638e+00   3.4911671e+00   3.5830119e+00   3.6446791e+00   3.6470075e+00   3.6953406e+00   3.8109274e+00   3.9351592e+00   3.8045797e+00   3.5905261e+00   0.0000000e+00   2.9392524e+00   3.2417428e+00   4.0144205e+00   4.9566226e+00   5.4979882e+00   5.7972193e+00   5.7427244e+00   5.0494404e+00   4.1316996e+00   3.4901464e+00   3.4804046e+00   4.1799402e+00   5.1304598e+00   5.9533405e+00   6.4367871e+00   6.4467497e+00
   7.1231402e+00   6.4755563e+00   5.6610426e+00   5.0394724e+00   5.0571235e+00   3.7098882e+00   3.7598755e+00   4.0938762e+00   3.9918976e+00   4.2540536e+00   4.6236933e+00   4.8054269e+00   4.9230724e+00   4.9408858e+00   4.8822558e+00   4.8398214e+00   4.8350766e+00   4.7678607e+00   4.5068214e+00   0.0000000e+00   3.8198411e+00   4.7870809e+00   5.4624356e+00   6.1914433e+00   6.4364222e+00   6.6490430e+00   6.7253732e+00   6.5630511e+00   6.1342143e+00   5.4779213e+00   5.5372521e+00   6.0827349e+00   6.5605759e+00   7.1031293e+00   7.4045825e+00   7.3753461e+00
   6.9316463e+00   6.9151793e+00   6.6139059e+00   6.2414312e+00   6.1143147e+00   5.2736011e+00   5.0981178e+00   4.7889500e+00   4.9485183e+00   5.0938187e+00   5.3257446e+00   5.4492459e+00   5.5269489e+00   5.5633736e+00   5.5131931e+00   5.4275126e+00   5.3530650e+00   5.3368902e+00   5.2394376e+00   4.3881944e+00   4.7920432e+00   5.7325416e+00   6.2018294e+00   6.5890603e+00   6.4984837e+00   6.5378103e+00   6.6843271e+00   6.7703595e+00   6.8653946e+00   6.7526245e+00   6.7730875e+00   6.9920697e+00   6.8476458e+00   7.0720520e+00   7.1876678e+00   6.9160857e+00
   5.0936227e+00   5.5103641e+00   5.7931170e+00   5.8182621e+00   5.7014475e+00   5.4856544e+00   5.3397408e+00   4.9967785e+00   5.1681423e+00   5.3021808e+00   5.2570810e+00   5.0910702e+00   5.0632071e+00   5.0536690e+00   4.9951472e+00   4.9560628e+00   4.9421229e+00   5.0429244e+00   5.4157525e+00   5.1156591e+00   4.9966903e+00   5.3882213e+00   5.5830979e+00   5.5936241e+00   5.2807899e+00   5.1550789e+00   5.2560458e+00   5.4087663e+00   5.6723938e+00   5.8336773e+00   5.8863835e+00   5.8187065e+00   5.3376894e+00   5.2922134e+00   5.3668599e+00   4.9738927e+00
   1.9138107e+00   2.3159685e+00   3.0996974e+00   3.5583630e+00   3.8102756e+00   3.9672360e+00   3.9598866e+00   3.7935224e+00   3.9171703e+00   3.9826715e+00   3.7470951e+00   3.4868808e+00   3.3900664e+00   3.3464389e+00   3.3341651e+00   3.3121495e+00   3.3510780e+00   3.4920449e+00   3.8053280e+00   3.5127297e+00   3.2915494e+00   3.2900612e+00   3.3139503e+00   3.1541896e+00   2.7316327e+00   2.3810406e+00   2.2786853e+00   2.3626435e+00   2.5358984e+00   2.5461893e+00   2.3079152e+00   2.1130431e+00   2.0097315e+00   2.0623846e+00   2.1409464e+00   2.0069339e+00
   3.8871167e+00   2.4270630e+00   1.6497092e+00   1.3987145e+00   1.4834037e+00   1.4397168e+00   1.3389915e+00   1.5019010e+00   1.4829270e+00   1.4819647e+00   1.1944817e+00   1.0177548e+00   9.8416793e-01   1.0141604e+00   1.0979211e+00   1.0425216e+00   1.0940057e+00   1.1633110e+00   1.1947206e+00   1.2537613e+00   9.4649466e-01   1.0154421e+00   1.0701644e+00   1.1507977e+00   1.5851184e+00   2.0681344e+00   2.5493253e+00   2.7719265e+00   2.8711211e+00   2.6059610e+00   3.2610754e+00   2.9639662e+00   3.1508172e+00   2.8937349e+00   3.7784534e+00   0.0000000e+00
   0.0000000e+00   0.0000000e+00   0.0000000e+00   0.0000000e+00   0.0000000e+00   0.0000000e+00   0.0000000e+00   0.0000000e+00   0.0000000e+00   0.0000000e+00   0.0000000e+00   0.0000000e+00   0.0000000e+00   0.0000000e+00   0.0000000e+00   0.0000000e+00   0.0000000e+00   0.0000000e+00   0.0000000e+00   0.0000000e+00   2.2801286e+00   1.8587074e+00   2.5540955e+00   0.0000000e+00   0.0000000e+00   0.0000000e+00   0.0000000e+00   0.0000000e+00   0.0000000e+00   0.0000000e+00   0.0000000e+00   0.0000000e+00   0.0000000e+00   0.0000000e+00   0.0000000e+00   0.0000000e+00
