  4.610832e-01
  2.791604e-01
  1.937605e-01
  1.522182e-01
  1.472750e-01
  1.377921e-01
  1.258585e-01
  1.178343e-01
  1.285802e-01
  1.331803e-01
  1.189563e-01
  1.020564e-01
  9.244054e-02
  7.682567e-02
  7.464648e-02
  7.694925e-02
  7.781447e-02
  8.047180e-02
  8.259265e-02
  8.042561e-02
  8.065934e-02
  7.094558e-02
  6.607927e-02
  6.466061e-02
  7.036232e-02
  7.743212e-02
  8.067983e-02
  8.230243e-02
  7.500200e-02
  6.560765e-02
  6.424292e-02
  6.712587e-02
  7.024474e-02
  1.249208e-01
  4.012457e-01
  7.511863e-01
