   0.0000000e+00
   0.0000000e+00
   0.0000000e+00
   0.0000000e+00
   0.0000000e+00
   0.0000000e+00
   0.0000000e+00
   0.0000000e+00
   0.0000000e+00
   0.0000000e+00
   0.0000000e+00
   0.0000000e+00
   0.0000000e+00
   0.0000000e+00
   0.0000000e+00
   0.0000000e+00
   0.0000000e+00
   0.0000000e+00
   0.0000000e+00
   0.0000000e+00
   4.6006467e-02
   2.2714580e-04
  -4.3884762e-02
   0.0000000e+00
   0.0000000e+00
   0.0000000e+00
   0.0000000e+00
   0.0000000e+00
   0.0000000e+00
   0.0000000e+00
   0.0000000e+00
   0.0000000e+00
   0.0000000e+00
   0.0000000e+00
   0.0000000e+00
   0.0000000e+00
   1.3192487e-01
   5.1445922e-02
   1.8192993e-02
   4.1587037e-02
   2.4600941e-02
   7.9994442e-03
   1.5210480e-02
   3.9588572e-02
   2.3891000e-02
   1.8208152e-02
   8.9481417e-03
  -3.3347896e-03
  -9.6846564e-03
  -1.0479197e-02
  -8.1847848e-03
  -9.6141465e-04
   5.5680944e-03
   1.3290489e-02
   9.9297858e-03
   4.8603818e-03
   1.6594472e-02
   7.6804291e-03
  -4.6842089e-03
  -7.8799987e-03
  -1.8272996e-02
   2.4295116e-03
   1.5385081e-02
   2.6957449e-02
  -3.3322398e-03
   1.8909135e-03
  -2.0004362e-02
   0.0000000e+00
   4.7314972e-02
   2.2374926e-02
  -1.2212952e-02
   0.0000000e+00
   3.5226676e-02
   1.0656039e-02
  -7.5871497e-03
  -1.4466499e-02
  -1.3144772e-02
  -6.2734326e-03
   8.1347385e-04
   6.7771710e-03
   1.1165997e-02
   1.2472213e-02
   8.0469055e-03
  -2.0970509e-04
  -7.1391119e-03
  -1.0837310e-02
  -1.1268012e-02
  -8.9157474e-03
  -4.6199840e-03
   1.9736025e-04
   3.8094733e-03
   4.0752610e-03
   4.4729309e-03
   8.2564810e-03
   1.1432767e-02
   1.1613051e-02
   8.0542164e-03
   3.4994662e-03
   1.1951448e-03
   1.5075331e-03
   1.0543031e-04
   2.0497174e-04
   4.1096101e-04
   1.7282597e-02
   3.0632531e-02
   2.0323965e-02
   1.4048220e-02
   2.8883059e-02
  -1.4829866e-02
  -2.8414391e-02
  -3.6210481e-02
  -3.5000640e-02
  -2.7503617e-02
  -1.5529982e-02
  -4.7367671e-03
  -1.6614916e-03
   1.5767863e-03
   5.2272578e-03
   1.9283376e-03
  -7.3421812e-03
  -1.3580478e-02
  -1.6473176e-02
  -1.6494583e-02
  -1.5225300e-02
  -1.2682421e-02
  -1.0520385e-02
  -9.4989015e-03
   7.5291429e-04
   3.1669578e-03
   4.6627078e-03
   1.0350558e-02
   1.1871499e-02
   4.5530050e-03
  -5.4563819e-03
  -1.3317966e-02
  -1.8620012e-02
  -1.9679852e-02
  -1.5286054e-02
  -8.0683473e-03
   2.5499726e-03
   8.8947592e-03
   1.1219917e-02
   1.3045608e-02
   2.6179064e-04
  -3.2872081e-02
  -4.4055838e-02
  -4.5733783e-02
  -4.0341530e-02
  -2.8105395e-02
  -1.3895890e-02
  -5.7070963e-03
  -5.5622719e-03
   1.2925824e-03
   2.9196069e-03
  -3.3293706e-03
  -1.4864818e-02
  -2.1516450e-02
  -2.4237677e-02
  -2.3888933e-02
  -2.1327289e-02
  -1.7456589e-02
  -1.7503919e-02
  -3.0775938e-02
  -3.7788274e-03
  -1.1083182e-02
  -7.5781737e-03
   1.2137662e-03
   4.5732553e-03
  -3.5865514e-03
  -1.3811435e-02
  -2.3028642e-02
  -3.1300109e-02
  -3.1714331e-02
  -2.6092691e-02
  -1.7706687e-02
  -3.8151324e-03
   2.8438806e-03
   9.4240848e-03
   1.0720123e-02
  -1.1928345e-02
  -3.8449391e-02
  -4.1001106e-02
  -3.8610227e-02
  -3.1788230e-02
  -2.5084034e-02
  -6.2545880e-03
  -1.6507621e-03
  -1.5037267e-03
   8.7275923e-03
   1.7625578e-03
  -7.3574330e-03
  -1.7960874e-02
  -2.3056843e-02
  -2.4936146e-02
  -2.3644996e-02
  -1.9176114e-02
  -1.5275333e-02
  -1.6134638e-02
  -2.3243626e-02
  -0.0000000e+00
  -1.6705558e-02
  -8.7887718e-03
  -3.0587335e-03
  -1.8568800e-04
  -8.3431079e-03
  -1.6991718e-02
  -2.6015320e-02
  -3.1072123e-02
  -2.5763868e-02
  -1.9805634e-02
  -1.3611998e-02
  -2.2645506e-03
   4.0885103e-03
   1.2250639e-02
   4.8695103e-03
  -2.2178649e-02
  -2.8090280e-02
  -2.5424166e-02
  -2.2843466e-02
  -1.7227377e-02
  -0.0000000e+00
   3.5385016e-03
   4.4367826e-03
   3.9748977e-03
   3.6053611e-03
  -4.2685657e-03
  -9.1657592e-03
  -1.5314772e-02
  -1.8116415e-02
  -1.8756447e-02
  -1.6887879e-02
  -1.2700442e-02
  -1.0174952e-02
  -9.9989073e-03
  -7.1648918e-03
   0.0000000e+00
  -1.3521712e-02
  -5.8000945e-03
  -3.5481409e-03
  -2.7662539e-03
  -1.0779792e-02
  -1.7129919e-02
  -2.1397660e-02
  -1.6976312e-02
  -6.3809725e-03
  -2.1855594e-03
  -1.8901984e-03
   2.8465351e-03
   5.8263550e-03
   6.4154998e-03
  -7.5557893e-03
  -2.4541736e-02
  -4.5256395e-03
   0.0000000e+00
  -0.0000000e+00
  -0.0000000e+00
   0.0000000e+00
   1.3389289e-02
   7.0609684e-03
   4.2650285e-03
  -8.3378266e-04
  -3.5655646e-03
  -4.8136311e-03
  -8.5622910e-03
  -1.0877375e-02
  -1.1611590e-02
  -1.0380011e-02
  -7.4818461e-03
  -5.3433231e-03
  -2.2834912e-03
   9.3907593e-03
   0.0000000e+00
  -0.0000000e+00
  -7.1253284e-03
  -6.5451446e-03
  -8.1637930e-03
  -1.0459366e-02
  -1.1294324e-02
  -7.5569842e-03
   2.3925842e-03
   3.7426269e-03
   2.4578793e-03
  -2.2111211e-03
  -3.4071908e-03
  -4.0746415e-03
  -6.1414840e-03
  -1.1659954e-02
  -1.2908014e-02
   1.9658542e-02
   0.0000000e+00
   0.0000000e+00
   0.0000000e+00
   0.0000000e+00
   1.1706767e-02
   3.0504875e-03
   1.2684886e-03
  -2.2358717e-04
   1.6417345e-03
   1.1483433e-03
  -2.2673300e-03
  -5.3085587e-03
  -7.1134334e-03
  -6.4075761e-03
  -4.0706797e-03
  -1.1999018e-03
   5.6307665e-03
   2.3086045e-02
   0.0000000e+00
  -0.0000000e+00
  -8.4628802e-03
  -1.0692419e-02
  -8.9288885e-03
  -5.5998536e-03
  -2.1477418e-03
   9.7593823e-03
   2.2363679e-02
   0.0000000e+00
   1.7361873e-03
  -6.5586017e-04
  -6.5588355e-03
  -6.7312010e-03
  -4.6310066e-03
  -2.7879586e-03
   3.0839308e-03
   4.2693342e-02
   0.0000000e+00
   0.0000000e+00
   0.0000000e+00
   0.0000000e+00
   1.1091381e-02
   3.7940505e-03
   3.4451704e-03
   5.6788102e-03
   7.9268711e-03
   7.5192451e-03
   3.8826179e-03
  -2.8159778e-04
  -3.3535894e-03
  -3.0747761e-03
  -6.3058862e-04
   3.4962145e-03
   1.4216570e-02
   3.4919092e-02
   0.0000000e+00
   0.0000000e+00
  -1.1269929e-02
  -1.5592645e-02
  -5.8526802e-03
   2.9136028e-04
   7.4018920e-03
   3.0302210e-02
   0.0000000e+00
   0.0000000e+00
   4.7606304e-03
   3.4321309e-03
  -4.5654927e-03
  -8.9760777e-04
   3.1967736e-03
   7.7630812e-03
   1.8515501e-02
   5.3346506e-02
   3.8095602e-02
   0.0000000e+00
   0.0000000e+00
   0.0000000e+00
   1.5880851e-02
   1.0339582e-02
   9.7210575e-03
   1.2038206e-02
   1.3905026e-02
   1.3239079e-02
   8.7187951e-03
   2.8007348e-03
  -1.3101635e-03
  -5.9293985e-04
   2.9725434e-03
   8.6843316e-03
   2.2540120e-02
   4.3228842e-02
   0.0000000e+00
   0.0000000e+00
  -1.3977088e-02
  -1.9413706e-02
  -1.8889649e-03
   5.3327762e-03
   1.6532892e-02
   5.1847111e-02
   0.0000000e+00
   0.0000000e+00
   0.0000000e+00
   5.8570365e-03
   1.3188010e-03
   5.6482940e-03
   1.0310063e-02
   1.6893880e-02
   3.1657230e-02
   5.1710274e-02
   3.1383491e-02
   0.0000000e+00
   0.0000000e+00
   2.5399779e-02
   2.2954339e-02
   1.7003246e-02
   1.5259928e-02
   1.7034009e-02
   1.8740175e-02
   1.6699320e-02
   1.0018266e-02
   2.5259457e-03
  -5.7876151e-04
   1.9989985e-03
   7.2683953e-03
   1.5146715e-02
   3.0865747e-02
   4.4416364e-02
   0.0000000e+00
   0.0000000e+00
   0.0000000e+00
  -1.6516635e-02
   2.1403097e-03
   1.0917377e-02
   2.7431812e-02
   6.8319604e-02
   0.0000000e+00
   0.0000000e+00
   0.0000000e+00
   6.8719951e-03
   6.7722858e-03
   1.1178393e-02
   1.7596779e-02
   2.7053691e-02
   4.2600304e-02
   4.8469156e-02
   2.2678174e-02
   0.0000000e+00
   0.0000000e+00
   2.8880462e-02
   2.5889779e-02
   1.9641664e-02
   1.7122801e-02
   1.8545948e-02
   1.9089825e-02
   1.4766198e-02
   6.4594825e-03
   3.3913620e-04
   2.6283931e-04
   5.2091614e-03
   1.2168474e-02
   2.2063132e-02
   3.9673470e-02
   4.2859989e-02
   0.0000000e+00
   0.0000000e+00
   0.0000000e+00
  -8.8300693e-03
   6.5115159e-03
   1.7588902e-02
   3.7677478e-02
   6.9317490e-02
   0.0000000e+00
   0.0000000e+00
   0.0000000e+00
   0.0000000e+00
   1.0780357e-02
   1.5713092e-02
   2.4531063e-02
   3.6116265e-02
   4.8842546e-02
   4.3679465e-02
   2.1336395e-02
   5.8926301e-03
   1.7348882e-02
   2.7060470e-02
   2.3945101e-02
   1.6605260e-02
   1.3393431e-02
   1.4614463e-02
   1.3623396e-02
   8.0542192e-03
   1.5358956e-03
  -1.7137729e-04
   3.3520181e-03
   1.0691565e-02
   1.9389248e-02
   3.0959373e-02
   5.0789565e-02
   4.7989454e-02
   0.0000000e+00
   0.0000000e+00
   0.0000000e+00
   3.8205380e-03
   1.4342695e-02
   2.7904809e-02
   4.7448259e-02
   6.0760546e-02
   0.0000000e+00
   0.0000000e+00
   0.0000000e+00
  -1.1835277e-02
   1.6681119e-02
   2.0354236e-02
   3.1273283e-02
   4.3552678e-02
   5.0490808e-02
   3.3936698e-02
   1.8319735e-02
   9.5523604e-03
   0.0000000e+00
   1.5702972e-02
   1.6820436e-02
   7.2348332e-03
   5.0090575e-03
   6.8803318e-03
   6.1311792e-03
   2.7887500e-03
   2.0024151e-04
   2.1043974e-03
   7.8740548e-03
   1.6678303e-02
   2.6079362e-02
   3.8062997e-02
   5.6960896e-02
   0.0000000e+00
   0.0000000e+00
   0.0000000e+00
   0.0000000e+00
   1.4581559e-02
   2.3897715e-02
   3.7355121e-02
   5.0816849e-02
   4.9723051e-02
   0.0000000e+00
   0.0000000e+00
   0.0000000e+00
  -7.0047107e-03
   1.9885158e-02
   2.2934075e-02
   3.2864388e-02
   4.2826239e-02
   4.4017833e-02
   2.2245065e-02
   1.3749952e-02
   1.0338091e-02
   1.6149936e-02
   1.3161113e-02
   5.9540579e-03
  -2.6790928e-03
  -3.4563937e-03
  -1.8804551e-03
  -1.6557693e-03
  -1.9280832e-03
  -7.7737920e-04
   3.8379373e-03
   1.1587411e-02
   2.1128623e-02
   3.0076077e-02
   4.0686410e-02
   4.7905042e-02
   0.0000000e+00
   0.0000000e+00
   0.0000000e+00
   0.0000000e+00
   0.0000000e+00
   3.0911347e-02
   4.1243497e-02
   4.7430616e-02
   3.8162913e-02
   0.0000000e+00
   0.0000000e+00
   0.0000000e+00
  -2.6241498e-03
   2.1266954e-02
   2.3483325e-02
   2.9753378e-02
   3.5278775e-02
   3.0914959e-02
   1.6538955e-02
   4.8062462e-03
   3.5381541e-03
   8.8166891e-04
   6.9297710e-03
  -5.4329629e-03
  -1.0893327e-02
  -1.1987627e-02
  -1.2267935e-02
  -1.2304795e-02
  -1.0924974e-02
  -6.6848947e-03
   8.0122548e-04
   1.0425733e-02
   2.0477232e-02
   2.9141000e-02
   3.6121860e-02
   3.1930022e-02
   0.0000000e+00
   0.0000000e+00
   0.0000000e+00
   0.0000000e+00
   3.1991273e-02
   3.3316564e-02
   3.8833633e-02
   3.8980406e-02
   2.8386002e-02
   0.0000000e+00
   0.0000000e+00
   0.0000000e+00
  -2.2183195e-03
   1.6406653e-02
   2.0457959e-02
   2.2951122e-02
   2.4155518e-02
   1.7149768e-02
   0.0000000e+00
   0.0000000e+00
  -1.7285278e-03
  -2.8477185e-03
   1.7791995e-03
  -1.0123562e-02
  -1.3519863e-02
  -1.5493762e-02
  -1.7021129e-02
  -1.7603180e-02
  -1.6014077e-02
  -1.1097367e-02
  -3.5636772e-03
   5.3368928e-03
   1.4797722e-02
   2.2320123e-02
   2.4739500e-02
   1.8237083e-02
   0.0000000e+00
   0.0000000e+00
   0.0000000e+00
   0.0000000e+00
   2.4364208e-02
   2.8174633e-02
   2.9986814e-02
   2.7517322e-02
   1.6592766e-02
   0.0000000e+00
   0.0000000e+00
   0.0000000e+00
  -2.6297799e-03
   6.1075245e-03
   1.3118294e-02
   1.4527257e-02
   1.4466621e-02
   7.9969422e-03
  -1.5324910e-04
   0.0000000e+00
  -7.9866737e-04
   6.8925263e-05
   1.4398575e-03
  -2.8487493e-03
  -4.5488644e-03
  -6.1950972e-03
  -7.7157244e-03
  -8.6742155e-03
  -8.1665264e-03
  -5.1307301e-03
   6.6598157e-05
   6.6474220e-03
   1.4032978e-02
   1.9431766e-02
   1.8541081e-02
   1.0983581e-02
   0.0000000e+00
   0.0000000e+00
   0.0000000e+00
   5.9190571e-03
   1.8066794e-02
   2.2347752e-02
   2.4092449e-02
   2.0461060e-02
   1.0353673e-02
   0.0000000e+00
   0.0000000e+00
   0.0000000e+00
  -0.0000000e+00
  -3.0584983e-04
   7.2756168e-03
   9.0180235e-03
   1.0510998e-02
   4.0383656e-03
  -1.1394198e-03
   0.0000000e+00
   9.3106407e-04
   9.2148879e-04
   1.2515604e-03
   3.9144555e-05
  -1.0899946e-03
  -2.3117436e-03
  -3.6801186e-03
  -4.6881440e-03
  -4.4350611e-03
  -1.5296901e-03
   4.1448961e-03
   1.1278456e-02
   1.6958065e-02
   1.7284037e-02
   1.0856632e-02
   1.2098286e-03
  -0.0000000e+00
   0.0000000e+00
   0.0000000e+00
   3.0526357e-03
   1.3516394e-02
   1.5813582e-02
   1.8063934e-02
   1.5771822e-02
   9.3941136e-03
   0.0000000e+00
   0.0000000e+00
   0.0000000e+00
  -0.0000000e+00
  -4.2857398e-03
   1.9322770e-03
   4.7022265e-03
   1.0280498e-02
   3.3129580e-03
  -5.0216867e-03
  -1.5111780e-04
   4.9823523e-04
  -3.3149933e-03
  -6.8024197e-03
  -1.0808387e-02
  -1.4280380e-02
  -1.7223140e-02
  -1.9808393e-02
  -2.1248277e-02
  -2.1111157e-02
  -1.8681027e-02
  -1.3420642e-02
  -5.3226147e-03
   1.8934670e-03
   1.9537362e-03
  -1.6010681e-03
  -5.5826450e-03
  -0.0000000e+00
   0.0000000e+00
  -3.8924768e-03
  -1.7601209e-03
  -3.8751280e-03
  -3.0766176e-03
   5.5877907e-03
   0.0000000e+00
   0.0000000e+00
   0.0000000e+00
   0.0000000e+00
   0.0000000e+00
  -0.0000000e+00
  -5.6578156e-03
  -4.5852824e-03
  -8.7335320e-04
   1.9332626e-02
   4.2850130e-03
  -0.0000000e+00
   3.2994487e-03
   8.5133594e-04
  -4.9513332e-03
  -1.0565173e-02
  -1.7086769e-02
  -2.3210285e-02
  -2.8541109e-02
  -3.3010311e-02
  -3.6019135e-02
  -3.7827846e-02
  -3.8574092e-02
  -3.6592718e-02
  -2.8631264e-02
  -1.5005682e-02
  -8.6880326e-03
  -9.1434745e-03
  -8.1567383e-03
  -0.0000000e+00
   0.0000000e+00
  -3.2440787e-03
  -7.4031148e-03
  -1.6814159e-02
  -1.7455842e-02
  -3.2613508e-03
   0.0000000e+00
   0.0000000e+00
   0.0000000e+00
   0.0000000e+00
   0.0000000e+00
   0.0000000e+00
   6.3018128e-03
  -6.9753714e-03
  -0.0000000e+00
   2.8226033e-02
   8.0974667e-03
   0.0000000e+00
   3.9896475e-03
   1.8723364e-03
  -2.7597069e-03
  -8.0697667e-03
  -1.5226275e-02
  -2.2583077e-02
  -2.8918708e-02
  -3.3594638e-02
  -3.6959674e-02
  -4.0240090e-02
  -4.4373143e-02
  -4.6959110e-02
  -4.2956557e-02
  -2.5992829e-02
  -1.0132520e-02
  -1.3909031e-02
  -0.0000000e+00
  -1.2199871e-02
   1.2790046e-04
  -3.7466187e-03
  -1.2974410e-02
  -2.4186736e-02
  -2.8728964e-02
  -0.0000000e+00
   0.0000000e+00
   0.0000000e+00
   0.0000000e+00
   0.0000000e+00
   0.0000000e+00
   0.0000000e+00
   1.8829938e-02
  -4.2826002e-03
  -0.0000000e+00
   2.7958639e-02
   2.6061863e-02
  -0.0000000e+00
  -1.2674936e-02
  -2.1467803e-04
  -2.1884230e-04
  -2.3919770e-03
  -8.6715538e-03
  -1.6513361e-02
  -2.3545943e-02
  -2.7991548e-02
  -3.0047139e-02
  -3.2460161e-02
  -3.7768558e-02
  -4.4507707e-02
  -4.6669353e-02
  -3.3206556e-02
  -9.3592909e-03
  -0.0000000e+00
  -1.2574136e-02
  -5.6847858e-03
   1.4565357e-03
  -4.5820815e-03
  -1.3425035e-02
  -2.7657356e-02
  -4.0530458e-02
  -0.0000000e+00
   0.0000000e+00
   0.0000000e+00
   0.0000000e+00
   0.0000000e+00
   0.0000000e+00
   0.0000000e+00
   0.0000000e+00
   0.0000000e+00
  -0.0000000e+00
   0.0000000e+00
   0.0000000e+00
  -0.0000000e+00
  -2.8005012e-02
  -9.0816692e-03
  -3.1195635e-03
   9.4008783e-04
  -1.0751454e-03
  -8.0052279e-03
  -1.5825531e-02
  -2.1315647e-02
  -2.2652620e-02
  -2.3219120e-02
  -2.7497886e-02
  -3.6485244e-02
  -4.4045288e-02
  -3.6680724e-02
  -0.0000000e+00
  -1.5936991e-02
  -9.3369760e-03
  -4.4698683e-03
   1.9690834e-03
  -1.8135092e-03
  -1.0253561e-02
  -2.6553318e-02
  -4.9235538e-02
  -0.0000000e+00
   0.0000000e+00
   0.0000000e+00
   0.0000000e+00
   0.0000000e+00
   0.0000000e+00
   0.0000000e+00
   0.0000000e+00
   0.0000000e+00
   0.0000000e+00
   0.0000000e+00
   0.0000000e+00
   0.0000000e+00
  -0.0000000e+00
  -1.9869264e-02
  -8.4521780e-03
  -9.6047018e-04
   2.4303794e-03
  -1.7406598e-03
  -8.9588026e-03
  -1.5345236e-02
  -1.7173998e-02
  -1.7044462e-02
  -2.0170731e-02
  -3.0961297e-02
  -4.2963021e-02
  -3.9177109e-02
  -0.0000000e+00
  -1.0906961e-02
  -1.2929960e-02
  -4.8632873e-03
   2.2837261e-03
   9.7425457e-04
  -6.9144336e-03
  -2.2284107e-02
  -4.9318284e-02
  -0.0000000e+00
   0.0000000e+00
   0.0000000e+00
   0.0000000e+00
   0.0000000e+00
   0.0000000e+00
   0.0000000e+00
   0.0000000e+00
   0.0000000e+00
   0.0000000e+00
   0.0000000e+00
   0.0000000e+00
   0.0000000e+00
   0.0000000e+00
  -3.1819577e-02
  -1.3396657e-02
  -2.1482359e-03
   4.2374977e-03
   2.6209409e-03
  -3.1333029e-03
  -9.4181800e-03
  -1.1604797e-02
  -1.1389706e-02
  -1.3678524e-02
  -2.6621873e-02
  -4.4524188e-02
  -4.4131402e-02
  -0.0000000e+00
  -0.0000000e+00
  -1.2249566e-02
  -6.4395053e-03
   2.8554084e-03
   3.3156416e-03
  -2.9120684e-03
  -1.5470096e-02
  -4.0501850e-02
  -5.4640410e-02
   0.0000000e+00
   0.0000000e+00
   0.0000000e+00
   0.0000000e+00
   0.0000000e+00
   0.0000000e+00
   0.0000000e+00
   0.0000000e+00
   0.0000000e+00
   0.0000000e+00
   0.0000000e+00
   0.0000000e+00
   0.0000000e+00
  -3.3366835e-02
  -2.1794192e-02
  -3.7511035e-03
   7.7918530e-03
   7.2535323e-03
   1.8755150e-03
  -3.8794486e-03
  -5.9738918e-03
  -5.3568590e-03
  -7.1656518e-03
  -2.1781482e-02
  -4.7181632e-02
  -4.3612316e-02
   0.0000000e+00
   0.0000000e+00
   0.0000000e+00
  -4.5757038e-03
   5.6564584e-03
   5.3333631e-03
  -1.0186835e-04
  -8.9770416e-03
  -2.8336190e-02
  -4.8701872e-02
   0.0000000e+00
   0.0000000e+00
   0.0000000e+00
   0.0000000e+00
   0.0000000e+00
   0.0000000e+00
   0.0000000e+00
   0.0000000e+00
   0.0000000e+00
   0.0000000e+00
   0.0000000e+00
   0.0000000e+00
   0.0000000e+00
  -2.5225988e-02
  -2.2438395e-02
  -1.0158197e-02
   8.6601423e-03
   1.1160277e-02
   6.4884229e-03
   1.5044732e-03
   3.2562253e-04
   2.1275347e-03
   1.5026212e-03
  -1.4045929e-02
  -4.6635471e-02
  -0.0000000e+00
   0.0000000e+00
   0.0000000e+00
   0.0000000e+00
  -1.3563839e-03
   7.6116798e-03
   7.8345677e-03
   1.1172128e-03
  -5.5649602e-03
  -1.8242747e-02
  -3.8154657e-02
   0.0000000e+00
   0.0000000e+00
  -0.0000000e+00
  -0.0000000e+00
  -0.0000000e+00
   0.0000000e+00
   0.0000000e+00
   0.0000000e+00
   0.0000000e+00
   0.0000000e+00
   0.0000000e+00
   0.0000000e+00
   0.0000000e+00
  -0.0000000e+00
  -2.3689016e-02
  -1.3468530e-02
   8.5120425e-03
   1.3075355e-02
   9.6436935e-03
   5.3307484e-03
   5.4445335e-03
   8.6737620e-03
   1.0285028e-02
  -3.4645880e-03
  -3.8144585e-02
   0.0000000e+00
   0.0000000e+00
   0.0000000e+00
   0.0000000e+00
   0.0000000e+00
   5.7255481e-03
   8.2471520e-03
   1.5045537e-03
  -5.2654748e-03
  -1.3564149e-02
  -2.6515158e-02
   0.0000000e+00
  -0.0000000e+00
  -0.0000000e+00
  -0.0000000e+00
   0.0000000e+00
   0.0000000e+00
   0.0000000e+00
   0.0000000e+00
   0.0000000e+00
   0.0000000e+00
   0.0000000e+00
   0.0000000e+00
   0.0000000e+00
   0.0000000e+00
  -2.3046214e-02
  -1.8984951e-02
   3.1358721e-03
   1.2582984e-02
   1.1682414e-02
   8.2448609e-03
   9.3746316e-03
   1.3434403e-02
   1.6965827e-02
   9.1123395e-03
  -1.2450062e-02
   0.0000000e+00
   0.0000000e+00
   0.0000000e+00
   0.0000000e+00
   0.0000000e+00
   4.9614476e-03
   8.0673732e-03
   1.9905153e-03
  -5.0024902e-03
  -1.1200389e-02
  -1.4392069e-02
   0.0000000e+00
  -0.0000000e+00
  -0.0000000e+00
   0.0000000e+00
  -0.0000000e+00
   0.0000000e+00
   0.0000000e+00
   0.0000000e+00
   0.0000000e+00
   0.0000000e+00
   0.0000000e+00
   0.0000000e+00
   0.0000000e+00
   0.0000000e+00
   0.0000000e+00
  -1.8877003e-02
  -3.0393531e-03
   7.5048721e-03
   8.7617505e-03
   6.9679902e-03
   8.9775425e-03
   1.3543161e-02
   1.9649435e-02
   1.8096456e-02
   8.4618408e-03
   0.0000000e+00
   0.0000000e+00
   0.0000000e+00
   0.0000000e+00
   0.0000000e+00
   0.0000000e+00
   4.7587868e-03
  -2.7067482e-04
  -5.3138942e-03
  -8.0975238e-03
  -2.3648424e-03
   0.0000000e+00
   0.0000000e+00
   0.0000000e+00
   0.0000000e+00
  -0.0000000e+00
   0.0000000e+00
   0.0000000e+00
   0.0000000e+00
   0.0000000e+00
   0.0000000e+00
   0.0000000e+00
   0.0000000e+00
   0.0000000e+00
   0.0000000e+00
   0.0000000e+00
  -3.1485851e-02
  -1.0649309e-02
  -8.4485428e-03
  -5.2187199e-03
  -4.4794464e-03
  -1.9651125e-03
   3.9490461e-03
   1.6034260e-02
   2.2732206e-02
   0.0000000e+00
   0.0000000e+00
   0.0000000e+00
   0.0000000e+00
   0.0000000e+00
   0.0000000e+00
   0.0000000e+00
  -1.4706612e-02
  -1.0123786e-02
  -7.0578205e-03
  -4.4917873e-03
   3.9621639e-03
   0.0000000e+00
   0.0000000e+00
   0.0000000e+00
   0.0000000e+00
   0.0000000e+00
   0.0000000e+00
   0.0000000e+00
   0.0000000e+00
   0.0000000e+00
   0.0000000e+00
   0.0000000e+00
   0.0000000e+00
   0.0000000e+00
   0.0000000e+00
   0.0000000e+00
  -0.0000000e+00
  -0.0000000e+00
  -3.0496370e-02
  -2.7757535e-02
  -2.6643978e-02
  -0.0000000e+00
  -0.0000000e+00
   0.0000000e+00
   0.0000000e+00
   0.0000000e+00
   0.0000000e+00
   0.0000000e+00
   0.0000000e+00
   0.0000000e+00
   0.0000000e+00
   0.0000000e+00
  -3.6408553e-02
  -2.7756462e-02
  -1.6417656e-02
  -7.3365225e-03
   5.7393591e-03
   2.0330250e-02
   2.1297758e-02
   0.0000000e+00
   0.0000000e+00
   0.0000000e+00
   0.0000000e+00
   0.0000000e+00
   0.0000000e+00
   0.0000000e+00
   0.0000000e+00
   0.0000000e+00
   0.0000000e+00
   0.0000000e+00
   0.0000000e+00
   0.0000000e+00
   0.0000000e+00
   0.0000000e+00
  -0.0000000e+00
  -0.0000000e+00
  -0.0000000e+00
  -0.0000000e+00
   0.0000000e+00
   0.0000000e+00
   0.0000000e+00
   0.0000000e+00
   0.0000000e+00
   0.0000000e+00
   0.0000000e+00
  -0.0000000e+00
   0.0000000e+00
   0.0000000e+00
  -0.0000000e+00
  -0.0000000e+00
  -0.0000000e+00
  -4.1743970e-02
  -2.0553560e-02
  -5.9841852e-03
   1.8660701e-02
   0.0000000e+00
   0.0000000e+00
   0.0000000e+00
   0.0000000e+00
   0.0000000e+00
   0.0000000e+00
   0.0000000e+00
   0.0000000e+00
   0.0000000e+00
   0.0000000e+00
   0.0000000e+00
   0.0000000e+00
   0.0000000e+00
   0.0000000e+00
   0.0000000e+00
  -0.0000000e+00
  -0.0000000e+00
  -0.0000000e+00
  -0.0000000e+00
  -0.0000000e+00
  -0.0000000e+00
  -0.0000000e+00
  -0.0000000e+00
   0.0000000e+00
   0.0000000e+00
   0.0000000e+00
   0.0000000e+00
  -0.0000000e+00
  -0.0000000e+00
  -0.0000000e+00
   0.0000000e+00
   0.0000000e+00
  -0.0000000e+00
  -5.9618926e-02
  -3.9613068e-02
  -1.7942356e-02
  -5.8080851e-03
  -1.0210878e-03
  -5.8352854e-03
  -8.7521474e-03
  -9.2939659e-03
  -8.5956530e-03
  -8.4897112e-03
   0.0000000e+00
   0.0000000e+00
