  -1.8861138e-02
  -1.5004198e-02
   0.0000000e+00
  -9.4923227e-03
  -1.4368722e-02
   0.0000000e+00
  -0.0000000e+00
  -1.2664751e-02
  -1.6826266e-02
  -1.6001088e-02
  -1.7553700e-02
  -2.4095234e-02
  -2.6620767e-02
  -2.2704417e-02
  -2.4703022e-02
  -2.3416430e-02
  -0.0000000e+00
  -2.3595131e-02
  -1.8958306e-02
  -1.9473512e-02
  -1.9265066e-02
  -1.7327096e-02
  -1.5676043e-02
  -1.0605522e-02
   0.0000000e+00
   0.0000000e+00
  -0.0000000e+00
  -0.0000000e+00
   0.0000000e+00
   0.0000000e+00
   0.0000000e+00
  -0.0000000e+00
  -0.0000000e+00
   0.0000000e+00
   0.0000000e+00
  -0.0000000e+00
  -2.5623228e-02
  -2.0692425e-02
  -1.6908719e-02
  -1.6189627e-02
  -1.7242832e-02
  -1.8791161e-02
  -2.0673852e-02
  -1.8694526e-02
  -1.6400794e-02
  -1.4893228e-02
  -1.3412209e-02
  -1.3751211e-02
  -1.6092980e-02
  -1.5951348e-02
  -1.5584287e-02
  -1.5939265e-02
  -1.5896205e-02
  -1.9750460e-02
  -0.0000000e+00
  -1.6687175e-02
  -1.3696186e-02
  -1.2134214e-02
  -1.3477019e-02
  -1.7228367e-02
  -2.1374921e-02
  -2.2364409e-02
  -1.8833406e-02
  -1.5489141e-02
  -1.4154157e-02
  -1.4038139e-02
  -1.7629601e-02
  -1.8607823e-02
  -1.9097665e-02
  -2.3958123e-02
  -3.0142807e-02
  -3.3376789e-02
  -0.0000000e+00
  -9.0789723e-03
  -5.1575705e-03
  -3.7743840e-03
  -0.0000000e+00
  -0.0000000e+00
  -6.8170400e-03
  -4.5202371e-03
  -6.6638601e-03
   1.9821717e-03
   6.8404758e-03
   1.2415111e-02
   1.4754133e-02
   1.4277800e-02
   1.5126663e-02
   1.4242486e-02
   1.1494228e-02
   6.7911436e-03
   4.7846070e-03
   5.3407494e-03
   9.1560362e-03
   8.4825465e-03
   5.9250272e-03
  -1.8703518e-05
  -4.3934849e-03
  -3.8414991e-03
   6.1755138e-04
   5.4457374e-03
   6.9384258e-03
   5.6172218e-03
   2.2546633e-03
   1.1456205e-04
  -7.0367497e-04
  -1.3283344e-03
  -1.0498902e-03
  -8.6837880e-03
   0.0000000e+00
   0.0000000e+00
   0.0000000e+00
   0.0000000e+00
   0.0000000e+00
   0.0000000e+00
   9.8707937e-03
   1.5961392e-02
   2.3797884e-02
   3.2195236e-02
   3.1779688e-02
   3.8180884e-02
   4.5064285e-02
   4.8163708e-02
   5.0548032e-02
   5.2168883e-02
   5.1867042e-02
   5.0875500e-02
   5.0359130e-02
   0.0000000e+00
   3.0768526e-02
   3.2672457e-02
   3.3755083e-02
   3.0684229e-02
   2.8048759e-02
   2.9487649e-02
   3.3213764e-02
   3.4076758e-02
   3.0639384e-02
   2.7482128e-02
   2.5453895e-02
   2.5539214e-02
   2.8180871e-02
   3.1206910e-02
   3.4022003e-02
   2.9650580e-02
   0.0000000e+00
   0.0000000e+00
   0.0000000e+00
   0.0000000e+00
   0.0000000e+00
   2.3766164e-02
   2.7563443e-02
   3.2247242e-02
   3.8739298e-02
   4.4966578e-02
   5.0881654e-02
   5.6295913e-02
   6.2590957e-02
   6.7589425e-02
   7.1355194e-02
   7.5006612e-02
   7.7297598e-02
   7.7400714e-02
   7.0531438e-02
   0.0000000e+00
   0.0000000e+00
   4.7439963e-02
   5.7142463e-02
   6.0755331e-02
   6.1307386e-02
   6.1945517e-02
   6.4359419e-02
   5.2521102e-02
   4.3291822e-02
   4.2559016e-02
   4.3308429e-02
   4.6192870e-02
   5.2603114e-02
   5.8392234e-02
   5.9884690e-02
   5.7083951e-02
   6.1227192e-02
   0.0000000e+00
   0.0000000e+00
   0.0000000e+00
   0.0000000e+00
   3.7314320e-02
   3.9702205e-02
   4.1739715e-02
   4.5759345e-02
   5.0013452e-02
   5.3820758e-02
   5.7197410e-02
   6.0689166e-02
   6.4543486e-02
   6.8678555e-02
   7.3689085e-02
   7.8056844e-02
   7.9293479e-02
   6.8002677e-02
   5.2528779e-02
   0.0000000e+00
   4.6631168e-02
   6.5053061e-02
   7.5912935e-02
   7.8507227e-02
   7.2146792e-02
   7.6926349e-02
   4.5504909e-02
   3.7921210e-02
   4.7127443e-02
   5.1421191e-02
   5.5202807e-02
   6.1538633e-02
   6.9291104e-02
   7.2784894e-02
   6.9006872e-02
   6.3250422e-02
   0.0000000e+00
   0.0000000e+00
   0.0000000e+00
   4.9352758e-02
   4.8782270e-02
   4.7842056e-02
   4.6798021e-02
   4.6132948e-02
   4.5920197e-02
   4.5403153e-02
   4.4397347e-02
   4.4713493e-02
   4.7076963e-02
   5.0844785e-02
   5.6449797e-02
   6.1287165e-02
   6.2722266e-02
   5.0626043e-02
   3.6340050e-02
   0.0000000e+00
   3.4937853e-02
   5.3769741e-02
   6.8709046e-02
   7.1514778e-02
   6.0154627e-02
   0.0000000e+00
   0.0000000e+00
   2.7359401e-02
   4.1590031e-02
   4.6491265e-02
   4.8828095e-02
   5.3767025e-02
   6.1383434e-02
   6.6905677e-02
   6.8225086e-02
   4.9130221e-02
   4.4751056e-02
   4.4000362e-02
   4.5894424e-02
   5.1180276e-02
   5.1150829e-02
   4.7680501e-02
   4.1983152e-02
   3.6080826e-02
   3.1133672e-02
   2.7031730e-02
   2.3333775e-02
   2.1697406e-02
   2.2688263e-02
   2.5787408e-02
   3.0499958e-02
   3.4083169e-02
   3.4025222e-02
   2.5266200e-02
   1.7727120e-02
   0.0000000e+00
   0.0000000e+00
   2.5252492e-02
   4.1286822e-02
   4.2626604e-02
   2.8240085e-02
   0.0000000e+00
   0.0000000e+00
   1.2592028e-02
   2.7104626e-02
   3.1213295e-02
   2.9692855e-02
   3.0963639e-02
   3.6940519e-02
   4.2832079e-02
   4.6712607e-02
   2.5267327e-02
   2.9119695e-02
   3.0929483e-02
   0.0000000e+00
   3.4789950e-02
   3.6818199e-02
   3.2203559e-02
   2.5114426e-02
   1.8075798e-02
   1.2247379e-02
   8.0697872e-03
   4.8761345e-03
   2.8878693e-03
   3.3398410e-03
   5.6431936e-03
   8.8364249e-03
   1.0569458e-02
   9.0769110e-03
   4.6710549e-03
   7.4157840e-03
   0.0000000e+00
  -0.0000000e+00
  -3.8533014e-06
   1.6602384e-02
   1.5663199e-02
   4.6026106e-03
   0.0000000e+00
   0.0000000e+00
   0.0000000e+00
   1.5476838e-02
   1.0029547e-02
   7.5002094e-03
   8.2642613e-03
   1.2716566e-02
   1.7247053e-02
   2.0683039e-02
  -6.9493437e-03
  -2.6000515e-03
  -1.3770844e-03
  -1.2109766e-03
   4.1440190e-03
   5.8776480e-03
   2.6989174e-03
  -2.7128675e-03
  -7.8823213e-03
  -1.2054701e-02
  -1.4476109e-02
  -1.5789466e-02
  -1.6452044e-02
  -1.5726734e-02
  -1.4408669e-02
  -1.3510392e-02
  -1.4508718e-02
  -1.7537396e-02
  -1.7677831e-02
  -1.1524975e-02
   0.0000000e+00
   0.0000000e+00
  -1.8594774e-02
  -6.8418230e-03
  -1.1466750e-02
  -1.4807598e-02
   0.0000000e+00
   0.0000000e+00
  -0.0000000e+00
  -3.0913290e-03
  -1.6398177e-02
  -1.7760307e-02
  -1.7223341e-02
  -1.4087236e-02
  -1.1947577e-02
  -1.0312689e-02
  -2.8615288e-02
  -2.4100292e-02
  -1.5293118e-02
  -1.6493268e-02
  -1.7114986e-02
  -1.5704526e-02
  -1.7485363e-02
  -2.0985277e-02
  -2.4505671e-02
  -2.7429679e-02
  -2.8304486e-02
  -2.7676947e-02
  -2.6783515e-02
  -2.5984105e-02
  -2.5895758e-02
  -2.7400933e-02
  -3.0933762e-02
  -3.5408936e-02
  -3.2608878e-02
  -1.5489409e-02
   0.0000000e+00
   0.0000000e+00
  -0.0000000e+00
  -2.1958318e-02
  -2.6241947e-02
  -1.8152077e-02
   0.0000000e+00
   0.0000000e+00
  -0.0000000e+00
  -1.8993363e-02
  -2.6037313e-02
  -3.2214690e-02
  -3.5398204e-02
  -3.1035334e-02
  -3.0105904e-02
  -3.0266635e-02
  -4.4833738e-02
  -4.0053584e-02
  -3.1502530e-02
  -3.1189624e-02
  -3.1582296e-02
  -3.0537035e-02
  -3.1074304e-02
  -3.2674972e-02
  -3.4775168e-02
  -3.6316790e-02
  -3.5604078e-02
  -3.3579722e-02
  -3.1938914e-02
  -3.2415573e-02
  -3.5184138e-02
  -3.9975490e-02
  -4.5750823e-02
  -5.0863862e-02
  -4.2695228e-02
  -1.4931183e-02
   0.0000000e+00
   0.0000000e+00
  -0.0000000e+00
  -3.6239376e-02
  -3.4592271e-02
  -8.9355378e-03
   0.0000000e+00
   0.0000000e+00
  -0.0000000e+00
  -2.7051030e-02
  -2.2912497e-02
  -2.1719522e-02
  -0.0000000e+00
  -4.1986848e-02
  -4.2434637e-02
  -4.4731054e-02
  -5.0009586e-02
  -4.3846216e-02
  -3.6213081e-02
  -3.5412587e-02
  -3.5865221e-02
  -3.5217997e-02
  -3.4752268e-02
  -3.4762334e-02
  -3.5937142e-02
  -3.6650207e-02
  -3.5844594e-02
  -3.4456793e-02
  -3.4589626e-02
  -3.8123388e-02
  -4.3948010e-02
  -5.0615970e-02
  -5.6052130e-02
  -5.8380406e-02
  -4.8529886e-02
  -3.7870687e-02
   0.0000000e+00
   0.0000000e+00
   0.0000000e+00
  -4.4006705e-02
  -3.6261693e-02
  -3.3512930e-03
   0.0000000e+00
   0.0000000e+00
  -0.0000000e+00
  -2.9224874e-02
  -1.4497746e-02
  -7.6939063e-03
   0.0000000e+00
  -0.0000000e+00
  -4.6014361e-02
  -4.9939416e-02
  -4.5246657e-02
  -3.8029946e-02
  -3.2181147e-02
  -3.1344268e-02
  -3.1999826e-02
  -3.1633601e-02
  -3.0718375e-02
  -3.0691400e-02
  -3.2180194e-02
  -3.4074098e-02
  -3.5705931e-02
  -3.7507970e-02
  -4.1527428e-02
  -4.7347855e-02
  -5.3399879e-02
  -5.8240503e-02
  -5.9765670e-02
  -5.6074329e-02
  -3.9158612e-02
   0.0000000e+00
   0.0000000e+00
   0.0000000e+00
   0.0000000e+00
  -0.0000000e+00
  -3.3862803e-02
  -8.6430796e-03
   0.0000000e+00
   0.0000000e+00
  -0.0000000e+00
  -3.0779749e-02
  -9.5788715e-03
  -9.6909056e-04
   0.0000000e+00
  -0.0000000e+00
  -4.3541752e-02
  -4.6780024e-02
  -3.2242022e-02
  -2.5150578e-02
  -2.0280875e-02
  -1.9899281e-02
  -2.1146048e-02
  -2.1708379e-02
  -2.2218721e-02
  -2.3934301e-02
  -2.7198646e-02
  -3.2424510e-02
  -3.8681582e-02
  -4.5366444e-02
  -5.2800562e-02
  -5.8766373e-02
  -6.1990581e-02
  -6.0990695e-02
  -5.5086758e-02
  -4.1659884e-02
  -1.5679953e-02
   0.0000000e+00
   0.0000000e+00
   0.0000000e+00
   0.0000000e+00
  -0.0000000e+00
  -2.6630111e-02
  -8.1277527e-03
   0.0000000e+00
   0.0000000e+00
  -0.0000000e+00
  -2.9303952e-02
  -7.9152424e-03
   2.1785251e-03
   0.0000000e+00
  -0.0000000e+00
  -3.6110677e-02
  -3.5342894e-02
  -1.7650295e-02
  -1.2356265e-02
  -8.3898678e-03
  -8.8412827e-03
  -1.1094999e-02
  -1.3569145e-02
  -1.6359873e-02
  -1.9571161e-02
  -2.4044959e-02
  -3.1008614e-02
  -3.9661057e-02
  -4.8649799e-02
  -5.6872576e-02
  -6.1885521e-02
  -6.1918724e-02
  -5.5124827e-02
  -4.2421773e-02
  -2.2589726e-02
  -4.1950687e-03
   0.0000000e+00
   0.0000000e+00
   0.0000000e+00
   0.0000000e+00
  -0.0000000e+00
  -1.5200843e-02
  -2.2355667e-03
   0.0000000e+00
   0.0000000e+00
   0.0000000e+00
  -0.0000000e+00
  -8.9340303e-03
   0.0000000e+00
   0.0000000e+00
  -2.6263576e-02
  -2.5786463e-02
  -2.0783134e-02
  -7.9800496e-03
  -5.0002388e-03
  -2.3843423e-03
  -4.3892427e-03
  -8.3792349e-03
  -1.3304356e-02
  -1.8544002e-02
  -2.3353621e-02
  -2.8728491e-02
  -3.5422347e-02
  -4.2546105e-02
  -4.9156237e-02
  -5.4470208e-02
  -5.6326155e-02
  -5.3235613e-02
  -4.3189235e-02
  -2.7706336e-02
  -8.2554985e-03
   5.8898944e-03
   0.0000000e+00
   0.0000000e+00
   0.0000000e+00
  -0.0000000e+00
  -1.9836672e-02
  -2.7617824e-03
   3.5058978e-03
   0.0000000e+00
   0.0000000e+00
   0.0000000e+00
  -0.0000000e+00
  -5.2163204e-03
   0.0000000e+00
   0.0000000e+00
  -2.1022920e-02
  -1.7330548e-02
  -1.0023220e-02
  -5.4181983e-03
  -3.7130614e-03
  -1.7904771e-03
  -5.3166410e-03
  -1.0673441e-02
  -1.7295452e-02
  -2.4367391e-02
  -3.0568862e-02
  -3.6612629e-02
  -4.2478862e-02
  -4.6959678e-02
  -4.9950922e-02
  -5.1309222e-02
  -5.0009010e-02
  -4.4850001e-02
  -3.4325875e-02
  -2.0229931e-02
  -3.5433649e-03
   9.5832869e-03
   0.0000000e+00
   0.0000000e+00
   0.0000000e+00
  -2.3317267e-02
  -1.2867723e-02
   1.7792956e-03
   0.0000000e+00
   0.0000000e+00
   0.0000000e+00
   0.0000000e+00
   0.0000000e+00
  -3.2453746e-03
   1.1948142e-03
  -1.5688120e-02
  -1.7556391e-02
  -1.1908593e-02
  -6.2217690e-03
  -7.6540372e-03
  -8.0526935e-03
  -5.6046064e-03
  -9.0921687e-03
  -1.3270109e-02
  -1.8540829e-02
  -2.4465189e-02
  -3.0233232e-02
  -3.6161508e-02
  -4.1953518e-02
  -4.6139473e-02
  -4.8599439e-02
  -4.9267607e-02
  -4.7660148e-02
  -4.2972597e-02
  -3.4413341e-02
  -2.4575305e-02
  -1.4347515e-02
  -2.5303823e-03
   0.0000000e+00
   0.0000000e+00
  -0.0000000e+00
  -1.3558146e-02
   1.1080991e-03
   0.0000000e+00
   0.0000000e+00
   0.0000000e+00
   0.0000000e+00
   0.0000000e+00
   0.0000000e+00
  -0.0000000e+00
  -1.0048113e-02
  -9.5347564e-03
  -4.5048170e-03
  -2.3667665e-03
  -1.2381385e-03
  -3.9132735e-03
  -1.0427479e-02
  -1.2246028e-02
  -1.5817711e-02
  -1.7974878e-02
  -2.0017833e-02
  -2.2061022e-02
  -2.4654284e-02
  -2.8267508e-02
  -3.2495160e-02
  -3.5713311e-02
  -3.7816267e-02
  -3.9574523e-02
  -4.1602351e-02
  -4.3074682e-02
  -4.2081907e-02
  -3.9102472e-02
  -3.5137806e-02
  -2.1938031e-02
  -1.8468780e-02
   0.0000000e+00
  -3.4463891e-02
  -1.0551292e-02
   8.8381711e-03
   0.0000000e+00
   0.0000000e+00
   0.0000000e+00
   0.0000000e+00
   0.0000000e+00
   0.0000000e+00
  -1.2849749e-02
  -8.2608825e-03
   3.6986452e-03
   1.2152891e-02
   1.2641043e-02
   4.8195343e-03
   0.0000000e+00
  -0.0000000e+00
  -2.3086378e-02
  -2.7715858e-02
  -2.9696692e-02
  -2.9828917e-02
  -2.8478350e-02
  -2.7035331e-02
  -2.7083199e-02
  -2.8904680e-02
  -3.1434510e-02
  -3.4061514e-02
  -3.7378222e-02
  -4.1805334e-02
  -4.5899346e-02
  -4.9206130e-02
  -5.1940165e-02
  -5.5163890e-02
  -5.2940331e-02
  -4.6897504e-02
  -0.0000000e+00
  -3.9892919e-02
  -1.3563207e-02
   1.0290686e-02
   0.0000000e+00
   0.0000000e+00
   0.0000000e+00
   0.0000000e+00
   0.0000000e+00
   0.0000000e+00
  -1.8173870e-02
  -4.2970423e-03
   1.4907390e-02
   2.1488417e-02
   0.0000000e+00
   0.0000000e+00
   0.0000000e+00
  -0.0000000e+00
  -3.5185304e-02
  -4.0492136e-02
  -4.4261664e-02
  -4.5011401e-02
  -4.3792244e-02
  -4.1754562e-02
  -4.0831573e-02
  -4.2128459e-02
  -4.5948200e-02
  -5.1234085e-02
  -5.6655120e-02
  -5.9373606e-02
  -5.6271888e-02
  -5.0643254e-02
  -5.2035004e-02
  -5.9063047e-02
  -7.6594807e-02
  -8.7341061e-02
  -5.8936488e-02
  -4.6818290e-02
  -2.5131501e-02
  -6.7932811e-04
   0.0000000e+00
   0.0000000e+00
   0.0000000e+00
   0.0000000e+00
   0.0000000e+00
  -0.0000000e+00
  -1.9863904e-02
  -2.1913053e-03
   1.8110289e-02
   0.0000000e+00
   0.0000000e+00
   0.0000000e+00
  -0.0000000e+00
  -4.1076124e-02
  -4.2188164e-02
  -4.6967529e-02
  -5.2098945e-02
  -5.4428235e-02
  -5.5317391e-02
  -5.5777501e-02
  -5.7022393e-02
  -5.9790552e-02
  -6.4811565e-02
  -7.1682177e-02
  -7.7527478e-02
  -7.7525288e-02
  -6.7722030e-02
  -4.8191633e-02
  -3.8020129e-02
  -5.3296061e-02
  -6.5229192e-02
  -6.9910154e-02
  -5.5534936e-02
  -5.1524065e-02
  -4.3338589e-02
  -2.4777457e-02
   0.0000000e+00
   0.0000000e+00
   0.0000000e+00
   0.0000000e+00
   0.0000000e+00
  -0.0000000e+00
  -2.3271975e-02
  -6.7053217e-03
   0.0000000e+00
   0.0000000e+00
   0.0000000e+00
   0.0000000e+00
  -0.0000000e+00
  -3.8154155e-02
  -4.2382620e-02
  -4.7708374e-02
  -5.3412449e-02
  -5.7443157e-02
  -6.0248028e-02
  -6.2582910e-02
  -6.5272965e-02
  -6.9062337e-02
  -7.3505022e-02
  -7.8583673e-02
  -8.2337335e-02
  -8.0278248e-02
  -6.8621673e-02
  -4.1823570e-02
  -2.0036474e-02
  -4.8153892e-02
  -5.0077228e-02
  -4.9372248e-02
  -4.6429113e-02
  -4.9717881e-02
  -5.5465575e-02
  -5.3303309e-02
   0.0000000e+00
   0.0000000e+00
   0.0000000e+00
   0.0000000e+00
   0.0000000e+00
  -0.0000000e+00
  -3.6829429e-02
   0.0000000e+00
   0.0000000e+00
   0.0000000e+00
   0.0000000e+00
   0.0000000e+00
  -0.0000000e+00
  -3.0720876e-02
  -3.7148800e-02
  -4.4391330e-02
  -5.0516687e-02
  -5.5963878e-02
  -5.9774026e-02
  -6.2528290e-02
  -6.4786322e-02
  -6.7187682e-02
  -6.9231883e-02
  -7.0692144e-02
  -7.1298480e-02
  -6.7569710e-02
  -5.6342121e-02
  -2.9813917e-02
  -8.6006857e-03
   0.0000000e+00
  -0.0000000e+00
  -3.1139793e-02
  -3.3021700e-02
  -4.0828593e-02
  -5.4398745e-02
  -6.5198680e-02
   0.0000000e+00
   0.0000000e+00
  -0.0000000e+00
  -5.4522319e-02
  -5.0830663e-02
  -2.7125729e-02
  -3.8726837e-02
  -1.6138760e-02
   0.0000000e+00
   0.0000000e+00
   0.0000000e+00
   0.0000000e+00
   0.0000000e+00
  -1.9020004e-02
  -2.6196340e-02
  -3.4326080e-02
  -4.0424965e-02
  -4.6320908e-02
  -5.1069379e-02
  -5.3613912e-02
  -5.4721430e-02
  -5.5042140e-02
  -5.4913744e-02
  -5.3898808e-02
  -5.2052245e-02
  -4.7739964e-02
  -3.7875954e-02
  -1.4770799e-02
   1.3620859e-03
  -0.0000000e+00
  -1.2176283e-02
  -1.0494987e-02
  -1.5142011e-02
  -2.5110917e-02
  -3.9712600e-02
  -5.5150844e-02
  -4.9546609e-02
   0.0000000e+00
  -0.0000000e+00
  -3.8010545e-02
  -3.7178215e-02
  -2.2417185e-02
  -0.0000000e+00
  -2.0179510e-02
   0.0000000e+00
   0.0000000e+00
   0.0000000e+00
   0.0000000e+00
   0.0000000e+00
  -5.1707711e-03
  -9.0489350e-03
  -1.5960891e-02
  -2.2156337e-02
  -2.8288106e-02
  -3.3932976e-02
  -3.6826633e-02
  -3.8012754e-02
  -3.8168915e-02
  -3.7497282e-02
  -3.6327261e-02
  -3.3772260e-02
  -2.9320726e-02
  -2.0507205e-02
  -1.0165831e-03
   9.4064511e-03
  -0.0000000e+00
   6.6073695e-03
   1.2580822e-02
   4.1942508e-03
  -7.1478197e-03
  -2.0190945e-02
  -3.5565376e-02
  -3.2638019e-02
  -2.8002675e-02
  -1.4258681e-02
  -2.9869459e-02
  -2.1482424e-02
  -1.5206335e-02
  -7.5319956e-03
  -8.7017129e-04
   0.0000000e+00
   0.0000000e+00
   0.0000000e+00
   0.0000000e+00
   0.0000000e+00
   1.6721123e-02
   2.3297142e-02
   1.9991670e-02
   1.3163554e-02
   6.0817143e-03
  -9.0586499e-04
  -5.8209077e-03
  -9.3482463e-03
  -1.1675998e-02
  -1.2008571e-02
  -1.1571357e-02
  -9.8433970e-03
  -6.1190152e-03
   1.5521881e-03
   1.4236846e-02
   0.0000000e+00
   0.0000000e+00
   3.1798210e-02
   3.7879416e-02
   2.9382201e-02
   1.7557360e-02
   6.5699420e-03
  -6.6524437e-03
  -1.0609927e-02
  -2.6284838e-03
   6.4388751e-03
   0.0000000e+00
   4.7014556e-03
   7.0453100e-03
   1.2758540e-02
   2.6827087e-02
   0.0000000e+00
   0.0000000e+00
   0.0000000e+00
   0.0000000e+00
   0.0000000e+00
   3.0736419e-02
   4.5982290e-02
   4.8939444e-02
   4.3826735e-02
   3.6857788e-02
   2.9286316e-02
   2.2081955e-02
   1.6204890e-02
   1.1721484e-02
   9.7768891e-03
   9.5975408e-03
   1.0116011e-02
   1.2545975e-02
   1.9298373e-02
   2.5848673e-02
   0.0000000e+00
   0.0000000e+00
   0.0000000e+00
   0.0000000e+00
   4.2807240e-02
   3.7709378e-02
   2.9235574e-02
   1.5970532e-02
   5.9443013e-03
   0.0000000e+00
   0.0000000e+00
   0.0000000e+00
   1.9673543e-02
   1.5352648e-02
   2.0988207e-02
   0.0000000e+00
   0.0000000e+00
   0.0000000e+00
   0.0000000e+00
   0.0000000e+00
   0.0000000e+00
   4.2862751e-02
   5.2001448e-02
   6.2692285e-02
   6.4034134e-02
   6.1695740e-02
   5.5835851e-02
   4.8701949e-02
   4.1424699e-02
   3.5897188e-02
   3.2900035e-02
   3.1690270e-02
   3.1585798e-02
   3.1962104e-02
   3.6035940e-02
   3.8101730e-02
   0.0000000e+00
   0.0000000e+00
   0.0000000e+00
   0.0000000e+00
   0.0000000e+00
   5.4968920e-02
   5.1221088e-02
   4.0841267e-02
   3.0129236e-02
   3.3733470e-02
   0.0000000e+00
   0.0000000e+00
   3.3127697e-02
   0.0000000e+00
   0.0000000e+00
   0.0000000e+00
   0.0000000e+00
   0.0000000e+00
   0.0000000e+00
   0.0000000e+00
   0.0000000e+00
   0.0000000e+00
   0.0000000e+00
   5.7640571e-02
   6.5153562e-02
   6.7462854e-02
   6.5245211e-02
   6.1056334e-02
   5.5551745e-02
   5.0437160e-02
   4.7439059e-02
   4.6104215e-02
   4.6064705e-02
   4.5093989e-02
   4.1265789e-02
   4.0422365e-02
   0.0000000e+00
   0.0000000e+00
   0.0000000e+00
   0.0000000e+00
   0.0000000e+00
   0.0000000e+00
   5.2532312e-02
   5.2769154e-02
   4.7571528e-02
   4.5005135e-02
   0.0000000e+00
   0.0000000e+00
   0.0000000e+00
   0.0000000e+00
   0.0000000e+00
   0.0000000e+00
   0.0000000e+00
   0.0000000e+00
   0.0000000e+00
   0.0000000e+00
   0.0000000e+00
   0.0000000e+00
   0.0000000e+00
   4.3327103e-02
   5.0796404e-02
   5.5860792e-02
   5.8880359e-02
   5.8938578e-02
   5.7332650e-02
   5.5301343e-02
   5.4078195e-02
   5.3827887e-02
   5.3347626e-02
   5.0889067e-02
   4.2338351e-02
   0.0000000e+00
   0.0000000e+00
   0.0000000e+00
   0.0000000e+00
   0.0000000e+00
   0.0000000e+00
   0.0000000e+00
   0.0000000e+00
   5.2004868e-02
   5.3190434e-02
   4.6261941e-02
   4.3348995e-02
   0.0000000e+00
   0.0000000e+00
   0.0000000e+00
   0.0000000e+00
   0.0000000e+00
   0.0000000e+00
   0.0000000e+00
   0.0000000e+00
   0.0000000e+00
   0.0000000e+00
   0.0000000e+00
   0.0000000e+00
   1.3810735e-02
   1.7955431e-02
   2.5419680e-02
   3.3064432e-02
   3.8643068e-02
   4.2551860e-02
   4.6326801e-02
   4.9917913e-02
   5.1873364e-02
   5.1269762e-02
   4.8116143e-02
   4.1173055e-02
   0.0000000e+00
   0.0000000e+00
   0.0000000e+00
   0.0000000e+00
   0.0000000e+00
   0.0000000e+00
   0.0000000e+00
   0.0000000e+00
   3.7310056e-02
   3.4242968e-02
   3.4289517e-02
   4.3348999e-02
   0.0000000e+00
   0.0000000e+00
   0.0000000e+00
   0.0000000e+00
   0.0000000e+00
   0.0000000e+00
   0.0000000e+00
   0.0000000e+00
   0.0000000e+00
   0.0000000e+00
   0.0000000e+00
   0.0000000e+00
  -1.8193143e-02
  -1.5526306e-02
  -6.9948419e-03
  -1.4019060e-03
   8.1324568e-03
   1.7019447e-02
   2.5178213e-02
   3.1492222e-02
   3.5648733e-02
   3.7516810e-02
   3.4363471e-02
   2.6884354e-02
   0.0000000e+00
   0.0000000e+00
   0.0000000e+00
   0.0000000e+00
   0.0000000e+00
   0.0000000e+00
   0.0000000e+00
   0.0000000e+00
   0.0000000e+00
   0.0000000e+00
   4.8536910e-03
  -8.7314964e-04
   0.0000000e+00
   0.0000000e+00
   0.0000000e+00
   0.0000000e+00
   0.0000000e+00
   0.0000000e+00
   0.0000000e+00
   0.0000000e+00
   0.0000000e+00
   0.0000000e+00
   0.0000000e+00
   0.0000000e+00
   0.0000000e+00
   0.0000000e+00
  -0.0000000e+00
  -2.5482174e-02
  -1.7005712e-02
  -8.7847887e-03
  -1.7892435e-03
   5.8401247e-03
   9.3735595e-03
   1.0831769e-02
   1.2651149e-02
   0.0000000e+00
   0.0000000e+00
   0.0000000e+00
   0.0000000e+00
   0.0000000e+00
   0.0000000e+00
   0.0000000e+00
   0.0000000e+00
   0.0000000e+00
  -1.7948405e-03
   0.0000000e+00
  -0.0000000e+00
  -1.0083288e-02
  -1.0086467e-02
  -6.2189057e-03
  -4.0458024e-03
  -2.8142548e-03
  -6.6740552e-04
   0.0000000e+00
   0.0000000e+00
   0.0000000e+00
   0.0000000e+00
   3.2616904e-03
   3.0201287e-03
   1.0076144e-03
   0.0000000e+00
  -0.0000000e+00
  -0.0000000e+00
  -0.0000000e+00
  -0.0000000e+00
  -2.0484917e-02
  -1.6878732e-02
  -0.0000000e+00
  -0.0000000e+00
  -0.0000000e+00
  -0.0000000e+00
  -0.0000000e+00
  -0.0000000e+00
  -0.0000000e+00
  -0.0000000e+00
  -0.0000000e+00
  -0.0000000e+00
  -0.0000000e+00
  -0.0000000e+00
  -0.0000000e+00
  -4.2951180e-03
  -3.2981952e-03
  -4.0890015e-03
  -5.4067545e-03
  -6.0880918e-03
  -5.9496913e-03
  -5.4292139e-03
  -4.2484483e-03
  -3.5014052e-03
  -3.3248299e-03
  -1.4142660e-03
   1.4147700e-03
   2.5995208e-03
