  2.191606e-01
  1.123580e-01
  9.927076e-02
  9.279592e-02
  9.065649e-02
  8.607338e-02
  8.139075e-02
  8.673999e-02
  8.778856e-02
  8.403039e-02
  8.856880e-02
  9.112115e-02
  7.709489e-02
  6.806360e-02
  6.562538e-02
  6.854133e-02
  6.814023e-02
  7.042132e-02
  7.544479e-02
  7.380370e-02
  7.049141e-02
  6.823231e-02
  6.780569e-02
  6.410707e-02
  7.095211e-02
  8.002627e-02
  7.837686e-02
  8.359224e-02
  7.516027e-02
  6.966225e-02
  6.760729e-02
  7.094777e-02
  7.428891e-02
  7.517066e-02
  7.814879e-02
  1.016462e-01
