   9.1894495e-01
   9.4552410e-01
   7.1015978e-01
   6.5201133e-01
   4.6030539e-01
   3.2828372e-02
   4.7751218e-01
   1.1222190e+00
   9.1999745e-01
   8.5913604e-01
   8.0833161e-01
   5.8411491e-01
   5.2762341e-01
   6.8310791e-01
   7.6388866e-01
   6.8126702e-01
   6.9624567e-01
   5.2365083e-01
   3.4251940e-01
   3.5272503e-01
   3.3231208e-01
   5.6324446e-01
   6.3673633e-01
   3.2377431e-01
   4.4184495e-02
  -5.0786175e-02
   1.8353593e-03
   3.6309425e-02
   1.9125220e-01
   1.2934881e-01
   8.6897530e-02
   3.1198290e-01
   3.8469246e-01
   3.1768966e-01
   3.9122841e-01
   6.0549188e-01
   5.7854491e-01
   4.3421620e-01
   4.4931778e-01
   6.3914490e-01
   6.0054576e-01
   3.9479780e-01
   8.0207133e-01
   9.0803528e-01
   8.0745983e-01
   6.8769670e-01
   6.4893860e-01
   7.2233045e-01
   7.3721731e-01
   7.1956265e-01
   6.7391813e-01
   5.8620787e-01
   5.1352477e-01
   4.4128451e-02
   1.9969213e-01
   2.9631740e-01
   7.8264199e-02
   2.9439363e-01
   4.9657592e-01
   4.5694131e-01
   2.7945510e-01
   1.0401814e-01
   9.5066957e-02
   7.0449218e-02
   1.6072185e-01
   2.7109173e-01
   5.8438748e-01
   8.8126975e-01
   1.0757614e+00
   1.0068463e+00
   9.3991011e-01
   9.4125426e-01
  -5.7765925e-01
  -3.4088323e-01
  -1.2710579e-01
   7.7386312e-02
  -5.4969754e-02
   2.1336244e-01
   5.6231540e-01
   5.3200865e-01
   1.0630208e-01
   1.6464962e-01
   3.0226430e-01
   2.9358447e-01
   3.6079913e-01
   3.1152663e-01
   2.4864322e-01
   2.5495976e-01
   2.1162494e-01
   1.1229695e-01
  -9.1383964e-02
  -4.9895671e-01
  -4.8587489e-01
   1.2332735e-02
   4.9619356e-01
   6.4074254e-01
   4.0652570e-01
  -3.9437708e-02
  -4.1367051e-01
  -4.6840015e-01
  -2.5337663e-01
   1.5807450e-01
   4.9385411e-01
   6.9628793e-01
   8.4962738e-01
   9.0143055e-01
   9.9618375e-01
   4.4007066e-01
  -8.3505559e-01
  -5.0729007e-01
  -3.2572424e-01
  -3.9286975e-02
  -2.1920830e-01
   3.1584084e-01
   1.5148458e-01
  -2.8742032e-02
  -2.4438058e-01
  -3.7564871e-01
  -2.5297487e-01
  -2.9673731e-01
  -2.3803325e-01
  -2.8792876e-01
  -3.4245384e-01
  -2.9097897e-01
  -2.5901508e-01
  -3.1605333e-01
  -7.5075078e-01
  -1.5752618e+00
  -6.8856758e-01
  -3.2447338e-01
   2.7758005e-01
   4.6007967e-01
   6.9175057e-02
  -5.9955513e-01
  -1.1810215e+00
  -1.1468385e+00
  -6.4235616e-01
  -3.3843610e-02
   3.1495282e-01
   3.8596335e-01
   3.5898760e-01
   3.3011872e-01
   3.2746434e-01
  -3.6227387e-01
  -7.1906596e-01
  -6.8938816e-01
  -3.7173086e-01
  -4.1683450e-01
  -4.2655677e-01
   4.1072547e-02
  -3.0194357e-01
  -5.6254888e-01
  -7.4563891e-01
  -7.4275601e-01
  -7.3526436e-01
  -7.6216829e-01
  -7.8252488e-01
  -8.1879896e-01
  -7.8827637e-01
  -6.9387835e-01
  -6.1080498e-01
  -6.9404137e-01
  -1.0879319e+00
  -1.5657852e+00
  -6.7066920e-01
  -6.4604515e-01
  -5.0965577e-02
   7.1330190e-02
  -4.3541205e-01
  -1.1804755e+00
  -1.7941775e+00
  -1.2919767e+00
  -5.8506596e-01
  -1.1050446e-01
   1.1552525e-01
   2.6607579e-02
  -2.0051257e-01
  -2.6123756e-01
  -2.2612359e-01
  -4.4398579e-01
  -4.0927850e-01
  -7.1825789e-01
  -3.6560362e-01
  -6.2813188e-01
  -4.6071684e-01
  -2.2001137e-01
  -4.2943688e-01
  -8.5844432e-01
  -1.0373393e+00
  -9.8604488e-01
  -9.8535341e-01
  -1.0107846e+00
  -1.0194112e+00
  -9.6365660e-01
  -8.4483915e-01
  -7.4310979e-01
  -6.9797824e-01
  -7.5174986e-01
  -8.7015532e-01
  -1.3284100e+00
  -3.2025119e-01
  -7.7904049e-01
  -3.6527183e-01
  -3.5192983e-01
  -8.2801799e-01
  -1.2959133e+00
  -1.8867423e+00
  -8.6967902e-01
  -2.8469007e-01
  -2.1311633e-01
  -1.9496408e-02
  -1.9534063e-01
  -5.4280088e-01
  -6.0587229e-01
  -4.9779341e-01
  -4.3677437e-01
  -4.9365263e-02
  -2.6374236e-01
  -5.5396128e-01
  -7.3984784e-01
  -2.8579044e-01
  -1.5091515e-01
  -6.3136399e-01
  -1.1022165e+00
  -1.1836842e+00
  -1.1176469e+00
  -1.0545629e+00
  -9.8109621e-01
  -8.8831627e-01
  -7.7344358e-01
  -6.7890245e-01
  -6.0786325e-01
  -5.9474915e-01
  -6.1041176e-01
  -3.4253731e-01
  -5.5294052e-02
  -3.5669923e-02
  -7.1726573e-01
  -7.2756082e-01
  -7.0719129e-01
  -9.3392497e-01
  -7.4032879e-01
  -7.5245428e-01
  -4.3895802e-01
  -5.5151743e-01
  -3.9816812e-01
   3.8581818e-02
  -1.5881880e-01
  -5.7709795e-01
  -6.8164617e-01
  -5.4174018e-01
  -3.4662491e-01
   3.1478696e-01
   5.4770720e-01
  -2.9635829e-01
   4.8585715e-02
   3.8106613e-02
  -2.4709427e-01
  -8.4179606e-01
  -1.1377525e+00
  -1.1007578e+00
  -9.7023404e-01
  -8.0196494e-01
  -6.2611532e-01
  -5.1826304e-01
  -4.5015693e-01
  -4.2564094e-01
  -4.3269501e-01
  -4.0865833e-01
  -2.6867253e-01
   5.3065616e-01
   1.8704871e+00
  -1.5122959e-01
  -2.3961134e-01
  -9.1253352e-01
  -9.8010421e-01
  -6.8220089e-01
   8.4363741e-01
   4.9847078e-02
  -1.8894873e-01
  -6.9337821e-01
  -4.5941970e-01
   9.0226110e-02
  -5.3628869e-02
  -3.9982241e-01
  -5.6465404e-01
  -3.9437643e-01
  -7.8803524e-02
   6.8903953e-01
   1.0464208e+00
   1.0428584e+00
   3.8690117e-01
  -1.8594953e-01
  -2.8197837e-01
  -6.4078575e-01
  -7.8144860e-01
  -7.1331447e-01
  -5.9458745e-01
  -4.1087031e-01
  -2.4240488e-01
  -1.8623653e-01
  -2.0224749e-01
  -2.5495601e-01
  -3.0145094e-01
  -2.3695865e-01
   1.2787324e-01
   1.3525951e+00
   3.3375187e+00
   2.9087406e-01
   3.8022771e-01
  -6.5609837e-01
  -1.3638667e+00
  -2.6123461e-01
   2.4406452e+00
   6.2162638e-01
   4.3401226e-02
  -3.3964303e-01
  -4.7821501e-01
   1.7350627e-01
   3.3111781e-01
  -2.0296600e-01
  -4.4949731e-01
  -2.0613325e-01
   2.4638917e-01
   1.2181253e+00
   1.5766046e+00
   1.8825448e+00
   3.0069247e-01
  -1.1634856e-01
   3.0357099e-01
   1.0191113e-01
  -2.8365564e-02
  -5.6755453e-02
  -3.7108827e-02
   8.1675984e-02
   1.8098131e-01
   1.5769672e-01
   4.6738021e-02
  -1.0336111e-01
  -1.4396539e-01
   4.8808884e-02
   6.9725168e-01
   2.2314649e+00
   4.6003156e+00
   3.6734003e-01
   3.7743616e-01
  -2.4906465e-01
  -1.9079686e+00
   5.8077556e-01
   4.3742528e+00
   1.0947897e+00
   3.6168903e-01
  -3.9229520e-02
  -4.0998605e-01
   5.5197662e-01
   1.3722235e+00
  -2.5642803e-01
  -3.8234681e-01
   8.3983041e-02
   7.3564869e-01
   1.6944542e+00
   2.0769372e+00
   2.4156525e+00
   1.2907407e+00
   6.9115859e-01
   8.4224468e-01
   6.7422587e-01
   5.1488060e-01
   3.8765344e-01
   3.3906388e-01
   3.9509439e-01
   4.2774644e-01
   3.3184013e-01
   1.3815993e-01
  -4.5851171e-02
  -7.5753056e-03
   3.5507175e-01
   1.1966517e+00
   2.8322816e+00
   5.0852370e+00
  -1.1025460e-01
   1.0780559e-01
  -1.4817786e-01
  -1.6947738e+00
   1.4703244e+00
   5.3823323e+00
   9.2451167e-01
   1.8708012e-01
  -4.4594076e-01
  -2.3557127e-01
   1.4718324e+00
   2.0296571e+00
  -4.6565987e-02
  -3.3358610e-01
   4.1552117e-01
   1.2079141e+00
   2.2079110e+00
   2.5682909e+00
   2.6351283e+00
   1.7443120e+00
   1.2199218e+00
   1.2202995e+00
   1.0827801e+00
   8.9820266e-01
   6.9766057e-01
   5.9385073e-01
   5.6509382e-01
   4.9926430e-01
   2.9632092e-01
   4.9908303e-02
  -3.6547732e-02
   2.1016836e-01
   7.9486871e-01
   1.8399494e+00
   3.5720599e+00
   4.5039639e+00
  -2.8213933e-01
  -4.0119308e-01
  -4.5068130e-01
  -5.8520460e-01
   2.4103267e+00
   5.5865684e+00
   7.1903110e-01
  -1.0227383e-02
  -1.2163081e-01
   3.6919001e-01
   2.2078741e+00
   2.1110778e+00
   6.3902646e-01
  -1.2103654e-02
   8.4006244e-01
   1.7345690e+00
   2.5510416e+00
   2.7294135e+00
   2.5135114e+00
   1.8514532e+00
   1.4232408e+00
   1.3404663e+00
   1.1866424e+00
   9.5511758e-01
   7.1521097e-01
   5.6114441e-01
   4.4768509e-01
   2.9066575e-01
   4.0394776e-02
  -9.7511232e-02
   6.1697297e-02
   5.5063295e-01
   1.3252661e+00
   2.5265737e+00
   4.1551352e+00
   3.0717356e+00
  -3.0725831e-01
  -6.1208707e-01
  -4.1219532e-01
   2.8020117e-01
   3.1315062e+00
   5.1188750e+00
   1.2304779e+00
  -1.9571216e-01
  -1.8241911e-01
   9.5154786e-01
   2.2605827e+00
   2.0377820e+00
   3.4628522e-01
   5.5996108e-01
   1.2798694e+00
   2.1311374e+00
   2.6207163e+00
   2.5151184e+00
   2.2027688e+00
   1.6924862e+00
   1.2873714e+00
   1.1606526e+00
   9.3335021e-01
   6.8072158e-01
   4.7389168e-01
   3.2266194e-01
   2.0186296e-01
   4.7275968e-02
  -6.6072576e-02
   1.9883288e-02
   3.7067616e-01
   9.7534573e-01
   1.8090341e+00
   2.9718876e+00
   4.4005036e+00
   1.8478537e+00
  -5.5044234e-01
  -4.6086276e-01
  -2.0147325e-01
   1.1141469e+00
   3.5626893e+00
   4.6269126e+00
   1.8239040e+00
  -2.1491042e-01
  -1.5996620e-01
   1.3138169e+00
   1.8940681e+00
   1.9998282e+00
   1.6082568e-02
   2.9215044e-01
   1.5833085e+00
   2.3536818e+00
   2.3456688e+00
   1.9346653e+00
   1.6262550e+00
   1.1698442e+00
   7.8450894e-01
   5.7371306e-01
   3.0923325e-01
   1.2559840e-01
   4.5045119e-02
  -5.8281762e-03
  -9.3850046e-03
   2.8454432e-02
   1.8326741e-01
   4.4950205e-01
   8.6056018e-01
   1.4272687e+00
   2.1454480e+00
   3.0129373e+00
   3.6962638e+00
   1.0440055e+00
  -4.3990552e-01
  -3.4480417e-01
  -7.5034387e-02
   1.1974977e+00
   3.7208760e+00
   3.9789972e+00
   1.5007160e+00
  -7.3272549e-02
   2.3512377e-01
   1.3790081e+00
   1.1651660e+00
   1.9144264e+00
  -1.9684850e-01
   1.1723124e-01
   1.7596128e+00
   2.3378093e+00
   1.8420449e+00
   1.1715747e+00
   9.6628469e-01
   5.4255080e-01
   1.5285605e-01
  -1.5216340e-01
  -4.3552858e-01
  -5.9864938e-01
  -6.4196390e-01
  -6.2704772e-01
  -5.0401235e-01
  -2.1741442e-01
   1.6508812e-01
   5.4341424e-01
   9.5424747e-01
   1.4116535e+00
   1.9746711e+00
   2.5585699e+00
   2.6266558e+00
   5.1899332e-01
  -9.5752513e-01
  -1.0608550e+00
  -4.6104938e-01
   8.0663043e-01
   3.4706531e+00
   3.3203781e+00
   6.0869706e-01
   9.7546540e-02
   6.9408625e-01
   1.0557415e+00
   6.9702834e-01
   1.1501867e+00
  -3.2490981e-01
   3.1425315e-01
   1.8589532e+00
   1.9833374e+00
   1.3080751e+00
   5.1987147e-01
   3.7763223e-01
   7.1856380e-02
  -3.2227340e-01
  -6.9561958e-01
  -1.0400081e+00
  -1.3063618e+00
  -1.4646370e+00
  -1.4943719e+00
  -1.3503830e+00
  -9.8006970e-01
  -5.0538069e-01
  -6.8839170e-02
   2.6442653e-01
   5.1151240e-01
   8.2086188e-01
   1.2581923e+00
   1.2832124e+00
  -1.3953173e-01
  -1.1146200e+00
  -3.0454581e+00
  -1.1975132e+00
   1.3087928e+00
   3.1686223e+00
   2.8233612e+00
   3.4437206e-01
   1.3090849e-01
   7.5867552e-01
   7.6158834e-01
   4.2101219e-01
   8.7709744e-03
  -4.9552560e-01
   4.0928513e-01
   1.7728217e+00
   1.3461821e+00
   1.0803783e+00
   3.4825237e-01
  -1.0606717e-01
  -1.5706260e-01
  -4.0509773e-01
  -5.9653871e-01
  -7.9033693e-01
  -9.7356582e-01
  -1.1025962e+00
  -1.1183921e+00
  -9.9064785e-01
  -7.3098645e-01
  -4.0387131e-01
  -1.1535589e-01
  -6.0518875e-03
  -1.0957064e-01
  -2.9834359e-01
  -5.3079354e-01
  -7.2817704e-01
  -3.1427055e-01
  -1.0317316e+00
  -4.6320471e+00
  -1.6400216e+00
   1.8418530e+00
   2.2312386e+00
   2.1914215e+00
   2.4477843e-01
   4.1816084e-02
   4.6714878e-01
   3.2236364e-01
   1.7401941e-01
  -9.8413056e-01
  -9.3621422e-01
   9.2490716e-01
   2.0880995e+00
   1.0396606e+00
  -2.7971270e-01
  -3.5781385e-01
  -4.2424638e-01
  -5.3951186e-02
   4.2836709e-02
   3.2808759e-01
   6.2289141e-01
   8.3370056e-01
   9.6607274e-01
   1.0595843e+00
   1.1967671e+00
   1.3983110e+00
   1.6084661e+00
   1.7375434e+00
   1.5736691e+00
   9.9306017e-01
   3.6214813e-02
  -1.2985708e+00
  -2.4240128e+00
  -8.9095767e-01
  -1.7135245e+00
  -3.9549794e+00
  -2.1440086e+00
   1.1737624e+00
   1.1014792e+00
   9.7230524e-01
  -1.9131912e-01
  -2.8509321e-01
   3.1281602e-02
  -1.3916869e-01
   8.4180665e-02
  -8.3451893e-01
  -1.2002772e-02
   2.0357020e+00
   2.2787094e+00
   1.4086089e+00
   2.9417053e-02
   9.0844721e-02
  -5.7779914e-01
  -3.8589776e-01
  -2.7139294e-01
   9.0549432e-02
   5.2470744e-01
   9.2159754e-01
   1.2419722e+00
   1.4467509e+00
   1.5903103e+00
   1.7021022e+00
   1.7575492e+00
   1.7161117e+00
   1.3525306e+00
   5.7762790e-01
  -4.8460510e-01
  -1.7708182e+00
  -2.9177737e+00
  -2.0819621e+00
  -2.1858742e+00
  -3.0907452e+00
  -2.3775263e+00
  -2.1514006e-01
   7.4515969e-01
   6.6102886e-01
  -2.9353476e-01
  -4.1984463e-01
  -1.9956829e-01
  -4.6116120e-01
  -5.8047473e-01
  -9.5241290e-01
   1.5026958e-01
   1.8965957e+00
   1.8121080e+00
   1.8355432e+00
   6.5400183e-01
   6.9734655e-02
  -6.2553108e-01
  -8.4886563e-01
  -9.2948806e-01
  -7.4960965e-01
  -4.7639292e-01
  -1.6985187e-01
   1.1634007e-01
   2.7335703e-01
   3.0054098e-01
   2.0838133e-01
   7.7441365e-02
  -2.8452918e-02
  -1.3676557e-01
  -3.3857432e-01
  -7.7322328e-01
  -1.5344944e+00
  -2.6332049e+00
  -3.3441055e+00
  -2.1436200e+00
  -2.6761928e+00
  -3.1129656e+00
  -1.9945641e+00
   2.6708192e-01
   4.0591860e-01
  -4.2747170e-01
  -6.6833329e-01
  -3.4557307e-01
  -5.9287816e-01
  -9.4814068e-01
  -1.2978144e+00
  -4.2878067e-01
   1.5319974e+00
   1.4464788e+00
   1.1988212e+00
   3.8152871e-01
   2.2438252e-02
  -7.5279558e-01
  -1.1197685e+00
  -1.3532599e+00
  -1.3844854e+00
  -1.3010345e+00
  -1.1534126e+00
  -9.4505638e-01
  -7.8335893e-01
  -7.4027526e-01
  -8.8387179e-01
  -1.1335002e+00
  -1.3683363e+00
  -1.4500576e+00
  -1.1916263e+00
  -8.7500381e-01
  -1.1080762e+00
  -1.7295835e+00
  -1.6315641e+00
  -1.0394281e+00
  -2.2037675e+00
  -3.5417185e+00
  -3.7426050e+00
  -4.3475357e-01
   1.7999752e-01
  -4.1343704e-01
  -1.0002153e+00
  -4.5590115e-01
  -3.2351696e-01
  -1.2788826e+00
  -1.7531197e+00
  -7.2066218e-01
   4.7223642e-01
   1.0621575e+00
   7.1506137e-01
   4.4184747e-01
   3.1180376e-01
  -8.2081753e-01
  -1.1560920e+00
  -1.3886466e+00
  -1.5618746e+00
  -1.5879475e+00
  -1.5653516e+00
  -1.4800565e+00
  -1.3572092e+00
  -1.2862462e+00
  -1.3924258e+00
  -1.7014247e+00
  -2.0466199e+00
  -2.3294954e+00
  -2.2059243e+00
  -1.3649036e+00
  -4.2003146e-01
  -1.2243798e+00
  -1.0677110e+00
  -7.7259469e-01
  -1.8503159e+00
  -3.4724014e+00
  -4.8289595e+00
  -9.3588215e-01
  -1.4321923e-01
  -4.3594977e-01
  -1.3039787e+00
  -8.5136354e-01
  -2.3301440e-01
  -1.5639328e+00
  -1.7431103e+00
  -1.5363625e+00
  -8.4947789e-01
   5.2994365e-01
   8.6874992e-01
   6.8785012e-01
   7.7542490e-01
  -5.5047697e-01
  -1.0498980e+00
  -1.2405372e+00
  -1.4908774e+00
  -1.5842065e+00
  -1.6068643e+00
  -1.5958843e+00
  -1.5032438e+00
  -1.4114923e+00
  -1.3962462e+00
  -1.6194377e+00
  -1.9665010e+00
  -2.4294896e+00
  -2.7800205e+00
  -2.2394783e+00
   8.4062362e-01
   2.1949360e-01
  -5.8196354e-01
  -5.8653283e-01
  -1.4404833e+00
  -2.8811016e+00
  -5.2341275e+00
  -2.4650345e+00
  -8.2565302e-01
  -7.5942409e-01
  -1.9543570e+00
  -1.9270077e+00
  -4.3348092e-01
  -1.6864341e+00
  -1.6786246e+00
  -2.3955438e+00
  -1.2285901e+00
  -9.2141867e-02
   6.8727869e-01
   8.1529832e-01
   1.2063729e+00
  -1.2853432e-01
  -7.8330308e-01
  -9.8126614e-01
  -1.2568448e+00
  -1.4237523e+00
  -1.4573249e+00
  -1.4575459e+00
  -1.3497041e+00
  -1.2094492e+00
  -1.0729575e+00
  -1.1260607e+00
  -1.4230880e+00
  -1.9697372e+00
  -2.8081427e+00
  -2.9980392e+00
   4.0824685e-01
   1.2594608e+00
  -1.0925097e-01
  -3.3620179e-01
  -9.3746656e-01
  -2.1277688e+00
  -4.2190523e+00
  -4.0759287e+00
  -1.2935810e+00
  -1.0363208e+00
  -2.3740511e+00
  -2.9294939e+00
  -1.0091670e+00
  -9.5759457e-01
  -1.9838778e+00
  -2.8520544e+00
  -1.5152764e+00
  -5.4503393e-01
   3.7969738e-01
   5.6291193e-01
   1.1078485e+00
   3.8280147e-01
  -3.2772455e-01
  -5.5777723e-01
  -8.1119460e-01
  -1.0465622e+00
  -1.1435759e+00
  -1.1544709e+00
  -1.0492291e+00
  -8.7443006e-01
  -7.1814442e-01
  -6.5301007e-01
  -9.0837377e-01
  -1.5655539e+00
  -2.7489924e+00
  -3.0841997e+00
   2.4628720e-01
   1.5697842e+00
   2.2440484e-01
   5.0446298e-02
  -2.8565726e-01
  -1.2314763e+00
  -2.8387580e+00
  -4.0425100e+00
  -1.2629104e+00
  -6.6253352e-01
  -1.4407711e+00
  -1.7700144e+00
  -1.1450589e+00
  -7.2993672e-01
  -1.5743526e+00
  -2.8943605e+00
  -2.1560745e+00
  -9.6542227e-01
  -1.4895802e-02
   1.9468707e-01
   9.0710640e-01
   8.5004783e-01
   2.3642141e-01
   5.0915964e-03
  -2.3748022e-01
  -5.0604445e-01
  -6.9726992e-01
  -7.6633865e-01
  -7.1889997e-01
  -5.5820632e-01
  -4.3776289e-01
  -3.8501570e-01
  -6.0689777e-01
  -1.3730412e+00
  -2.7530181e+00
  -2.7971494e+00
   5.0666332e-01
   1.9712247e+00
   3.4258515e-01
   5.9704071e-01
   3.8985035e-01
  -3.3509585e-01
  -1.6879927e+00
  -2.9718945e+00
  -1.3744557e+00
  -5.1523322e-01
  -8.8021958e-01
  -8.2653320e-01
  -1.3088320e+00
  -1.0635338e+00
  -1.3673012e+00
  -2.2957463e+00
  -2.0261683e+00
  -1.0713586e+00
  -2.0565459e-01
   5.3376528e-03
   5.1502585e-01
   9.2809838e-01
   8.9531660e-01
   8.2222122e-01
   6.0720313e-01
   3.3670086e-01
   3.8984906e-02
  -1.3860907e-01
  -1.9946675e-01
  -1.3360634e-01
  -5.2399304e-02
  -7.7928111e-02
  -3.2605276e-01
  -1.1857512e+00
  -2.6916249e+00
  -1.5205722e+00
   3.6970180e-01
   1.7644887e+00
   5.3550768e-01
   1.0577204e+00
   1.1391670e+00
   6.1905849e-01
  -3.0480886e-01
  -1.7990086e+00
  -2.4689010e-01
  -1.0251261e-01
  -1.2552540e-01
  -1.7537865e-01
  -9.7844708e-01
  -6.4366025e-01
  -4.6015573e-01
  -3.6883783e-01
  -1.1286415e+00
  -6.3203800e-01
   1.5661365e-01
   1.0597678e-01
   3.1847203e-01
   4.3444496e-01
   8.4640564e-01
   1.1455388e+00
   1.1199161e+00
   9.2450745e-01
   6.3898814e-01
   3.8279220e-01
   2.5907430e-01
   2.3295993e-01
   2.5563112e-01
   1.9474777e-01
  -1.2342500e-01
  -1.0554138e+00
  -2.3939580e+00
  -6.8267745e-01
   2.6338884e-01
   1.1126044e+00
   6.4001930e-01
   1.3337916e+00
   1.4154152e+00
   1.1445038e+00
   5.8088207e-01
  -7.9974785e-01
  -3.9591733e-01
  -1.0279721e-01
   1.2774602e-01
   4.9393725e-02
  -5.2628100e-01
  -6.2179141e-02
  -2.0199493e-01
  -7.2888717e-02
  -2.2356126e-01
  -1.4090158e-01
   3.9076763e-01
   1.8237281e-01
   9.8971397e-02
   1.3144585e-01
   2.2361045e-01
   8.8716799e-01
   1.2496669e+00
   1.2708079e+00
   1.1360433e+00
   8.8242722e-01
   7.2002947e-01
   6.2764931e-01
   5.6721228e-01
   4.7739810e-01
   9.2829756e-02
  -9.3813515e-01
  -2.0198262e+00
   4.9437739e-02
   1.7738500e-01
   4.5796120e-01
   6.2896097e-01
   8.6569673e-01
   1.4354868e+00
   1.4197114e+00
   1.2360350e+00
   3.4294462e-01
  -2.7835163e-01
   8.3518222e-02
   1.6108200e-01
   2.5695324e-01
   1.7119260e-01
   1.2357741e-01
  -5.6265239e-02
  -4.8785083e-02
  -4.0285516e-01
   7.8961693e-02
   3.6372367e-01
   2.2297601e-01
   1.4528944e-01
   6.6428632e-02
  -1.0816338e-01
   4.4443420e-01
   1.0669411e+00
   1.3241754e+00
   1.3305930e+00
   1.1747022e+00
   1.0235829e+00
   8.7802595e-01
   7.8367114e-01
   6.5389778e-01
   2.5345665e-01
  -7.8112662e-01
  -1.2677355e+00
   3.4182104e-01
   1.7264092e-01
  -1.0623468e-02
   2.6008707e-01
   5.5287296e-01
   8.5475872e-01
   1.2915164e+00
   1.3960043e+00
   7.5682375e-01
   1.9063929e-01
   1.4784434e-01
   6.6523120e-02
   1.6019778e-01
   1.5670656e-01
   8.5247400e-02
  -4.7144569e-02
  -1.7812575e-01
  -1.0909909e-01
  -1.2760200e-01
   7.7924766e-02
  -2.7447537e-01
  -3.4504296e-01
  -1.3159515e-01
  -5.2916712e-01
   3.2305565e-03
   7.0709274e-01
   1.1425961e+00
   1.2839094e+00
   1.2684278e+00
   1.1665038e+00
   1.0157334e+00
   8.9067258e-01
   7.3679620e-01
   3.8338520e-01
  -5.2741319e-01
  -2.2311869e-01
   3.0305752e-01
  -1.2701702e-01
  -3.0361652e-01
  -1.5794436e-01
   2.5144824e-01
   4.4977874e-01
   6.7001245e-01
   1.0131266e+00
   8.1787753e-01
   6.5772132e-01
   1.6228316e-01
   2.3374043e-01
   1.9330432e-01
   6.2233422e-02
   6.3076049e-02
   6.8171806e-02
   6.9016061e-02
   1.5651768e-01
   1.2024639e-01
  -1.9553888e-01
  -4.4814321e-01
  -6.5851331e-01
  -5.8025008e-01
  -1.5338106e+00
  -7.4579525e-01
   1.0115606e-02
   5.8484522e-01
   8.9898932e-01
   1.0156493e+00
   1.0098729e+00
   9.2340404e-01
   8.4100497e-01
   7.2722523e-01
   4.8272794e-01
  -2.2610666e-01
   2.6759635e-01
   2.8854814e-01
  -3.0130419e-01
  -3.8415553e-01
  -3.4753433e-01
  -3.8869292e-02
   3.4885131e-01
  -5.0686471e-02
   3.3476192e-01
   3.9725169e-01
   6.2544954e-01
   2.0372510e-01
   1.4250068e-01
   1.7263199e-01
   3.5142321e-02
   6.8457287e-02
  -1.1076238e-02
   1.2999828e-02
   1.5332983e-01
   1.7585756e-01
  -1.3567662e-01
   1.8363902e-01
  -1.5880361e-01
  -1.4243059e+00
  -1.7729354e+00
  -1.5589806e+00
  -8.6073959e-01
  -3.8507187e-01
   1.2117951e-01
   3.7998962e-01
   4.4082361e-01
   4.6867040e-01
   5.0155908e-01
   5.1411694e-01
   4.6339354e-01
   2.6467541e-01
   7.0400465e-01
   1.7654474e-01
  -3.5557565e-01
  -3.2537466e-01
  -4.7116423e-01
  -1.4961752e-01
   1.4087649e-01
  -2.8183433e-01
   3.6732447e-01
   6.4398330e-03
  -5.2444685e-01
   4.5381674e-01
   1.4896542e-01
  -5.1993571e-02
  -4.8459861e-02
   1.1666301e-01
  -1.5842128e-01
   7.5319067e-02
   2.4459107e-01
   7.3121741e-02
   2.3712902e-01
   8.1644198e-02
   1.6739288e-01
   3.1031705e-03
  -8.5683961e-01
  -1.2403524e+00
  -7.4561530e-01
  -1.3447138e+00
  -9.8386055e-01
  -7.8018028e-01
  -4.4096846e-01
  -2.5424355e-01
  -1.8310446e-01
  -1.3070567e-01
   1.3225314e-01
   6.3935953e-01
   2.5803187e-01
  -1.6135874e-01
  -1.1825444e-01
  -2.8062859e-01
  -5.6245154e-01
  -4.7895387e-01
  -1.2256185e-01
  -2.6119018e-01
  -4.4951197e-02
   4.8555428e-01
   1.1964604e-01
  -4.4876888e-01
   1.4406070e-01
   7.9677235e-03
  -9.8534666e-02
  -4.2399353e-02
  -4.1271232e-02
   3.2939497e-02
   5.2212280e-01
   2.5475326e-01
   6.2321883e-02
  -4.8007000e-02
   3.5413638e-02
   8.0460623e-02
   1.8928736e-02
  -4.9943249e-03
  -6.7623593e-02
  -3.3331829e-01
  -8.7175196e-01
  -1.2173830e+00
  -4.5516574e-01
  -2.0381077e-01
  -1.3122475e-01
   8.3372369e-03
   9.4475091e-02
   1.8031576e-01
   1.3734588e-01
   5.9275616e-02
   9.1071099e-02
  -2.1076448e-02
  -2.1711776e-01
  -2.6113021e-01
  -1.9635874e-01
  -2.3594089e-01
  -1.8359037e-01
  -3.6496744e-02
  -9.1263704e-02
  -9.5861860e-02
  -7.1079850e-02
  -9.8067723e-02
  -1.2542240e-01
  -1.9302917e-01
  -1.3034886e-01
   1.6493144e-02
   4.4116642e-02
   3.3282891e-02
  -4.5821071e-02
