   0.0000000e+00
   1.6192258e-02
   0.0000000e+00
   0.0000000e+00
   1.8760486e-03
   0.0000000e+00
   0.0000000e+00
   1.9858010e-02
   1.4225491e-02
   9.2597596e-03
   9.8787930e-03
   7.2682466e-03
   0.0000000e+00
   4.9227168e-03
   8.6811454e-03
   8.5256590e-03
   0.0000000e+00
   1.0476776e-02
   7.6485030e-03
   2.7969677e-03
   7.8300176e-04
   2.6811709e-03
   4.3908881e-03
   2.0437885e-04
  -0.0000000e+00
   0.0000000e+00
   0.0000000e+00
   0.0000000e+00
   0.0000000e+00
   0.0000000e+00
   0.0000000e+00
   0.0000000e+00
   0.0000000e+00
   0.0000000e+00
   0.0000000e+00
   0.0000000e+00
   1.2626358e-02
   8.6536678e-03
   5.5300843e-03
   8.5520661e-03
   5.9578571e-03
   8.5840709e-04
   1.3372534e-02
   1.6597542e-02
   1.1185737e-02
   9.0536000e-03
   7.4209981e-03
   6.8692256e-03
   8.5833786e-03
   1.0008153e-02
   9.5705213e-03
   7.3431591e-03
   6.2976525e-03
  -2.9348116e-04
   2.5603987e-03
   3.7705212e-03
  -5.8313098e-04
   2.2714816e-03
   2.8920237e-03
  -2.4436464e-04
  -1.3137679e-03
  -2.7321652e-03
  -7.5497439e-04
  -2.0953489e-03
  -3.1665187e-03
  -2.4121305e-03
   4.3484183e-03
   1.2531962e-02
   1.2275345e-02
   9.5145962e-03
   9.9157445e-03
   1.3366292e-02
   0.0000000e+00
  -5.9758057e-04
   1.1886484e-03
   5.8609476e-03
   0.0000000e+00
   0.0000000e+00
   9.6354939e-03
   8.7436493e-03
   5.4461025e-03
   6.0705623e-03
   5.9763631e-03
   6.9973697e-03
   7.5698868e-03
   7.1046785e-03
   6.8141716e-03
   5.8096617e-03
   4.1246545e-03
  -6.1889947e-04
  -0.0000000e+00
  -1.7416705e-03
  -4.4409046e-03
  -9.6319907e-04
   3.9434521e-03
   5.2318135e-03
   2.7705307e-03
  -1.6322505e-03
  -4.8279907e-03
  -5.4015534e-03
  -3.8813923e-03
   5.8339840e-05
   4.9706990e-03
   9.9103423e-03
   1.3110848e-02
   1.3977846e-02
   1.5281788e-02
   1.1912155e-02
   0.0000000e+00
   0.0000000e+00
   0.0000000e+00
   0.0000000e+00
   0.0000000e+00
   0.0000000e+00
   8.3486987e-03
   2.6787133e-03
  -5.3047209e-03
  -1.6071206e-03
   1.7980171e-03
  -5.9995463e-04
   7.9687314e-04
   3.5384321e-04
  -4.0154171e-04
  -9.9414220e-05
  -3.8799510e-04
  -1.4791425e-03
  -6.5119757e-03
  -1.3165542e-02
  -6.7983193e-03
  -2.8786071e-03
   3.6773852e-03
   6.4785602e-03
   1.6394299e-03
  -6.7451941e-03
  -1.3698184e-02
  -1.3823251e-02
  -9.0730283e-03
  -1.4965832e-03
   4.5428662e-03
   7.6823621e-03
   9.3107866e-03
   9.5885943e-03
   1.0454830e-02
   1.9225711e-03
   0.0000000e+00
   0.0000000e+00
   0.0000000e+00
   0.0000000e+00
   0.0000000e+00
   1.4563267e-02
   2.4129953e-03
  -5.6272135e-03
  -1.0680207e-02
  -1.1534169e-02
  -9.0112823e-03
  -9.2700031e-03
  -8.5336799e-03
  -9.4563821e-03
  -9.5470930e-03
  -7.9809790e-03
  -7.0154276e-03
  -8.4018456e-03
  -1.6168116e-02
  -0.0000000e+00
  -0.0000000e+00
  -4.3854262e-03
   1.2484009e-03
   3.2880104e-03
  -4.2234180e-03
  -1.5614643e-02
  -2.3829293e-02
  -1.8559463e-02
  -9.2651183e-03
  -1.5973735e-03
   2.7303204e-03
   3.2913536e-03
   1.8764574e-03
   9.1494166e-04
   1.0085498e-03
  -5.5056829e-03
  -6.8687785e-03
   0.0000000e+00
   0.0000000e+00
   0.0000000e+00
   0.0000000e+00
   5.8028618e-03
  -1.0863646e-03
  -1.0189920e-02
  -1.5266499e-02
  -1.5016642e-02
  -1.5188511e-02
  -1.5975317e-02
  -1.6324665e-02
  -1.5861632e-02
  -1.4202688e-02
  -1.2205345e-02
  -1.1139960e-02
  -1.2262417e-02
  -1.6459906e-02
  -1.7340228e-02
  -0.0000000e+00
  -5.3509457e-03
  -1.3141118e-03
  -1.9402022e-03
  -1.1257183e-02
  -2.2498896e-02
  -3.2891154e-02
  -0.0000000e+00
  -2.2683543e-03
  -5.1779853e-04
   1.5115917e-03
  -8.1853943e-04
  -5.5144506e-03
  -6.7104144e-03
  -5.7043184e-03
  -7.0304779e-03
  -5.2737832e-03
   0.0000000e+00
   0.0000000e+00
  -0.0000000e+00
   4.9762471e-03
   5.3512964e-03
  -2.7090039e-03
  -1.3402844e-02
  -1.7480599e-02
  -1.7487762e-02
  -1.7980987e-02
  -1.8326687e-02
  -1.7173344e-02
  -1.5220839e-02
  -1.3390799e-02
  -1.1862815e-02
  -1.1595135e-02
  -1.1960690e-02
  -1.1354444e-02
  -1.2005144e-02
   0.0000000e+00
  -7.3234818e-03
  -4.5288573e-03
  -7.4724322e-03
  -1.5077342e-02
  -2.0783387e-02
  -0.0000000e+00
   0.0000000e+00
  -1.2308779e-03
  -1.1250484e-03
   2.3330618e-03
  -1.9596296e-03
  -8.8932663e-03
  -1.0701996e-02
  -9.3867863e-03
  -7.8008650e-03
  -1.6549421e-03
   2.8783237e-03
  -7.1895849e-03
  -5.9096132e-03
   8.0970362e-03
   2.9634507e-03
  -8.7013467e-03
  -1.6628841e-02
  -1.8195137e-02
  -1.7458780e-02
  -1.6158799e-02
  -1.4073951e-02
  -1.2145514e-02
  -1.0440545e-02
  -9.6311606e-03
  -9.1929434e-03
  -9.0574119e-03
  -8.5485429e-03
  -2.2224441e-03
   1.0815857e-02
   0.0000000e+00
  -0.0000000e+00
  -7.8398353e-03
  -1.0594648e-02
  -1.2837491e-02
  -5.6881844e-03
   0.0000000e+00
   0.0000000e+00
  -0.0000000e+00
  -3.3291914e-03
   6.3245512e-03
  -5.3009659e-04
  -7.8524789e-03
  -1.0487134e-02
  -9.2508476e-03
  -6.1862059e-03
   2.7053973e-03
   6.7815639e-03
   3.2425699e-03
  -0.0000000e+00
   6.3712808e-03
  -2.5277471e-03
  -1.0526394e-02
  -1.3862130e-02
  -1.3661121e-02
  -1.2103627e-02
  -9.7402986e-03
  -7.2044283e-03
  -5.9336117e-03
  -5.2615101e-03
  -5.4621226e-03
  -5.8481162e-03
  -5.5318368e-03
  -3.1077180e-03
   7.7704950e-03
   2.9906183e-02
   0.0000000e+00
   0.0000000e+00
  -9.8388359e-03
  -1.3548681e-02
  -6.8311226e-03
   1.5011081e-02
   0.0000000e+00
   0.0000000e+00
  -0.0000000e+00
  -6.8163760e-03
   5.8277629e-03
   1.3058950e-03
  -4.0977993e-03
  -7.2917449e-03
  -5.7986365e-03
  -1.8769680e-03
   8.2204221e-03
   1.1437940e-02
   1.3784726e-02
   0.0000000e+00
   2.0911153e-03
  -5.8791484e-04
  -4.1168882e-03
  -5.3961719e-03
  -5.1883445e-03
  -4.2436188e-03
  -2.2542095e-03
  -4.5151066e-04
  -6.5968910e-05
  -5.6348171e-04
  -1.8859737e-03
  -2.4228003e-03
  -1.5588317e-03
   3.0439091e-03
   1.7091012e-02
   3.8048487e-02
   0.0000000e+00
   0.0000000e+00
  -0.0000000e+00
  -1.8595295e-02
   8.2165713e-04
   3.5140935e-02
   0.0000000e+00
   0.0000000e+00
   0.0000000e+00
  -5.8891804e-03
   9.5337294e-03
   9.2014223e-03
  -2.0900536e-03
  -4.6396581e-03
  -1.4247578e-03
   3.8318285e-03
   1.4057547e-02
   1.7317826e-02
   1.9879765e-02
   9.6577521e-03
   5.7980939e-03
   5.6311898e-03
   3.7139941e-03
   2.5597604e-03
   2.0847730e-03
   2.4415354e-03
   3.8618927e-03
   4.8398594e-03
   4.2726229e-03
   2.6661344e-03
   5.9601833e-04
   3.3132155e-04
   2.2978038e-03
   8.9747738e-03
   2.5099306e-02
   4.7346022e-02
   0.0000000e+00
   0.0000000e+00
  -0.0000000e+00
  -1.9735379e-02
   1.0067219e-02
   5.1794931e-02
   0.0000000e+00
   0.0000000e+00
   0.0000000e+00
  -4.3377393e-03
   1.6336178e-02
   2.0563046e-02
  -2.1123300e-03
  -2.7276046e-03
   3.2497265e-03
   9.7223865e-03
   2.0641344e-02
   2.4300855e-02
   2.4891501e-02
   1.5699683e-02
   1.0685747e-02
   1.0586402e-02
   9.2200134e-03
   8.0493754e-03
   7.2341454e-03
   7.3411963e-03
   8.0310889e-03
   7.6442440e-03
   5.8900402e-03
   3.3171296e-03
   1.5203794e-03
   2.4440093e-03
   6.4990278e-03
   1.5870251e-02
   3.4236345e-02
   4.6982657e-02
   0.0000000e+00
   0.0000000e+00
   0.0000000e+00
  -1.1212973e-02
   2.0407218e-02
   5.8463007e-02
   0.0000000e+00
   0.0000000e+00
   0.0000000e+00
   5.5633284e-03
   1.9343013e-02
   2.7184707e-02
  -0.0000000e+00
  -2.0437726e-03
   7.8216633e-03
   1.5793288e-02
   2.5837041e-02
   2.8963849e-02
   2.6653865e-02
   1.7628726e-02
   1.3566854e-02
   1.3025212e-02
   1.1920748e-02
   1.0528555e-02
   9.2745181e-03
   8.8495389e-03
   8.2743773e-03
   6.6255303e-03
   3.9874231e-03
   1.5224826e-03
   1.4212246e-03
   4.6027224e-03
   1.1195209e-02
   2.3387512e-02
   4.2826638e-02
   4.4289457e-02
   0.0000000e+00
   0.0000000e+00
   0.0000000e+00
   5.9080562e-03
   2.8248880e-02
   5.4761808e-02
   0.0000000e+00
   0.0000000e+00
   0.0000000e+00
   1.1316223e-02
   2.1316649e-02
   2.5780410e-02
   0.0000000e+00
   0.0000000e+00
   1.1469599e-02
   2.0455215e-02
   2.9049765e-02
   2.9250838e-02
   2.4710275e-02
   1.8039865e-02
   1.4145190e-02
   1.3434025e-02
   1.1923436e-02
   9.8266602e-03
   8.0445623e-03
   6.8452074e-03
   5.2086371e-03
   2.9528833e-03
   7.8435312e-04
   3.1055647e-04
   3.0335283e-03
   8.8357646e-03
   1.7688794e-02
   3.1298812e-02
   4.9412593e-02
   0.0000000e+00
   0.0000000e+00
   0.0000000e+00
   0.0000000e+00
   0.0000000e+00
   3.5498749e-02
   4.7817383e-02
   0.0000000e+00
   0.0000000e+00
   0.0000000e+00
   1.7408565e-02
   2.0281108e-02
   2.4015822e-02
   0.0000000e+00
   0.0000000e+00
   1.7691521e-02
   2.4458122e-02
   2.7876820e-02
   2.4478890e-02
   1.9824509e-02
   1.4689285e-02
   1.1001141e-02
   9.8081874e-03
   7.8001493e-03
   5.8803395e-03
   4.7810110e-03
   3.8023281e-03
   2.6123750e-03
   1.5825578e-03
   1.6617004e-03
   3.5723499e-03
   7.8137927e-03
   1.4338576e-02
   2.2807097e-02
   3.3623599e-02
   4.3295100e-02
   0.0000000e+00
   0.0000000e+00
   0.0000000e+00
   0.0000000e+00
   0.0000000e+00
   3.8870622e-02
   4.1953895e-02
   0.0000000e+00
   0.0000000e+00
   0.0000000e+00
   1.8126926e-02
   1.5490795e-02
   2.2542435e-02
   0.0000000e+00
   0.0000000e+00
   2.1159875e-02
   2.5928779e-02
   2.2750311e-02
   1.7084017e-02
   1.3147079e-02
   8.7806024e-03
   5.3580962e-03
   3.6433276e-03
   1.7674325e-03
   6.4076728e-04
   4.7392456e-04
   3.1884320e-04
   6.2826462e-04
   2.1669939e-03
   5.0400868e-03
   8.7694228e-03
   1.3578529e-02
   1.9110955e-02
   2.5127439e-02
   3.0077662e-02
   2.9299895e-02
   0.0000000e+00
   0.0000000e+00
   0.0000000e+00
   0.0000000e+00
   0.0000000e+00
   3.7706665e-02
   3.3302471e-02
   0.0000000e+00
   0.0000000e+00
   0.0000000e+00
   0.0000000e+00
   9.4372529e-03
   0.0000000e+00
   0.0000000e+00
   0.0000000e+00
   2.2190568e-02
   2.3366364e-02
   1.5381951e-02
   8.7912017e-03
   6.3140895e-03
   3.1005733e-03
  -1.2212101e-04
  -2.4875901e-03
  -4.5666569e-03
  -5.9982557e-03
  -6.6221091e-03
  -6.7367801e-03
  -5.5791391e-03
  -2.2537990e-03
   2.5402601e-03
   7.5902571e-03
   1.2457317e-02
   1.6351439e-02
   1.9410629e-02
   2.0104501e-02
   1.6218899e-02
   0.0000000e+00
   0.0000000e+00
   0.0000000e+00
   0.0000000e+00
   3.0406176e-02
   3.1652102e-02
   2.3637623e-02
   0.0000000e+00
   0.0000000e+00
   0.0000000e+00
   0.0000000e+00
   4.2092489e-03
   0.0000000e+00
   0.0000000e+00
   1.6424102e-02
   1.9115346e-02
   1.6978633e-02
   8.6338325e-03
   3.1367824e-03
   5.6301802e-04
  -2.9340886e-04
  -2.7535253e-03
  -4.8653586e-03
  -6.8876831e-03
  -8.8858819e-03
  -1.0429131e-02
  -1.1053810e-02
  -1.0224255e-02
  -7.3978584e-03
  -3.3049353e-03
   7.6811574e-04
   3.4811366e-03
   4.2556313e-03
   3.8954115e-03
   2.5053131e-03
   1.0127260e-03
  -0.0000000e+00
   0.0000000e+00
   0.0000000e+00
  -0.0000000e+00
   1.8390423e-02
   2.3295254e-02
   0.0000000e+00
   0.0000000e+00
   0.0000000e+00
   0.0000000e+00
   0.0000000e+00
   6.9418142e-04
  -2.6184946e-03
  -1.5411370e-05
   1.1129367e-02
   1.7621925e-02
   9.1746906e-03
   6.8184668e-03
  -2.8536227e-03
  -3.0017728e-03
  -7.1062724e-04
  -1.1625163e-03
  -8.5235288e-04
  -5.5397663e-04
  -5.9706357e-04
  -6.7300821e-04
  -3.7196479e-04
   7.6630915e-04
   2.7778374e-03
   5.2003739e-03
   7.1682935e-03
   6.9743004e-03
   3.8254578e-03
  -1.4063136e-03
  -7.7649821e-03
  -1.0816314e-02
  -0.0000000e+00
   0.0000000e+00
   0.0000000e+00
  -2.8479515e-03
   1.5097072e-02
   0.0000000e+00
   0.0000000e+00
   0.0000000e+00
   0.0000000e+00
   0.0000000e+00
   0.0000000e+00
   0.0000000e+00
  -6.1241973e-03
  -3.4453347e-04
   1.2288972e-02
   1.8059915e-02
   8.9350985e-03
  -1.6789382e-03
  -2.7740680e-03
  -7.1422848e-03
  -2.5643161e-03
  -1.3994206e-03
   1.3110016e-03
   4.3502993e-03
   6.9142137e-03
   9.0409901e-03
   1.0881941e-02
   1.2886773e-02
   1.5128120e-02
   1.6866141e-02
   1.7180871e-02
   1.3590444e-02
   5.7986000e-03
  -3.9566248e-03
  -1.3734552e-02
  -1.8962848e-02
  -1.5562994e-02
   0.0000000e+00
  -3.1081952e-02
  -1.6001318e-02
   5.6465929e-03
   0.0000000e+00
   0.0000000e+00
   0.0000000e+00
   0.0000000e+00
   0.0000000e+00
   0.0000000e+00
  -5.1674997e-03
  -7.5608543e-03
   9.0760993e-04
   1.5213872e-02
   1.6965103e-02
   0.0000000e+00
   0.0000000e+00
  -0.0000000e+00
  -1.0175472e-02
  -9.3612438e-03
  -9.1957906e-03
  -6.6791428e-03
  -3.1336877e-03
   4.4204004e-04
   3.4000957e-03
   5.0956248e-03
   5.8880639e-03
   5.9201154e-03
   5.3995489e-03
   4.6936315e-03
   2.6529583e-03
  -1.6247341e-03
  -7.8333337e-03
  -1.6326616e-02
  -2.6161790e-02
  -3.0814755e-02
   0.0000000e+00
  -3.0998256e-02
  -2.7188636e-02
  -1.2878366e-02
   0.0000000e+00
   0.0000000e+00
   0.0000000e+00
   0.0000000e+00
   0.0000000e+00
   0.0000000e+00
  -9.5891250e-03
  -1.1020370e-02
  -1.3870079e-03
   1.2972661e-02
   0.0000000e+00
   0.0000000e+00
   0.0000000e+00
   0.0000000e+00
  -1.3642336e-02
  -1.5112991e-02
  -1.7166885e-02
  -1.6929952e-02
  -1.4891992e-02
  -1.1973031e-02
  -8.9504132e-03
  -7.1628131e-03
  -6.8442058e-03
  -7.9757208e-03
  -9.7695496e-03
  -1.1357164e-02
  -1.1347398e-02
  -9.3019931e-03
  -8.6757438e-03
  -1.3344058e-02
  -2.3064345e-02
  -3.0612470e-02
  -1.0468343e-02
  -2.6903828e-02
  -3.6201503e-02
  -3.2270208e-02
   0.0000000e+00
   0.0000000e+00
   0.0000000e+00
   0.0000000e+00
   0.0000000e+00
   0.0000000e+00
  -1.4670024e-02
  -1.5026916e-02
  -6.4045396e-03
   0.0000000e+00
   0.0000000e+00
   0.0000000e+00
   0.0000000e+00
   0.0000000e+00
  -1.5003607e-02
  -1.6801026e-02
  -1.9607283e-02
  -2.1380937e-02
  -2.0987703e-02
  -1.9647766e-02
  -1.7539412e-02
  -1.5693722e-02
  -1.4954725e-02
  -1.6428007e-02
  -1.9629411e-02
  -2.2921782e-02
  -2.3829592e-02
  -1.8776802e-02
  -1.0223144e-02
  -9.9067930e-03
  -1.6949160e-02
  -1.5436702e-02
  -1.0222578e-02
  -2.3229010e-02
  -4.0380280e-02
  -5.1342855e-02
   0.0000000e+00
   0.0000000e+00
   0.0000000e+00
   0.0000000e+00
   0.0000000e+00
   0.0000000e+00
  -1.8926904e-02
  -1.7104946e-02
  -0.0000000e+00
   0.0000000e+00
   0.0000000e+00
   0.0000000e+00
   0.0000000e+00
   1.1817923e-02
  -1.3180533e-02
  -1.5483519e-02
  -1.7682072e-02
  -2.0700401e-02
  -2.1635643e-02
  -2.1681687e-02
  -2.1166706e-02
  -2.0241800e-02
  -1.9461872e-02
  -2.0270256e-02
  -2.3740600e-02
  -2.7970903e-02
  -3.1405080e-02
  -2.9040979e-02
  -1.5809136e-02
  -0.0000000e+00
  -1.2324986e-02
  -9.4930921e-03
  -8.0810022e-03
  -1.8145641e-02
  -3.6661163e-02
  -6.3980510e-02
   0.0000000e+00
   0.0000000e+00
   0.0000000e+00
   0.0000000e+00
   0.0000000e+00
  -0.0000000e+00
  -2.2066677e-02
  -0.0000000e+00
  -0.0000000e+00
   0.0000000e+00
   0.0000000e+00
   0.0000000e+00
   0.0000000e+00
   9.5945228e-03
  -7.8430837e-03
  -1.2587160e-02
  -1.4484240e-02
  -1.7942745e-02
  -1.9973472e-02
  -2.0628767e-02
  -2.0643953e-02
  -1.9763770e-02
  -1.8611412e-02
  -1.7620470e-02
  -1.9092225e-02
  -2.2434974e-02
  -2.7139112e-02
  -3.0757925e-02
  -2.2953868e-02
   0.0000000e+00
  -0.0000000e+00
  -4.4981916e-03
  -5.1824348e-03
  -1.2088212e-02
  -2.6847456e-02
  -5.5987844e-02
  -0.0000000e+00
   0.0000000e+00
   0.0000000e+00
   0.0000000e+00
  -3.6638079e-02
  -9.7376909e-03
  -1.7268417e-02
  -3.0546876e-02
  -0.0000000e+00
   0.0000000e+00
   0.0000000e+00
   0.0000000e+00
   0.0000000e+00
   1.0273492e-02
  -1.6303286e-03
  -8.7929685e-03
  -1.1166556e-02
  -1.4554085e-02
  -1.7280219e-02
  -1.8223211e-02
  -1.8137682e-02
  -1.6804069e-02
  -1.4881324e-02
  -1.2954076e-02
  -1.2693342e-02
  -1.5191761e-02
  -2.0230241e-02
  -2.8082652e-02
  -2.6711686e-02
   0.0000000e+00
   5.0421216e-04
  -1.5471145e-03
  -2.7838619e-03
  -7.0802118e-03
  -1.8263269e-02
  -4.1182548e-02
  -5.6066947e-02
   0.0000000e+00
   0.0000000e+00
  -1.7889971e-02
  -2.4389253e-02
  -1.0611394e-02
  -0.0000000e+00
  -2.2664997e-02
  -0.0000000e+00
   0.0000000e+00
   0.0000000e+00
   0.0000000e+00
   0.0000000e+00
   0.0000000e+00
   6.4752779e-03
  -2.0209157e-03
  -5.1207564e-03
  -8.4029314e-03
  -1.1651876e-02
  -1.3439978e-02
  -1.3700895e-02
  -1.2444903e-02
  -1.0058057e-02
  -8.2148034e-03
  -7.4195504e-03
  -9.5722543e-03
  -1.5629862e-02
  -2.6774897e-02
  -3.3707477e-02
   0.0000000e+00
   1.6610189e-02
   1.2367522e-03
   2.1287168e-03
  -4.6171632e-04
  -8.5655524e-03
  -2.4096460e-02
  -3.7336790e-02
  -1.3864258e-02
  -5.9131370e-03
  -1.3853478e-02
  -1.7765383e-02
  -1.3502813e-02
  -0.0000000e+00
  -1.9157930e-02
   0.0000000e+00
   0.0000000e+00
   0.0000000e+00
   0.0000000e+00
   0.0000000e+00
   1.1746852e-02
   1.2318789e-02
   7.4116294e-03
   4.6098777e-03
   8.6862600e-04
  -2.9642361e-03
  -5.9637106e-03
  -7.1283183e-03
  -6.8983049e-03
  -4.9910741e-03
  -3.5320381e-03
  -3.1776682e-03
  -5.6140837e-03
  -1.3172252e-02
  -2.7052097e-02
  -0.0000000e+00
   0.0000000e+00
   1.9967960e-02
   3.1521863e-03
   8.2536293e-03
   7.7994126e-03
   6.9273636e-04
  -1.0788308e-02
  -2.3355875e-02
  -0.0000000e+00
  -2.9156648e-03
  -5.5497936e-03
   0.0000000e+00
  -1.4116879e-02
  -9.4700456e-03
  -1.3479778e-02
  -0.0000000e+00
   0.0000000e+00
   0.0000000e+00
   0.0000000e+00
  -0.0000000e+00
   1.1689525e-03
   8.6284047e-03
   1.3937899e-02
   1.5857574e-02
   1.3067088e-02
   8.8667246e-03
   4.6330690e-03
   2.1388573e-03
   1.0237350e-03
   1.3491196e-03
   1.9535054e-03
   1.6833275e-03
  -1.6819583e-03
  -1.1189396e-02
  -2.6860193e-02
  -0.0000000e+00
   0.0000000e+00
   0.0000000e+00
   0.0000000e+00
   1.3620196e-02
   1.5376787e-02
   1.0562349e-02
   1.5874141e-03
  -1.2205735e-02
   0.0000000e+00
  -0.0000000e+00
  -0.0000000e+00
  -0.0000000e+00
  -1.1040958e-02
  -5.7286500e-03
  -0.0000000e+00
  -0.0000000e+00
   0.0000000e+00
   0.0000000e+00
   0.0000000e+00
  -0.0000000e+00
  -0.0000000e+00
  -3.8624718e-03
   6.9787555e-03
   1.8147122e-02
   2.1179667e-02
   1.8735531e-02
   1.5259232e-02
   1.1703126e-02
   9.5247913e-03
   8.3062379e-03
   7.4186996e-03
   6.4534668e-03
   2.0360472e-03
  -1.0120132e-02
  -2.6602764e-02
   0.0000000e+00
   0.0000000e+00
   0.0000000e+00
   0.0000000e+00
   0.0000000e+00
   1.7800349e-02
   1.8409789e-02
   1.3487286e-02
   2.0216826e-03
  -3.2899475e-03
   0.0000000e+00
   0.0000000e+00
  -0.0000000e+00
  -0.0000000e+00
   0.0000000e+00
   0.0000000e+00
   0.0000000e+00
   0.0000000e+00
   0.0000000e+00
   0.0000000e+00
  -0.0000000e+00
  -0.0000000e+00
  -0.0000000e+00
  -6.2220310e-03
   9.5573822e-03
   2.1069663e-02
   2.3842104e-02
   2.2876116e-02
   1.9995559e-02
   1.7048907e-02
   1.4513740e-02
   1.2475521e-02
   1.0147854e-02
   5.1121563e-03
  -9.2979874e-03
  -2.6785353e-02
   0.0000000e+00
   0.0000000e+00
   0.0000000e+00
   0.0000000e+00
   0.0000000e+00
   0.0000000e+00
   2.0846855e-02
   2.0467181e-02
   1.2873119e-02
   5.8812985e-03
   0.0000000e+00
   0.0000000e+00
  -0.0000000e+00
  -0.0000000e+00
   0.0000000e+00
   0.0000000e+00
   0.0000000e+00
   0.0000000e+00
   0.0000000e+00
   0.0000000e+00
   0.0000000e+00
   0.0000000e+00
   0.0000000e+00
  -8.8276374e-03
   2.4740051e-03
   1.7941844e-02
   2.4502036e-02
   2.5349021e-02
   2.3790438e-02
   2.1048832e-02
   1.7796766e-02
   1.4865477e-02
   1.1441060e-02
   6.1263000e-03
  -6.9501158e-03
  -1.6329186e-02
   0.0000000e+00
   0.0000000e+00
   0.0000000e+00
   0.0000000e+00
   0.0000000e+00
   0.0000000e+00
   0.0000000e+00
   1.6493335e-02
   1.5640952e-02
   1.0740821e-02
   0.0000000e+00
   0.0000000e+00
   0.0000000e+00
   0.0000000e+00
   0.0000000e+00
   0.0000000e+00
   0.0000000e+00
   0.0000000e+00
   0.0000000e+00
   0.0000000e+00
   0.0000000e+00
   0.0000000e+00
   0.0000000e+00
  -2.9696092e-02
  -7.2719870e-03
   9.4789777e-03
   1.8693438e-02
   2.2047996e-02
   2.2148271e-02
   2.0511290e-02
   1.7334277e-02
   1.4124301e-02
   1.0565528e-02
   5.8120366e-03
  -4.0694047e-03
  -0.0000000e+00
   0.0000000e+00
   0.0000000e+00
   0.0000000e+00
   0.0000000e+00
   0.0000000e+00
   0.0000000e+00
  -0.0000000e+00
   6.3497164e-03
   1.1753463e-02
   1.3175884e-02
   0.0000000e+00
   0.0000000e+00
   0.0000000e+00
   0.0000000e+00
   0.0000000e+00
   0.0000000e+00
   0.0000000e+00
   0.0000000e+00
   0.0000000e+00
   0.0000000e+00
   0.0000000e+00
   0.0000000e+00
  -0.0000000e+00
  -3.4125572e-02
  -1.9363694e-02
  -5.5805789e-03
   4.1266330e-03
   1.0694436e-02
   1.3229513e-02
   1.2745331e-02
   1.0343526e-02
   8.6301062e-03
   7.2732126e-03
   5.1573566e-03
   1.8588125e-03
   0.0000000e+00
   0.0000000e+00
   0.0000000e+00
   0.0000000e+00
   0.0000000e+00
   0.0000000e+00
   0.0000000e+00
  -0.0000000e+00
   0.0000000e+00
   0.0000000e+00
   0.0000000e+00
   0.0000000e+00
   0.0000000e+00
   0.0000000e+00
   0.0000000e+00
   0.0000000e+00
   0.0000000e+00
   0.0000000e+00
   0.0000000e+00
   0.0000000e+00
   0.0000000e+00
   0.0000000e+00
   0.0000000e+00
  -0.0000000e+00
  -0.0000000e+00
  -0.0000000e+00
  -0.0000000e+00
  -1.9457133e-02
  -7.5990194e-03
  -3.6378540e-03
  -1.8821503e-03
  -2.2440394e-03
  -1.1522975e-03
  -4.2616780e-04
   4.1718262e-03
   0.0000000e+00
   0.0000000e+00
   0.0000000e+00
   0.0000000e+00
   0.0000000e+00
   0.0000000e+00
   0.0000000e+00
   0.0000000e+00
  -0.0000000e+00
  -0.0000000e+00
   0.0000000e+00
   0.0000000e+00
  -0.0000000e+00
   0.0000000e+00
   0.0000000e+00
   0.0000000e+00
   0.0000000e+00
   0.0000000e+00
   0.0000000e+00
   0.0000000e+00
   0.0000000e+00
   0.0000000e+00
  -0.0000000e+00
   0.0000000e+00
   0.0000000e+00
   0.0000000e+00
   0.0000000e+00
   0.0000000e+00
  -0.0000000e+00
  -0.0000000e+00
  -2.9588664e-02
  -0.0000000e+00
  -0.0000000e+00
  -0.0000000e+00
  -0.0000000e+00
   0.0000000e+00
   0.0000000e+00
   0.0000000e+00
   0.0000000e+00
   0.0000000e+00
   0.0000000e+00
   0.0000000e+00
   0.0000000e+00
   0.0000000e+00
   0.0000000e+00
  -0.0000000e+00
   0.0000000e+00
   0.0000000e+00
  -0.0000000e+00
  -0.0000000e+00
   0.0000000e+00
   0.0000000e+00
   0.0000000e+00
   0.0000000e+00
   0.0000000e+00
   0.0000000e+00
   0.0000000e+00
   0.0000000e+00
