  -1.4357706e-02
  -1.5163467e-02
  -9.1501621e-03
  -8.7400736e-03
  -1.2140452e-02
   0.0000000e+00
  -0.0000000e+00
  -6.5649254e-03
  -1.5331918e-02
  -1.8110421e-02
  -1.8337061e-02
  -2.1807163e-02
  -2.6226933e-02
  -2.5992991e-02
  -2.5188000e-02
  -2.3755972e-02
   0.0000000e+00
  -2.2583810e-02
  -2.2601740e-02
  -1.9666116e-02
  -1.8220224e-02
  -1.8170263e-02
  -1.4462254e-02
  -1.0134493e-02
  -0.0000000e+00
   0.0000000e+00
   0.0000000e+00
   0.0000000e+00
   0.0000000e+00
   0.0000000e+00
   0.0000000e+00
   0.0000000e+00
   0.0000000e+00
   0.0000000e+00
   0.0000000e+00
   0.0000000e+00
  -2.3508376e-02
  -2.0588422e-02
  -1.6918341e-02
  -1.5134904e-02
  -1.3955120e-02
  -1.8684471e-02
  -2.1715177e-02
  -1.6038228e-02
  -1.7519515e-02
  -1.6678827e-02
  -1.6231941e-02
  -1.7910644e-02
  -2.1818371e-02
  -2.1650541e-02
  -2.1831913e-02
  -2.2310480e-02
  -2.0205293e-02
  -2.1186845e-02
  -0.0000000e+00
  -1.7874515e-02
  -1.9881824e-02
  -1.7207557e-02
  -1.6075054e-02
  -1.7496592e-02
  -2.1368831e-02
  -2.5541294e-02
  -2.3336707e-02
  -2.1399410e-02
  -1.7709414e-02
  -1.8619247e-02
  -2.0170267e-02
  -2.2134230e-02
  -1.9617979e-02
  -2.3726379e-02
  -2.9448469e-02
  -3.5470905e-02
  -0.0000000e+00
  -1.6197927e-02
  -1.3482016e-02
  -1.0812537e-02
  -0.0000000e+00
  -0.0000000e+00
  -1.3895099e-02
  -1.4295864e-02
  -1.2413515e-02
  -8.7077154e-03
  -6.0686613e-03
  -2.7594569e-03
  -1.5970549e-03
  -2.9268176e-03
  -2.7063268e-03
  -3.1382387e-03
  -4.7279410e-03
  -8.9171855e-03
  -8.6478975e-03
  -9.1888923e-03
  -5.0390111e-03
  -3.2809785e-03
  -3.7963693e-03
  -8.5358405e-03
  -1.3587716e-02
  -1.5917657e-02
  -1.3867777e-02
  -9.3592348e-03
  -5.9809624e-03
  -5.4112347e-03
  -8.4782074e-03
  -1.0793881e-02
  -1.1821048e-02
  -1.4171134e-02
  -1.7666010e-02
  -2.3009853e-02
   0.0000000e+00
   0.0000000e+00
   0.0000000e+00
   0.0000000e+00
   0.0000000e+00
   0.0000000e+00
  -2.5275678e-04
   4.0101055e-03
   1.0151229e-02
   1.1043638e-02
   1.6266927e-02
   2.2062626e-02
   2.9119281e-02
   3.1550378e-02
   3.2887850e-02
   3.4130800e-02
   3.3377975e-02
   3.1040352e-02
   2.9173784e-02
   0.0000000e+00
   2.2463325e-02
   2.0851598e-02
   2.0893805e-02
   1.7069682e-02
   1.2183378e-02
   1.0737315e-02
   1.3929056e-02
   1.8739309e-02
   2.0125465e-02
   1.8414810e-02
   1.5569646e-02
   1.3348404e-02
   1.3110790e-02
   1.4117090e-02
   1.6215505e-02
   1.7710810e-02
   0.0000000e+00
   0.0000000e+00
   0.0000000e+00
   0.0000000e+00
   0.0000000e+00
   1.5093450e-02
   1.6226366e-02
   2.1547796e-02
   2.8274849e-02
   3.4551238e-02
   4.1200235e-02
   4.6308491e-02
   5.2528854e-02
   5.8330201e-02
   6.2381014e-02
   6.5301791e-02
   6.7279741e-02
   6.7922212e-02
   6.6748470e-02
   0.0000000e+00
   0.0000000e+00
   3.7352670e-02
   4.5230180e-02
   4.7182765e-02
   4.6063062e-02
   4.5999628e-02
   4.8810624e-02
   4.8421614e-02
   4.1898757e-02
   3.7173659e-02
   3.5606105e-02
   3.5555925e-02
   3.9315633e-02
   4.4024099e-02
   4.7784876e-02
   4.6066970e-02
   6.3556448e-02
   0.0000000e+00
   0.0000000e+00
   0.0000000e+00
   0.0000000e+00
   3.0278980e-02
   3.3288914e-02
   3.5495162e-02
   4.0690678e-02
   4.6256771e-02
   5.1387639e-02
   5.6584143e-02
   6.1400514e-02
   6.6351056e-02
   7.0762201e-02
   7.4897891e-02
   7.8988379e-02
   8.1693267e-02
   7.7845072e-02
   6.4988139e-02
   0.0000000e+00
   3.9997556e-02
   5.7258923e-02
   6.8133070e-02
   7.2588636e-02
   7.1987017e-02
   7.1720096e-02
   6.7256187e-02
   4.4710485e-02
   4.4326959e-02
   4.7777338e-02
   5.0165841e-02
   5.5859384e-02
   6.3017227e-02
   6.8413726e-02
   6.6468965e-02
   6.7261184e-02
   0.0000000e+00
   0.0000000e+00
   4.7004544e-02
   4.9947254e-02
   4.2836546e-02
   4.3390874e-02
   4.4232365e-02
   4.5696184e-02
   4.7880262e-02
   5.0037395e-02
   5.1694795e-02
   5.2902065e-02
   5.5397585e-02
   5.9005331e-02
   6.3720822e-02
   6.8880722e-02
   7.2964080e-02
   6.9386452e-02
   5.4150778e-02
   0.0000000e+00
   3.4015885e-02
   5.2241929e-02
   6.9729805e-02
   7.8651726e-02
   7.4444115e-02
   0.0000000e+00
   0.0000000e+00
   2.6060239e-02
   3.9951086e-02
   4.8909437e-02
   5.1544104e-02
   5.6832876e-02
   6.3591190e-02
   7.0696235e-02
   7.2177328e-02
   5.9152380e-02
   5.5936883e-02
   4.5953673e-02
   4.6623220e-02
   5.0975717e-02
   5.3377554e-02
   5.1075151e-02
   4.8309326e-02
   4.4312444e-02
   4.1078928e-02
   3.8383704e-02
   3.5185099e-02
   3.3192742e-02
   3.3674277e-02
   3.6228303e-02
   4.0795318e-02
   4.5805637e-02
   4.8923533e-02
   4.5383955e-02
   3.1681806e-02
   0.0000000e+00
   0.0000000e+00
   3.2342534e-02
   4.8784204e-02
   6.0000949e-02
   4.9951524e-02
   0.0000000e+00
   0.0000000e+00
   1.5104627e-02
   2.9029091e-02
   3.9515366e-02
   3.9049074e-02
   4.1524079e-02
   4.6528773e-02
   5.3258531e-02
   5.8279287e-02
   3.5769138e-02
   3.8691157e-02
   3.8443199e-02
   0.0000000e+00
   4.1814526e-02
   4.6587076e-02
   4.3896370e-02
   3.8319174e-02
   3.0797346e-02
   2.4627879e-02
   1.9728666e-02
   1.5501417e-02
   1.2585830e-02
   1.1881601e-02
   1.3701946e-02
   1.7302327e-02
   2.0803576e-02
   2.2158327e-02
   1.8307138e-02
   1.1651638e-02
   0.0000000e+00
   0.0000000e+00
   6.7216033e-03
   2.0739591e-02
   3.1822097e-02
   2.0318005e-02
   0.0000000e+00
   0.0000000e+00
   0.0000000e+00
   9.8104943e-03
   2.1030701e-02
   1.9849533e-02
   1.8688472e-02
   2.1459522e-02
   2.7252318e-02
   3.2047201e-02
   6.4100488e-03
   1.1027168e-02
   1.3585626e-02
   0.0000000e+00
   1.7383945e-02
   2.1298235e-02
   2.0066731e-02
   1.4643270e-02
   7.6819458e-03
   2.1138606e-03
  -2.0713490e-03
  -4.9401829e-03
  -6.8703690e-03
  -7.4654007e-03
  -6.0620666e-03
  -4.0267217e-03
  -2.5164988e-03
  -3.4027451e-03
  -6.8718083e-03
  -3.3209610e-03
   0.0000000e+00
   0.0000000e+00
  -1.6551234e-02
  -3.9887619e-03
   5.0478242e-03
  -4.3014111e-03
   0.0000000e+00
   0.0000000e+00
   0.0000000e+00
  -1.6339112e-03
  -3.3890151e-03
  -6.7934417e-03
  -5.8692778e-03
  -3.3495459e-03
   5.3229008e-04
   3.2917911e-03
  -1.9200772e-02
  -1.5826760e-02
  -9.6066322e-03
  -7.5758725e-03
  -7.3880995e-03
  -5.4302579e-03
  -5.7642192e-03
  -9.5292181e-03
  -1.4299641e-02
  -1.8273526e-02
  -2.0866303e-02
  -2.1896994e-02
  -2.2012699e-02
  -2.1589339e-02
  -2.0519970e-02
  -2.0136842e-02
  -2.1113874e-02
  -2.4347190e-02
  -2.7394433e-02
  -1.8779339e-02
   0.0000000e+00
   0.0000000e+00
  -0.0000000e+00
  -1.4793498e-02
  -1.6023058e-02
  -1.8921228e-02
   0.0000000e+00
   0.0000000e+00
   0.0000000e+00
  -6.3485160e-03
  -2.0027403e-02
  -2.4687504e-02
  -2.6021332e-02
  -2.4534530e-02
  -2.1524442e-02
  -2.0799227e-02
  -3.9278515e-02
  -3.7279915e-02
  -2.9373867e-02
  -2.4933707e-02
  -2.6639124e-02
  -2.5489129e-02
  -2.5334252e-02
  -2.7258556e-02
  -2.9976808e-02
  -3.2618232e-02
  -3.3732072e-02
  -3.2704622e-02
  -3.1003885e-02
  -2.9920453e-02
  -3.0434592e-02
  -3.2603160e-02
  -3.6666077e-02
  -4.2295188e-02
  -4.4842996e-02
  -2.3960095e-02
   0.0000000e+00
   0.0000000e+00
   0.0000000e+00
  -2.6956385e-02
  -3.2715891e-02
  -2.2277685e-02
   0.0000000e+00
   0.0000000e+00
   0.0000000e+00
  -2.2254217e-02
  -2.5692450e-02
  -2.5631905e-02
  -0.0000000e+00
  -4.0698837e-02
  -3.7288215e-02
  -3.8806971e-02
  -4.8907328e-02
  -4.6970993e-02
  -3.8424913e-02
  -3.3702482e-02
  -3.4844320e-02
  -3.4194186e-02
  -3.3738934e-02
  -3.4230165e-02
  -3.5461742e-02
  -3.7055302e-02
  -3.7011597e-02
  -3.5178673e-02
  -3.3249781e-02
  -3.3210702e-02
  -3.6556251e-02
  -4.1800398e-02
  -4.7825709e-02
  -5.3845942e-02
  -5.4108161e-02
  -3.4252710e-02
   0.0000000e+00
   0.0000000e+00
   0.0000000e+00
  -3.8695067e-02
  -4.1247293e-02
  -1.9983331e-02
   0.0000000e+00
   0.0000000e+00
   0.0000000e+00
  -2.8731689e-02
  -2.4964131e-02
  -1.5780595e-02
   0.0000000e+00
  -0.0000000e+00
  -4.3700717e-02
  -4.6819787e-02
  -4.9698994e-02
  -4.5894835e-02
  -3.7557557e-02
  -3.4186609e-02
  -3.4500495e-02
  -3.4630217e-02
  -3.3751700e-02
  -3.3113319e-02
  -3.3511680e-02
  -3.4852594e-02
  -3.5383780e-02
  -3.5282664e-02
  -3.6002140e-02
  -3.9523117e-02
  -4.5708928e-02
  -5.2108090e-02
  -5.7194322e-02
  -5.9470616e-02
  -5.3294703e-02
  -0.0000000e+00
   0.0000000e+00
   0.0000000e+00
   0.0000000e+00
  -0.0000000e+00
  -4.3925006e-02
  -1.9361448e-02
   0.0000000e+00
   0.0000000e+00
   0.0000000e+00
  -3.2637459e-02
  -2.1884616e-02
  -5.8010213e-03
   0.0000000e+00
  -0.0000000e+00
  -4.3408668e-02
  -4.7506962e-02
  -4.0913966e-02
  -3.5611089e-02
  -2.8201774e-02
  -2.5644982e-02
  -2.6167592e-02
  -2.6866537e-02
  -2.6378842e-02
  -2.6501415e-02
  -2.8118530e-02
  -3.1179436e-02
  -3.4977708e-02
  -3.9355222e-02
  -4.4497982e-02
  -5.0738838e-02
  -5.6580868e-02
  -6.0073074e-02
  -6.0139805e-02
  -5.5019174e-02
  -3.8243357e-02
  -0.0000000e+00
   0.0000000e+00
   0.0000000e+00
   0.0000000e+00
  -0.0000000e+00
  -3.8940757e-02
  -1.7498149e-02
   0.0000000e+00
   0.0000000e+00
   0.0000000e+00
  -3.5354266e-02
  -2.0296343e-02
  -2.2073803e-03
   0.0000000e+00
   0.0000000e+00
  -3.8223267e-02
  -4.1247386e-02
  -2.7296605e-02
  -2.2601379e-02
  -1.5942002e-02
  -1.3926490e-02
  -1.5083533e-02
  -1.6690927e-02
  -1.7927647e-02
  -1.9806748e-02
  -2.3038805e-02
  -2.8081784e-02
  -3.5139844e-02
  -4.3779962e-02
  -5.1962789e-02
  -5.9110768e-02
  -6.3240603e-02
  -6.2149592e-02
  -5.5857807e-02
  -4.2567831e-02
  -2.0458512e-02
  -0.0000000e+00
   0.0000000e+00
   0.0000000e+00
   0.0000000e+00
   0.0000000e+00
  -2.8804247e-02
  -1.1492614e-02
   0.0000000e+00
   0.0000000e+00
   0.0000000e+00
  -0.0000000e+00
  -1.8365135e-02
  -3.3491733e-03
   0.0000000e+00
   0.0000000e+00
  -3.1004215e-02
  -3.0544251e-02
  -1.3323315e-02
  -1.0947482e-02
  -5.7694246e-03
  -4.8998245e-03
  -7.1674665e-03
  -1.0581614e-02
  -1.4263614e-02
  -1.7916581e-02
  -2.2279974e-02
  -2.7955893e-02
  -3.5420883e-02
  -4.4446830e-02
  -5.2207578e-02
  -5.8138296e-02
  -5.9763901e-02
  -5.4947395e-02
  -4.3630514e-02
  -2.5359856e-02
  -5.0658142e-03
   0.0000000e+00
   0.0000000e+00
   0.0000000e+00
   0.0000000e+00
  -2.6538632e-02
  -1.7596248e-02
  -2.3550561e-03
   0.0000000e+00
   0.0000000e+00
   0.0000000e+00
   0.0000000e+00
  -1.5423426e-02
  -2.8817208e-03
   0.0000000e+00
  -2.2718353e-02
  -2.2353728e-02
  -1.8372661e-02
  -5.0832123e-03
  -5.3188175e-03
  -1.5893033e-03
  -2.5027773e-03
  -6.6019748e-03
  -1.2467032e-02
  -1.8859553e-02
  -2.4834558e-02
  -3.0899227e-02
  -3.6921779e-02
  -4.2768646e-02
  -4.8140623e-02
  -5.1620349e-02
  -5.3199902e-02
  -5.0736822e-02
  -4.3194341e-02
  -3.0334881e-02
  -1.2660463e-02
   4.1771365e-03
   0.0000000e+00
   0.0000000e+00
   0.0000000e+00
  -2.7961222e-02
  -2.2260012e-02
  -6.7466436e-03
   0.0000000e+00
   0.0000000e+00
   0.0000000e+00
   0.0000000e+00
   0.0000000e+00
  -6.0109636e-03
  -2.1618290e-04
  -1.7925770e-02
  -1.8367930e-02
  -1.6928185e-02
  -1.0285595e-02
  -2.9260255e-03
  -7.7977503e-03
  -3.4117256e-03
  -4.8395726e-03
  -9.2055770e-03
  -1.5198931e-02
  -2.1827266e-02
  -2.8266877e-02
  -3.4748167e-02
  -4.0685408e-02
  -4.5599028e-02
  -4.9128495e-02
  -5.0545555e-02
  -5.0103970e-02
  -4.6343956e-02
  -3.8654454e-02
  -2.7469985e-02
  -1.4068531e-02
   3.3369724e-04
   0.0000000e+00
   0.0000000e+00
   0.0000000e+00
  -2.4242302e-02
  -1.0237067e-02
  -0.0000000e+00
   0.0000000e+00
   0.0000000e+00
   0.0000000e+00
   0.0000000e+00
   0.0000000e+00
  -0.0000000e+00
  -3.8712174e-03
  -1.3892640e-02
  -1.3535094e-02
  -8.4953187e-03
  -5.7410337e-03
  -1.3192572e-03
  -1.0034837e-02
  -7.4550868e-03
  -9.5407754e-03
  -1.2609418e-02
  -1.6353265e-02
  -2.0579889e-02
  -2.5127578e-02
  -3.0554602e-02
  -3.6012693e-02
  -4.0766307e-02
  -4.4160651e-02
  -4.5763711e-02
  -4.6196991e-02
  -4.4864217e-02
  -4.0630168e-02
  -3.3773419e-02
  -2.6257488e-02
  -1.4906830e-02
  -5.9888880e-03
   0.0000000e+00
  -3.4691974e-02
  -2.4674527e-02
  -1.4031996e-03
   0.0000000e+00
   0.0000000e+00
   0.0000000e+00
   0.0000000e+00
   0.0000000e+00
   0.0000000e+00
  -7.1702856e-03
  -8.5550175e-03
  -8.4556100e-03
  -1.1345800e-03
   4.6892304e-03
  -1.3827840e-03
   0.0000000e+00
  -0.0000000e+00
  -1.5319407e-02
  -2.0078570e-02
  -2.2584494e-02
  -2.3647033e-02
  -2.3770414e-02
  -2.3524372e-02
  -2.4355773e-02
  -2.6567189e-02
  -2.9236477e-02
  -3.1552583e-02
  -3.3559270e-02
  -3.6619712e-02
  -4.1410524e-02
  -4.5198135e-02
  -4.7035549e-02
  -4.7421876e-02
  -4.3589037e-02
  -2.9412972e-02
   0.0000000e+00
  -4.0028075e-02
  -2.8466007e-02
   3.5296309e-03
   0.0000000e+00
   0.0000000e+00
   0.0000000e+00
   0.0000000e+00
   0.0000000e+00
   0.0000000e+00
  -1.9623346e-02
  -1.1629016e-02
   2.1917934e-03
   1.7525662e-02
   0.0000000e+00
   0.0000000e+00
   0.0000000e+00
   0.0000000e+00
  -2.8155911e-02
  -3.2912511e-02
  -3.6954824e-02
  -3.8454957e-02
  -3.7615992e-02
  -3.5425164e-02
  -3.3492856e-02
  -3.3702333e-02
  -3.5866935e-02
  -3.9721116e-02
  -4.3836128e-02
  -4.8214454e-02
  -5.0916947e-02
  -5.0664566e-02
  -5.1756602e-02
  -5.6465466e-02
  -6.4686999e-02
  -7.7576319e-02
  -7.3660975e-02
  -4.8097605e-02
  -3.5302576e-02
  -3.6386410e-03
   0.0000000e+00
   0.0000000e+00
   0.0000000e+00
   0.0000000e+00
   0.0000000e+00
   0.0000000e+00
  -2.5765062e-02
  -1.2381884e-02
   9.7598824e-03
   0.0000000e+00
   0.0000000e+00
   0.0000000e+00
  -0.0000000e+00
  -3.7186807e-03
  -3.7814492e-02
  -4.1672688e-02
  -4.6893559e-02
  -4.9902633e-02
  -5.0219692e-02
  -4.9414996e-02
  -4.8634857e-02
  -4.9453951e-02
  -5.2408569e-02
  -5.8455423e-02
  -6.4780965e-02
  -6.9093056e-02
  -6.6552646e-02
  -5.5899110e-02
  -4.6706326e-02
  -5.1507685e-02
  -6.3190944e-02
  -8.3636239e-02
  -6.9355741e-02
  -5.2490260e-02
  -4.4907693e-02
  -1.9919256e-02
   0.0000000e+00
   0.0000000e+00
   0.0000000e+00
   0.0000000e+00
   0.0000000e+00
   0.0000000e+00
  -2.9765693e-02
  -1.0792221e-02
   0.0000000e+00
   0.0000000e+00
   0.0000000e+00
   0.0000000e+00
  -0.0000000e+00
  -2.2846188e-02
  -4.1724002e-02
  -4.5058685e-02
  -5.0592154e-02
  -5.5082370e-02
  -5.7355054e-02
  -5.8898143e-02
  -6.0741119e-02
  -6.3542597e-02
  -6.7539342e-02
  -7.3737472e-02
  -7.9818418e-02
  -8.2463935e-02
  -7.6795213e-02
  -5.9006427e-02
  -3.4452446e-02
  -3.0980055e-02
  -5.3288690e-02
  -6.0000878e-02
  -5.5235445e-02
  -5.0649059e-02
  -5.2416336e-02
  -4.5098440e-02
   0.0000000e+00
   0.0000000e+00
   0.0000000e+00
   0.0000000e+00
   0.0000000e+00
  -0.0000000e+00
  -3.6132011e-02
  -0.0000000e+00
   0.0000000e+00
   0.0000000e+00
   0.0000000e+00
   0.0000000e+00
  -0.0000000e+00
  -3.1794892e-02
  -3.6835566e-02
  -4.3337084e-02
  -4.9441248e-02
  -5.5226304e-02
  -5.9272632e-02
  -6.2210787e-02
  -6.5003529e-02
  -6.7869321e-02
  -7.1225904e-02
  -7.4475005e-02
  -7.7355951e-02
  -7.7290215e-02
  -7.0209272e-02
  -5.1343825e-02
  -1.9810634e-02
   0.0000000e+00
  -0.0000000e+00
  -3.9371129e-02
  -3.8919300e-02
  -4.1821685e-02
  -5.0479539e-02
  -6.2167780e-02
  -0.0000000e+00
   0.0000000e+00
   0.0000000e+00
   0.0000000e+00
  -6.1385701e-02
  -3.5665862e-02
  -3.6038086e-02
  -4.0469361e-02
  -0.0000000e+00
   0.0000000e+00
   0.0000000e+00
   0.0000000e+00
   0.0000000e+00
  -2.5155857e-02
  -2.8908361e-02
  -3.7238073e-02
  -4.3904517e-02
  -5.0243523e-02
  -5.5215385e-02
  -5.8413886e-02
  -6.0732387e-02
  -6.1999694e-02
  -6.3257575e-02
  -6.3605554e-02
  -6.3430555e-02
  -6.1558053e-02
  -5.4355301e-02
  -3.7699603e-02
  -9.0911863e-03
   0.0000000e+00
  -2.3934506e-02
  -2.2697221e-02
  -2.3224857e-02
  -2.9220061e-02
  -4.0478997e-02
  -5.8058396e-02
  -6.1472038e-02
   0.0000000e+00
   0.0000000e+00
  -4.2550900e-02
  -4.8478648e-02
  -3.0910220e-02
  -0.0000000e+00
  -2.6652631e-02
  -0.0000000e+00
   0.0000000e+00
   0.0000000e+00
   0.0000000e+00
   0.0000000e+00
  -1.0714273e-02
  -1.4836225e-02
  -2.1929576e-02
  -2.8697111e-02
  -3.4841451e-02
  -4.0597907e-02
  -4.4488719e-02
  -4.6353391e-02
  -4.6607813e-02
  -4.6383565e-02
  -4.5468280e-02
  -4.3701923e-02
  -4.0693334e-02
  -3.3936705e-02
  -1.9869714e-02
   4.8547405e-04
   0.0000000e+00
  -9.1240706e-03
   8.2168602e-04
  -1.1558685e-03
  -1.0215603e-02
  -2.1720979e-02
  -3.8647167e-02
  -4.7253940e-02
  -2.7877472e-02
  -1.3022003e-02
  -2.8127026e-02
  -3.3276373e-02
  -2.3854120e-02
  -1.2898992e-02
  -1.2575623e-02
   0.0000000e+00
   0.0000000e+00
   0.0000000e+00
   0.0000000e+00
   0.0000000e+00
   3.6519375e-03
   6.3437270e-03
   3.8529206e-03
  -2.4576476e-03
  -9.2688315e-03
  -1.5773559e-02
  -2.0698845e-02
  -2.3635261e-02
  -2.5196206e-02
  -2.5416739e-02
  -2.4832742e-02
  -2.3408715e-02
  -2.0364683e-02
  -1.4244435e-02
  -2.0080535e-03
   1.0252076e-02
   0.0000000e+00
   1.1693573e-02
   2.7838089e-02
   2.3202216e-02
   1.0782421e-02
  -3.5532308e-04
  -1.4470559e-02
  -2.4025055e-02
  -2.7877474e-02
  -3.6355998e-03
  -1.0222693e-03
   0.0000000e+00
  -5.3580653e-03
   4.2122226e-03
   3.2944746e-03
   0.0000000e+00
   0.0000000e+00
   0.0000000e+00
   0.0000000e+00
   0.0000000e+00
   1.9101667e-02
   3.2123797e-02
   3.7118625e-02
   3.2603584e-02
   2.5009787e-02
   1.7914288e-02
   1.1013597e-02
   5.4405145e-03
   1.3308657e-03
  -9.0242573e-04
  -1.2188770e-03
  -7.4604247e-04
   1.1859224e-03
   6.1954418e-03
   1.6093471e-02
   0.0000000e+00
   0.0000000e+00
   0.0000000e+00
   0.0000000e+00
   4.0194918e-02
   3.2224152e-02
   2.3223087e-02
   1.1236037e-02
  -9.3944384e-04
   0.0000000e+00
   0.0000000e+00
   0.0000000e+00
   1.1570435e-02
   1.2505009e-02
   1.5204843e-02
   0.0000000e+00
   0.0000000e+00
   0.0000000e+00
   0.0000000e+00
   0.0000000e+00
   0.0000000e+00
   1.5650310e-02
   4.4669630e-02
   5.6942236e-02
   5.8723338e-02
   5.4056592e-02
   4.7890300e-02
   4.0410008e-02
   3.2743309e-02
   2.6685630e-02
   2.2751231e-02
   2.1110578e-02
   2.0952109e-02
   2.1506354e-02
   2.4546076e-02
   3.2075156e-02
   0.0000000e+00
   0.0000000e+00
   0.0000000e+00
   0.0000000e+00
   0.0000000e+00
   4.7620917e-02
   4.5606479e-02
   3.5645712e-02
   2.1615110e-02
   2.1884514e-02
   0.0000000e+00
   0.0000000e+00
   2.5187582e-02
   2.9399256e-02
   0.0000000e+00
   0.0000000e+00
   0.0000000e+00
   0.0000000e+00
   0.0000000e+00
   0.0000000e+00
   0.0000000e+00
   0.0000000e+00
   0.0000000e+00
   5.4633760e-02
   6.3990012e-02
   6.6739470e-02
   6.4824678e-02
   5.9889328e-02
   5.3007983e-02
   4.6823177e-02
   4.2663813e-02
   4.0346783e-02
   3.9781220e-02
   3.9822660e-02
   3.9361935e-02
   3.9957743e-02
   0.0000000e+00
   0.0000000e+00
   0.0000000e+00
   0.0000000e+00
   0.0000000e+00
   0.0000000e+00
   5.8438643e-02
   5.1307268e-02
   4.4073272e-02
   3.9496597e-02
   0.0000000e+00
   0.0000000e+00
   0.0000000e+00
   0.0000000e+00
   0.0000000e+00
   0.0000000e+00
   0.0000000e+00
   0.0000000e+00
   0.0000000e+00
   0.0000000e+00
   0.0000000e+00
   0.0000000e+00
   0.0000000e+00
   4.7429428e-02
   5.8187515e-02
   6.3094631e-02
   6.4540997e-02
   6.3699797e-02
   6.0171217e-02
   5.6247455e-02
   5.2971106e-02
   5.1052727e-02
   5.0833543e-02
   5.0201278e-02
   4.7176294e-02
   3.7049673e-02
   0.0000000e+00
   0.0000000e+00
   0.0000000e+00
   0.0000000e+00
   0.0000000e+00
   0.0000000e+00
   0.0000000e+00
   5.1208809e-02
   5.4306191e-02
   4.6909189e-02
   4.6237588e-02
   0.0000000e+00
   0.0000000e+00
   0.0000000e+00
   0.0000000e+00
   0.0000000e+00
   0.0000000e+00
   0.0000000e+00
   0.0000000e+00
   0.0000000e+00
   0.0000000e+00
   0.0000000e+00
   0.0000000e+00
   2.5559183e-02
   3.2302391e-02
   3.9392940e-02
   4.5801565e-02
   4.9788268e-02
   5.1696343e-02
   5.2284565e-02
   5.3088163e-02
   5.4275599e-02
   5.4263357e-02
   5.2441770e-02
   4.8118753e-02
   3.8561281e-02
   0.0000000e+00
   0.0000000e+00
   0.0000000e+00
   0.0000000e+00
   0.0000000e+00
   0.0000000e+00
   0.0000000e+00
   3.8719028e-02
   4.6457210e-02
   4.0963715e-02
   4.5769362e-02
   0.0000000e+00
   0.0000000e+00
   0.0000000e+00
   0.0000000e+00
   0.0000000e+00
   0.0000000e+00
   0.0000000e+00
   0.0000000e+00
   0.0000000e+00
   0.0000000e+00
   0.0000000e+00
   0.0000000e+00
   4.6266172e-03
  -1.7373285e-03
   2.7292927e-03
   1.1032019e-02
   1.9713363e-02
   2.7214641e-02
   3.3623274e-02
   3.9861996e-02
   4.4450261e-02
   4.6244504e-02
   4.4897784e-02
   3.8847987e-02
   0.0000000e+00
   0.0000000e+00
   0.0000000e+00
   0.0000000e+00
   0.0000000e+00
   0.0000000e+00
   0.0000000e+00
   0.0000000e+00
   9.0116933e-03
   0.0000000e+00
   2.1351046e-02
   8.7072249e-03
   0.0000000e+00
   0.0000000e+00
   0.0000000e+00
   0.0000000e+00
   0.0000000e+00
   0.0000000e+00
   0.0000000e+00
   0.0000000e+00
   0.0000000e+00
   0.0000000e+00
   0.0000000e+00
   0.0000000e+00
  -0.0000000e+00
  -0.0000000e+00
  -0.0000000e+00
  -1.6397452e-02
  -1.1413433e-02
  -1.9518018e-03
   7.4995282e-03
   1.4285590e-02
   1.8485444e-02
   2.2206483e-02
   2.4232436e-02
   0.0000000e+00
   0.0000000e+00
   0.0000000e+00
   0.0000000e+00
   0.0000000e+00
   0.0000000e+00
   0.0000000e+00
   0.0000000e+00
   0.0000000e+00
   2.8669088e-03
   0.0000000e+00
   0.0000000e+00
  -4.1936968e-03
  -9.0769946e-03
  -4.4830576e-03
  -2.2446089e-03
   0.0000000e+00
   0.0000000e+00
   0.0000000e+00
   0.0000000e+00
   0.0000000e+00
   0.0000000e+00
   7.1597669e-03
   9.2336658e-03
   0.0000000e+00
   0.0000000e+00
   0.0000000e+00
   0.0000000e+00
  -0.0000000e+00
  -0.0000000e+00
  -1.7388133e-02
  -1.5789590e-02
  -0.0000000e+00
  -0.0000000e+00
   0.0000000e+00
   0.0000000e+00
   0.0000000e+00
   0.0000000e+00
   0.0000000e+00
   0.0000000e+00
   0.0000000e+00
   0.0000000e+00
   0.0000000e+00
   0.0000000e+00
   0.0000000e+00
  -1.0486971e-03
   0.0000000e+00
   0.0000000e+00
  -5.0320862e-03
  -1.0718084e-02
  -8.0614564e-03
  -6.5277490e-03
  -4.7363249e-03
  -2.6403888e-03
  -1.0869343e-03
   0.0000000e+00
   0.0000000e+00
   4.3856434e-03
