  -4.0563145e-01
  -6.7809534e-01
  -5.2467537e-01
  -4.4646212e-01
  -8.4879035e-01
  -7.9921925e-01
  -3.2773471e-01
  -4.6258190e-01
  -9.1048849e-01
  -9.9413109e-01
  -1.0530903e+00
  -1.0571274e+00
  -9.8665529e-01
  -1.0892884e+00
  -1.2429661e+00
  -1.1076268e+00
  -9.8283887e-01
  -1.1605619e+00
  -8.8681734e-01
  -9.2283010e-01
  -9.8314852e-01
  -8.2865852e-01
  -7.8938878e-01
  -7.3475730e-01
  -6.8129957e-01
  -6.3801914e-01
  -6.2062061e-01
  -7.7999115e-01
  -5.2235222e-01
  -3.4205544e-01
  -2.7114397e-01
  -3.2255656e-01
  -6.6538048e-01
  -5.2514106e-01
  -2.4136451e-01
  -4.9243130e-02
  -1.8882362e+00
  -1.6622982e+00
  -1.1362036e+00
  -1.0340421e+00
  -1.1256087e+00
  -1.0315238e+00
  -1.0271986e+00
  -1.0853091e+00
  -9.8481196e-01
  -9.3626481e-01
  -8.8773870e-01
  -8.8509977e-01
  -1.0488806e+00
  -1.1715739e+00
  -1.2022495e+00
  -1.2479433e+00
  -1.2391887e+00
  -1.4206578e+00
  -1.0762254e+00
  -1.2313974e+00
  -1.1753566e+00
  -9.6365851e-01
  -8.9251310e-01
  -1.0308399e+00
  -1.2231559e+00
  -1.3977089e+00
  -1.2838058e+00
  -1.1427584e+00
  -9.9557686e-01
  -1.0034136e+00
  -1.0008028e+00
  -1.1836449e+00
  -1.2371855e+00
  -1.3837349e+00
  -1.5734102e+00
  -1.7176735e+00
  -3.7921712e-01
  -1.8549687e-01
  -2.5564170e-01
  -3.3707358e-02
  -5.6024794e-02
   1.6276038e-01
  -2.0413345e-01
  -1.1106407e-01
  -4.4910707e-02
   1.9818115e-01
   4.1275460e-01
   5.7592261e-01
   7.6418418e-01
   7.2082233e-01
   7.0681149e-01
   6.7770612e-01
   5.4990834e-01
   3.2471892e-01
   5.7874724e-02
  -3.1018481e-03
   2.4509230e-01
   3.2980704e-01
   3.3555061e-01
   3.4175839e-02
  -3.1510890e-01
  -5.0146925e-01
  -4.1416329e-01
  -1.3264553e-01
   1.0888167e-01
   1.9190410e-01
   7.9882771e-02
  -9.1263130e-02
  -1.6963498e-01
  -2.1066594e-01
  -2.0237410e-01
  -3.3926710e-01
   4.3148351e-01
   5.4951203e-01
   6.4487159e-01
   3.0313361e-01
   3.1473383e-01
   5.4748207e-01
   6.2464190e-01
   9.7595632e-01
   1.2795695e+00
   1.2982289e+00
   1.8201351e+00
   2.1561875e+00
   2.4746726e+00
   2.6851094e+00
   2.8147085e+00
   2.9276917e+00
   2.9688244e+00
   2.9206097e+00
   2.9085999e+00
   1.5744197e+00
   1.6917701e+00
   1.8944958e+00
   2.0391016e+00
   1.9208373e+00
   1.6914241e+00
   1.5840167e+00
   1.6925128e+00
   1.9016633e+00
   1.9360571e+00
   1.8094696e+00
   1.6673113e+00
   1.5765712e+00
   1.6498716e+00
   1.7935812e+00
   1.9936507e+00
   1.7846308e+00
   1.1836840e+00
   8.5698813e-01
   1.0022235e+00
   9.0552360e-01
   8.6914849e-01
   1.1794115e+00
   1.7406704e+00
   1.9087447e+00
   2.2988870e+00
   2.6858761e+00
   2.9975955e+00
   3.2636845e+00
   3.5490155e+00
   3.8726110e+00
   4.1359205e+00
   4.3346601e+00
   4.5032001e+00
   4.5948935e+00
   4.5344377e+00
   2.0099432e+00
   2.0103960e+00
   2.7618320e+00
   3.3280227e+00
   3.5961196e+00
   3.6405981e+00
   3.5992911e+00
   3.6250262e+00
   3.5216103e+00
   2.9973116e+00
   2.8974411e+00
   2.9264615e+00
   2.9555929e+00
   3.1782427e+00
   3.5101285e+00
   3.7708280e+00
   3.4600666e+00
   3.8682170e+00
   1.3645172e+00
   1.1572440e+00
   1.1492022e+00
   1.1797997e+00
   2.3632156e+00
   2.5980843e+00
   2.5873493e+00
   2.7736642e+00
   3.0239471e+00
   3.2372939e+00
   3.4539520e+00
   3.6487135e+00
   3.8915498e+00
   4.1542242e+00
   4.4174405e+00
   4.6742003e+00
   4.9129737e+00
   4.8259254e+00
   3.1834082e+00
   1.9978294e+00
   2.4571567e+00
   3.6317599e+00
   4.3648360e+00
   4.6633478e+00
   4.5431273e+00
   3.1670048e+00
   2.3482736e+00
   2.2478653e+00
   2.9630463e+00
   3.3877141e+00
   3.5679941e+00
   3.8178396e+00
   4.1926770e+00
   4.5660370e+00
   4.6548703e+00
   4.5192327e+00
   2.4596410e+00
   1.5572631e+00
   2.4698477e+00
   2.3556464e+00
   3.6427326e+00
   3.1770959e+00
   2.9939103e+00
   2.9061291e+00
   2.8897350e+00
   2.8880992e+00
   2.8842125e+00
   2.9141939e+00
   3.0333970e+00
   3.2400987e+00
   3.5558197e+00
   3.9187264e+00
   4.2141380e+00
   4.1380944e+00
   2.5779014e+00
   1.9383996e+00
   1.2507569e+00
   2.8230648e+00
   3.9109738e+00
   4.4569402e+00
   4.1133313e+00
   1.7611241e+00
   1.1252694e+00
   1.1758809e+00
   2.3200226e+00
   3.0196447e+00
   3.1309330e+00
   3.3912914e+00
   3.7350409e+00
   4.1610489e+00
   4.4861417e+00
   3.3847943e+00
   3.5592260e+00
   3.0614891e+00
   2.6567089e+00
   3.2266908e+00
   3.6087580e+00
   3.2031377e+00
   2.7574060e+00
   2.3086092e+00
   2.0019143e+00
   1.7887944e+00
   1.6072723e+00
   1.4973469e+00
   1.5129049e+00
   1.6917766e+00
   2.0107319e+00
   2.3719444e+00
   2.6156468e+00
   2.4738726e+00
   1.6996776e+00
   1.5799453e+00
   4.6994806e-01
   7.3725861e-01
   2.2216804e+00
   3.0200683e+00
   2.3875179e+00
   1.1754769e+00
   1.0954860e+00
   4.1785982e-01
   9.4047189e-01
   1.7350695e+00
   1.9209987e+00
   1.9211342e+00
   2.1750791e+00
   2.6164098e+00
   3.0326014e+00
   1.6179959e+00
   2.1956801e+00
   2.3323448e+00
   1.1095530e+00
   2.0067527e+00
   2.6195560e+00
   2.2369826e+00
   1.6896187e+00
   1.1181780e+00
   7.2668779e-01
   4.5217606e-01
   2.6985586e-01
   1.5215664e-01
   1.3861299e-01
   2.6548442e-01
   4.9487162e-01
   7.2649986e-01
   7.9131585e-01
   5.8028144e-01
   8.5799521e-01
   7.5339955e-01
  -3.6406460e-01
  -7.0263290e-01
   4.1067287e-01
   1.3582647e+00
   6.4751548e-01
   7.0849800e-01
   6.5641749e-01
   1.1425649e-01
   1.9827178e-01
   3.6763155e-01
   3.6739135e-01
   3.0399048e-01
   5.3839922e-01
   9.2601216e-01
   1.2655691e+00
  -8.8599920e-01
  -4.5976591e-01
   1.7205644e-01
   3.9169016e-01
   4.1572264e-01
   2.8130466e-01
   8.9767255e-02
  -3.2548502e-01
  -7.6328588e-01
  -1.0702533e+00
  -1.2687867e+00
  -1.3711756e+00
  -1.4246166e+00
  -1.4449749e+00
  -1.3903327e+00
  -1.3503882e+00
  -1.3920757e+00
  -1.6164277e+00
  -1.8256230e+00
  -1.3092266e+00
  -1.6394398e-01
  -7.3866981e-01
  -1.3070488e+00
  -1.3393847e+00
  -8.3951122e-01
  -1.1926996e+00
  -5.7861143e-01
  -9.5864302e-01
  -4.9054915e-01
  -2.4131222e-01
  -7.8647810e-01
  -1.8123658e+00
  -1.8721803e+00
  -1.5030572e+00
  -1.2231693e+00
  -1.1010134e+00
  -2.7503572e+00
  -2.4748731e+00
  -1.7430547e+00
  -1.0723161e+00
  -1.5428519e+00
  -1.6440423e+00
  -1.6654640e+00
  -1.8758851e+00
  -2.1310384e+00
  -2.3313556e+00
  -2.4577248e+00
  -2.4805486e+00
  -2.4606633e+00
  -2.4539225e+00
  -2.5014565e+00
  -2.6572654e+00
  -2.9477372e+00
  -3.3344331e+00
  -3.4675848e+00
  -2.1498573e+00
  -1.9298732e-01
  -7.0942265e-01
  -6.1368704e-01
  -2.1309245e+00
  -2.5201414e+00
  -1.9256620e+00
  -5.5583322e-01
  -1.3401450e+00
  -1.4388416e+00
  -1.5255433e+00
  -1.9003433e+00
  -2.2503467e+00
  -3.2856028e+00
  -3.1281965e+00
  -2.8074021e+00
  -2.8366807e+00
  -4.1540194e+00
  -3.9662933e+00
  -3.3065035e+00
  -2.8898494e+00
  -3.0915618e+00
  -3.0530024e+00
  -2.9894671e+00
  -3.0326798e+00
  -3.1352158e+00
  -3.2718010e+00
  -3.3408494e+00
  -3.2996693e+00
  -3.2043173e+00
  -3.2201784e+00
  -3.4678774e+00
  -3.8745375e+00
  -4.3267760e+00
  -4.7355785e+00
  -4.6563330e+00
  -2.4561434e+00
   7.0454061e-02
  -4.0802932e-01
  -6.8585819e-01
  -2.5680885e+00
  -3.9024658e+00
  -1.9200447e+00
   5.3816795e-01
  -8.5737944e-01
  -1.4360077e+00
  -3.0011871e+00
  -2.5793555e+00
  -1.5825762e+00
  -2.2708075e+00
  -4.2459860e+00
  -4.0186648e+00
  -4.1216183e+00
  -4.5937386e+00
  -4.3228679e+00
  -3.6983161e+00
  -3.4544611e+00
  -3.5042675e+00
  -3.4667516e+00
  -3.3809543e+00
  -3.3459573e+00
  -3.4058757e+00
  -3.5577350e+00
  -3.6467528e+00
  -3.6429429e+00
  -3.6284609e+00
  -3.8378096e+00
  -4.3019900e+00
  -4.8156796e+00
  -5.2337847e+00
  -5.4400349e+00
  -4.9827023e+00
  -2.1423557e+00
   4.1666739e-03
  -2.5320789e-01
  -8.8599354e-01
  -3.2033038e+00
  -4.4124846e+00
  -1.7573599e+00
   5.8778244e-01
  -6.5041429e-01
  -1.0701929e+00
  -2.9307787e+00
  -2.3798053e+00
  -6.2427253e-01
  -1.0456523e+00
  -2.5463908e+00
  -4.3020267e+00
  -4.4971008e+00
  -4.2136307e+00
  -3.7999196e+00
  -3.2413721e+00
  -3.0842485e+00
  -3.0977700e+00
  -3.0886343e+00
  -2.9904876e+00
  -2.9948156e+00
  -3.1474349e+00
  -3.4199321e+00
  -3.6834960e+00
  -3.8888223e+00
  -4.1443105e+00
  -4.5418534e+00
  -5.0170679e+00
  -5.4065704e+00
  -5.6004729e+00
  -5.4156537e+00
  -4.4134383e+00
  -8.6352551e-01
  -2.0101804e-01
  -3.9294526e-01
  -9.5618415e-01
  -3.2477612e+00
  -4.2273407e+00
  -1.5537469e+00
   5.0776178e-01
  -6.0315120e-01
  -1.2008988e+00
  -3.1455255e+00
  -2.0757868e+00
   8.0658667e-02
  -6.3064414e-01
  -1.4171107e+00
  -3.6703429e+00
  -4.1896615e+00
  -3.1274877e+00
  -2.6712947e+00
  -2.1669841e+00
  -2.0613832e+00
  -2.1430461e+00
  -2.2089520e+00
  -2.2411623e+00
  -2.4181280e+00
  -2.7580242e+00
  -3.2493634e+00
  -3.8097179e+00
  -4.3472247e+00
  -4.8182106e+00
  -5.1991091e+00
  -5.4530654e+00
  -5.4982405e+00
  -5.2811999e+00
  -4.5725808e+00
  -2.6993408e+00
  -5.7157300e-02
  -8.0649978e-01
  -7.8390133e-01
  -9.0864569e-01
  -2.0769870e+00
  -3.3083916e+00
  -1.0755306e+00
   7.8337520e-01
  -5.4495603e-01
  -1.2687645e+00
  -2.7478848e+00
  -2.0244601e+00
   4.6105653e-01
  -4.8597762e-01
  -1.4492331e+00
  -3.1959822e+00
  -3.3436739e+00
  -1.8951204e+00
  -1.5749145e+00
  -1.1027697e+00
  -1.0889229e+00
  -1.3114158e+00
  -1.5848073e+00
  -1.8963060e+00
  -2.2727950e+00
  -2.7344298e+00
  -3.3115332e+00
  -3.9872048e+00
  -4.6792889e+00
  -5.1671553e+00
  -5.4487734e+00
  -5.4513507e+00
  -5.1067648e+00
  -4.4135814e+00
  -3.1726301e+00
  -9.3785280e-01
   4.5080853e-01
  -2.1545811e+00
  -1.5833199e+00
  -1.0133750e+00
  -1.6698164e+00
  -2.2217798e+00
  -3.9911574e-01
   1.0045606e+00
  -3.7274459e-01
  -1.1190237e+00
  -1.6550591e+00
  -1.9818420e+00
   3.3574259e-01
  -7.0529264e-01
  -1.6979486e+00
  -2.5938339e+00
  -2.3080359e+00
  -9.4939214e-01
  -9.6194816e-01
  -4.8815897e-01
  -6.2568551e-01
  -1.0585334e+00
  -1.6529543e+00
  -2.2940965e+00
  -2.8840218e+00
  -3.4627814e+00
  -4.0472379e+00
  -4.6476626e+00
  -5.2270689e+00
  -5.5953207e+00
  -5.7464948e+00
  -5.5517383e+00
  -4.9423289e+00
  -3.8423114e+00
  -2.0205324e+00
   4.7146913e-01
   7.5116336e-01
  -3.3872783e+00
  -3.3551481e+00
  -1.7065597e+00
  -2.3561552e+00
  -1.0571865e+00
   7.1104616e-01
   8.5424674e-01
  -2.3450848e-01
  -9.8488796e-01
  -1.3073008e+00
  -1.5611054e+00
   4.6292517e-01
  -9.2595422e-01
  -1.7169349e+00
  -2.3165498e+00
  -1.5540974e+00
  -1.7347209e-01
  -7.7727380e-01
  -4.7848758e-01
  -7.1457383e-01
  -1.3276286e+00
  -2.1865744e+00
  -3.0986220e+00
  -3.9055452e+00
  -4.6297616e+00
  -5.2433070e+00
  -5.7306464e+00
  -6.0773432e+00
  -6.2131951e+00
  -6.1732805e+00
  -5.8487594e+00
  -5.1413096e+00
  -3.9163232e+00
  -1.8537617e+00
   1.0171946e+00
   9.8475594e-01
  -3.1137982e+00
  -4.4314556e+00
  -2.7787596e+00
  -1.8118887e+00
   1.3771115e-01
   9.4825787e-01
   5.7066642e-01
  -1.1831883e-01
  -7.9400530e-01
  -1.1187203e+00
  -1.2409395e+00
   1.9166564e-01
  -1.5865523e+00
  -2.4304501e+00
  -1.9783039e+00
  -1.1571500e+00
  -1.4805858e-01
  -1.1392302e+00
  -9.0330608e-01
  -1.1760125e+00
  -1.6915748e+00
  -2.3855586e+00
  -3.1439463e+00
  -3.8667600e+00
  -4.5819120e+00
  -5.1954416e+00
  -5.6727693e+00
  -5.9846036e+00
  -6.0962646e+00
  -6.0512063e+00
  -5.7778309e+00
  -5.2022050e+00
  -4.2572345e+00
  -2.9328080e+00
  -1.0474415e+00
   3.7463765e-01
  -1.8893671e+00
  -2.9979478e+00
  -3.0781120e+00
  -9.2766229e-02
   9.4270176e-01
   6.0667812e-01
   5.5530834e-01
  -3.0207863e-03
  -6.4033519e-01
  -1.2345319e+00
  -1.1094431e+00
  -1.1019314e+00
  -1.8858763e+00
  -1.2356240e+00
  -3.1378844e-01
  -3.9897157e-01
  -1.5829353e-01
  -8.3643788e-01
  -1.1530702e+00
  -1.6474544e+00
  -1.9760330e+00
  -2.3125801e+00
  -2.6538298e+00
  -2.9999008e+00
  -3.4272704e+00
  -3.8745942e+00
  -4.2712679e+00
  -4.5371594e+00
  -4.6799312e+00
  -4.8014936e+00
  -4.9635262e+00
  -5.0170212e+00
  -4.8867574e+00
  -4.6141109e+00
  -3.6753840e+00
  -8.1107640e-01
  -3.1301744e+00
  -3.6693940e+00
  -3.0412800e+00
   9.9060911e-01
   1.2076737e+00
   5.4897380e-01
   3.3010671e-01
  -3.7622083e-02
  -5.9591067e-01
  -1.3465936e+00
  -1.6128625e+00
  -1.2844300e+00
  -4.6547279e-01
   1.1319507e+00
   1.3215903e+00
   1.2711871e-02
   1.0861793e-01
  -6.3643098e-02
  -1.6168145e+00
  -2.3169093e+00
  -2.6035745e+00
  -2.7576401e+00
  -2.8411050e+00
  -2.8717229e+00
  -2.9611812e+00
  -3.1811824e+00
  -3.4814587e+00
  -3.7854538e+00
  -4.0301900e+00
  -4.3291779e+00
  -4.7536469e+00
  -5.1678491e+00
  -5.5367112e+00
  -5.7941232e+00
  -5.8417926e+00
  -3.9440444e+00
  -4.3369961e+00
  -4.7769852e+00
  -3.1368155e+00
   1.0849349e+00
   1.1225637e+00
   3.7784794e-01
   2.4205614e-03
  -1.9411775e-01
  -5.4588276e-01
  -1.3293195e+00
  -2.1825252e+00
  -1.1547709e+00
   1.1144069e+00
   2.3293028e+00
   1.2878735e+00
  -5.4827560e-02
  -1.9007447e-01
  -3.0203021e-01
  -2.3221321e+00
  -3.0667090e+00
  -3.4056008e+00
  -3.5695989e+00
  -3.6213582e+00
  -3.6141078e+00
  -3.6343925e+00
  -3.7886751e+00
  -4.0969052e+00
  -4.5954070e+00
  -5.0689402e+00
  -5.4592905e+00
  -5.6035433e+00
  -5.4664102e+00
  -5.4568248e+00
  -5.8017330e+00
  -6.3754926e+00
  -7.5891786e+00
  -6.9205751e+00
  -5.1092777e+00
  -3.6080620e+00
   1.1093136e-01
   8.8749105e-01
   5.5673759e-02
  -4.3655929e-01
  -4.6298009e-01
  -5.1163781e-01
  -1.3473927e+00
  -2.6212852e+00
  -9.3634403e-01
   1.1614215e+00
   1.2150578e+00
   8.6507988e-01
  -1.3905489e-01
  -4.7786582e-01
  -1.0990537e+00
  -3.2501938e+00
  -3.6302230e+00
  -4.0111270e+00
  -4.2628078e+00
  -4.3993196e+00
  -4.5265241e+00
  -4.6975293e+00
  -4.9438014e+00
  -5.3039370e+00
  -5.8374200e+00
  -6.3163557e+00
  -6.5677285e+00
  -6.3840089e+00
  -5.6054339e+00
  -4.5745740e+00
  -4.6003180e+00
  -5.7176318e+00
  -6.5121527e+00
  -5.9875917e+00
  -5.0421567e+00
  -4.3838181e+00
  -1.8073561e+00
  -7.2704032e-03
  -4.2035708e-01
  -9.5061278e-01
  -8.6133748e-01
  -6.9785511e-01
  -1.5766147e+00
  -2.6829004e+00
  -7.9541188e-01
   1.9719657e-01
   1.2446451e+00
   6.7103511e-01
   5.5829976e-02
  -1.0376894e+00
  -2.5676184e+00
  -3.4926755e+00
  -3.8461249e+00
  -4.2829380e+00
  -4.6355910e+00
  -4.8597288e+00
  -5.0689707e+00
  -5.3087673e+00
  -5.5762224e+00
  -5.9032302e+00
  -6.2943382e+00
  -6.6300149e+00
  -6.7369790e+00
  -6.4286180e+00
  -5.3545966e+00
  -3.1730585e+00
  -1.5388978e+00
  -4.1364961e+00
  -5.1255760e+00
  -4.9170089e+00
  -4.6874676e+00
  -4.6788073e+00
  -3.8696182e+00
  -1.4854178e+00
  -1.4463170e+00
  -1.9675504e+00
  -1.7807053e+00
  -1.6586019e+00
  -2.5797191e+00
  -3.0475612e+00
  -1.3976260e+00
   4.2532343e-01
   1.2487557e+00
   5.2228117e-01
   1.7537710e-01
  -7.3669052e-01
  -2.4183459e+00
  -2.9577682e+00
  -3.6069052e+00
  -4.1135364e+00
  -4.5553355e+00
  -4.8389583e+00
  -5.0327640e+00
  -5.2258019e+00
  -5.3950963e+00
  -5.6007175e+00
  -5.7932630e+00
  -5.9679399e+00
  -5.9948425e+00
  -5.6148157e+00
  -4.3696012e+00
  -1.7619138e+00
   1.1891377e-01
  -2.5287745e+00
  -3.4587214e+00
  -3.3809786e+00
  -3.6639118e+00
  -4.2438688e+00
  -4.8378019e+00
  -3.4830551e+00
  -3.4475925e+00
  -4.1173921e+00
  -3.9684634e+00
  -4.5357213e+00
  -3.4854739e+00
  -1.8060002e+00
  -2.6111932e+00
  -4.8447978e-02
   5.0688374e-01
   3.9166057e-01
   2.2637460e-01
  -4.5717838e-01
  -1.1882931e+00
  -2.0957754e+00
  -2.7066483e+00
  -3.2294161e+00
  -3.6950862e+00
  -4.0512495e+00
  -4.2685723e+00
  -4.3875761e+00
  -4.4472713e+00
  -4.5239296e+00
  -4.5798311e+00
  -4.5989728e+00
  -4.5585914e+00
  -4.1371083e+00
  -2.8122070e+00
   3.3748299e-02
   1.3175684e-01
  -1.9770807e+00
  -1.1359529e+00
  -1.1919913e+00
  -1.9117198e+00
  -2.8982491e+00
  -4.0815907e+00
  -4.2308097e+00
  -3.3199799e+00
  -3.6978331e+00
  -3.4674666e+00
  -3.3588035e+00
  -2.5763512e+00
  -8.8719541e-01
  -1.6711040e+00
  -1.7937009e-01
   8.1736678e-03
   5.1088586e-02
   4.7082953e-02
  -3.9061835e-01
  -5.2869219e-01
  -9.0138727e-01
  -1.2956985e+00
  -1.7715714e+00
  -2.2500279e+00
  -2.6774194e+00
  -2.9551008e+00
  -3.0835624e+00
  -3.1404340e+00
  -3.1641200e+00
  -3.1825454e+00
  -3.1335642e+00
  -2.9889762e+00
  -2.5099089e+00
  -1.1892095e+00
   1.0377365e+00
   1.9726580e-01
  -3.9742836e-01
   1.1854305e+00
   9.2820710e-01
  -1.1221669e-01
  -1.1807867e+00
  -2.5227861e+00
  -3.1802654e+00
  -2.5624931e+00
  -1.8982584e+00
  -1.0573013e+00
  -1.2141092e+00
  -1.1950855e+00
  -7.4645966e-01
  -2.3153485e-01
   7.7523166e-01
   3.2898283e-01
   1.8637685e-01
  -4.6078563e-02
  -1.7434493e-01
  -4.5957603e-03
   8.0508941e-01
   8.5296959e-01
   4.9147356e-01
   1.0720950e-02
  -4.4050604e-01
  -8.1688356e-01
  -1.0604281e+00
  -1.2009283e+00
  -1.2517240e+00
  -1.2556140e+00
  -1.2120996e+00
  -1.0276804e+00
  -4.9009702e-01
   7.1903092e-01
   1.4118899e+00
   4.2627427e-01
   1.5652553e+00
   2.8524311e+00
   2.7873867e+00
   1.7976104e+00
   8.9016414e-01
  -2.4402124e-01
  -9.5608938e-01
  -4.7268748e-01
   3.0228102e-01
   9.6246719e-01
   1.3768915e-02
   6.9812179e-01
   1.1003007e+00
   1.8374012e+00
   2.2420638e+00
   1.3127642e+00
   9.4095379e-01
   5.0928414e-01
   3.9172388e-02
   5.1459390e-01
   1.8193288e+00
   2.1464476e+00
   2.0202534e+00
   1.6598345e+00
   1.2930542e+00
   9.0266961e-01
   5.7215893e-01
   3.7116124e-01
   2.5055811e-01
   2.2838268e-01
   2.6170137e-01
   4.0759048e-01
   9.1527265e-01
   1.9621505e+00
   1.3619704e+00
   8.4194160e-01
   1.2214029e+00
   1.3815989e+00
   2.8939753e+00
   2.7589752e+00
   2.2184789e+00
   1.3828982e+00
   3.1403240e-01
   2.3391815e-01
   7.4699932e-01
   6.4596502e-01
   1.0185318e+00
   1.4107453e+00
   1.3809527e+00
   9.6486264e-01
   1.0518857e+00
   1.4729864e+00
   9.9309152e-01
   9.0326989e-01
   5.1233232e-01
   5.4466379e-01
   1.6996732e+00
   2.6918108e+00
   2.8637304e+00
   2.8523698e+00
   2.6889045e+00
   2.4105713e+00
   2.1080365e+00
   1.8625809e+00
   1.6922358e+00
   1.6150999e+00
   1.6188520e+00
   1.7002665e+00
   2.0502343e+00
   2.7370338e+00
   1.1268792e+00
   9.7951061e-01
   8.3853292e-01
   1.0158839e+00
   1.5789289e+00
   3.2199447e+00
   3.2481422e+00
   2.5806463e+00
   1.8052458e+00
   1.1502509e+00
   6.8810785e-01
   6.9961309e-01
   1.6105237e+00
   1.5866065e+00
   9.1340107e-01
   6.1524957e-01
   3.9642659e-01
   5.8750647e-01
   7.4218881e-01
   8.7719822e-01
   6.9540175e-01
   6.6985422e-01
   8.3905870e-01
   2.2987566e+00
   2.8941686e+00
   3.1263528e+00
   3.1633889e+00
   3.0712910e+00
   2.8835273e+00
   2.6604493e+00
   2.5013299e+00
   2.4162095e+00
   2.3948057e+00
   2.4404647e+00
   2.5562208e+00
   2.0566833e+00
   1.0044303e+00
   8.1853199e-01
   6.1496307e-01
   7.9392880e-01
   9.3536979e-01
   1.5793291e+00
   2.0243268e+00
   2.7809262e+00
   2.6644576e+00
   2.1630397e+00
   8.9659047e-01
   7.9446337e-01
   7.6938331e-01
   7.6537901e-01
   5.1954353e-01
   2.6626685e-01
   1.5708643e-01
   6.1515964e-01
   6.0790157e-01
   7.2330844e-01
   5.0344193e-01
   3.9237986e-01
   6.2909584e-01
   1.6250042e+00
   2.3617286e+00
   2.6536121e+00
   2.8394728e+00
   2.9384533e+00
   2.9140703e+00
   2.8328736e+00
   2.7591437e+00
   2.7323171e+00
   2.7561018e+00
   2.7551412e+00
   2.7424621e+00
   1.5348072e+00
   8.8401170e-01
   5.4545861e-01
   4.1798067e-01
   5.9311663e-01
   6.5117739e-01
   6.1419356e-01
   9.7141588e-01
   2.4949369e+00
   2.7906411e+00
   1.7896675e+00
   2.0565951e+00
   9.4882995e-01
   6.7445920e-01
   5.1578921e-01
   3.1842569e-01
   2.9345953e-01
   3.5731392e-01
   3.0013162e-01
   6.5120928e-01
   6.7322264e-01
   4.7220009e-01
   3.1103614e-01
   5.8584309e-01
   1.0351905e+00
   9.7336066e-01
   1.2564368e+00
   1.5683793e+00
   1.8349525e+00
   2.0485678e+00
   2.2140077e+00
   2.3913009e+00
   2.5384195e+00
   2.6193713e+00
   2.6207523e+00
   2.5464041e+00
   1.2213853e+00
   6.6552114e-01
   4.0928909e-01
   3.4847545e-01
   4.4607395e-01
   4.1654864e-01
   4.7169193e-01
   8.7482655e-01
   9.4181734e-01
   1.8206606e+00
   1.8654248e+00
   1.3357941e+00
   5.9111336e-01
   3.7933618e-01
   3.0217245e-01
   2.2041814e-01
   2.8423068e-01
   2.0109081e-01
   2.3917973e-01
   4.6841097e-01
   4.0650570e-01
   8.3794284e-01
   6.1832201e-01
   7.2884041e-01
  -3.1869605e-01
  -6.1012596e-01
  -4.1998744e-01
  -7.2550081e-02
   2.8976777e-01
   6.6819215e-01
   1.0709066e+00
   1.4342970e+00
   1.7197063e+00
   1.8853899e+00
   1.9671261e+00
   1.7170891e+00
   2.9124817e-01
   5.5872130e-01
   3.4685481e-01
   1.8562013e-01
   4.1572475e-01
   2.6371130e-01
   1.6543089e-01
   4.4428918e-01
   2.2382224e-01
   8.3751291e-02
   4.3370134e-01
   2.6382312e-01
   2.4796161e-01
   5.0396454e-02
   1.0510118e-01
   1.2148333e-01
   2.3560034e-01
   1.7812850e-01
   7.7234842e-02
   2.9628399e-01
   4.6429145e-01
   1.6268576e-01
  -6.2864691e-02
  -4.3944895e-02
  -2.6687487e-02
  -5.7025090e-02
  -3.2499588e-01
  -7.8848454e-01
  -1.0244585e+00
  -5.9218329e-01
  -3.5125421e-01
  -8.9278594e-02
   4.9541923e-03
   1.5601350e-01
   9.4696604e-02
  -5.3420728e-01
   9.6617486e-02
   3.6103046e-01
   9.4026089e-02
   1.2519003e-01
   1.4552334e-01
  -6.8186298e-02
  -1.9452000e-01
   1.4067608e-01
   3.2554355e-02
  -3.9423159e-04
   3.6494997e-01
  -1.8397829e-01
  -3.1509977e-01
  -1.6757692e-01
  -1.0085125e-01
  -1.4448217e-02
   1.5825966e-01
   7.6331124e-02
  -2.7934153e-02
   3.8408482e-01
   3.9050156e-01
   1.1641002e-01
   2.2900034e-01
   1.3013519e-01
   1.4648505e-01
   3.5210229e-02
  -1.3988024e-01
  -3.2543633e-02
  -6.1725654e-02
  -6.5548587e-01
  -7.2160685e-01
  -5.2113289e-01
  -4.8645696e-01
  -5.1906013e-01
  -3.8765779e-01
  -2.4937025e-01
  -3.6830999e-02
  -1.1852479e-01
  -2.3104347e-01
  -1.0201457e-01
  -6.7125052e-02
  -1.0026737e-01
  -1.0515532e-01
  -1.3519886e-01
  -3.6074325e-01
  -2.2844172e-01
  -5.6117859e-02
  -6.2844589e-02
  -2.2155024e-01
  -2.6413643e-01
  -2.5395370e-01
  -2.0866388e-01
  -2.0335126e-01
  -2.1576868e-01
  -1.6005772e-01
   6.2896530e-03
   7.6735184e-02
