  3.759672e-01
  3.312010e-01
  3.176925e-01
  3.052487e-01
  2.958629e-01
  2.827819e-01
  2.673563e-01
  2.535261e-01
  2.375528e-01
  2.281644e-01
  2.274633e-01
  2.280335e-01
  2.246256e-01
  2.288550e-01
  2.352460e-01
  2.411471e-01
  2.356148e-01
  2.190968e-01
  2.207800e-01
  2.365396e-01
  2.402806e-01
  2.357094e-01
  2.287275e-01
  2.208004e-01
  2.202048e-01
  2.239634e-01
  2.257407e-01
  2.357501e-01
  2.481126e-01
  2.655046e-01
  2.882319e-01
  3.071314e-01
  3.188048e-01
  3.276996e-01
  3.361814e-01
  3.320722e-01
