   1.4573624e-02
   1.0512219e-02
   0.0000000e+00
   7.3793195e-03
  -2.1047213e-04
   0.0000000e+00
   0.0000000e+00
   1.6892442e-02
   1.0005840e-02
   9.5177925e-03
   6.6871789e-03
   5.8298213e-03
   6.4543847e-03
   9.7913503e-03
   8.2119732e-03
   8.3180435e-03
   0.0000000e+00
   6.0587413e-03
   4.0675380e-03
   1.2307042e-03
   9.0444733e-04
   4.4599979e-03
   1.0927172e-03
  -4.0339743e-03
   0.0000000e+00
   0.0000000e+00
   0.0000000e+00
  -0.0000000e+00
   0.0000000e+00
   0.0000000e+00
   0.0000000e+00
   0.0000000e+00
   0.0000000e+00
   0.0000000e+00
   0.0000000e+00
   0.0000000e+00
   5.1716738e-03
   2.8891003e-03
   6.1794817e-03
   7.6240826e-03
   5.1012931e-03
   7.5295478e-03
   1.2173798e-02
   1.0723887e-02
   8.3271693e-03
   7.0405938e-03
   7.2755609e-03
   8.6797588e-03
   8.6997207e-03
   8.8237571e-03
   8.0745229e-03
   5.6117447e-03
   1.4617895e-03
  -4.4811137e-03
   0.0000000e+00
  -5.4412539e-04
  -1.1212425e-03
   2.1279743e-03
   3.0675605e-03
   1.6282947e-03
  -8.9179955e-04
  -2.1539873e-03
  -2.2957348e-03
  -3.0609324e-03
  -2.1912495e-03
   1.6095201e-03
   8.5247367e-03
   1.2554968e-02
   1.2621366e-02
   1.1790495e-02
   1.4452850e-02
   1.0063487e-02
  -0.0000000e+00
  -3.3671459e-03
   1.6317677e-03
   4.6218858e-03
   0.0000000e+00
   0.0000000e+00
   6.7714253e-03
   2.9216900e-03
   3.9031471e-03
   4.8033485e-03
   4.0071723e-03
   4.3520210e-03
   4.5656119e-03
   3.8636837e-03
   3.7662231e-03
   3.1817402e-03
   1.7108381e-03
  -1.1308670e-03
  -4.4457796e-03
  -7.7639936e-03
  -4.6735108e-03
   1.3741498e-03
   6.2334649e-03
   5.6436630e-03
  -1.6497445e-04
  -6.5537309e-03
  -9.8146182e-03
  -8.4897866e-03
  -3.7913013e-03
   2.3662800e-03
   7.5534331e-03
   1.0325276e-02
   1.2356783e-02
   1.3814230e-02
   1.3476340e-02
   2.1804234e-03
   0.0000000e+00
   0.0000000e+00
   0.0000000e+00
   0.0000000e+00
   0.0000000e+00
   0.0000000e+00
   6.1148545e-04
  -5.4545190e-03
  -9.4974279e-03
  -5.8874450e-03
  -4.6876916e-03
  -4.3119211e-03
  -3.6220732e-03
  -4.9981000e-03
  -4.8375097e-03
  -3.6985825e-03
  -4.1810661e-03
  -7.0707407e-03
  -1.9602882e-02
  -0.0000000e+00
  -4.8296655e-03
  -1.1139696e-03
   5.0245640e-03
   3.3448557e-03
  -6.0877949e-03
  -1.5661061e-02
  -1.9408884e-02
  -1.3702281e-02
  -5.8235116e-03
   1.3294107e-03
   4.9856491e-03
   5.7437252e-03
   5.5072065e-03
   5.8424422e-03
   2.6777468e-03
  -1.0724269e-02
   0.0000000e+00
   0.0000000e+00
   0.0000000e+00
   0.0000000e+00
   0.0000000e+00
   4.6277378e-03
  -4.7644228e-03
  -1.1548460e-02
  -1.3817326e-02
  -1.2820190e-02
  -1.2867638e-02
  -1.3038304e-02
  -1.3318294e-02
  -1.3344703e-02
  -1.1934996e-02
  -9.8542338e-03
  -1.0095971e-02
  -1.3411583e-02
  -2.0452383e-02
   0.0000000e+00
  -0.0000000e+00
  -2.9310160e-03
   1.4786099e-03
  -2.3076190e-03
  -1.4295304e-02
  -2.5690351e-02
  -2.5473351e-02
  -9.6671795e-03
  -3.5865977e-03
   8.7124162e-04
   2.0157227e-03
  -5.9639977e-04
  -2.9902668e-03
  -2.8377334e-03
  -3.9883470e-03
  -7.9538093e-03
  -6.3851405e-03
   0.0000000e+00
   0.0000000e+00
   0.0000000e+00
   0.0000000e+00
   3.5553521e-03
  -6.8669835e-03
  -1.5206752e-02
  -1.6408988e-02
  -1.6517215e-02
  -1.7394919e-02
  -1.7957074e-02
  -1.6970678e-02
  -1.5246171e-02
  -1.3293872e-02
  -1.1821050e-02
  -1.1925813e-02
  -1.3586934e-02
  -1.4620375e-02
  -2.4677665e-02
  -0.0000000e+00
  -4.8571809e-03
  -2.7236925e-03
  -8.7067099e-03
  -1.9212709e-02
  -2.8139604e-02
  -2.7776126e-02
  -8.8210020e-04
  -1.1304774e-03
   6.8458145e-04
   6.9337971e-04
  -5.1763115e-03
  -9.1779861e-03
  -8.5766898e-03
  -7.8637879e-03
  -6.6116499e-03
  -1.2195034e-03
   0.0000000e+00
  -0.0000000e+00
   0.0000000e+00
   6.1339465e-03
   2.4773658e-04
  -1.1113077e-02
  -1.7710913e-02
  -1.8260455e-02
  -1.8116020e-02
  -1.7621564e-02
  -1.6182074e-02
  -1.4211311e-02
  -1.2419632e-02
  -1.1278637e-02
  -1.0543949e-02
  -1.0674506e-02
  -9.8329131e-03
  -3.4940236e-03
  -5.6348480e-03
   0.0000000e+00
  -7.6097928e-03
  -6.6910228e-03
  -1.2148199e-02
  -1.6490189e-02
  -1.6845575e-02
   0.0000000e+00
  -0.0000000e+00
  -4.3992996e-03
   1.3210656e-03
   3.3520460e-03
  -5.4614260e-03
  -1.0755330e-02
  -1.0660594e-02
  -8.8445889e-03
  -6.0327314e-03
   3.4551674e-03
   4.9816391e-03
  -2.9015020e-03
   8.5755648e-03
   5.7863926e-03
  -5.7676379e-03
  -1.4296819e-02
  -1.6737582e-02
  -1.5953010e-02
  -1.4247084e-02
  -1.1726481e-02
  -9.6155573e-03
  -8.1739724e-03
  -7.3647644e-03
  -7.4293055e-03
  -7.3966254e-03
  -6.8729400e-03
  -3.2179037e-03
   1.4386150e-02
   2.5108468e-02
   0.0000000e+00
  -0.0000000e+00
  -1.0213856e-02
  -1.2158115e-02
  -4.0370035e-03
   1.0775739e-02
   0.0000000e+00
   0.0000000e+00
  -6.4247540e-03
   5.8632465e-03
   4.2939615e-03
  -3.4691899e-03
  -8.0685271e-03
  -8.5989721e-03
  -6.1069790e-03
  -2.2833026e-03
   7.2816517e-03
   8.5416390e-03
   6.0453314e-03
   0.0000000e+00
   1.0055009e-03
  -6.0864333e-03
  -1.0045376e-02
  -1.0512825e-02
  -9.4749685e-03
  -7.5861677e-03
  -5.0964011e-03
  -3.5191053e-03
  -3.1034469e-03
  -3.2724836e-03
  -4.2083599e-03
  -4.1333465e-03
  -2.6880181e-03
   3.5367322e-03
   2.6375936e-02
   3.2079200e-02
   0.0000000e+00
  -0.0000000e+00
  -1.3040493e-02
  -1.2148758e-02
   9.4554275e-03
   3.1057512e-02
   0.0000000e+00
   0.0000000e+00
  -0.0000000e+00
   3.8125613e-03
   6.1061168e-03
   1.2392453e-03
  -5.0500683e-03
  -5.3433455e-03
  -1.8298157e-03
   2.7194242e-03
   1.3285672e-02
   1.6377836e-02
   1.6127424e-02
   4.7536923e-03
   3.0728164e-03
   1.8831089e-03
  -1.4163136e-04
  -6.5961434e-04
  -6.5174547e-04
   6.5644417e-04
   2.1907743e-03
   2.9768341e-03
   2.1730056e-03
   6.3532771e-04
  -7.7841873e-04
  -2.8249694e-04
   2.8174284e-03
   1.1673610e-02
   3.6457811e-02
   4.3563951e-02
   0.0000000e+00
   0.0000000e+00
  -1.6423978e-02
  -1.1233184e-02
   2.6326356e-02
   5.3649165e-02
   0.0000000e+00
   0.0000000e+00
  -0.0000000e+00
  -6.3779702e-03
   1.4914413e-02
   5.6867357e-03
  -3.8627370e-03
  -1.3969373e-03
   4.2671477e-03
   9.3958015e-03
   1.9002974e-02
   2.2157870e-02
   1.8212972e-02
   9.5271496e-03
   8.1855850e-03
   7.5039132e-03
   5.9174276e-03
   5.1553259e-03
   4.6909596e-03
   5.7540932e-03
   6.5633389e-03
   6.3086492e-03
   4.5257765e-03
   2.1493603e-03
   1.0197463e-03
   2.4044656e-03
   7.3291427e-03
   1.8358320e-02
   4.3314490e-02
   4.7266427e-02
   0.0000000e+00
   0.0000000e+00
  -0.0000000e+00
  -5.6807278e-03
   3.7657831e-02
   6.4026706e-02
   0.0000000e+00
   0.0000000e+00
  -0.0000000e+00
   5.8581558e-03
   2.3750091e-02
   1.3330195e-02
  -2.7537078e-03
   1.1799266e-03
   9.3872696e-03
   1.4946829e-02
   2.5566576e-02
   2.7746201e-02
   2.2027615e-02
   1.3363103e-02
   1.2277761e-02
   1.1543162e-02
   1.0054341e-02
   9.1331135e-03
   8.3310632e-03
   8.7129669e-03
   8.1582321e-03
   6.5666442e-03
   3.8150190e-03
   1.6625102e-03
   2.0147336e-03
   5.7289908e-03
   1.3349557e-02
   2.7475988e-02
   4.8597291e-02
   3.6311474e-02
   0.0000000e+00
   0.0000000e+00
  -0.0000000e+00
   8.8860385e-03
   4.4703167e-02
   5.6212652e-02
   0.0000000e+00
   0.0000000e+00
   0.0000000e+00
   1.2449539e-02
   2.6618082e-02
   2.2752448e-02
  -0.0000000e+00
   3.0394101e-03
   1.4832084e-02
   2.0923447e-02
   2.9467229e-02
   2.8787278e-02
   2.2213478e-02
   1.5427581e-02
   1.3854903e-02
   1.3278158e-02
   1.1420419e-02
   9.8399147e-03
   8.5070692e-03
   7.6354179e-03
   5.9148301e-03
   3.4682378e-03
   9.8216871e-04
   7.7219104e-04
   3.7314580e-03
   1.0338426e-02
   2.0520099e-02
   3.6573373e-02
   5.1133212e-02
   3.9399114e-02
   0.0000000e+00
   0.0000000e+00
   0.0000000e+00
   2.0460359e-02
   4.6259455e-02
   3.7905949e-02
   0.0000000e+00
   0.0000000e+00
   0.0000000e+00
   1.6295034e-02
   2.4814822e-02
   2.2915646e-02
   0.0000000e+00
   0.0000000e+00
   1.9065551e-02
   2.5625113e-02
   2.8963761e-02
   2.5500793e-02
   2.0240517e-02
   1.4536511e-02
   1.2756912e-02
   1.1707548e-02
   9.3513634e-03
   7.5075617e-03
   6.1542513e-03
   4.6852338e-03
   2.8583689e-03
   1.0253008e-03
   5.2517012e-04
   2.5856013e-03
   7.4200490e-03
   1.5562473e-02
   2.6226457e-02
   4.0713742e-02
   5.2173386e-02
   0.0000000e+00
   0.0000000e+00
   0.0000000e+00
   0.0000000e+00
   0.0000000e+00
   4.5065064e-02
   3.9722867e-02
   0.0000000e+00
   0.0000000e+00
   0.0000000e+00
   1.7224256e-02
   2.2412468e-02
   2.2939958e-02
   0.0000000e+00
   0.0000000e+00
   2.2161826e-02
   2.7934749e-02
   2.3640417e-02
   1.8462615e-02
   1.4562995e-02
   9.4595803e-03
   7.5665619e-03
   5.8662798e-03
   3.9192555e-03
   3.0046091e-03
   2.5778641e-03
   1.9567183e-03
   1.7957321e-03
   2.4920159e-03
   4.8036990e-03
   8.3844038e-03
   1.3581933e-02
   2.0767223e-02
   2.8373735e-02
   3.5755083e-02
   3.2639214e-02
   0.0000000e+00
   0.0000000e+00
   0.0000000e+00
   0.0000000e+00
   0.0000000e+00
   4.0052097e-02
   3.5184331e-02
   0.0000000e+00
   0.0000000e+00
   0.0000000e+00
   1.1324732e-02
   1.7826855e-02
   2.3191131e-02
   0.0000000e+00
   0.0000000e+00
   2.3209248e-02
   2.6266789e-02
   1.5618050e-02
   1.0220068e-02
   7.7702110e-03
   3.2598306e-03
   1.0865334e-03
  -9.9463284e-04
  -2.5751463e-03
  -3.1594427e-03
  -3.2450533e-03
  -2.8647766e-03
  -1.0483644e-03
   2.4459786e-03
   7.1453946e-03
   1.1841851e-02
   1.6557055e-02
   2.1398887e-02
   2.4870262e-02
   2.4211477e-02
   1.9693177e-02
   0.0000000e+00
   0.0000000e+00
   0.0000000e+00
   0.0000000e+00
   0.0000000e+00
   3.1630531e-02
   2.4748089e-02
   0.0000000e+00
   0.0000000e+00
   0.0000000e+00
   0.0000000e+00
   9.9323057e-03
   0.0000000e+00
   0.0000000e+00
   2.2693528e-02
   1.9995451e-02
   2.0299384e-02
   9.2906179e-03
   3.4136861e-03
   2.8802603e-03
  -6.7141326e-04
  -3.1277915e-03
  -5.5800071e-03
  -7.7922153e-03
  -9.4014490e-03
  -1.0348467e-02
  -1.0198222e-02
  -8.0974307e-03
  -3.9744726e-03
   1.2944089e-03
   5.8376528e-03
   9.1163525e-03
   1.1314720e-02
   1.2206185e-02
   1.0890375e-02
   8.1581684e-03
   0.0000000e+00
   0.0000000e+00
   0.0000000e+00
   0.0000000e+00
   2.9952074e-02
   2.2910541e-02
   1.9989996e-02
   0.0000000e+00
   0.0000000e+00
   0.0000000e+00
   0.0000000e+00
   2.9156050e-03
   0.0000000e+00
   0.0000000e+00
   1.8755351e-02
   1.4950107e-02
   1.1990360e-02
   7.4466315e-03
  -1.2341217e-03
  -1.1453903e-04
  -1.7601499e-03
  -3.1115330e-03
  -4.3838354e-03
  -5.8163998e-03
  -7.0830468e-03
  -7.8548193e-03
  -7.5709545e-03
  -6.0119496e-03
  -3.3044720e-03
  -2.0526764e-05
   2.2177228e-03
   2.4432840e-03
   8.3342580e-04
  -1.8039567e-03
  -4.2838561e-03
  -6.4112164e-03
   0.0000000e+00
   0.0000000e+00
   0.0000000e+00
   6.9193467e-03
   2.3350406e-02
   2.0110810e-02
   0.0000000e+00
   0.0000000e+00
   0.0000000e+00
   0.0000000e+00
   0.0000000e+00
  -1.7976185e-03
  -8.1574000e-03
   2.8386943e-03
   1.8112686e-02
   1.2275101e-02
   7.7038918e-03
  -5.2645552e-03
  -5.7154338e-03
  -2.2252600e-03
  -9.0424752e-04
   4.5334071e-04
   2.5243211e-03
   4.4043464e-03
   5.6611893e-03
   6.6846154e-03
   8.0584064e-03
   9.8485059e-03
   1.1955698e-02
   1.3819423e-02
   1.3697705e-02
   1.0011527e-02
   2.4314932e-03
  -6.2420673e-03
  -1.4671266e-02
  -1.4720429e-02
   0.0000000e+00
   0.0000000e+00
  -0.0000000e+00
   2.0938871e-03
   1.4427804e-02
   0.0000000e+00
   0.0000000e+00
   0.0000000e+00
   0.0000000e+00
   0.0000000e+00
   0.0000000e+00
  -0.0000000e+00
  -6.5194673e-03
   7.8355512e-03
   1.9395379e-02
   1.3524135e-02
   7.7508899e-03
  -5.0571040e-03
  -6.6918505e-03
  -6.8034213e-03
  -5.5752271e-03
  -3.5166654e-03
  -8.0646249e-05
   3.6710040e-03
   6.7024315e-03
   9.0262210e-03
   1.0917122e-02
   1.2365845e-02
   1.3388591e-02
   1.3656030e-02
   1.1965715e-02
   6.6672964e-03
  -2.0811474e-03
  -1.1122027e-02
  -2.0554939e-02
  -2.3955214e-02
  -2.8388367e-02
   0.0000000e+00
  -2.8515594e-02
  -1.1293232e-02
   5.4720789e-05
   0.0000000e+00
   0.0000000e+00
   0.0000000e+00
   0.0000000e+00
   0.0000000e+00
   0.0000000e+00
  -8.7090187e-03
  -6.5390184e-03
   7.7171233e-03
   1.7161298e-02
   1.5627340e-02
   8.8198151e-03
  -0.0000000e+00
  -0.0000000e+00
  -1.1697827e-02
  -1.3161055e-02
  -1.2676082e-02
  -1.0284043e-02
  -6.8452712e-03
  -3.5367981e-03
  -1.1890167e-03
  -1.9218092e-04
  -3.9102853e-04
  -1.3130379e-03
  -2.4204957e-03
  -3.2305820e-03
  -4.0505813e-03
  -6.3643316e-03
  -1.1296896e-02
  -1.9782668e-02
  -3.3835933e-02
  -4.0093631e-02
  -0.0000000e+00
  -3.2146204e-02
  -2.6677193e-02
  -1.7566167e-02
   0.0000000e+00
   0.0000000e+00
   0.0000000e+00
   0.0000000e+00
   0.0000000e+00
   0.0000000e+00
  -1.1577321e-02
  -1.0384508e-02
   2.9299447e-03
   1.6558811e-02
   0.0000000e+00
   0.0000000e+00
   0.0000000e+00
  -0.0000000e+00
  -1.4920702e-02
  -1.8024415e-02
  -1.9866431e-02
  -1.9554242e-02
  -1.7819554e-02
  -1.5221377e-02
  -1.2679714e-02
  -1.1286840e-02
  -1.1659997e-02
  -1.3663114e-02
  -1.6362879e-02
  -1.7980862e-02
  -1.6044281e-02
  -1.0730134e-02
  -9.4163585e-03
  -1.4937827e-02
  -2.3111330e-02
  -1.1224927e-02
  -1.5717579e-02
  -3.3334371e-02
  -4.2067859e-02
  -3.9577551e-02
   0.0000000e+00
   0.0000000e+00
   0.0000000e+00
   0.0000000e+00
   0.0000000e+00
  -0.0000000e+00
  -1.5173607e-02
  -1.5743777e-02
  -1.9592335e-05
   0.0000000e+00
   0.0000000e+00
   0.0000000e+00
   0.0000000e+00
  -1.3376037e-02
  -1.5402443e-02
  -1.7509090e-02
  -2.0444753e-02
  -2.1781312e-02
  -2.1767311e-02
  -2.0920530e-02
  -1.9563543e-02
  -1.8368052e-02
  -1.8392645e-02
  -2.0971479e-02
  -2.5231838e-02
  -2.8662950e-02
  -2.8458610e-02
  -1.9284589e-02
  -7.5720397e-03
  -1.2909139e-02
  -1.4442052e-02
  -9.3222763e-03
  -1.3213788e-02
  -2.9691240e-02
  -5.2276175e-02
  -6.1670091e-02
   0.0000000e+00
   0.0000000e+00
   0.0000000e+00
   0.0000000e+00
   0.0000000e+00
  -0.0000000e+00
  -2.0851118e-02
  -1.6408640e-02
   0.0000000e+00
   0.0000000e+00
   0.0000000e+00
   0.0000000e+00
   0.0000000e+00
  -4.2205990e-03
  -1.3471124e-02
  -1.5015141e-02
  -1.7963193e-02
  -2.0416873e-02
  -2.1364991e-02
  -2.1483455e-02
  -2.0941492e-02
  -2.0147154e-02
  -1.9420974e-02
  -2.0642258e-02
  -2.4377126e-02
  -2.8487323e-02
  -3.1726349e-02
  -2.7111933e-02
  -1.1053688e-02
  -1.2012736e-02
  -8.2093067e-03
  -5.9547988e-03
  -9.7500496e-03
  -2.2732716e-02
  -4.8249740e-02
  -7.0086040e-02
   0.0000000e+00
   0.0000000e+00
   0.0000000e+00
   0.0000000e+00
   0.0000000e+00
  -0.0000000e+00
  -2.5562706e-02
  -0.0000000e+00
  -0.0000000e+00
   0.0000000e+00
   0.0000000e+00
   0.0000000e+00
   0.0000000e+00
   2.6623645e-03
  -9.2611182e-03
  -1.1860279e-02
  -1.4663343e-02
  -1.7814117e-02
  -1.9426538e-02
  -1.9677125e-02
  -1.9146357e-02
  -1.7683219e-02
  -1.6034054e-02
  -1.5187841e-02
  -1.7164381e-02
  -2.0838663e-02
  -2.6471268e-02
  -3.0279370e-02
  -2.0889157e-02
   0.0000000e+00
  -0.0000000e+00
  -3.6544730e-03
  -5.8889752e-03
  -1.5315020e-02
  -3.4559660e-02
  -5.8590598e-02
   0.0000000e+00
   0.0000000e+00
  -0.0000000e+00
  -3.0901487e-02
  -2.5206191e-02
  -1.1135651e-02
  -2.4655338e-02
  -2.8973229e-02
  -0.0000000e+00
   0.0000000e+00
   0.0000000e+00
   0.0000000e+00
   0.0000000e+00
   9.2078724e-03
  -2.9700904e-03
  -7.1127308e-03
  -9.9367267e-03
  -1.3269293e-02
  -1.5695052e-02
  -1.6076783e-02
  -1.5634796e-02
  -1.3372910e-02
  -1.1308760e-02
  -9.6932594e-03
  -1.0371804e-02
  -1.4166782e-02
  -2.1330824e-02
  -3.2057904e-02
  -2.3771543e-02
   0.0000000e+00
   4.3553953e-03
  -9.1991929e-04
  -1.2966580e-03
  -7.8085600e-03
  -2.1143407e-02
  -4.2126488e-02
  -4.1517584e-02
   0.0000000e+00
  -0.0000000e+00
  -1.9533155e-02
  -1.5677961e-02
  -1.0657017e-02
  -0.0000000e+00
  -2.3023451e-02
   0.0000000e+00
   0.0000000e+00
   0.0000000e+00
   0.0000000e+00
   0.0000000e+00
   1.4111691e-02
   4.7715022e-03
  -5.0408591e-05
  -3.2036458e-03
  -6.6280551e-03
  -9.8933810e-03
  -1.1021721e-02
  -1.1162586e-02
  -9.0666786e-03
  -7.0245406e-03
  -5.7788882e-03
  -6.2623662e-03
  -1.0599835e-02
  -1.9339371e-02
  -3.3075094e-02
  -3.3782579e-02
   0.0000000e+00
   9.4832610e-03
   2.3743385e-03
   5.1322035e-03
  -6.2474131e-04
  -1.0389905e-02
  -2.6185414e-02
  -2.3461868e-02
  -9.6671553e-03
  -8.1164918e-03
  -1.6487935e-02
  -1.5274229e-02
  -1.4804229e-02
  -1.3998167e-02
  -1.7517017e-02
   0.0000000e+00
   0.0000000e+00
   0.0000000e+00
   0.0000000e+00
   0.0000000e+00
   9.0131983e-03
   1.2496978e-02
   1.2244998e-02
   9.7453818e-03
   5.6546750e-03
   1.2686916e-03
  -1.4481939e-03
  -2.7626220e-03
  -2.2712385e-03
  -1.0111470e-03
  -3.3306886e-04
  -1.4938422e-03
  -6.9528529e-03
  -1.8317573e-02
  -3.3530846e-02
   0.0000000e+00
   0.0000000e+00
   1.0320250e-02
   6.6475877e-03
   1.3626350e-02
   9.5192362e-03
   1.8832429e-03
  -1.1015226e-02
  -2.0800167e-02
  -1.5764969e-03
  -3.0955667e-03
   0.0000000e+00
  -1.3637818e-02
  -9.0063475e-03
  -7.9216046e-03
  -5.7318623e-03
   0.0000000e+00
   0.0000000e+00
   0.0000000e+00
   0.0000000e+00
  -0.0000000e+00
   5.6544720e-04
   7.1384981e-03
   1.6374057e-02
   1.9024370e-02
   1.6020626e-02
   1.1932361e-02
   7.9535767e-03
   5.8190338e-03
   4.6802899e-03
   4.5605441e-03
   4.5282990e-03
   2.5534562e-03
  -4.2491462e-03
  -1.8445842e-02
  -3.1306289e-02
   0.0000000e+00
   0.0000000e+00
   0.0000000e+00
   0.0000000e+00
   1.6949257e-02
   1.6246481e-02
   1.1900683e-02
   1.1254289e-03
  -1.0000260e-02
  -0.0000000e+00
  -0.0000000e+00
  -0.0000000e+00
  -9.4226932e-03
  -5.9884645e-03
  -4.6983335e-03
   0.0000000e+00
   0.0000000e+00
   0.0000000e+00
   0.0000000e+00
   0.0000000e+00
  -0.0000000e+00
  -9.4293721e-03
  -6.8036624e-03
   7.6045636e-03
   1.9424172e-02
   2.2430699e-02
   2.1253664e-02
   1.8027194e-02
   1.5209211e-02
   1.2572188e-02
   1.1137382e-02
   9.5831063e-03
   6.9782003e-03
  -1.4193422e-03
  -2.0822959e-02
  -2.6613424e-02
   0.0000000e+00
   0.0000000e+00
   0.0000000e+00
   0.0000000e+00
   0.0000000e+00
   1.8739277e-02
   2.0738065e-02
   1.3987960e-02
   3.9815761e-03
   3.1848145e-03
   0.0000000e+00
   0.0000000e+00
  -5.3992210e-03
   0.0000000e+00
   0.0000000e+00
   0.0000000e+00
   0.0000000e+00
   0.0000000e+00
   0.0000000e+00
   0.0000000e+00
   0.0000000e+00
   0.0000000e+00
  -0.0000000e+00
  -3.0285097e-03
   1.4085753e-02
   2.2986492e-02
   2.5079774e-02
   2.3731227e-02
   2.1097085e-02
   1.7833252e-02
   1.5296485e-02
   1.2782886e-02
   8.9277951e-03
   5.9337199e-04
  -1.9518144e-02
  -2.4121196e-02
   0.0000000e+00
   0.0000000e+00
   0.0000000e+00
   0.0000000e+00
   0.0000000e+00
   0.0000000e+00
   2.0887282e-02
   1.8027408e-02
   1.0948325e-02
   9.7260384e-03
   0.0000000e+00
   0.0000000e+00
   0.0000000e+00
   0.0000000e+00
   0.0000000e+00
   0.0000000e+00
   0.0000000e+00
   0.0000000e+00
   0.0000000e+00
   0.0000000e+00
   0.0000000e+00
   0.0000000e+00
  -0.0000000e+00
  -9.8105462e-03
   7.7611455e-03
   1.9497867e-02
   2.4214870e-02
   2.4582179e-02
   2.2775586e-02
   1.9909888e-02
   1.6661000e-02
   1.3374861e-02
   8.9515884e-03
   1.6208785e-03
  -8.1694768e-03
   0.0000000e+00
   0.0000000e+00
   0.0000000e+00
   0.0000000e+00
   0.0000000e+00
   0.0000000e+00
   0.0000000e+00
   0.0000000e+00
   1.3259632e-02
   1.4623557e-02
   8.9203891e-03
   7.2470598e-03
   0.0000000e+00
   0.0000000e+00
   0.0000000e+00
   0.0000000e+00
   0.0000000e+00
   0.0000000e+00
   0.0000000e+00
   0.0000000e+00
   0.0000000e+00
   0.0000000e+00
   0.0000000e+00
  -0.0000000e+00
  -2.3015717e-02
  -5.1922876e-03
   7.9273796e-03
   1.5701754e-02
   1.8237979e-02
   1.8242994e-02
   1.6411358e-02
   1.3241540e-02
   1.0836236e-02
   7.5167497e-03
   1.9921676e-03
  -1.9303847e-03
   0.0000000e+00
   0.0000000e+00
   0.0000000e+00
   0.0000000e+00
   0.0000000e+00
   0.0000000e+00
   0.0000000e+00
  -0.0000000e+00
   5.3294459e-03
   1.1619321e-02
   7.3613003e-03
   7.2470605e-03
   0.0000000e+00
   0.0000000e+00
   0.0000000e+00
   0.0000000e+00
   0.0000000e+00
   0.0000000e+00
   0.0000000e+00
   0.0000000e+00
   0.0000000e+00
   0.0000000e+00
   0.0000000e+00
  -0.0000000e+00
  -2.8607326e-02
  -1.9123743e-02
  -8.3635063e-03
  -9.7914599e-04
   4.5509883e-03
   6.2653017e-03
   5.6091510e-03
   4.2411052e-03
   3.9963806e-03
   3.9338125e-03
   3.6397884e-03
   9.6418247e-03
   0.0000000e+00
   0.0000000e+00
   0.0000000e+00
   0.0000000e+00
   0.0000000e+00
   0.0000000e+00
   0.0000000e+00
  -0.0000000e+00
   0.0000000e+00
   0.0000000e+00
  -1.9997903e-03
   8.7947233e-03
   0.0000000e+00
   0.0000000e+00
   0.0000000e+00
   0.0000000e+00
   0.0000000e+00
   0.0000000e+00
   0.0000000e+00
   0.0000000e+00
   0.0000000e+00
   0.0000000e+00
   0.0000000e+00
   0.0000000e+00
   0.0000000e+00
   0.0000000e+00
  -0.0000000e+00
  -2.3261047e-02
  -1.8237339e-02
  -1.3363883e-02
  -6.5779921e-03
  -4.5862638e-03
  -5.4743621e-03
   1.2759241e-03
   1.0233320e-02
   0.0000000e+00
   0.0000000e+00
   0.0000000e+00
   0.0000000e+00
   0.0000000e+00
   0.0000000e+00
   0.0000000e+00
   0.0000000e+00
  -0.0000000e+00
  -2.0753988e-03
   0.0000000e+00
  -0.0000000e+00
  -9.6058976e-04
   6.9244054e-04
   2.7730251e-03
   3.0906216e-03
   4.4295443e-03
   6.6513738e-03
   0.0000000e+00
   0.0000000e+00
   0.0000000e+00
   0.0000000e+00
  -1.8772682e-03
  -1.8474579e-03
  -5.3097586e-03
  -0.0000000e+00
  -0.0000000e+00
  -0.0000000e+00
  -0.0000000e+00
  -0.0000000e+00
  -2.3702592e-02
  -6.4813982e-03
  -0.0000000e+00
  -0.0000000e+00
  -0.0000000e+00
   0.0000000e+00
   0.0000000e+00
   0.0000000e+00
   0.0000000e+00
   0.0000000e+00
   0.0000000e+00
   0.0000000e+00
   0.0000000e+00
   0.0000000e+00
  -0.0000000e+00
   1.2515956e-03
   3.2392205e-04
   2.4334527e-04
   1.4631125e-03
   1.5721700e-03
   2.0708989e-03
   1.9962897e-03
   2.0746836e-03
   3.8595359e-03
   3.3840753e-03
   3.1907447e-03
   2.1079556e-03
  -9.2003023e-04
