    208.26    128.06    113.56     72.16     39.64     25.13    187.49     87.91     84.15    205.12    394.08    579.22    208.84    110.80    185.44    191.54    159.41    207.96    276.62         0         0    921.43   1151.95   1108.46    467.16         0         0         0         0         0         0         0         0         0     87.66    188.21
    485.15    337.74    397.32    716.19    710.36    340.35    434.90    304.95    114.23     70.69    306.89    574.93    593.03    491.26    284.83    304.46    211.43    181.68    155.74    276.02         0    670.76   1125.58    858.39         0         0         0    469.65    223.51    127.97    128.37    148.89    135.72    139.19    203.73    578.01
    526.66    751.48    676.78    580.16    607.13         0         0         0         0         0    171.72         0         0    904.91    511.83    338.41    293.55    160.92    201.62    242.15         0         0         0         0         0         0    426.16    281.32    133.10    182.53    188.32    236.96    174.45    227.81    214.64    387.66
    926.60    962.51    571.13    425.85         0         0         0         0         0         0         0         0         0    785.56    948.93    463.94    286.16    256.03    313.00    527.30    266.47         0         0         0         0    315.07    131.38    214.79    207.40    210.63    167.72    326.40    257.42    257.82    608.34   1238.88
   1390.46    823.69    388.06    381.22         0         0         0         0         0         0         0         0         0         0    986.36    782.01    372.83    290.75    375.50    362.26    102.13         0         0         0         0    179.63    446.51    529.64    292.43    136.57     70.70    166.58    301.00    604.93   1283.77   1916.49
   1221.37    980.03    389.58         0         0         0         0         0         0         0         0         0         0         0   1319.45   1114.53    543.75    285.58    373.62    257.90         0         0         0         0         0    769.19    514.43    338.61    241.79     81.87    412.55    127.79    284.15   1341.75   1242.50   1243.27
   1387.67    575.87    375.76         0         0         0         0         0         0         0         0         0         0         0   1345.98   1375.18    572.69    261.66    349.50         0         0         0         0         0         0    700.22    653.75    434.82    388.98    930.05    951.41    107.46    913.63   1956.80   1272.03   1511.13
   1401.01    228.59         0         0         0         0         0         0         0         0         0         0         0         0    794.55   1367.38    514.43    299.64    250.04         0         0         0         0         0         0    377.80    695.88     35.00    820.00    706.01   1060.57    533.79    870.45   2155.56   2016.81   2016.79
   1188.55    269.35         0         0         0         0         0         0         0         0         0         0         0         0         0    994.84    389.51    140.37         0         0         0         0         0         0         0    948.97    407.53    188.70     94.06    338.50    752.80   1258.09   1626.96   2826.95   2755.19   1948.23
   1169.89    434.11         0         0         0         0         0         0         0         0         0         0         0         0         0   1066.77    368.95         0         0         0         0         0         0         0         0    580.67    483.43    412.32    148.54    559.08    415.04   1159.80   1136.30   2795.53   5043.80   2465.09
   1083.20    482.79         0         0         0         0         0         0         0         0         0         0         0         0         0   1446.56         0         0         0         0         0         0         0         0    294.59    374.28    929.08    644.71    374.43    613.72    402.10    553.59    914.59    846.91   5344.03   3389.91
    666.57         0         0         0         0         0         0         0         0         0         0         0         0         0         0         0         0         0         0         0         0         0         0         0    286.18    361.82    733.26    755.80    537.54    523.90    532.08    112.60    529.87    289.88   2671.96   1931.67
    587.67         0         0         0         0         0         0         0         0         0         0         0         0         0         0         0   1146.16    462.42         0         0         0         0         0         0    209.79    359.54    629.28    507.87    617.96    400.90    608.50         0         0    319.25    467.74    735.54
    309.29         0         0         0         0         0         0         0         0         0         0         0         0         0         0         0         0    677.63         0         0         0         0         0         0    201.86    368.32    431.07    363.79    727.03    760.48    986.64         0         0    350.06    153.80    303.08
    376.19         0         0         0         0         0         0         0         0         0         0         0         0         0         0         0         0         0         0         0         0         0         0         0    277.19    359.29    444.30    421.26    645.25    990.97    649.73         0         0    311.73         0         0
    269.25         0         0         0         0         0         0         0         0         0         0         0         0         0         0         0         0         0         0    348.04         0         0         0         0         0    325.61    410.68    475.37    598.15   1114.51    609.59         0         0         0         0         0
    187.72    212.20         0         0         0         0         0         0         0         0         0         0         0         0         0         0         0         0         0    663.82    304.49         0         0         0         0    155.65    547.98    644.96    602.60    749.32    197.09         0         0         0         0         0
    236.20    346.99         0         0         0         0         0         0         0         0         0         0         0         0         0         0         0         0         0    276.14    298.99         0         0         0         0         0         0    463.73    614.96    530.46         0         0         0         0         0         0
    255.69    228.53         0         0         0         0         0         0         0         0         0         0         0         0         0         0         0         0   1113.04    150.49    153.80     81.15         0         0         0         0         0    408.88    594.65    529.09         0         0         0         0         0         0
    201.16    108.33         0         0         0         0         0         0         0         0         0         0         0         0         0         0         0         0    544.81    109.04    147.37    198.82    376.32         0         0         0         0    354.71    563.15    523.55         0         0         0         0         0         0
         0    107.50         0         0         0         0         0         0         0         0         0         0         0         0         0         0         0         0    976.76    174.62    244.38    330.88    580.89         0         0         0         0    557.90    783.86    654.93         0         0         0         0         0         0
         0         0         0         0         0         0         0         0         0         0         0         0         0         0         0         0         0         0    627.84    296.29    327.75    426.65    597.73         0         0         0         0   1135.82   1003.51    684.19         0         0         0         0         0         0
         0         0         0         0         0         0         0         0         0         0         0         0         0         0         0         0         0         0         0   1635.26    377.73    637.36         0         0         0         0         0   1010.06    874.13    590.89         0         0         0         0         0         0
         0         0         0     70.53         0         0         0         0         0         0         0         0         0         0         0         0         0         0         0   2073.35    316.31    710.36         0         0         0         0         0    785.22    691.21    290.61         0         0         0         0         0         0
         0         0         0         0         0         0         0         0         0         0         0         0         0         0         0         0         0         0         0   2202.55    323.03    667.74         0         0         0         0         0    890.64    814.77         0         0         0         0         0         0         0
         0         0    170.76     73.16         0         0         0         0         0         0         0         0         0         0         0         0         0         0         0   2005.28    250.83    715.65         0         0         0         0         0   1022.84    859.50         0         0         0         0         0         0         0
         0         0    374.90    278.20    441.54         0         0         0         0         0         0         0         0         0         0         0         0         0         0   1233.07    189.82    383.36         0         0         0         0         0    947.26   1045.44         0         0         0         0         0         0         0
         0    402.35    560.14    360.00    294.19         0         0         0         0         0         0         0         0         0         0         0         0         0         0    701.07    183.50         0         0         0         0         0         0         0   1103.15         0         0         0         0         0         0         0
         0    534.09    558.42    238.57    363.76         0         0         0         0         0         0         0         0         0         0         0         0         0         0    402.37    123.42         0         0         0         0         0         0         0         0         0         0         0         0         0         0         0
         0    423.75    267.29    259.84    334.65         0         0         0         0         0         0         0         0         0         0         0         0         0         0    631.24     85.38         0         0         0         0         0         0         0         0         0         0         0         0         0         0         0
         0         0         0    100.43    282.59         0         0         0         0         0         0         0         0         0         0         0         0         0         0    759.30         0         0         0         0         0         0         0         0         0         0         0         0         0         0         0         0
         0         0         0         0         0         0         0         0         0         0         0         0         0         0         0         0         0         0         0    385.77         0         0         0         0         0         0         0         0         0         0         0         0         0         0         0         0
         0         0         0         0         0         0         0         0         0         0         0         0         0         0         0         0         0         0         0         0         0         0         0         0         0         0         0         0         0         0         0         0         0         0         0         0
         0         0         0         0         0         0         0         0         0         0         0         0         0         0         0         0         0         0         0         0         0         0         0         0         0         0         0         0         0         0         0         0         0         0         0         0
    469.63         0    462.99         0         0         0         0         0         0         0         0         0         0         0         0         0         0         0         0         0         0         0         0         0         0         0         0         0         0         0    893.95    906.16         0         0   1040.36   1013.89
   1823.54         0   1434.10   1281.52   1381.97    889.69         0         0         0         0         0         0         0    563.58         0         0         0         0    587.62    407.72         0         0         0   1127.13   1431.54   1627.92   1887.38   2071.67   2158.64   2240.81   2339.03   2318.52   2218.28   2288.15   2493.19   2347.57
