   0.0000000e+00
   7.2192389e-02
   0.0000000e+00
   0.0000000e+00
   0.0000000e+00
   0.0000000e+00
   1.2936419e-01
   7.3156157e-02
   3.2102554e-02
   2.7519491e-02
   2.3959551e-02
   0.0000000e+00
   0.0000000e+00
   0.0000000e+00
   1.4319152e-02
   5.3329891e-03
  -4.2470202e-03
  -1.1355082e-03
   0.0000000e+00
   0.0000000e+00
   1.1305574e-02
  -2.7044736e-02
  -9.5587294e-02
   0.0000000e+00
   0.0000000e+00
   0.0000000e+00
   0.0000000e+00
   0.0000000e+00
   0.0000000e+00
   0.0000000e+00
   0.0000000e+00
   0.0000000e+00
   0.0000000e+00
   0.0000000e+00
   0.0000000e+00
   0.0000000e+00
   0.0000000e+00
   6.2991092e-02
   0.0000000e+00
   4.7906793e-02
   3.5340669e-02
   1.0312684e-02
   2.4939608e-02
   2.4789799e-02
   1.6704012e-02
   1.3414521e-02
   1.0299489e-02
   5.8551070e-03
   4.2423387e-03
   4.0545934e-03
   3.4180507e-03
   5.5680108e-03
   2.5860511e-03
   1.2994098e-03
  -8.0761774e-04
  -3.4086101e-03
   9.6019068e-04
  -3.0036785e-03
  -1.5437485e-02
  -1.0298332e-02
  -1.2927432e-02
  -1.1100755e-02
   2.5630444e-03
   1.2965223e-02
   1.9914335e-02
   6.0282393e-04
   0.0000000e+00
   0.0000000e+00
   2.7080130e-02
  -7.2096381e-04
   0.0000000e+00
   0.0000000e+00
   2.1415623e-02
   8.8859636e-03
  -3.9440030e-03
  -7.2049848e-04
   8.2342979e-04
   1.9887567e-03
   5.6789762e-03
   5.6921681e-03
   3.0750537e-03
   1.4288229e-03
   1.1210205e-03
  -8.9827350e-05
  -1.1254338e-03
  -1.0629022e-03
  -7.5797172e-04
   5.8999546e-04
   5.1220777e-05
  -1.7062488e-03
  -4.5357756e-03
  -5.8153643e-03
  -1.9386900e-03
  -2.8989801e-03
  -1.3099078e-03
   1.5119985e-03
   2.6786340e-03
   5.1526688e-03
   6.6109281e-03
   1.0180093e-02
   1.2240308e-02
   8.0294593e-03
   1.0007325e-02
   2.0234833e-02
   2.3470462e-02
   1.0973469e-02
   1.0195671e-02
   1.8390672e-02
  -1.8682688e-02
  -2.5327498e-02
  -2.4074677e-02
  -1.8415035e-02
  -1.1960801e-02
  -5.8631180e-03
  -1.8833305e-03
  -3.1502419e-03
  -6.1486778e-03
  -7.6507167e-03
  -6.8333689e-03
  -6.6868640e-03
  -9.4054153e-03
  -9.8469155e-03
  -8.7083420e-03
  -8.1763742e-03
  -9.8393131e-03
  -1.2307782e-02
  -1.6596303e-02
  -1.2008172e-02
  -8.8274032e-03
  -1.1574084e-02
  -3.9774557e-03
   9.8922011e-04
   9.5056009e-05
  -1.8985153e-03
  -3.8559535e-03
  -5.5289844e-03
  -5.0289584e-03
  -1.1728650e-03
   3.5899037e-03
   9.8795556e-03
   1.0362713e-02
   6.0122518e-03
   3.9634285e-03
  -7.8121931e-03
  -4.1640956e-02
  -4.1327637e-02
  -3.2236297e-02
  -2.4384913e-02
  -1.6991759e-02
  -7.1678907e-03
  -4.6651200e-03
  -6.8729219e-03
  -7.8405807e-03
  -9.8983357e-03
  -1.0362927e-02
  -1.0842434e-02
  -1.5779324e-02
  -1.6663665e-02
  -1.5747407e-02
  -1.5181774e-02
  -1.6427118e-02
  -1.8785059e-02
  -2.6079101e-02
   0.0000000e+00
  -1.2081265e-02
  -1.4818359e-02
  -5.6632245e-03
  -2.7916231e-03
  -6.1466615e-03
  -1.0724578e-02
  -1.6126281e-02
  -1.9605992e-02
  -1.7788447e-02
  -1.2752502e-02
  -6.9316737e-03
   1.2023284e-03
   1.1550664e-03
   7.9905201e-04
  -6.2224139e-03
  -2.8420389e-02
  -4.3816133e-02
  -3.8561637e-02
  -2.2571913e-02
  -0.0000000e+00
   0.0000000e+00
   2.0816587e-04
  -1.4327338e-03
  -2.6432052e-03
  -9.9869844e-03
  -1.2183528e-02
  -1.2165777e-02
  -1.3807767e-02
  -1.8302014e-02
  -1.8280646e-02
  -1.6693219e-02
  -1.5306320e-02
  -1.5530366e-02
  -1.7154055e-02
  -2.2148438e-02
   0.0000000e+00
  -1.0830015e-02
  -1.1842159e-02
  -5.1842298e-03
  -5.5902268e-03
  -1.0818298e-02
  -1.6599048e-02
  -2.2258262e-02
  -2.4260166e-02
  -1.9845798e-02
  -1.4835832e-02
  -9.6193876e-03
  -3.1421409e-03
  -2.7079828e-03
  -4.0304037e-03
  -2.2053034e-02
  -4.0056015e-02
  -2.7566616e-02
   0.0000000e+00
  -0.0000000e+00
   0.0000000e+00
   0.0000000e+00
   2.2983750e-03
   2.1126622e-03
   4.8814516e-04
  -5.7983790e-03
  -1.2726826e-02
  -1.2688264e-02
  -1.4600963e-02
  -1.6220968e-02
  -1.5163506e-02
  -1.2969263e-02
  -1.1793872e-02
  -1.1612428e-02
  -1.1715941e-02
  -9.8593416e-03
   0.0000000e+00
  -0.0000000e+00
  -1.0003646e-02
  -4.6758517e-03
  -7.3351962e-03
  -1.3139861e-02
  -1.7988095e-02
  -2.0194916e-02
  -1.7849809e-02
  -1.1058768e-02
  -6.1498014e-03
  -5.4268129e-03
  -3.0330983e-03
  -4.0727966e-03
  -1.4044102e-02
  -2.7697522e-02
  -3.2512374e-02
  -4.1327003e-03
   0.0000000e+00
   0.0000000e+00
   0.0000000e+00
   0.0000000e+00
   7.9321891e-03
   5.8485686e-03
   1.3495074e-03
  -7.4079027e-03
  -1.1123406e-02
  -9.8529728e-03
  -1.0260459e-02
  -1.0584061e-02
  -1.0300975e-02
  -8.8679660e-03
  -8.5329534e-03
  -7.3525626e-03
  -4.1784984e-03
   8.2094302e-03
   0.0000000e+00
   0.0000000e+00
  -9.3490475e-03
  -5.8258642e-03
  -9.1993045e-03
  -1.2845792e-02
  -1.3734714e-02
  -8.7993080e-03
  -2.6624166e-03
  -1.2543402e-03
  -3.6699153e-03
  -5.6734651e-03
  -4.9841246e-03
  -7.9909898e-03
  -1.4872381e-02
  -1.7346049e-02
  -1.4045103e-02
   2.1307226e-02
   0.0000000e+00
   0.0000000e+00
   0.0000000e+00
   0.0000000e+00
   6.1832495e-03
   1.2066208e-03
  -3.1395035e-03
  -6.5559666e-03
  -6.4937002e-03
  -4.4806986e-03
  -4.7204555e-03
  -5.5189757e-03
  -6.3807750e-03
  -5.7161213e-03
  -5.1016486e-03
  -2.7458153e-03
   3.7954992e-03
   2.5094841e-02
   0.0000000e+00
   0.0000000e+00
  -7.8117051e-03
  -8.6570736e-03
  -9.2488620e-03
  -8.6914198e-03
  -4.9954527e-03
   9.4413925e-03
   2.4040734e-02
  -0.0000000e+00
  -3.8143911e-03
  -3.1334127e-03
  -4.1214060e-03
  -4.6597477e-03
  -5.3603114e-03
  -4.5439280e-03
   3.4771878e-03
   3.4246848e-02
   0.0000000e+00
   0.0000000e+00
   0.0000000e+00
   0.0000000e+00
   6.1896876e-03
   1.3795948e-03
  -7.1328453e-05
  -7.0182479e-04
   3.1262403e-04
   1.7868489e-03
   6.8651518e-04
  -8.3572377e-04
  -2.2939143e-03
  -2.3777771e-03
  -1.1580690e-03
   2.4352297e-03
   1.2438454e-02
   3.8474381e-02
   0.0000000e+00
   0.0000000e+00
  -0.0000000e+00
  -1.2718131e-02
  -7.7797282e-03
  -2.6891076e-03
   5.2858926e-03
   3.0269660e-02
   0.0000000e+00
   0.0000000e+00
  -1.1430242e-03
   1.3403512e-03
   6.7012775e-04
   3.5471504e-03
   4.3657525e-03
   5.8392431e-03
   1.6920229e-02
   3.2880535e-02
   1.8346828e-02
   0.0000000e+00
   0.0000000e+00
   9.5105642e-03
   1.0789514e-02
   7.0843553e-03
   6.1953273e-03
   5.3367722e-03
   6.0812591e-03
   6.4077154e-03
   4.5536137e-03
   2.7420646e-03
   9.6486526e-04
   5.0775608e-04
   2.6542734e-03
   7.9009924e-03
   2.0818107e-02
   4.1550823e-02
   0.0000000e+00
   0.0000000e+00
  -0.0000000e+00
  -1.6209039e-02
  -5.3462759e-03
   3.2225264e-03
   1.5419319e-02
   4.9397722e-02
   0.0000000e+00
   0.0000000e+00
   5.6469092e-03
   3.8813506e-03
   5.2910233e-03
   9.3113109e-03
   1.0393325e-02
   1.3071640e-02
   2.3830833e-02
   3.0845430e-02
   2.3732723e-02
   1.3418578e-02
   0.0000000e+00
   1.2533900e-02
   1.3821471e-02
   1.2578147e-02
   1.0834808e-02
   9.3715563e-03
   9.4890315e-03
   8.6921426e-03
   6.6191340e-03
   4.6425653e-03
   2.6474248e-03
   2.9993155e-03
   6.7628594e-03
   1.4244568e-02
   2.9224426e-02
   4.1590538e-02
   0.0000000e+00
   0.0000000e+00
   0.0000000e+00
  -1.8482120e-02
  -1.6135774e-03
   9.5090540e-03
   2.5910644e-02
   5.7034480e-02
   0.0000000e+00
   0.0000000e+00
   4.2461501e-03
   3.1728765e-03
   9.4276629e-03
   1.2538393e-02
   1.4687999e-02
   1.9023515e-02
   2.6864896e-02
   3.0161623e-02
   2.5565740e-02
   1.7370610e-02
   0.0000000e+00
   1.4164083e-02
   1.6733717e-02
   1.4515988e-02
   1.1706876e-02
   9.7069675e-03
   9.3814787e-03
   8.1012975e-03
   5.9376913e-03
   4.1357013e-03
   3.0290743e-03
   5.5350619e-03
   1.1330601e-02
   2.0836819e-02
   3.7734699e-02
   4.3385060e-02
   0.0000000e+00
   0.0000000e+00
   0.0000000e+00
  -1.2716450e-02
   4.2073568e-03
   1.5987806e-02
   3.4559593e-02
   6.2086473e-02
   0.0000000e+00
   0.0000000e+00
  -0.0000000e+00
   7.1464075e-03
   1.2242339e-02
   1.4017111e-02
   1.7393386e-02
   2.2484444e-02
   2.7789650e-02
   2.9738396e-02
   2.8507911e-02
   2.1102685e-02
   1.8178374e-02
   1.9570153e-02
   1.5706854e-02
   1.1767472e-02
   7.8109852e-03
   5.9946193e-03
   6.0441853e-03
   4.9133208e-03
   3.2989390e-03
   2.7656343e-03
   4.5646718e-03
   1.0112954e-02
   1.7956216e-02
   2.8940164e-02
   4.6868771e-02
   5.3325796e-02
   0.0000000e+00
   0.0000000e+00
   0.0000000e+00
  -1.0021931e-04
   1.2425278e-02
   2.4394428e-02
   4.2812053e-02
   6.1104506e-02
   0.0000000e+00
   0.0000000e+00
   0.0000000e+00
  -3.1025598e-03
   1.4670253e-02
   1.5124542e-02
   1.9223385e-02
   2.4190603e-02
   2.7940981e-02
   2.6510186e-02
   2.6447574e-02
   1.6442221e-02
   1.5732726e-03
   2.0031281e-02
   9.3134996e-03
   4.4795717e-03
   1.6266269e-03
   1.6387155e-03
   2.5341050e-03
   2.2666748e-03
   1.9343444e-03
   3.5744880e-03
   8.1349509e-03
   1.5392162e-02
   2.3774542e-02
   3.3874277e-02
   4.4225786e-02
   0.0000000e+00
   0.0000000e+00
   0.0000000e+00
   0.0000000e+00
   0.0000000e+00
   1.9793091e-02
   3.0999195e-02
   4.4942308e-02
   4.7249421e-02
   0.0000000e+00
   0.0000000e+00
   0.0000000e+00
   2.5488125e-03
   1.7331110e-02
   1.6414016e-02
   2.0466128e-02
   2.4526967e-02
   2.6466910e-02
   2.2027501e-02
   0.0000000e+00
   8.9617660e-03
   1.5620148e-03
   1.5004949e-02
   9.1745803e-04
  -2.5821377e-03
  -3.5582590e-03
  -2.3721249e-03
  -9.5216150e-04
  -7.9798338e-05
   1.6286212e-03
   5.6957384e-03
   1.2096404e-02
   1.9901793e-02
   2.7359044e-02
   3.4249932e-02
   3.5293624e-02
   0.0000000e+00
   0.0000000e+00
   0.0000000e+00
   0.0000000e+00
   0.0000000e+00
   2.5899949e-02
   3.3530917e-02
   4.0643241e-02
   3.4254372e-02
   0.0000000e+00
   0.0000000e+00
   0.0000000e+00
   8.5201891e-03
   1.8225230e-02
   1.7363340e-02
   2.0666616e-02
   2.3357935e-02
   2.1919368e-02
   0.0000000e+00
   0.0000000e+00
   2.8471210e-03
   2.6594629e-03
   4.8730401e-03
  -5.2200234e-03
  -8.0549540e-03
  -9.5764603e-03
  -1.0049687e-02
  -9.5522786e-03
  -7.6731378e-03
  -3.1209332e-03
   3.7480223e-03
   1.1581423e-02
   1.9650433e-02
   2.6078761e-02
   2.9169966e-02
   2.3151666e-02
   0.0000000e+00
   0.0000000e+00
   0.0000000e+00
   0.0000000e+00
   0.0000000e+00
   2.8223533e-02
   3.0468365e-02
   3.1325419e-02
   2.0886652e-02
   0.0000000e+00
   0.0000000e+00
   0.0000000e+00
   4.7705626e-03
   1.3460808e-02
   1.4566787e-02
   1.7257253e-02
   1.9698471e-02
   1.8009616e-02
   0.0000000e+00
   0.0000000e+00
  -5.2816812e-04
   2.7484801e-04
  -2.5907429e-03
  -8.3151339e-03
  -1.1324258e-02
  -1.3887608e-02
  -1.6091755e-02
  -1.6837281e-02
  -1.5042428e-02
  -9.6511664e-03
  -2.1337337e-03
   5.6821634e-03
   1.2771923e-02
   1.7573622e-02
   1.8143725e-02
   9.9819489e-03
   0.0000000e+00
   0.0000000e+00
   0.0000000e+00
   0.0000000e+00
   1.0256118e-02
   2.1186447e-02
   2.0033899e-02
   1.8433068e-02
   9.4406327e-03
   0.0000000e+00
   0.0000000e+00
   0.0000000e+00
  -2.2014459e-03
   5.8160033e-03
   8.7382672e-03
   1.1385270e-02
   1.4823709e-02
   1.2715134e-02
   0.0000000e+00
   0.0000000e+00
  -7.5964902e-04
  -1.7139085e-03
  -4.0767672e-03
  -6.1044032e-03
  -6.6624139e-03
  -7.2578941e-03
  -8.2084080e-03
  -8.8742636e-03
  -8.1924722e-03
  -4.9558543e-03
   2.2223170e-04
   6.1881766e-03
   1.1073131e-02
   1.2822885e-02
   1.0756292e-02
   3.4827266e-03
  -1.6665144e-04
   0.0000000e+00
   0.0000000e+00
  -6.4259339e-03
   6.9469458e-03
   1.3035429e-02
   1.2215967e-02
   1.1943554e-02
   5.3005088e-03
   0.0000000e+00
   0.0000000e+00
   0.0000000e+00
  -7.2136624e-03
   2.1228381e-03
   5.5914177e-03
   9.6971318e-03
   1.4096836e-02
   7.9499061e-03
   0.0000000e+00
   0.0000000e+00
  -7.5550995e-04
  -4.1199552e-03
  -6.7393881e-03
  -8.1440127e-03
  -7.8421556e-03
  -6.9198295e-03
  -6.4000802e-03
  -6.4625139e-03
  -6.0538191e-03
  -3.6135476e-03
   1.0281538e-03
   6.9043775e-03
   1.0622394e-02
   8.1795999e-03
   1.8473540e-03
  -2.2229839e-03
  -5.6011967e-03
   0.0000000e+00
   0.0000000e+00
  -1.7076590e-02
  -3.6901184e-03
   4.0023457e-03
   7.9097222e-03
   0.0000000e+00
   0.0000000e+00
   0.0000000e+00
   0.0000000e+00
   0.0000000e+00
  -0.0000000e+00
  -1.3558894e-06
   2.6990008e-03
   1.1096346e-02
   1.7451415e-02
   4.1313529e-03
   0.0000000e+00
  -1.3987452e-02
  -4.5151885e-03
  -8.8864937e-03
  -1.3465588e-02
  -1.7839752e-02
  -2.0301780e-02
  -2.1277342e-02
  -2.1556046e-02
  -2.1908138e-02
  -2.2306427e-02
  -2.1619277e-02
  -1.8610353e-02
  -1.2669404e-02
  -5.5065383e-03
  -3.5735273e-03
  -8.5624652e-03
  -8.8570348e-03
  -1.5835416e-02
   0.0000000e+00
  -2.6417543e-02
  -2.7271417e-02
  -2.2749074e-02
  -1.0147730e-02
   3.6849133e-03
   0.0000000e+00
   0.0000000e+00
   0.0000000e+00
   0.0000000e+00
   0.0000000e+00
  -0.0000000e+00
  -3.1567728e-03
  -4.0154709e-03
   1.0872827e-02
   2.2528196e-02
   2.8494565e-03
   0.0000000e+00
  -1.5370352e-02
  -8.9861145e-03
  -1.2457384e-02
  -1.6950872e-02
  -2.2860657e-02
  -2.7068902e-02
  -2.9512014e-02
  -3.0480446e-02
  -3.1337876e-02
  -3.3213105e-02
  -3.5775509e-02
  -3.6691688e-02
  -3.3002455e-02
  -2.1715170e-02
  -1.0346613e-02
  -1.0541840e-02
  -2.1401202e-02
  -3.4026424e-02
   0.0000000e+00
  -2.0992325e-02
  -3.0524850e-02
  -3.4498528e-02
  -2.5925156e-02
  -0.0000000e+00
   0.0000000e+00
   0.0000000e+00
   0.0000000e+00
   0.0000000e+00
   0.0000000e+00
   0.0000000e+00
   3.3481031e-03
  -6.0508086e-03
   0.0000000e+00
   3.2283105e-02
   9.6888777e-03
   0.0000000e+00
  -2.0038539e-02
  -1.5653538e-02
  -1.4119798e-02
  -1.6503377e-02
  -2.2443738e-02
  -2.6910855e-02
  -2.9074630e-02
  -2.9115014e-02
  -2.9326187e-02
  -3.1878944e-02
  -3.6940530e-02
  -4.1617859e-02
  -4.2032037e-02
  -3.1732716e-02
  -1.3660056e-02
  -7.9285963e-03
  -0.0000000e+00
  -1.5658286e-02
   8.4062572e-04
  -1.5886044e-02
  -2.7667640e-02
  -3.9127037e-02
  -4.3720607e-02
  -0.0000000e+00
   0.0000000e+00
   0.0000000e+00
   0.0000000e+00
   0.0000000e+00
   0.0000000e+00
   0.0000000e+00
   1.0118649e-02
  -2.8182867e-03
   0.0000000e+00
   0.0000000e+00
   0.0000000e+00
   0.0000000e+00
  -2.4340441e-02
  -2.2643363e-02
  -1.6494358e-02
  -1.4734808e-02
  -1.9034730e-02
  -2.3622694e-02
  -2.5942022e-02
  -2.4981475e-02
  -2.3185193e-02
  -2.4366245e-02
  -2.9841430e-02
  -3.7142958e-02
  -4.2074304e-02
  -3.6601979e-02
  -1.5977329e-02
  -0.0000000e+00
  -0.0000000e+00
  -4.4410941e-03
   9.8254532e-04
  -9.8608993e-03
  -2.0931906e-02
  -3.7005529e-02
  -5.6520369e-02
  -0.0000000e+00
   0.0000000e+00
   0.0000000e+00
   0.0000000e+00
   0.0000000e+00
   0.0000000e+00
   0.0000000e+00
   2.0253536e-02
   9.2513815e-03
   0.0000000e+00
   0.0000000e+00
   0.0000000e+00
   0.0000000e+00
  -2.6472883e-02
  -2.5302213e-02
  -1.8498430e-02
  -1.3078248e-02
  -1.4102132e-02
  -1.7846813e-02
  -2.1132115e-02
  -2.1059047e-02
  -1.8165147e-02
  -1.6846854e-02
  -2.0876007e-02
  -2.9087991e-02
  -3.7693236e-02
  -3.8038563e-02
  -2.5563179e-02
  -1.4815063e-02
  -7.3672468e-03
  -3.1457578e-03
   6.2472373e-04
  -4.6222797e-03
  -1.3369890e-02
  -2.8708257e-02
  -5.7441723e-02
  -0.0000000e+00
   0.0000000e+00
   0.0000000e+00
   0.0000000e+00
   0.0000000e+00
   0.0000000e+00
   0.0000000e+00
   0.0000000e+00
   0.0000000e+00
   0.0000000e+00
   0.0000000e+00
   0.0000000e+00
   0.0000000e+00
  -0.0000000e+00
  -2.3840804e-02
  -1.5508273e-02
  -9.9781072e-03
  -9.0376604e-03
  -1.1568878e-02
  -1.5104696e-02
  -1.6271593e-02
  -1.4118631e-02
  -1.1586243e-02
  -1.3992181e-02
  -2.2784177e-02
  -3.4443405e-02
  -3.8817689e-02
  -0.0000000e+00
  -5.8907364e-03
  -3.2773425e-04
  -3.0582184e-03
   2.7738290e-04
  -1.6568608e-03
  -7.7248104e-03
  -1.9407548e-02
  -4.6547230e-02
  -0.0000000e+00
   0.0000000e+00
   0.0000000e+00
   0.0000000e+00
   0.0000000e+00
   0.0000000e+00
   0.0000000e+00
   0.0000000e+00
   0.0000000e+00
   0.0000000e+00
   0.0000000e+00
   0.0000000e+00
   0.0000000e+00
   0.0000000e+00
  -2.0351361e-02
  -1.0214547e-02
  -4.3445047e-03
  -2.2653450e-03
  -4.1091656e-03
  -7.4134870e-03
  -8.6362277e-03
  -7.1317573e-03
  -5.0548616e-03
  -6.8971404e-03
  -1.6933177e-02
  -3.3107806e-02
  -4.0204390e-02
  -0.0000000e+00
   0.0000000e+00
   5.0570363e-03
   1.8508374e-03
   3.2774271e-03
   1.0707170e-03
  -2.4947898e-03
  -1.0242860e-02
  -2.9466139e-02
  -4.0834239e-02
   0.0000000e+00
   0.0000000e+00
   0.0000000e+00
   0.0000000e+00
   0.0000000e+00
   0.0000000e+00
   0.0000000e+00
   0.0000000e+00
   0.0000000e+00
   0.0000000e+00
   0.0000000e+00
   0.0000000e+00
   0.0000000e+00
  -1.6209513e-02
  -1.2281236e-02
  -2.6990161e-03
   2.2722278e-03
   1.8431093e-03
  -3.3695527e-04
   1.6676579e-04
   2.9931166e-03
   4.4214856e-03
   1.3698137e-03
  -1.0948908e-02
  -3.3136524e-02
  -4.3056134e-02
   0.0000000e+00
   0.0000000e+00
   0.0000000e+00
   1.0050666e-02
   1.0106904e-02
   5.2506076e-03
   2.2790688e-03
  -3.2106943e-03
  -1.6363142e-02
  -3.2137611e-02
   0.0000000e+00
   0.0000000e+00
   0.0000000e+00
   0.0000000e+00
   0.0000000e+00
   0.0000000e+00
   0.0000000e+00
   0.0000000e+00
   0.0000000e+00
   0.0000000e+00
   0.0000000e+00
   0.0000000e+00
   0.0000000e+00
  -1.0181437e-02
  -1.6161725e-02
  -9.9288039e-03
  -6.2081928e-04
   2.0873602e-03
   3.0741720e-03
   7.2795260e-03
   1.3994001e-02
   1.7139781e-02
   1.2968947e-02
  -2.5502630e-03
  -3.2680873e-02
  -0.0000000e+00
   0.0000000e+00
   0.0000000e+00
   0.0000000e+00
   0.0000000e+00
   1.4998089e-02
   1.1390764e-02
   7.8769214e-03
   3.5657824e-03
  -6.9892728e-03
  -2.3809625e-02
   0.0000000e+00
   0.0000000e+00
  -0.0000000e+00
  -0.0000000e+00
   0.0000000e+00
   0.0000000e+00
   0.0000000e+00
   0.0000000e+00
   0.0000000e+00
   0.0000000e+00
   0.0000000e+00
   0.0000000e+00
   0.0000000e+00
   0.0000000e+00
  -1.7342284e-02
  -1.2076823e-02
   1.3247529e-03
   5.4633932e-03
   7.8362748e-03
   1.3449166e-02
   2.2142709e-02
   2.7693167e-02
   2.4717081e-02
   7.6542795e-03
  -2.7142629e-02
   0.0000000e+00
   0.0000000e+00
   0.0000000e+00
   0.0000000e+00
   0.0000000e+00
   1.7641129e-02
   1.7316883e-02
   1.3405769e-02
   9.7788367e-03
   1.1809664e-03
  -1.5254888e-02
   0.0000000e+00
  -0.0000000e+00
  -0.0000000e+00
  -0.0000000e+00
   0.0000000e+00
   0.0000000e+00
   0.0000000e+00
   0.0000000e+00
   0.0000000e+00
   0.0000000e+00
   0.0000000e+00
   0.0000000e+00
   0.0000000e+00
   0.0000000e+00
  -2.4115249e-02
  -1.6274765e-02
   1.4993597e-03
   9.0948585e-03
   1.2180039e-02
   1.7324634e-02
   2.5658518e-02
   3.2347314e-02
   3.1521164e-02
   1.6808925e-02
  -1.0870164e-02
   0.0000000e+00
   0.0000000e+00
   0.0000000e+00
   0.0000000e+00
   0.0000000e+00
   0.0000000e+00
   1.7616085e-02
   1.6325703e-02
   1.3963890e-02
   8.0556804e-03
  -4.9048981e-03
   0.0000000e+00
  -0.0000000e+00
  -0.0000000e+00
   0.0000000e+00
   0.0000000e+00
   0.0000000e+00
   0.0000000e+00
   0.0000000e+00
   0.0000000e+00
   0.0000000e+00
   0.0000000e+00
   0.0000000e+00
   0.0000000e+00
   0.0000000e+00
  -0.0000000e+00
  -2.2760980e-02
  -6.1223507e-03
   1.8489178e-03
   6.7147641e-03
   1.2090074e-02
   1.9529420e-02
   2.7035430e-02
   2.8808011e-02
   1.9438978e-02
   2.4772035e-03
   0.0000000e+00
   0.0000000e+00
   0.0000000e+00
   0.0000000e+00
   0.0000000e+00
   0.0000000e+00
   0.0000000e+00
   1.4030540e-02
   1.3543754e-02
   1.1061735e-02
   3.5043232e-03
   0.0000000e+00
   0.0000000e+00
   0.0000000e+00
   0.0000000e+00
   0.0000000e+00
   0.0000000e+00
   0.0000000e+00
   0.0000000e+00
   0.0000000e+00
   0.0000000e+00
   0.0000000e+00
   0.0000000e+00
   0.0000000e+00
   0.0000000e+00
  -0.0000000e+00
  -3.1518656e-02
  -1.4811066e-02
  -1.2993603e-02
  -7.9551292e-03
  -2.7081209e-03
   3.0347449e-03
   1.0483010e-02
   1.6829185e-02
   1.5686454e-02
   0.0000000e+00
   0.0000000e+00
   0.0000000e+00
   0.0000000e+00
   0.0000000e+00
   0.0000000e+00
   0.0000000e+00
   0.0000000e+00
   6.4336727e-03
   9.4286462e-03
   9.6792921e-03
   5.5541621e-03
   0.0000000e+00
   0.0000000e+00
   0.0000000e+00
   0.0000000e+00
   0.0000000e+00
   0.0000000e+00
   0.0000000e+00
   0.0000000e+00
   0.0000000e+00
   0.0000000e+00
   0.0000000e+00
   0.0000000e+00
   0.0000000e+00
   0.0000000e+00
   0.0000000e+00
  -0.0000000e+00
  -2.5350188e-02
  -3.2476489e-02
  -2.7700482e-02
  -2.3145685e-02
  -1.5404214e-02
  -0.0000000e+00
   2.0563272e-03
   1.2040078e-02
   0.0000000e+00
   0.0000000e+00
   0.0000000e+00
   0.0000000e+00
   0.0000000e+00
   0.0000000e+00
   0.0000000e+00
  -2.0508082e-02
  -5.3856628e-03
   1.6196757e-03
   4.4079311e-03
   4.0330000e-03
   0.0000000e+00
   0.0000000e+00
   0.0000000e+00
   0.0000000e+00
   0.0000000e+00
   0.0000000e+00
   0.0000000e+00
   0.0000000e+00
   0.0000000e+00
   0.0000000e+00
   0.0000000e+00
   0.0000000e+00
   0.0000000e+00
   0.0000000e+00
   0.0000000e+00
   0.0000000e+00
   0.0000000e+00
  -0.0000000e+00
  -0.0000000e+00
  -0.0000000e+00
  -0.0000000e+00
   0.0000000e+00
  -0.0000000e+00
   0.0000000e+00
   0.0000000e+00
   0.0000000e+00
   0.0000000e+00
   0.0000000e+00
   0.0000000e+00
   0.0000000e+00
   0.0000000e+00
  -1.3612818e-02
  -0.0000000e+00
  -0.0000000e+00
  -0.0000000e+00
  -7.6367116e-03
  -6.2886321e-03
  -3.2919820e-03
   0.0000000e+00
   0.0000000e+00
   0.0000000e+00
   0.0000000e+00
   0.0000000e+00
   0.0000000e+00
   0.0000000e+00
   0.0000000e+00
   0.0000000e+00
   0.0000000e+00
   0.0000000e+00
   0.0000000e+00
   0.0000000e+00
   0.0000000e+00
  -0.0000000e+00
  -0.0000000e+00
  -0.0000000e+00
  -0.0000000e+00
  -0.0000000e+00
  -0.0000000e+00
  -0.0000000e+00
  -0.0000000e+00
  -0.0000000e+00
   0.0000000e+00
   0.0000000e+00
   0.0000000e+00
   0.0000000e+00
   0.0000000e+00
  -1.3450190e-02
  -5.6840733e-03
   0.0000000e+00
   0.0000000e+00
   0.0000000e+00
  -0.0000000e+00
  -1.6515534e-02
  -8.1061474e-03
  -2.0330979e-03
  -2.2606652e-03
  -2.8200143e-03
  -1.0749838e-04
   0.0000000e+00
   9.0168672e-05
   0.0000000e+00
   0.0000000e+00
   0.0000000e+00
