  4.017266e-01
  3.267020e-01
  3.140584e-01
  3.080075e-01
  3.030545e-01
  2.984576e-01
  2.864049e-01
  2.775018e-01
  2.745763e-01
  2.665457e-01
  2.564972e-01
  2.478518e-01
  2.409910e-01
  2.286464e-01
  2.269284e-01
  2.432004e-01
  2.523201e-01
  2.380075e-01
  2.346201e-01
  2.458428e-01
  2.433668e-01
  2.333406e-01
  2.309208e-01
  2.267582e-01
  2.233797e-01
  2.250072e-01
  2.309285e-01
  2.422586e-01
  2.576991e-01
  2.750963e-01
  2.997479e-01
  3.277287e-01
  3.510776e-01
  3.676111e-01
  4.107526e-01
  5.532743e-01
