   0.0000000e+00   0.0000000e+00   0.0000000e+00   0.0000000e+00   0.0000000e+00   0.0000000e+00   0.0000000e+00   0.0000000e+00   0.0000000e+00   0.0000000e+00   0.0000000e+00   0.0000000e+00   0.0000000e+00   0.0000000e+00   0.0000000e+00   0.0000000e+00   0.0000000e+00   0.0000000e+00   0.0000000e+00   9.2041048e-01   5.3494337e-01   0.0000000e+00   0.0000000e+00   0.0000000e+00   0.0000000e+00   7.8461992e-01   7.0680564e-01   7.3236373e-01   6.6450074e-01   6.7393660e-01   6.6393449e-01   6.4308577e-01   6.4431763e-01   6.9803420e-01   0.0000000e+00   0.0000000e+00
   0.0000000e+00   0.0000000e+00   0.0000000e+00   0.0000000e+00   0.0000000e+00   0.0000000e+00   0.0000000e+00   0.0000000e+00   0.0000000e+00   0.0000000e+00   0.0000000e+00   0.0000000e+00   0.0000000e+00   0.0000000e+00   0.0000000e+00   0.0000000e+00   0.0000000e+00   0.0000000e+00   0.0000000e+00   0.0000000e+00   7.8407217e-01   0.0000000e+00   0.0000000e+00   0.0000000e+00   8.3066015e-01   7.6946098e-01   7.0358879e-01   0.0000000e+00   0.0000000e+00   0.0000000e+00   0.0000000e+00   0.0000000e+00   0.0000000e+00   0.0000000e+00   0.0000000e+00   0.0000000e+00
   0.0000000e+00   0.0000000e+00   0.0000000e+00   0.0000000e+00   0.0000000e+00   2.5112865e+00   2.6713866e+00   2.7478446e+00   2.5325933e+00   1.6970707e+00   0.0000000e+00   5.8633005e-01   1.1003145e+00   0.0000000e+00   0.0000000e+00   0.0000000e+00   0.0000000e+00   0.0000000e+00   0.0000000e+00   0.0000000e+00   7.3108581e-01   4.9194258e-01   4.0117559e-01   5.5829239e-01   4.4130301e-01   4.1428893e-01   0.0000000e+00   0.0000000e+00   0.0000000e+00   0.0000000e+00   0.0000000e+00   0.0000000e+00   0.0000000e+00   0.0000000e+00   0.0000000e+00   0.0000000e+00
   0.0000000e+00   0.0000000e+00   0.0000000e+00   0.0000000e+00   1.8361934e+00   1.4266597e+00   1.4168445e+00   1.2529542e+00   9.7553003e-01   7.6020260e-01   9.4445069e-01   1.5066074e+00   1.8893991e+00   0.0000000e+00   0.0000000e+00   0.0000000e+00   0.0000000e+00   0.0000000e+00   0.0000000e+00   0.0000000e+00   0.0000000e+00   7.8275046e-01   1.2268822e+00   1.4285821e+00   1.3460007e+00   0.0000000e+00   0.0000000e+00   0.0000000e+00   0.0000000e+00   0.0000000e+00   0.0000000e+00   0.0000000e+00   0.0000000e+00   0.0000000e+00   0.0000000e+00   0.0000000e+00
   0.0000000e+00   0.0000000e+00   0.0000000e+00   0.0000000e+00   1.8238955e+00   1.4947127e+00   1.5192806e+00   1.6744682e+00   1.9148263e+00   2.2530921e+00   2.6775066e+00   2.9597389e+00   2.8832767e+00   2.8630058e+00   0.0000000e+00   0.0000000e+00   0.0000000e+00   0.0000000e+00   0.0000000e+00   0.0000000e+00   0.0000000e+00   1.8354096e+00   2.0423300e+00   2.0514321e+00   2.0631851e+00   0.0000000e+00   0.0000000e+00   0.0000000e+00   0.0000000e+00   0.0000000e+00   0.0000000e+00   0.0000000e+00   0.0000000e+00   0.0000000e+00   0.0000000e+00   0.0000000e+00
   0.0000000e+00   0.0000000e+00   0.0000000e+00   2.2612841e+00   2.5958784e+00   2.9503460e+00   3.3357672e+00   3.5686605e+00   3.6629372e+00   3.8026476e+00   3.8956244e+00   3.7879753e+00   3.3702676e+00   3.0642228e+00   0.0000000e+00   0.0000000e+00   0.0000000e+00   0.0000000e+00   0.0000000e+00   0.0000000e+00   2.8337107e+00   2.5694221e+00   2.4401596e+00   2.1376212e+00   1.7661211e+00   0.0000000e+00   0.0000000e+00   0.0000000e+00   0.0000000e+00   0.0000000e+00   0.0000000e+00   0.0000000e+00   0.0000000e+00   0.0000000e+00   0.0000000e+00   0.0000000e+00
   0.0000000e+00   0.0000000e+00   0.0000000e+00   2.7970622e+00   2.9748573e+00   3.5148141e+00   3.9765682e+00   4.1827631e+00   4.1795540e+00   4.1402841e+00   3.9961653e+00   3.6104209e+00   3.0599329e+00   3.3887609e+00   0.0000000e+00   0.0000000e+00   0.0000000e+00   0.0000000e+00   0.0000000e+00   3.5688998e+00   3.1185620e+00   2.6274590e+00   2.2476215e+00   1.7062056e+00   1.8278672e+00   0.0000000e+00   0.0000000e+00   0.0000000e+00   0.0000000e+00   0.0000000e+00   0.0000000e+00   0.0000000e+00   0.0000000e+00   0.0000000e+00   0.0000000e+00   0.0000000e+00
   0.0000000e+00   0.0000000e+00   1.2541643e+00   2.2669643e+00   2.4758179e+00   2.7835422e+00   3.1171335e+00   3.3602488e+00   3.4444020e+00   3.3029331e+00   2.9637253e+00   2.3344989e+00   1.9033291e+00   3.3917053e+00   0.0000000e+00   0.0000000e+00   0.0000000e+00   0.0000000e+00   0.0000000e+00   3.0306330e+00   2.3174005e+00   1.7543577e+00   1.2391744e+00   8.8567913e-01   2.0372659e+00   0.0000000e+00   0.0000000e+00   0.0000000e+00   0.0000000e+00   0.0000000e+00   0.0000000e+00   0.0000000e+00   0.0000000e+00   0.0000000e+00   0.0000000e+00   0.0000000e+00
   0.0000000e+00   0.0000000e+00   9.4074954e-01   1.6995753e+00   1.6666744e+00   1.7415930e+00   1.9024681e+00   2.0550268e+00   2.0920892e+00   1.8442932e+00   1.3655635e+00   7.1886802e-01   1.0625591e+00   3.0857394e+00   4.5300140e+00   0.0000000e+00   0.0000000e+00   0.0000000e+00   2.6412643e+00   2.0940890e+00   1.1739936e+00   7.1699893e-01   5.1035333e-01   1.3054726e+00   2.8488857e+00   0.0000000e+00   0.0000000e+00   0.0000000e+00   0.0000000e+00   0.0000000e+00   0.0000000e+00   0.0000000e+00   0.0000000e+00   0.0000000e+00   0.0000000e+00   0.0000000e+00
   0.0000000e+00   0.0000000e+00   1.1212918e+00   7.0009571e-01   6.5525842e-01   7.4514043e-01   7.3415917e-01   6.5747792e-01   6.3621604e-01   8.4038317e-01   1.3153871e+00   1.8717256e+00   2.4715133e+00   3.3463860e+00   4.2737906e+00   0.0000000e+00   0.0000000e+00   1.3287636e+00   1.2720790e+00   1.0174062e+00   9.5139849e-01   1.2569141e+00   1.9035339e+00   3.3025331e+00   4.1638180e+00   0.0000000e+00   0.0000000e+00   0.0000000e+00   0.0000000e+00   0.0000000e+00   0.0000000e+00   0.0000000e+00   0.0000000e+00   0.0000000e+00   0.0000000e+00   0.0000000e+00
   0.0000000e+00   0.0000000e+00   2.3859830e+00   2.2487381e+00   2.2399051e+00   2.4122663e+00   2.6030943e+00   2.7219613e+00   2.8236434e+00   3.0045102e+00   3.3492076e+00   3.8122926e+00   4.1475968e+00   4.2502022e+00   4.0842056e+00   2.9441669e+00   2.7536011e+00   2.5092282e+00   1.7500725e+00   1.9404713e+00   2.1667442e+00   2.6469607e+00   3.5033064e+00   5.0949488e+00   0.0000000e+00   0.0000000e+00   0.0000000e+00   0.0000000e+00   0.0000000e+00   0.0000000e+00   0.0000000e+00   0.0000000e+00   0.0000000e+00   0.0000000e+00   0.0000000e+00   0.0000000e+00
   0.0000000e+00   3.5398113e+00   3.4551785e+00   3.7836111e+00   4.0443959e+00   4.4243598e+00   4.7794828e+00   4.9857750e+00   5.0155540e+00   5.0597987e+00   5.3026400e+00   5.6514773e+00   5.7707982e+00   5.4357843e+00   4.4473352e+00   3.1002643e+00   4.8743398e+00   3.5813899e+00   3.5796947e+00   3.5229619e+00   3.6593049e+00   4.1981683e+00   5.0852404e+00   6.3552098e+00   0.0000000e+00   0.0000000e+00   0.0000000e+00   0.0000000e+00   0.0000000e+00   0.0000000e+00   0.0000000e+00   0.0000000e+00   0.0000000e+00   0.0000000e+00   0.0000000e+00   0.0000000e+00
   0.0000000e+00   3.1877956e+00   3.6903727e+00   4.3199730e+00   4.9946294e+00   5.6696310e+00   6.1554213e+00   6.3840117e+00   6.4083300e+00   6.4645138e+00   6.6807594e+00   6.8969803e+00   6.8261814e+00   6.2545686e+00   4.8994102e+00   3.0883844e+00   1.9812388e+00   0.0000000e+00   5.3579386e+00   4.9927893e+00   4.9684334e+00   5.3483744e+00   5.9826703e+00   6.4714961e+00   0.0000000e+00   0.0000000e+00   0.0000000e+00   0.0000000e+00   0.0000000e+00   0.0000000e+00   0.0000000e+00   1.8835468e+00   3.7581377e+00   0.0000000e+00   0.0000000e+00   0.0000000e+00
   0.0000000e+00   2.6255646e+00   3.3076024e+00   4.2339406e+00   5.2695661e+00   6.1710463e+00   6.7420235e+00   7.0351276e+00   7.1813035e+00   7.3250389e+00   7.5087838e+00   7.5667129e+00   7.2684536e+00   6.4475441e+00   4.9162717e+00   2.8317649e+00   1.6511274e+00   0.0000000e+00   0.0000000e+00   6.4116306e+00   5.8979626e+00   5.9831128e+00   6.0571871e+00   5.5730295e+00   0.0000000e+00   0.0000000e+00   0.0000000e+00   0.0000000e+00   0.0000000e+00   0.0000000e+00   0.0000000e+00   1.8880930e+00   3.0089181e+00   0.0000000e+00   0.0000000e+00   0.0000000e+00
   0.0000000e+00   1.7432652e+00   2.6302757e+00   3.7718339e+00   5.0539489e+00   6.1045966e+00   6.7637849e+00   7.1761913e+00   7.4253292e+00   7.5714765e+00   7.6263661e+00   7.4118390e+00   6.7584109e+00   5.6326966e+00   4.0782766e+00   2.8191361e+00   3.5087833e+00   5.0985690e+00   6.8853898e+00   6.8219992e+00   6.4984007e+00   6.1641612e+00   5.3340926e+00   3.8561573e+00   0.0000000e+00   0.0000000e+00   0.0000000e+00   0.0000000e+00   0.0000000e+00   0.0000000e+00   0.0000000e+00   7.1086499e-01   2.1415678e+00   0.0000000e+00   3.7018802e+00   2.5110788e+00
   0.0000000e+00   1.3943084e+00   2.0643175e+00   3.1005652e+00   4.4173040e+00   5.4751940e+00   6.1126380e+00   6.4973717e+00   6.6820803e+00   6.6901984e+00   6.4908504e+00   5.9333529e+00   5.0181174e+00   3.8300750e+00   2.5991857e+00   2.1494925e+00   2.7156298e+00   2.1856295e+00   3.4398403e+00   0.0000000e+00   6.5900588e+00   5.8615407e+00   4.1541376e+00   2.2148564e+00   2.5372583e+00   0.0000000e+00   0.0000000e+00   0.0000000e+00   0.0000000e+00   0.0000000e+00   0.0000000e+00   5.2377675e-01   1.4729908e+00   2.1959020e+00   2.7372186e+00   1.0349973e+00
   0.0000000e+00   0.0000000e+00   1.4110822e+00   2.3948460e+00   3.5939043e+00   4.5622230e+00   5.1231570e+00   5.4554915e+00   5.6623101e+00   5.7175360e+00   5.5653796e+00   5.0861988e+00   4.3241968e+00   3.4114945e+00   2.5320804e+00   1.8797122e+00   1.4654239e+00   1.0708178e+00   1.9435608e+00   0.0000000e+00   0.0000000e+00   5.4561908e+00   3.1764200e+00   1.0140315e+00   2.1321045e+00   0.0000000e+00   0.0000000e+00   0.0000000e+00   0.0000000e+00   0.0000000e+00   0.0000000e+00   7.0046765e-01   7.1160060e-01   2.0407288e+00   2.3478541e+00   9.3122753e-01
   0.0000000e+00   0.0000000e+00   7.2778969e-01   1.7410491e+00   2.8406707e+00   3.9056888e+00   4.6444353e+00   5.1598919e+00   5.5484198e+00   5.7324965e+00   5.6883400e+00   5.3323949e+00   4.7751330e+00   4.2148232e+00   3.6178041e+00   2.7473394e+00   1.4866802e+00   5.2953940e-01   1.0166591e+00   0.0000000e+00   0.0000000e+00   4.8305579e+00   3.2775575e+00   1.5035960e+00   1.8308388e+00   2.2823376e+00   2.8054374e+00   0.0000000e+00   0.0000000e+00   0.0000000e+00   2.3727689e+00   1.2245826e+00   7.3451707e-01   1.6611737e+00   1.9591287e+00   9.7602534e-01
   0.0000000e+00   0.0000000e+00   4.7219916e-01   1.1573639e+00   1.9601830e+00   3.2148055e+00   4.2553501e+00   5.0014499e+00   5.5117314e+00   5.6992691e+00   5.6192239e+00   5.2659467e+00   4.8106398e+00   4.3879756e+00   3.8860378e+00   3.2333175e+00   2.4129400e+00   1.3000530e+00   0.0000000e+00   0.0000000e+00   0.0000000e+00   0.0000000e+00   4.1399246e+00   3.2043828e+00   3.0921110e+00   2.4783551e+00   2.0564345e+00   0.0000000e+00   0.0000000e+00   0.0000000e+00   2.7712228e+00   1.6502382e+00   1.2308577e+00   1.3315132e+00   1.6608047e+00   1.2978973e+00
   0.0000000e+00   0.0000000e+00   5.9639155e-01   1.1363872e+00   1.2931017e+00   2.0399246e+00   2.9661374e+00   3.6714962e+00   4.1931949e+00   4.4630170e+00   4.5956912e+00   4.6398649e+00   4.6505256e+00   4.6235065e+00   4.4427409e+00   4.1304836e+00   3.5971611e+00   2.3445280e+00   0.0000000e+00   0.0000000e+00   0.0000000e+00   0.0000000e+00   0.0000000e+00   4.7336369e+00   4.6812658e+00   3.8651919e+00   2.5978052e+00   0.0000000e+00   0.0000000e+00   0.0000000e+00   3.2295282e+00   2.1419537e+00   2.0035565e+00   2.0836027e+00   2.2288218e+00   2.0469058e+00
   3.0499543e+00   0.0000000e+00   1.0338166e+00   1.4942677e+00   1.6725761e+00   1.2648349e+00   1.7975910e+00   2.3355200e+00   2.8388083e+00   3.2294271e+00   3.6619842e+00   4.1781430e+00   4.6018476e+00   4.8792181e+00   5.0318685e+00   5.0659928e+00   4.8128390e+00   3.8079271e+00   0.0000000e+00   0.0000000e+00   0.0000000e+00   0.0000000e+00   0.0000000e+00   5.5798249e+00   5.6614904e+00   4.9745760e+00   3.6622229e+00   0.0000000e+00   0.0000000e+00   0.0000000e+00   3.3390993e+00   2.8216097e+00   2.9167082e+00   3.1537919e+00   3.2599065e+00   2.9917498e+00
   3.4410605e+00   2.9258811e+00   1.6858395e+00   1.2419851e+00   2.5162564e+00   1.6954809e+00   1.6952566e+00   2.0018895e+00   2.5046031e+00   2.9582682e+00   3.4381659e+00   3.9992409e+00   4.5137868e+00   4.9975090e+00   5.4671087e+00   5.8062363e+00   5.8674693e+00   5.2071791e+00   0.0000000e+00   0.0000000e+00   0.0000000e+00   0.0000000e+00   0.0000000e+00   5.6654887e+00   5.9780869e+00   5.6841683e+00   4.5100894e+00   0.0000000e+00   0.0000000e+00   0.0000000e+00   3.1664235e+00   3.3677968e+00   3.6748831e+00   4.0964394e+00   4.3443117e+00   4.1178346e+00
   4.3321862e+00   3.4326155e+00   2.5577705e+00   2.0747795e+00   3.2653542e+00   2.9432130e+00   2.7108579e+00   2.6971016e+00   2.9560213e+00   3.1992579e+00   3.4220500e+00   3.7231848e+00   4.1224823e+00   4.6865697e+00   5.3693151e+00   5.9196968e+00   6.2698731e+00   6.2980051e+00   5.6989279e+00   0.0000000e+00   0.0000000e+00   0.0000000e+00   4.7509340e+00   5.2041879e+00   5.7723346e+00   6.0408568e+00   5.9199791e+00   0.0000000e+00   0.0000000e+00   0.0000000e+00   2.0475802e+00   3.7899418e+00   4.2252369e+00   4.7546844e+00   5.1599479e+00   5.0875058e+00
   4.5413785e+00   3.4540100e+00   2.7261219e+00   0.0000000e+00   3.8661613e+00   3.7541022e+00   3.5163331e+00   3.4231784e+00   3.4298048e+00   3.4088581e+00   3.3707094e+00   3.4165099e+00   3.6279514e+00   4.0661521e+00   4.7099929e+00   5.3203969e+00   5.8239231e+00   6.3174434e+00   6.4147829e+00   0.0000000e+00   0.0000000e+00   0.0000000e+00   3.8094133e+00   4.3525186e+00   5.0531664e+00   5.8027930e+00   6.4103451e+00   0.0000000e+00   0.0000000e+00   0.0000000e+00   4.2123451e+00   4.1756299e+00   4.5917549e+00   5.0684190e+00   5.5058222e+00   5.4419155e+00
   4.2703648e+00   2.9833149e+00   2.0351710e+00   2.7321799e+00   4.3409467e+00   3.6764736e+00   3.5853338e+00   3.5509987e+00   3.4438250e+00   3.2739778e+00   3.0609858e+00   2.9261734e+00   2.9766896e+00   3.2136676e+00   3.5996964e+00   4.0517731e+00   4.5888543e+00   5.3126564e+00   5.1902636e+00   0.0000000e+00   0.0000000e+00   0.0000000e+00   3.2283513e+00   3.1563892e+00   3.7995584e+00   4.8821454e+00   6.2558981e+00   0.0000000e+00   0.0000000e+00   3.2417886e+00   3.4518226e+00   3.9707906e+00   4.4285002e+00   4.7532601e+00   5.1472392e+00   5.1677613e+00
   3.6529150e+00   2.3917330e+00   0.0000000e+00   0.0000000e+00   2.5977351e+00   2.5080502e+00   2.6001036e+00   2.6668556e+00   2.6002662e+00   2.4892735e+00   2.2948275e+00   2.1261349e+00   2.0878825e+00   2.1746254e+00   2.2704926e+00   2.4209967e+00   2.8088086e+00   3.7460682e+00   4.6235757e+00   0.0000000e+00   0.0000000e+00   0.0000000e+00   2.8022447e+00   1.8743880e+00   2.1230686e+00   3.2592356e+00   5.5656991e+00   0.0000000e+00   0.0000000e+00   3.2551769e+00   3.0958519e+00   3.2577174e+00   3.4564896e+00   3.5231657e+00   3.7699594e+00   4.0851817e+00
   3.2980458e+00   1.9490851e+00   0.0000000e+00   0.0000000e+00   0.0000000e+00   1.0778030e+00   1.0576142e+00   1.1809254e+00   1.1880921e+00   1.2319059e+00   1.2261846e+00   1.1432579e+00   1.0743954e+00   1.0309137e+00   9.3043274e-01   8.3965254e-01   1.0496111e+00   2.0884414e+00   4.1728414e+00   0.0000000e+00   0.0000000e+00   0.0000000e+00   1.8677675e+00   8.6670947e-01   5.3437150e-01   1.3837595e+00   4.2183700e+00   0.0000000e+00   0.0000000e+00   2.6723114e+00   2.5859641e+00   2.1913064e+00   1.9937644e+00   1.8098652e+00   1.8612093e+00   2.5706837e+00
   2.7871513e+00   0.0000000e+00   0.0000000e+00   0.0000000e+00   0.0000000e+00   6.4840164e-01   6.4654458e-01   7.6311606e-01   7.9076409e-01   6.5231454e-01   4.7294533e-01   4.3852925e-01   5.1781487e-01   7.0209670e-01   9.7201699e-01   1.2065803e+00   1.3001518e+00   1.5410411e+00   3.2746108e+00   0.0000000e+00   0.0000000e+00   1.2637469e+00   1.0378966e+00   1.3844746e+00   1.6742054e+00   1.5267957e+00   2.0457795e+00   3.0912387e+00   0.0000000e+00   1.1960747e+00   9.1954845e-01   7.3732740e-01   7.1226418e-01   1.0406393e+00   1.2174289e+00   1.5691036e+00
   3.1285467e+00   0.0000000e+00   0.0000000e+00   0.0000000e+00   0.0000000e+00   1.1428513e+00   1.3764507e+00   1.8105148e+00   2.0856922e+00   2.0362451e+00   1.9038402e+00   1.8453751e+00   1.9099741e+00   2.0940478e+00   2.4242697e+00   2.7297954e+00   2.9100604e+00   2.8199713e+00   3.0526175e+00   0.0000000e+00   0.0000000e+00   1.5079566e+00   1.7203505e+00   2.6563032e+00   3.1837917e+00   3.2735631e+00   2.6785135e+00   2.3056013e+00   1.5828924e+00   1.7303350e+00   1.7940204e+00   2.3440473e+00   3.0661266e+00   3.5078755e+00   3.6583734e+00   3.3200214e+00
   4.9293164e+00   0.0000000e+00   0.0000000e+00   0.0000000e+00   0.0000000e+00   1.9406845e+00   2.3921192e+00   2.8017943e+00   3.1459613e+00   3.2455492e+00   3.3227143e+00   3.3718059e+00   3.4543805e+00   3.6201320e+00   3.8804297e+00   4.1563106e+00   4.3588581e+00   4.2802296e+00   3.7321892e+00   0.0000000e+00   0.0000000e+00   2.8199732e+00   3.4117236e+00   4.1159296e+00   4.5412683e+00   4.7979689e+00   4.6812792e+00   3.8772469e+00   3.2934945e+00   3.5218098e+00   4.0282097e+00   4.7640743e+00   5.5174713e+00   6.0005903e+00   6.1882658e+00   5.8329616e+00
   6.7336510e+00   6.8459930e+00   5.1404948e+00   0.0000000e+00   0.0000000e+00   3.2708617e+00   3.5714771e+00   3.8691414e+00   3.9522367e+00   3.8650491e+00   4.1067355e+00   4.3570087e+00   4.5494958e+00   4.7375482e+00   4.8969043e+00   5.0463740e+00   5.1611984e+00   5.1113656e+00   4.7576397e+00   0.0000000e+00   3.3669677e+00   3.8967013e+00   4.5328229e+00   4.9113653e+00   5.1618992e+00   5.4128335e+00   5.6253384e+00   5.6369984e+00   5.5640453e+00   5.4960807e+00   5.8551829e+00   6.3909058e+00   6.8269524e+00   7.1433042e+00   7.2949462e+00   7.1753907e+00
   6.8500762e+00   6.6636477e+00   6.0988407e+00   6.0109703e+00   5.8823093e+00   4.4838438e+00   4.4504633e+00   4.3908162e+00   4.0130998e+00   4.1740155e+00   4.5239916e+00   4.8833175e+00   5.1085215e+00   5.2394953e+00   5.3487482e+00   5.4113784e+00   5.4215903e+00   5.3870082e+00   5.3726730e+00   0.0000000e+00   4.3257117e+00   4.6648107e+00   4.9896631e+00   5.0246911e+00   5.0450115e+00   5.2167335e+00   5.5166969e+00   5.8566489e+00   6.1669912e+00   6.3467188e+00   6.5287437e+00   6.7325101e+00   6.6617799e+00   6.6420341e+00   6.6654205e+00   6.7966828e+00
   4.7733712e+00   5.1542034e+00   5.2972903e+00   5.1974511e+00   4.7980175e+00   4.3566380e+00   4.2677870e+00   4.1503743e+00   3.9102466e+00   4.1850266e+00   4.5393920e+00   4.7724314e+00   4.7176380e+00   4.6962061e+00   4.6981730e+00   4.7020693e+00   4.6871943e+00   4.7077098e+00   4.9238494e+00   0.0000000e+00   4.5436726e+00   4.3491697e+00   4.3503528e+00   4.1533647e+00   3.9772301e+00   3.9898291e+00   4.2269688e+00   4.5658498e+00   4.9316759e+00   5.1557379e+00   5.1946912e+00   5.1298966e+00   4.7561426e+00   4.4769654e+00   4.4210067e+00   4.3690567e+00
   1.5908797e+00   1.6811633e+00   2.2200205e+00   2.4455662e+00   2.5179648e+00   2.6592922e+00   2.8077204e+00   2.7854984e+00   2.8652797e+00   3.1677089e+00   3.3259513e+00   3.1982775e+00   2.9748766e+00   2.8898749e+00   2.8289392e+00   2.7585866e+00   2.6984534e+00   2.7198732e+00   2.7822162e+00   2.5259825e+00   2.7057614e+00   2.5633223e+00   2.6074224e+00   2.3336127e+00   1.9720618e+00   1.8132733e+00   1.8361119e+00   1.9348152e+00   2.0589223e+00   2.0646677e+00   2.0053380e+00   2.0890229e+00   1.9026041e+00   1.6192466e+00   1.6910865e+00   1.6410073e+00
   0.0000000e+00   2.3390319e+00   0.0000000e+00   9.8598832e-01   1.2770205e+00   1.0278586e+00   1.2199165e+00   1.3114761e+00   1.2584057e+00   1.2372892e+00   1.0962977e+00   9.4383019e-01   8.4262466e-01   8.5081917e-01   7.8621787e-01   7.4782938e-01   6.9428515e-01   5.8383560e-01   5.9095610e-01   8.7770743e-01   7.2275542e-01   7.0649356e-01   7.3336118e-01   9.6361876e-01   1.3201030e+00   2.1566960e+00   1.9020547e+00   2.6426156e+00   2.9300116e+00   3.3102978e+00   0.0000000e+00   0.0000000e+00   3.6818641e+00   3.7481149e+00   0.0000000e+00   0.0000000e+00
   0.0000000e+00   3.9921253e+00   0.0000000e+00   0.0000000e+00   0.0000000e+00   0.0000000e+00   5.1842710e+00   3.4843857e+00   3.0621981e+00   2.9519221e+00   2.7892477e+00   1.4991488e+00   1.6838357e+00   0.0000000e+00   1.5855602e+00   2.6606267e+00   2.9863745e+00   2.2520392e+00   0.0000000e+00   0.0000000e+00   2.2832982e+00   2.5326599e+00   4.0878719e+00   0.0000000e+00   0.0000000e+00   0.0000000e+00   0.0000000e+00   0.0000000e+00   0.0000000e+00   0.0000000e+00   0.0000000e+00   0.0000000e+00   0.0000000e+00   0.0000000e+00   0.0000000e+00   0.0000000e+00
