  -4.5265162e-01
  -2.4312265e+00
  -4.3795066e+00
  -2.5662231e+00
  -3.5066555e+00
  -3.8897116e+00
  -2.7416458e+00
  -3.2119715e+00
  -3.9573426e+00
  -4.1489282e+00
  -4.1052427e+00
  -4.2145143e+00
  -4.0634942e+00
  -3.8785419e+00
  -3.9104481e+00
  -4.1092849e+00
  -4.5051737e+00
  -4.5447240e+00
  -3.9067142e+00
  -3.5957563e+00
  -3.6835411e+00
  -4.2087259e+00
  -5.3697352e+00
  -7.0919309e+00
  -8.0330772e+00
  -7.7642155e+00
  -6.9317908e+00
  -6.1920319e+00
  -5.8024697e+00
  -5.4667706e+00
  -5.0158358e+00
  -4.3342142e+00
  -4.3815641e+00
  -5.0579448e+00
  -4.1396475e+00
  -1.8276989e+00
  -3.5909061e+00
  -2.3811297e+00
  -3.0065761e+00
  -1.6021717e+00
  -5.5585170e-01
  -7.6693170e-02
   3.2183307e-01
   5.4646778e-01
   7.4077016e-01
   8.0702353e-01
   7.4992239e-01
   6.2565416e-01
   5.2859092e-01
   4.9843591e-01
   4.1648749e-01
   3.6543509e-01
   2.4721935e-01
   1.2959933e-01
   3.7388615e-02
   1.3876595e-01
   4.0090102e-01
   2.6902777e-01
   4.0249377e-02
  -4.8394787e-01
  -1.3629090e+00
  -2.6195815e+00
  -4.0521441e+00
  -4.8200145e+00
  -4.9587922e+00
  -5.8407192e+00
  -6.4341502e+00
  -6.1099501e+00
  -4.4923286e+00
  -6.6780043e+00
  -7.9190674e+00
  -6.6683598e+00
   5.2833194e-01
   1.3684947e+00
   2.0138035e+00
   2.3205914e+00
   2.4595640e+00
   2.6341581e+00
   2.7993207e+00
   2.7746789e+00
   2.8434625e+00
   3.1479368e+00
   3.3160453e+00
   3.1902375e+00
   2.9596508e+00
   2.8720069e+00
   2.8135748e+00
   2.7421324e+00
   2.6682231e+00
   2.6637630e+00
   2.6770773e+00
   2.4080799e+00
   2.6501589e+00
   2.5003250e+00
   2.5919816e+00
   2.3287635e+00
   1.9512780e+00
   1.7507517e+00
   1.7314422e+00
   1.7967212e+00
   1.9088646e+00
   1.8557808e+00
   1.5119739e+00
   1.1655228e+00
   8.4403193e-01
   6.0171819e-01
   2.4856177e-01
  -8.1091449e-03
   4.3905683e+00
   4.6830430e+00
   4.9434242e+00
   4.9817581e+00
   4.4234676e+00
   4.2899427e+00
   4.2400918e+00
   3.8788531e+00
   3.8464255e+00
   4.1245089e+00
   4.4958606e+00
   4.7359667e+00
   4.6577797e+00
   4.6245852e+00
   4.6294222e+00
   4.6276121e+00
   4.5891809e+00
   4.5714612e+00
   4.4265828e+00
   2.5784307e+00
   4.3924460e+00
   4.2008157e+00
   4.3235197e+00
   4.1507115e+00
   3.9684098e+00
   3.9652379e+00
   4.1747336e+00
   4.4806256e+00
   4.8474383e+00
   5.1041174e+00
   5.1721787e+00
   5.1238995e+00
   4.7478633e+00
   4.4718223e+00
   4.4069338e+00
   4.2137852e+00
   6.3566270e+00
   6.1953144e+00
   5.7923441e+00
   4.9461532e+00
   3.1777444e+00
   4.4312630e+00
   4.4281683e+00
   2.7973187e+00
   3.5873456e+00
   4.1079350e+00
   4.4654937e+00
   4.8247023e+00
   5.0128541e+00
   5.1340194e+00
   5.2514086e+00
   5.3157229e+00
   5.3143649e+00
   5.2473831e+00
   4.7860746e+00
   2.5274997e+00
   4.1353402e+00
   4.5235991e+00
   4.9650474e+00
   5.0145307e+00
   5.0150628e+00
   5.1476264e+00
   5.3843956e+00
   5.6707172e+00
   6.0052280e+00
   6.2338405e+00
   6.4690681e+00
   6.7180386e+00
   6.6499362e+00
   6.6321483e+00
   6.5837841e+00
   6.4736872e+00
   6.1560409e+00
   3.8074260e+00
   3.8630733e+00
   1.9825066e+00
   1.6984727e+00
   2.9632661e+00
   3.5677225e+00
   3.5540583e+00
   3.7987313e+00
   3.7944190e+00
   4.0358388e+00
   4.2735651e+00
   4.4433461e+00
   4.6428359e+00
   4.8187922e+00
   4.9757420e+00
   5.0884126e+00
   5.0215476e+00
   4.3078504e+00
   2.1059173e+00
   2.7049383e+00
   3.7663259e+00
   4.5126369e+00
   4.8968647e+00
   5.1184393e+00
   5.3180240e+00
   5.4654683e+00
   5.4439899e+00
   5.4181307e+00
   5.4017971e+00
   5.8047120e+00
   6.3758196e+00
   6.8168740e+00
   7.1070174e+00
   7.1248640e+00
   6.8598127e+00
   4.5065198e+00
   1.5878873e+00
   1.3940556e+00
   1.1921623e+00
   1.0399958e+00
   1.7711077e+00
   2.3795795e+00
   2.7963967e+00
   3.1184187e+00
   3.1610248e+00
   3.2430222e+00
   3.2885170e+00
   3.3743773e+00
   3.5575073e+00
   3.8331454e+00
   4.1120291e+00
   4.3185792e+00
   4.2506456e+00
   3.3587101e+00
   1.3518952e+00
   1.0547556e+00
   2.4671125e+00
   3.3784068e+00
   4.0897741e+00
   4.4854817e+00
   4.7034602e+00
   4.5758185e+00
   3.8079376e+00
   3.2557838e+00
   3.4851754e+00
   3.9976940e+00
   4.7554517e+00
   5.5066776e+00
   5.9332280e+00
   6.0474920e+00
   5.6849389e+00
   2.0607176e+00
   6.2978560e-01
   6.0780579e-01
   8.9944996e-01
   6.0981083e-01
   9.6318537e-01
   1.3597861e+00
   1.7997649e+00
   2.0322559e+00
   1.9586352e+00
   1.8479031e+00
   1.7965645e+00
   1.8624087e+00
   2.0509758e+00
   2.3928444e+00
   2.7023515e+00
   2.8959217e+00
   2.7797167e+00
   2.0925980e+00
   9.7510767e-01
   2.8607485e-01
   6.7070721e-01
   1.5853271e+00
   2.5944352e+00
   3.1229344e+00
   3.2229614e+00
   2.4935367e+00
   9.6830166e-01
   9.6405154e-01
   1.4933583e+00
   1.6927959e+00
   2.3147438e+00
   3.0478480e+00
   3.4691134e+00
   3.6126540e+00
   3.2702007e+00
   8.3642274e-01
   1.0165626e-01
  -2.2411907e-01
  -2.5881220e-02
   1.8765374e-01
   4.4789836e-01
   6.4015406e-01
   7.4429631e-01
   7.4898833e-01
   6.1266017e-01
   4.5962566e-01
   4.1676143e-01
   4.7030741e-01
   6.3856119e-01
   9.3321341e-01
   1.1884125e+00
   1.2870266e+00
   1.1244754e+00
   8.4992409e-01
   7.7362436e-01
  -2.7101821e-01
  -6.6676891e-01
   2.0646167e-01
   1.2016858e+00
   1.6193550e+00
   1.4752132e+00
   3.3434859e-01
  -2.4306335e-01
  -5.2830163e-02
  -7.6891577e-01
  -5.4357553e-01
   7.2077662e-03
   6.2128478e-01
   1.0147717e+00
   1.1724826e+00
   9.3144953e-01
  -4.2549038e-01
   1.1115844e-01
  -1.0177898e+00
  -9.2096138e-01
  -6.1722004e-01
  -7.4563146e-01
  -1.0018666e+00
  -1.1320715e+00
  -1.1562018e+00
  -1.1885058e+00
  -1.1735685e+00
  -1.1239746e+00
  -1.0711668e+00
  -1.0238837e+00
  -9.1873610e-01
  -8.2936651e-01
  -8.9019316e-01
  -1.1407530e+00
  -5.2137995e-01
   4.6974385e-01
  -7.4138343e-01
  -9.6291113e-01
  -1.3068695e+00
  -4.8441821e-01
  -4.2159438e-01
  -8.8493896e-01
  -1.9420203e+00
  -5.1103920e-01
  -4.2623085e-01
  -2.1729381e+00
  -2.5220108e+00
  -2.1681354e+00
  -1.9250556e+00
  -1.7037992e+00
  -1.6577702e+00
  -1.6582041e+00
  -1.8246055e+00
  -4.1677350e-01
  -9.4969547e-01
  -1.3202462e+00
  -2.0247319e+00
  -2.3242514e+00
  -2.4369762e+00
  -2.5463135e+00
  -2.5172360e+00
  -2.4009256e+00
  -2.2175117e+00
  -2.0922761e+00
  -2.0792148e+00
  -2.1740961e+00
  -2.2694626e+00
  -2.3947313e+00
  -2.6208043e+00
  -2.8653286e+00
  -1.6543881e+00
   1.0437353e-01
  -8.0454993e-01
  -9.2593771e-01
  -2.0916414e+00
  -1.7708261e+00
  -2.0494940e+00
  -2.6025412e+00
  -2.7079592e+00
  -5.3119600e-01
  -8.8259888e-01
  -2.6188838e+00
  -2.1123981e+00
  -3.2126427e+00
  -3.3613975e+00
  -3.3890705e+00
  -3.5154791e+00
  -3.3034520e+00
  -2.9949942e+00
  -1.4742756e+00
  -9.7577679e-01
  -1.8994794e+00
  -3.7362010e+00
  -3.4099696e+00
  -3.3366959e+00
  -3.3930011e+00
  -3.3439758e+00
  -3.1796727e+00
  -2.9866314e+00
  -2.8934860e+00
  -2.9667718e+00
  -3.2125380e+00
  -3.5903552e+00
  -3.9775486e+00
  -4.2861891e+00
  -4.2918229e+00
  -2.8162031e+00
  -3.9371990e-02
  -5.0258881e-01
  -7.6455790e-01
  -2.0007052e+00
  -3.1136615e+00
  -3.6119583e+00
  -3.9164450e+00
  -2.6004012e+00
  -1.9339642e-01
  -1.1552165e+00
  -2.0450189e+00
  -1.8295927e+00
  -3.8814847e+00
  -4.2947316e+00
  -4.5599146e+00
  -4.8032141e+00
  -4.4570708e+00
  -3.4794674e+00
  -2.1159081e+00
  -1.7616712e+00
  -1.1894007e+00
  -2.5168662e+00
  -3.4410050e+00
  -3.2708974e+00
  -3.3031127e+00
  -3.3662004e+00
  -3.3495374e+00
  -3.3277266e+00
  -3.3996496e+00
  -3.6222253e+00
  -4.0590849e+00
  -4.6653275e+00
  -5.1523681e+00
  -5.3411093e+00
  -4.9825950e+00
  -3.2372847e+00
   7.4525155e-02
  -2.0838895e-01
  -8.0463088e-01
  -2.4082787e+00
  -4.2892127e+00
  -4.6929016e+00
  -4.4679604e+00
  -2.1095283e+00
  -1.0075131e-01
  -1.1124806e+00
  -1.2191272e+00
  -1.6625429e+00
  -3.7954421e+00
  -4.4061127e+00
  -4.7988296e+00
  -5.0795770e+00
  -4.7585859e+00
  -3.3326869e+00
  -2.0644870e+00
  -1.3832772e+00
  -7.2323017e-02
  -1.4995219e+00
  -2.6882164e+00
  -2.5770297e+00
  -2.6599956e+00
  -2.9401145e+00
  -3.1804562e+00
  -3.4088483e+00
  -3.7183089e+00
  -4.1161141e+00
  -4.6569242e+00
  -5.2543344e+00
  -5.6190419e+00
  -5.5687852e+00
  -4.6529760e+00
  -1.5313473e+00
  -6.1896816e-04
  -2.8064778e-01
  -9.3433917e-01
  -3.2149625e+00
  -5.0442848e+00
  -5.2079220e+00
  -4.3875790e+00
  -1.1159945e+00
   1.7995091e-01
  -9.1869080e-01
  -1.3290956e+00
  -1.5681798e+00
  -3.0699494e+00
  -3.9795706e+00
  -4.4037638e+00
  -4.6620088e+00
  -4.3985620e+00
  -2.5806708e+00
  -1.5407472e+00
  -9.4438523e-01
  -1.0337490e+00
  -1.8380425e+00
  -1.6273639e+00
  -1.6632173e+00
  -1.9660372e+00
  -2.4873116e+00
  -2.9517894e+00
  -3.4352822e+00
  -3.9973948e+00
  -4.4956522e+00
  -4.9146743e+00
  -5.2343678e+00
  -5.3202963e+00
  -4.9262900e+00
  -3.4007025e+00
  -1.7125556e-01
  -2.1876486e-01
  -5.6519842e-01
  -9.6704668e-01
  -2.8541288e+00
  -5.3076167e+00
  -5.1780205e+00
  -3.8147364e+00
  -2.5370592e-01
   4.3132013e-01
  -9.1452032e-01
  -2.1772349e+00
  -2.9896917e+00
  -2.9215758e+00
  -3.3397486e+00
  -3.6316104e+00
  -3.7486317e+00
  -3.4601097e+00
  -1.5179218e+00
  -4.5492634e-01
  -7.8858405e-01
  -1.4565248e+00
  -1.4589325e+00
  -1.1545504e+00
  -1.5897822e+00
  -2.1169629e+00
  -2.6694536e+00
  -3.1077244e+00
  -3.5908339e+00
  -4.1597424e+00
  -4.5819020e+00
  -4.7653112e+00
  -4.7012191e+00
  -4.3943987e+00
  -3.6585939e+00
  -2.0160236e+00
  -6.8300754e-02
  -4.6873710e-01
  -8.4540862e-01
  -9.0192449e-01
  -2.0110741e+00
  -4.9336619e+00
  -4.6725454e+00
  -3.0414743e+00
   2.3863448e-01
   3.5727912e-01
  -1.8809679e+00
  -3.9971986e+00
  -3.4405155e+00
  -2.4699485e+00
  -2.5274541e+00
  -2.5860395e+00
  -2.5583537e+00
  -2.3881550e+00
  -2.1159808e-01
  -9.4478190e-02
  -4.9056122e-01
  -1.1246790e+00
  -1.2271304e+00
  -1.7489352e+00
  -2.5875471e+00
  -3.2460270e+00
  -3.7498460e+00
  -4.0457687e+00
  -4.2826195e+00
  -4.5020161e+00
  -4.6257253e+00
  -4.5670757e+00
  -4.1809483e+00
  -3.4853663e+00
  -2.4354320e+00
  -7.2821188e-01
   5.8803838e-03
  -6.4289016e-01
  -1.0656528e+00
  -1.0996311e+00
  -2.1069212e+00
  -3.9418445e+00
  -3.7089002e+00
  -2.0892115e+00
   9.6792829e-01
   5.3745425e-01
  -2.9947004e+00
  -5.2289166e+00
  -3.4634740e+00
  -1.9560611e+00
  -1.6723044e+00
  -1.4798765e+00
  -1.3699596e+00
  -1.2616019e+00
   3.0632182e-01
   2.0652154e-02
  -3.5893084e-01
  -1.1417583e+00
  -1.8630978e+00
  -3.0022627e+00
  -4.0150032e+00
  -4.7283510e+00
  -5.2025150e+00
  -5.3752926e+00
  -5.3359450e+00
  -5.1017941e+00
  -4.7682547e+00
  -4.3756818e+00
  -3.7673822e+00
  -2.8598343e+00
  -1.5446432e+00
   3.0022892e-01
   5.9644845e-02
  -7.1776405e-01
  -1.2749837e+00
  -1.7307582e+00
  -3.4326800e+00
  -2.5019237e+00
  -2.2306885e+00
  -7.3519710e-01
   1.5879818e+00
   6.8089578e-01
  -3.2161361e+00
  -4.8138522e+00
  -3.4158707e+00
  -1.5886055e+00
  -9.6818352e-01
  -4.8358414e-01
  -3.2209792e-01
  -1.3282153e-01
   2.7324313e-01
   2.7103723e-02
  -6.8002609e-01
  -1.7183568e+00
  -2.8000030e+00
  -3.8719940e+00
  -4.6248368e+00
  -5.1479329e+00
  -5.5373858e+00
  -5.7189386e+00
  -5.6766270e+00
  -5.3303030e+00
  -4.7471975e+00
  -4.0488667e+00
  -3.2225905e+00
  -2.2591190e+00
  -1.0316149e+00
   6.3241132e-02
   2.3764579e-01
  -8.5013552e-01
  -1.8030726e+00
  -3.0866982e+00
  -3.1386031e+00
  -7.4787119e-01
   1.2036841e-01
   1.0773784e+00
   2.4281849e+00
   4.4590679e-01
  -3.0031735e+00
  -3.9827414e+00
  -2.9700216e+00
  -1.1393103e+00
  -1.5397778e-01
   7.9612985e-01
   7.0548824e-01
   6.5625743e-01
   1.4693609e-01
  -1.0360059e-01
  -1.0984690e+00
  -2.3546991e+00
  -3.5060444e+00
  -4.4433270e+00
  -4.9970121e+00
  -5.3330469e+00
  -5.5435495e+00
  -5.6000481e+00
  -5.4527111e+00
  -4.9929323e+00
  -4.2477255e+00
  -3.3053451e+00
  -2.3609638e+00
  -1.7624286e+00
  -1.3365515e+00
  -7.3205382e-01
   2.0986024e-01
  -1.4940991e+00
  -3.6073265e+00
  -4.6383858e+00
  -2.8596635e+00
   5.1531330e-02
   1.7873411e+00
   8.9602965e-01
   1.3559246e+00
  -2.3037724e-01
  -2.2915666e+00
  -2.4578512e+00
  -1.8100779e+00
  -6.4183962e-01
   5.2932012e-01
   1.1307892e+00
   1.0753871e+00
   7.8403652e-01
   9.6026845e-03
  -7.7126193e-01
  -1.9006096e+00
  -3.0482700e+00
  -4.2979784e+00
  -5.2693634e+00
  -5.8398848e+00
  -6.1780014e+00
  -6.3343420e+00
  -6.3201923e+00
  -6.0857644e+00
  -5.4822226e+00
  -4.5347996e+00
  -3.3591700e+00
  -2.2575212e+00
  -1.9845068e+00
  -2.4318788e+00
  -1.5094827e+00
  -8.8314337e-01
  -3.7792461e+00
  -6.2039385e+00
  -5.3641782e+00
  -3.2593629e+00
  -3.7540048e-02
   1.7922783e+00
   4.0881053e-01
   1.4182740e-01
  -4.9317122e-01
  -1.2840374e+00
  -7.9273182e-01
  -6.4026493e-01
  -1.0892171e-01
   1.2264528e+00
   2.1242039e+00
   1.3288194e+00
   8.3807325e-01
  -4.1776136e-02
  -1.3111057e+00
  -2.6114879e+00
  -3.7227869e+00
  -4.9569888e+00
  -5.9105582e+00
  -6.4819102e+00
  -6.8317790e+00
  -7.0487299e+00
  -7.1669364e+00
  -7.1475110e+00
  -6.7778587e+00
  -5.9200153e+00
  -4.6140599e+00
  -3.1318898e+00
  -2.3836069e+00
  -3.1502044e+00
  -3.3121283e+00
  -3.7779448e+00
  -5.6850290e+00
  -6.3812199e+00
  -5.6382546e+00
  -4.1905231e+00
  -1.2468302e+00
   7.9955071e-01
  -6.9283187e-02
  -4.4042307e-01
  -7.2745842e-01
  -7.0767289e-01
  -3.7231526e-01
  -5.9528106e-01
   3.2157359e-01
   1.9587196e+00
   1.9193567e+00
   1.4085325e+00
   1.2529598e+00
  -1.7617862e-01
  -2.0988078e+00
  -3.2481120e+00
  -4.1838279e+00
  -5.2079682e+00
  -6.0332055e+00
  -6.5193973e+00
  -6.7562575e+00
  -6.8934379e+00
  -7.0407948e+00
  -7.1746607e+00
  -7.0694513e+00
  -6.4891415e+00
  -5.3076630e+00
  -3.5335770e+00
  -2.0579326e+00
  -5.4498482e-01
  -4.0449929e+00
  -7.0722537e+00
  -6.4030056e+00
  -5.7998815e+00
  -5.6125264e+00
  -5.0352626e+00
  -2.9811168e+00
  -5.0284302e-01
  -1.0016506e+00
  -1.3469629e+00
  -1.7687260e+00
  -1.4144244e+00
  -5.1902604e-01
  -5.9626752e-01
   1.0524426e+00
   2.7375233e+00
   1.3352469e+00
   8.0793417e-01
   4.3163675e-01
  -3.7987119e-01
  -2.7447491e+00
  -3.6004629e+00
  -4.2508845e+00
  -4.9516802e+00
  -5.5857244e+00
  -5.9983640e+00
  -6.1595159e+00
  -6.1761694e+00
  -6.2658324e+00
  -6.4748168e+00
  -6.5672145e+00
  -6.2109947e+00
  -5.1471443e+00
  -3.1331296e+00
  -9.5912641e-01
  -6.8445563e-01
  -3.8827481e+00
  -5.3501086e+00
  -4.9870372e+00
  -4.9295983e+00
  -5.1253209e+00
  -5.2202206e+00
  -4.1173325e+00
  -2.4645057e+00
  -2.3936815e+00
  -2.1793303e+00
  -2.9248824e+00
  -2.7457151e+00
  -1.8181812e+00
  -1.0651838e+00
   9.4362992e-01
   3.4475684e+00
   1.4937677e+00
   2.5280777e-01
   6.9316752e-02
  -3.4227297e-01
  -2.2963724e+00
  -3.3554347e+00
  -3.7060485e+00
  -4.0145350e+00
  -4.3906059e+00
  -4.7028904e+00
  -4.8399143e+00
  -4.8395782e+00
  -4.9191580e+00
  -5.1882839e+00
  -5.4563274e+00
  -5.2885246e+00
  -4.2747335e+00
  -1.9567775e+00
   2.1796389e-02
  -2.2731764e+00
  -4.3805895e+00
  -3.5710361e+00
  -3.5147455e+00
  -3.6506584e+00
  -4.0931773e+00
  -4.6064787e+00
  -4.5081248e+00
  -3.4697225e+00
  -2.7922668e+00
  -2.5484459e+00
  -3.0890245e+00
  -2.8175375e+00
  -2.2893810e+00
  -1.1075190e+00
   4.0555727e-01
   2.1616833e+00
   1.1412361e+00
   9.0151310e-01
  -1.0783247e-01
  -2.6776147e-01
  -8.4887969e-01
  -2.2571969e+00
  -2.1999958e+00
  -2.2292814e+00
  -2.4053988e+00
  -2.5882146e+00
  -2.6699450e+00
  -2.7365746e+00
  -2.9318693e+00
  -3.3012495e+00
  -3.7115602e+00
  -3.7143419e+00
  -2.7329776e+00
  -2.7022171e-01
   6.9263327e-01
  -1.3437008e+00
  -2.0842915e+00
  -1.3697320e+00
  -1.8903514e+00
  -2.1537938e+00
  -2.6169167e+00
  -3.2564979e+00
  -3.8928399e+00
  -3.0181055e+00
  -2.2046463e+00
  -1.9165727e+00
  -2.4209912e+00
  -2.0110540e+00
  -1.6615715e+00
  -3.5830063e-01
  -7.2126955e-01
   6.4069641e-01
   4.5226353e-01
   2.0678458e+00
  -5.6726575e-01
  -3.9544258e-01
  -3.0822197e-01
  -7.6178730e-01
  -2.4566415e-01
  -2.0796457e-01
  -3.3396110e-01
  -4.1086513e-01
  -4.0748578e-01
  -4.8487604e-01
  -8.0242819e-01
  -1.3022364e+00
  -1.8329489e+00
  -1.9907991e+00
  -1.0651034e+00
   1.3004494e+00
   6.5258604e-01
  -4.3742630e-01
   2.7031049e-01
   3.5605767e-01
  -2.2579902e-01
  -8.1379718e-01
  -1.2276242e+00
  -1.7973194e+00
  -2.5670011e+00
  -2.2105227e+00
  -1.3987134e+00
  -1.5530908e+00
  -1.3432466e+00
  -1.0402963e+00
  -2.2702712e-01
   1.0675629e-01
  -5.9914219e-01
   3.2010800e-01
   5.8536041e-01
   1.2628301e+00
  -8.9558697e-01
  -1.6015263e-01
   7.9404131e-02
   8.9631480e-01
   1.5577511e+00
   1.6459146e+00
   1.7149270e+00
   1.8638136e+00
   2.0230541e+00
   2.0270922e+00
   1.6921749e+00
   1.1436964e+00
   5.2507573e-01
   2.0646812e-01
   9.5998430e-01
   2.0620944e+00
   7.5692964e-01
   2.2615114e-01
   6.7285854e-01
   1.4115481e+00
   1.6637969e+00
   8.4551156e-01
   3.7852067e-01
  -7.4858606e-02
  -7.3315328e-01
  -8.4213680e-01
   4.5815267e-02
  -6.6372913e-01
  -2.2048111e-01
   6.8618363e-01
   1.3392717e+00
   1.2519619e-01
  -1.5512227e-01
  -1.7120118e-01
   4.6645424e-01
  -4.9560276e-01
  -1.1744733e+00
   5.3215086e-01
   2.5178134e-01
   9.9952018e-01
   1.5921691e+00
   2.4409344e+00
   2.7781324e+00
   3.1004335e+00
   3.3319874e+00
   3.3675313e+00
   3.1137291e+00
   2.6888149e+00
   2.1378629e+00
   1.7665643e+00
   2.0831463e+00
   1.5975037e+00
   7.2845224e-01
   5.2726156e-01
   8.3629972e-01
   1.2657871e+00
   2.6180258e+00
   2.0160658e+00
   1.5387363e+00
   1.1262059e+00
   5.8163536e-01
   5.0775468e-01
   5.5976045e-01
   5.1606894e-01
   1.4483195e+00
   1.9657900e+00
   8.6141938e-01
   7.9680594e-01
   3.8102636e-01
   9.1894013e-01
   5.5912989e-01
  -2.5970343e-01
   5.7014942e-02
   1.7206113e+00
   6.4657503e-01
   8.3162808e-01
   1.5088643e+00
   2.9439034e+00
   3.4992220e+00
   3.9353905e+00
   4.1217484e+00
   4.0675459e+00
   3.9117353e+00
   3.6619461e+00
   3.3178601e+00
   2.9830577e+00
   2.5073423e+00
   8.1343603e-01
   7.8141814e-01
   5.2666122e-01
   7.1436816e-01
   1.0125124e+00
   2.5632486e+00
   2.7837772e+00
   2.3864560e+00
   2.0801635e+00
   1.6575528e+00
   1.1983705e+00
   4.4382060e-01
   1.4532913e+00
   1.1382405e+00
   5.2368671e-01
   4.5601702e-01
   4.0689567e-01
  -8.0295694e-01
  -1.3636130e-01
   6.1224741e-01
   4.4524980e-01
   1.4386899e+00
   1.5331861e+00
   8.3779126e-01
   5.8870012e-01
   1.4101972e+00
   2.4669240e+00
   2.9376235e+00
   3.3104655e+00
   3.5140750e+00
   3.5492303e+00
   3.5743801e+00
   3.5444846e+00
   3.4505141e+00
   3.2440542e+00
   2.5164423e+00
   8.8564873e-01
   6.9739529e-01
   5.1771718e-01
   5.7640386e-01
   7.8809569e-01
   1.0735921e+00
   2.1554809e+00
   2.3126092e+00
   2.2631683e+00
   2.0475237e+00
   1.5654175e+00
   1.1044126e+00
   7.4840599e-01
   5.0619656e-01
   3.7381285e-01
   2.9584724e-01
   2.3856944e-01
  -1.6386610e-01
   1.1245006e-01
   4.9439230e-01
   7.4770933e-01
   1.2041575e+00
   6.6581196e-01
   5.0492090e-01
   3.4923183e-01
   6.3620746e-01
   1.0800043e+00
   1.1454438e+00
   1.2896323e+00
   1.6078721e+00
   1.8667172e+00
   2.1147292e+00
   2.4074347e+00
   2.6406957e+00
   2.7160013e+00
   2.1953254e+00
   6.6116480e-01
   5.4587525e-01
   3.6339919e-01
   4.2796306e-01
   5.4315794e-01
   5.3459805e-01
   7.5063059e-01
   1.5351720e+00
   1.9061401e+00
   1.9460291e+00
   1.9561260e+00
   1.1215297e+00
   5.0045079e-01
   4.6773273e-01
   3.5799809e-01
   2.0171758e-01
   2.6170236e-01
   3.6387371e-01
   2.6221955e-01
   3.9492837e-01
   3.1828081e-01
   8.9659781e-01
   5.3055760e-01
   3.4910938e-01
   6.8672910e-02
   1.6196699e-01
  -2.1928310e-01
  -6.4708269e-01
  -6.3085125e-01
  -7.2381657e-01
  -4.4212621e-01
   6.6253919e-04
   7.1143746e-01
   1.3406500e+00
   1.6433404e+00
   3.5372657e-01
   3.7626001e-01
   3.3226951e-01
   2.1291207e-01
   2.8509539e-01
   2.4229455e-01
   1.9439322e-01
   2.3484294e-01
   6.6806946e-01
   1.1645072e+00
   1.3589380e+00
   1.1512022e+00
   4.0191576e-01
   4.8186514e-01
   4.6270427e-01
   4.0118214e-01
   3.8824734e-01
   3.5619967e-01
   3.8819739e-01
   4.7894439e-01
   5.9153852e-01
   5.5396062e-01
   7.9089385e-01
   3.4647784e-01
   5.6027228e-01
   5.2905488e-01
   1.5426004e-01
  -8.5130781e-01
  -9.2036855e-01
  -1.1532720e+00
  -1.9459646e+00
  -1.9844297e+00
  -7.4387521e-01
  -3.0677143e-01
  -1.7570381e-01
  -5.5540574e-01
  -2.1584298e-01
   8.3717465e-02
  -4.9910480e-03
   1.5098029e-01
   1.9097856e-01
   1.0290137e-01
   3.5263501e-02
   9.6092314e-02
  -1.9776648e-01
   1.5120897e-01
   1.6876227e-01
   1.2429387e-01
   2.6660800e-01
   1.1496262e-01
   3.3788198e-01
   2.7971673e-01
   2.9039544e-01
   2.4465883e-01
   3.1630671e-01
   2.2912972e-01
   1.9194064e-01
   2.6425880e-01
   3.1021592e-01
   1.9511298e-01
   2.0833202e-01
  -1.8280546e-01
  -2.4855799e-01
   2.1627788e-01
   1.3428155e-02
  -3.2987492e-01
  -2.5088260e-01
  -5.1014096e-01
  -4.2216719e-01
  -5.8656490e-01
  -5.3938228e-01
  -3.1297194e-01
  -5.6801513e-02
  -1.6947502e-01
   1.7169367e-02
   1.7921771e-01
   1.4317901e-01
  -2.1603364e-02
   1.0093297e-02
   1.7184328e-01
  -4.7162846e-01
  -3.7530455e-01
  -5.6922001e-01
  -4.5332313e-01
  -2.9843685e-01
  -2.4853505e-02
   1.9586093e-01
   6.3442811e-02
   8.5759476e-02
  -8.1459386e-03
   1.9246766e-02
  -2.0831378e-02
   1.3004734e-02
  -1.1916860e-01
   1.8073119e-02
  -1.7816992e-01
  -1.6609155e-01
  -2.1099450e-01
  -1.7943347e-01
  -1.8789023e-01
  -2.0247380e-01
  -2.6376033e-01
  -2.8553537e-01
  -5.1715142e-01
  -7.4608827e-01
  -7.5383633e-01
  -6.4839035e-01
  -4.8093635e-01
  -3.4582794e-01
  -3.6800295e-02
   1.2370463e-01
   1.1519567e-01
   2.7405806e-02
   5.9992399e-02
   5.3259961e-02
  -3.9931735e-01
  -3.9424831e-01
   7.8603346e-03
   5.1652181e-01
   2.5226551e-01
  -3.1224817e-01
  -5.2074295e-01
  -4.6524256e-01
  -3.6684990e-01
  -4.9735138e-01
  -5.6657082e-01
  -5.0174701e-01
  -5.0830710e-01
  -4.6547773e-01
  -4.4622356e-01
  -3.0016309e-01
