  3.156545e-01
  1.552937e-01
  1.193221e-01
  1.069321e-01
  1.126768e-01
  1.247950e-01
  1.209034e-01
  1.262965e-01
  1.411591e-01
  1.385781e-01
  1.326481e-01
  1.251463e-01
  1.202352e-01
  9.916457e-02
  8.476318e-02
  8.843132e-02
  8.357854e-02
  7.725056e-02
  7.654248e-02
  7.758770e-02
  7.365346e-02
  6.286112e-02
  6.277040e-02
  6.345118e-02
  6.163818e-02
  6.841382e-02
  7.261354e-02
  7.804568e-02
  7.787571e-02
  7.147677e-02
  6.621078e-02
  6.637031e-02
  6.864212e-02
  7.145684e-02
  1.853089e-01
  5.653128e-01
