  -0.0000000e+00
  -6.1923099e-02
   0.0000000e+00
  -0.0000000e+00
  -0.0000000e+00
  -0.0000000e+00
  -3.6874942e-02
  -3.6574243e-02
  -4.2774856e-02
  -4.0749650e-02
  -3.2735787e-02
  -2.1860196e-02
  -1.8348757e-02
  -0.0000000e+00
  -4.2361098e-02
  -5.6978807e-02
  -3.8545464e-02
  -2.8915357e-02
  -0.0000000e+00
  -0.0000000e+00
  -3.9815117e-02
  -5.8086494e-02
  -6.4555228e-02
  -0.0000000e+00
   0.0000000e+00
   0.0000000e+00
   0.0000000e+00
   0.0000000e+00
   0.0000000e+00
   0.0000000e+00
   0.0000000e+00
   0.0000000e+00
   0.0000000e+00
   0.0000000e+00
   0.0000000e+00
   0.0000000e+00
  -0.0000000e+00
  -1.8728922e-02
  -0.0000000e+00
  -6.3103110e-03
   5.6768221e-03
   1.1610189e-02
   1.2732013e-02
   1.4699619e-02
   1.6038645e-02
   1.6263865e-02
   1.3694199e-02
   1.2150117e-02
   1.0985209e-02
   1.1153849e-02
   1.0616258e-02
   9.1945371e-03
   6.7679724e-03
   4.4398693e-03
   8.5805033e-03
   1.5278624e-02
   8.1013050e-03
   4.5747980e-03
  -1.6801456e-03
  -1.4642999e-02
  -2.5504577e-02
  -3.7866778e-02
  -4.0036848e-02
  -4.9338675e-02
  -5.5752790e-02
  -5.7597879e-02
  -0.0000000e+00
  -0.0000000e+00
  -6.6654675e-02
  -7.7387690e-02
  -0.0000000e+00
  -0.0000000e+00
   2.0009918e-02
   3.4886174e-02
   4.3674793e-02
   4.7658984e-02
   4.9102332e-02
   5.2237350e-02
   5.3787448e-02
   5.1103964e-02
   5.3958181e-02
   6.0797270e-02
   6.1984289e-02
   5.7924274e-02
   5.4470867e-02
   5.3933304e-02
   5.2601881e-02
   5.1213525e-02
   4.9689390e-02
   4.9276840e-02
   4.5388657e-02
   4.4276580e-02
   4.2977035e-02
   4.2271759e-02
   4.2499341e-02
   3.6285352e-02
   3.0929869e-02
   3.0324029e-02
   3.2077126e-02
   3.5124782e-02
   3.7546698e-02
   3.4250073e-02
   2.5937276e-02
   2.0182636e-02
   1.4251923e-02
   8.7350858e-03
  -9.9259568e-04
   2.1183267e-03
   9.0038143e-02
   9.5159233e-02
   9.7224377e-02
   9.3924220e-02
   8.0432490e-02
   7.6514028e-02
   7.7303148e-02
   6.9635922e-02
   6.8834372e-02
   8.1056207e-02
   8.9673765e-02
   9.2557870e-02
   8.9502245e-02
   8.9524485e-02
   8.8988766e-02
   8.8342272e-02
   8.6745538e-02
   8.6624593e-02
   8.3235323e-02
   0.0000000e+00
   6.9347195e-02
   7.1553610e-02
   7.5144500e-02
   7.1907148e-02
   7.0308626e-02
   7.3936373e-02
   8.0526724e-02
   8.8568427e-02
   9.6273214e-02
   1.0075461e-01
   1.0322696e-01
   1.0086333e-01
   8.8772230e-02
   8.9205295e-02
   8.5006624e-02
   8.4337696e-02
   1.2330778e-01
   1.1459389e-01
   1.0588398e-01
   1.0453982e-01
   7.1741007e-02
   7.1270518e-02
   7.5311845e-02
   6.3991229e-02
   6.5673336e-02
   7.6931924e-02
   8.6620219e-02
   9.4700173e-02
   9.6855044e-02
   9.9724472e-02
   1.0079146e-01
   1.0073549e-01
   9.8602116e-02
   9.4927177e-02
   8.1990783e-02
   0.0000000e+00
   6.4509615e-02
   7.9897434e-02
   8.8384040e-02
   9.0321317e-02
   9.2813507e-02
   9.7627528e-02
   1.0310458e-01
   1.0998043e-01
   1.1555641e-01
   1.2004649e-01
   1.2998688e-01
   1.3616422e-01
   1.3332979e-01
   1.3653235e-01
   1.3368708e-01
   1.2900618e-01
   1.1693703e-01
   9.9979162e-02
   8.2492826e-02
   0.0000000e+00
   0.0000000e+00
   4.7871023e-02
   5.7630412e-02
   6.0248852e-02
   6.0977526e-02
   6.5577951e-02
   7.1616420e-02
   7.6646623e-02
   7.9887402e-02
   8.3988744e-02
   8.6841730e-02
   8.8986417e-02
   8.8148426e-02
   8.2307440e-02
   6.5847720e-02
   0.0000000e+00
   4.6602585e-02
   6.7523461e-02
   8.0614271e-02
   8.8330520e-02
   9.3772216e-02
   9.7146918e-02
   9.7110076e-02
   9.6906027e-02
   9.6904103e-02
   9.9044850e-02
   1.1396939e-01
   1.2812190e-01
   1.3969889e-01
   1.4411912e-01
   1.3947253e-01
   1.2731055e-01
   7.3442772e-02
   0.0000000e+00
   0.0000000e+00
   0.0000000e+00
   0.0000000e+00
   2.7574209e-02
   3.8419884e-02
   4.6110902e-02
   4.8958685e-02
   5.0670724e-02
   5.2449241e-02
   5.3058229e-02
   5.4570898e-02
   5.8524728e-02
   6.3449852e-02
   6.8013787e-02
   6.8512477e-02
   6.1595622e-02
   4.5553630e-02
   0.0000000e+00
   0.0000000e+00
   4.6914082e-02
   6.1650239e-02
   7.3133133e-02
   7.9031937e-02
   7.8681767e-02
   6.9696665e-02
   5.9189852e-02
   5.9625499e-02
   6.2464975e-02
   7.7513017e-02
   9.4340675e-02
   1.0992464e-01
   1.1347158e-01
   1.0843585e-01
   9.3685880e-02
   6.0419060e-02
   0.0000000e+00
   0.0000000e+00
   0.0000000e+00
   0.0000000e+00
   1.5074790e-02
   2.3938203e-02
   3.1235505e-02
   3.2519184e-02
   3.1320564e-02
   2.9821284e-02
   2.8813586e-02
   2.9395252e-02
   3.2619934e-02
   3.7680212e-02
   4.1840639e-02
   4.2674663e-02
   3.6002405e-02
   2.4099509e-02
   0.0000000e+00
   0.0000000e+00
   2.0864833e-02
   3.4047179e-02
   4.7323644e-02
   5.1623795e-02
   4.6272269e-02
   2.7142866e-02
   3.0609318e-02
   3.0331303e-02
   2.6519673e-02
   3.4903534e-02
   4.8220975e-02
   5.8475651e-02
   6.1962198e-02
   5.8518760e-02
   4.5989800e-02
   0.0000000e+00
   0.0000000e+00
   0.0000000e+00
   0.0000000e+00
   0.0000000e+00
   9.0420162e-03
   1.2273283e-02
   1.4635186e-02
   1.4136858e-02
   1.2191689e-02
   1.0930499e-02
   1.0173414e-02
   1.0403953e-02
   1.2454735e-02
   1.6251337e-02
   1.8970517e-02
   1.8927835e-02
   1.3229561e-02
   7.5468837e-03
   0.0000000e+00
   0.0000000e+00
   3.1298550e-04
   1.2396072e-02
   2.3615809e-02
   2.5453541e-02
   1.6726756e-02
  -2.2029944e-03
   0.0000000e+00
  -0.0000000e+00
  -5.0590271e-03
  -2.7781294e-04
   8.5855182e-03
   1.5820114e-02
   1.9808674e-02
   1.8545184e-02
   1.2443013e-02
  -1.2791118e-03
  -4.2192587e-03
   0.0000000e+00
   0.0000000e+00
  -0.0000000e+00
  -9.9410405e-03
  -1.0716535e-02
  -1.1401488e-02
  -1.1611589e-02
  -1.1505698e-02
  -1.0715332e-02
  -1.0163053e-02
  -1.0286434e-02
  -9.5688971e-03
  -7.7973325e-03
  -6.9407290e-03
  -8.7973997e-03
  -1.2281393e-02
  -3.4293355e-03
   0.0000000e+00
   0.0000000e+00
  -0.0000000e+00
  -8.4365159e-03
  -2.0399459e-03
  -3.9019161e-03
  -1.4834664e-02
  -2.7878162e-02
   0.0000000e+00
  -0.0000000e+00
  -2.8415163e-02
  -2.7499136e-02
  -2.5378872e-02
  -2.2158083e-02
  -1.9066192e-02
  -1.8663166e-02
  -1.5281166e-02
  -1.2267740e-02
  -8.8145686e-03
   0.0000000e+00
   0.0000000e+00
  -2.7493515e-02
  -2.6169913e-02
  -2.7932167e-02
  -2.8660228e-02
  -2.7883977e-02
  -2.5737438e-02
  -2.3461305e-02
  -2.2383602e-02
  -2.2708474e-02
  -2.3175992e-02
  -2.3623731e-02
  -2.5057688e-02
  -2.8568035e-02
  -2.8769813e-02
  -8.4294813e-03
   0.0000000e+00
   0.0000000e+00
  -0.0000000e+00
  -1.9476978e-02
  -1.8419260e-02
  -2.3211345e-02
  -3.2219298e-02
  -3.0050570e-02
   0.0000000e+00
  -0.0000000e+00
  -3.0913982e-02
  -3.6249161e-02
  -3.9918922e-02
  -4.0051822e-02
  -3.9588138e-02
  -3.8940787e-02
  -3.0671345e-02
  -2.5027588e-02
  -1.6629860e-02
  -2.4871916e-02
  -4.8163405e-02
  -3.8741746e-02
  -3.6480971e-02
  -3.7363231e-02
  -3.7788570e-02
  -3.6266994e-02
  -3.3470929e-02
  -3.1094773e-02
  -3.0320758e-02
  -3.1346146e-02
  -3.4213260e-02
  -3.8232923e-02
  -4.2614177e-02
  -4.6365947e-02
  -4.3599315e-02
  -1.7832357e-02
   0.0000000e+00
   0.0000000e+00
  -0.0000000e+00
  -2.8871098e-02
  -3.3896554e-02
  -3.9819077e-02
  -4.1416753e-02
  -3.0748521e-02
   0.0000000e+00
  -0.0000000e+00
  -2.4674134e-02
  -3.8491773e-02
  -4.5709714e-02
  -4.9226269e-02
  -5.1809583e-02
  -5.1943071e-02
  -4.2814739e-02
  -3.1279165e-02
  -2.1107903e-02
  -2.2129978e-02
   0.0000000e+00
  -3.6937313e-02
  -3.6180295e-02
  -3.5236258e-02
  -3.5314243e-02
  -3.4666006e-02
  -3.3286732e-02
  -3.2633994e-02
  -3.3546094e-02
  -3.6962036e-02
  -4.3221388e-02
  -5.0303668e-02
  -5.5814318e-02
  -5.7355605e-02
  -5.2969474e-02
  -3.8997446e-02
   0.0000000e+00
   0.0000000e+00
   0.0000000e+00
  -3.8998382e-02
  -4.7088906e-02
  -5.0612342e-02
  -4.2436581e-02
  -2.6079439e-02
   0.0000000e+00
   0.0000000e+00
   0.0000000e+00
  -3.8024044e-02
  -4.3822832e-02
  -4.9508225e-02
  -5.3831451e-02
  -5.5143472e-02
  -4.8105057e-02
  -2.9893465e-02
  -1.7135266e-02
  -9.7256832e-03
   0.0000000e+00
  -2.8074612e-02
  -2.7630910e-02
  -2.6548363e-02
  -2.7848747e-02
  -2.9671539e-02
  -3.0919205e-02
  -3.2897633e-02
  -3.6447521e-02
  -4.2632841e-02
  -5.0449084e-02
  -5.7497952e-02
  -6.0984395e-02
  -5.8009319e-02
  -3.9359454e-02
   0.0000000e+00
   0.0000000e+00
   0.0000000e+00
   0.0000000e+00
  -4.7446698e-02
  -5.5834576e-02
  -5.4553896e-02
  -3.6676366e-02
  -1.3877767e-02
   0.0000000e+00
   0.0000000e+00
  -0.0000000e+00
  -3.4398839e-02
  -3.8831860e-02
  -4.4918437e-02
  -4.9436882e-02
  -5.1215354e-02
  -4.5757212e-02
  -2.2895261e-02
  -9.0658803e-03
  -1.9030257e-03
  -1.6696503e-02
  -1.7044464e-02
  -1.5341060e-02
  -1.6686101e-02
  -2.0993885e-02
  -2.5753263e-02
  -3.0087888e-02
  -3.5280641e-02
  -4.1672334e-02
  -4.8940878e-02
  -5.4744877e-02
  -5.8062065e-02
  -5.6585543e-02
  -4.6874918e-02
  -2.6184409e-02
   0.0000000e+00
   0.0000000e+00
   0.0000000e+00
   0.0000000e+00
  -0.0000000e+00
  -5.7696979e-02
  -5.0555926e-02
  -2.5705146e-02
   4.3481010e-03
   0.0000000e+00
   0.0000000e+00
  -0.0000000e+00
  -3.1381059e-02
  -3.3572007e-02
  -3.8129736e-02
  -4.0764276e-02
  -4.1119780e-02
  -3.5654675e-02
  -2.0774179e-02
  -0.0000000e+00
  -4.9296897e-03
  -1.7144846e-02
  -9.5234560e-03
  -9.5961923e-03
  -1.3961077e-02
  -1.9561740e-02
  -2.5008364e-02
  -3.0462589e-02
  -3.6835957e-02
  -4.3751467e-02
  -4.9658217e-02
  -5.2021462e-02
  -5.0733417e-02
  -4.4121757e-02
  -3.0142386e-02
  -1.2572360e-02
   0.0000000e+00
   0.0000000e+00
   0.0000000e+00
   0.0000000e+00
  -0.0000000e+00
  -4.9941488e-02
  -3.9619405e-02
  -1.4775953e-02
   3.0461748e-03
   0.0000000e+00
   0.0000000e+00
  -0.0000000e+00
  -3.0310404e-02
  -2.6536856e-02
  -2.8097661e-02
  -2.8338345e-02
  -2.8045621e-02
  -2.6348124e-02
   0.0000000e+00
  -0.0000000e+00
  -3.9875754e-03
  -9.8837316e-03
  -8.8580335e-03
  -1.4562366e-02
  -2.1406686e-02
  -2.7230192e-02
  -3.1894803e-02
  -3.5581350e-02
  -3.8593236e-02
  -4.1093253e-02
  -4.2771947e-02
  -4.1856699e-02
  -3.7515279e-02
  -2.8454389e-02
  -1.4584188e-02
  -2.7341049e-03
   0.0000000e+00
   0.0000000e+00
   0.0000000e+00
   0.0000000e+00
  -0.0000000e+00
  -3.4829542e-02
  -2.5434859e-02
  -5.4559438e-03
   7.7115055e-03
   0.0000000e+00
   0.0000000e+00
  -0.0000000e+00
  -2.3883635e-02
  -1.7199295e-02
  -1.5729491e-02
  -1.4209939e-02
  -1.5333963e-02
  -1.2840536e-02
   0.0000000e+00
  -0.0000000e+00
  -3.1812113e-03
  -9.5128368e-03
  -1.5787391e-02
  -2.4556014e-02
  -3.2466881e-02
  -3.8132846e-02
  -4.1649255e-02
  -4.2464322e-02
  -4.0713108e-02
  -3.7463228e-02
  -3.4072570e-02
  -3.0482080e-02
  -2.5065600e-02
  -1.6063634e-02
  -4.3605966e-03
   3.1605066e-03
   0.0000000e+00
   0.0000000e+00
   0.0000000e+00
  -0.0000000e+00
  -2.3161382e-02
  -1.7084073e-02
  -1.0900626e-02
   2.3022873e-03
   1.0216439e-02
   0.0000000e+00
   0.0000000e+00
  -0.0000000e+00
  -1.9519479e-02
  -9.6919739e-03
  -5.0059993e-03
  -1.3592563e-03
  -3.7001097e-03
  -3.6815052e-03
   0.0000000e+00
  -0.0000000e+00
  -6.8409723e-03
  -1.6229238e-02
  -2.5068571e-02
  -3.2652911e-02
  -3.8345195e-02
  -4.2407109e-02
  -4.5305042e-02
  -4.6133960e-02
  -4.3849429e-02
  -3.8660645e-02
  -3.2002281e-02
  -2.5807243e-02
  -1.9056227e-02
  -1.0285467e-02
  -1.7298069e-03
   1.7637754e-03
   0.0000000e+00
   0.0000000e+00
   0.0000000e+00
  -3.3315113e-02
  -1.3008484e-02
  -1.4085479e-03
   3.1825938e-03
   1.0631768e-02
   1.5778910e-02
   0.0000000e+00
   0.0000000e+00
   0.0000000e+00
  -1.7665557e-02
  -5.5021893e-03
   3.6985381e-03
   9.8398411e-03
   4.7896941e-03
   4.2705950e-03
   0.0000000e+00
  -0.0000000e+00
  -1.4930268e-02
  -2.6639871e-02
  -3.7126280e-02
  -4.4809394e-02
  -4.9599446e-02
  -5.2378979e-02
  -5.4066312e-02
  -5.3889934e-02
  -5.0580502e-02
  -4.3822024e-02
  -3.3812448e-02
  -2.3822693e-02
  -1.6117575e-02
  -1.2012141e-02
  -6.9820471e-03
  -1.8530261e-03
   0.0000000e+00
   0.0000000e+00
  -0.0000000e+00
  -3.9873399e-02
  -1.2938865e-02
   7.9805246e-03
   1.1990051e-02
   0.0000000e+00
   0.0000000e+00
   0.0000000e+00
   0.0000000e+00
   0.0000000e+00
  -0.0000000e+00
  -2.7461252e-03
   6.4110756e-03
   1.3915789e-02
   7.5199055e-03
   4.1825473e-03
  -0.0000000e+00
  -1.9304690e-02
  -2.6500847e-02
  -4.0271092e-02
  -5.3006180e-02
  -6.2313490e-02
  -6.8283968e-02
  -7.1187988e-02
  -7.2380021e-02
  -7.1477860e-02
  -6.7384101e-02
  -5.9405521e-02
  -4.6167243e-02
  -3.0541098e-02
  -1.8806526e-02
  -1.8545173e-02
  -1.8570325e-02
  -8.9623124e-03
   0.0000000e+00
   0.0000000e+00
  -6.3460182e-02
  -4.9784474e-02
  -2.1519126e-02
   8.4575907e-03
   0.0000000e+00
   0.0000000e+00
   0.0000000e+00
   0.0000000e+00
   0.0000000e+00
   0.0000000e+00
  -0.0000000e+00
   2.2353998e-03
   1.2919883e-02
   1.7511334e-02
   1.1916857e-02
   4.4629741e-03
  -0.0000000e+00
  -2.8859288e-02
  -3.8978640e-02
  -5.2480340e-02
  -6.5717012e-02
  -7.5393796e-02
  -8.1530005e-02
  -8.4493555e-02
  -8.6426079e-02
  -8.7813832e-02
  -8.6521208e-02
  -8.0348283e-02
  -6.6020943e-02
  -4.4653162e-02
  -2.3815610e-02
  -1.8843411e-02
  -3.1415186e-02
  -5.0766930e-02
  -8.4306770e-02
  -6.7671006e-02
  -6.7906549e-02
  -5.9376255e-02
  -3.6284994e-02
  -4.8997656e-03
   0.0000000e+00
   0.0000000e+00
   0.0000000e+00
   0.0000000e+00
   0.0000000e+00
   0.0000000e+00
   0.0000000e+00
   1.5124854e-02
   2.0722958e-02
   0.0000000e+00
   2.6585175e-02
   5.0783282e-03
  -0.0000000e+00
  -4.4233263e-02
  -4.9215816e-02
  -5.8258783e-02
  -6.8929307e-02
  -7.7256143e-02
  -8.1694670e-02
  -8.2736701e-02
  -8.3647661e-02
  -8.6375825e-02
  -8.8451661e-02
  -8.6240798e-02
  -7.4308477e-02
  -5.1260382e-02
  -2.3651775e-02
  -1.3461750e-02
  -6.3480123e-03
  -7.7436904e-02
  -0.0000000e+00
  -6.1512209e-02
  -6.3772276e-02
  -6.2722579e-02
  -5.1688656e-02
  -2.6240712e-02
   0.0000000e+00
   0.0000000e+00
   0.0000000e+00
   0.0000000e+00
   0.0000000e+00
   0.0000000e+00
   0.0000000e+00
   3.8025562e-02
   4.1914687e-02
   0.0000000e+00
   0.0000000e+00
   0.0000000e+00
  -0.0000000e+00
  -5.4226637e-02
  -5.4286659e-02
  -5.7550855e-02
  -6.3666545e-02
  -6.9726750e-02
  -7.3003456e-02
  -7.2735950e-02
  -7.2069608e-02
  -7.4231312e-02
  -7.7887945e-02
  -7.8650445e-02
  -6.9617741e-02
  -4.7319848e-02
  -1.8378980e-02
  -1.4975026e-02
   0.0000000e+00
  -0.0000000e+00
  -5.7550576e-02
  -5.0558340e-02
  -5.3926222e-02
  -5.9387248e-02
  -6.0128283e-02
  -4.3928277e-02
   0.0000000e+00
   0.0000000e+00
   0.0000000e+00
   0.0000000e+00
   0.0000000e+00
   0.0000000e+00
   0.0000000e+00
   4.4892609e-02
   5.9917562e-02
   0.0000000e+00
   0.0000000e+00
   0.0000000e+00
  -0.0000000e+00
  -5.4600668e-02
  -4.9303085e-02
  -4.8557568e-02
  -5.0199557e-02
  -5.3145781e-02
  -5.5088233e-02
  -5.4596677e-02
  -5.3824335e-02
  -5.5671319e-02
  -5.9893198e-02
  -6.2452693e-02
  -5.5916239e-02
  -3.5425752e-02
  -8.7043215e-03
   0.0000000e+00
  -3.9236583e-02
  -3.5880971e-02
  -3.7058819e-02
  -3.6568597e-02
  -4.0576551e-02
  -4.8729111e-02
  -5.7822354e-02
  -5.3708721e-02
   0.0000000e+00
   0.0000000e+00
   0.0000000e+00
   0.0000000e+00
   0.0000000e+00
   0.0000000e+00
   0.0000000e+00
   0.0000000e+00
   0.0000000e+00
   0.0000000e+00
   0.0000000e+00
   0.0000000e+00
   0.0000000e+00
  -0.0000000e+00
  -2.9622726e-02
  -2.7212322e-02
  -2.7451739e-02
  -2.8604584e-02
  -2.8906966e-02
  -2.7918085e-02
  -2.7914984e-02
  -3.1051943e-02
  -3.6298644e-02
  -4.0560301e-02
  -3.6841404e-02
  -1.8290313e-02
   2.5864395e-03
   0.0000000e+00
  -2.3444233e-02
  -2.1086284e-02
  -1.8825963e-02
  -2.1615807e-02
  -2.5251092e-02
  -3.2489933e-02
  -4.3405090e-02
  -4.9228746e-02
   0.0000000e+00
   0.0000000e+00
   0.0000000e+00
   0.0000000e+00
   0.0000000e+00
   0.0000000e+00
   0.0000000e+00
   0.0000000e+00
   0.0000000e+00
   0.0000000e+00
   0.0000000e+00
   0.0000000e+00
   0.0000000e+00
  -0.0000000e+00
  -2.0379261e-03
   2.3889253e-03
   1.4231487e-03
   7.4229005e-04
   1.7927147e-03
   3.2066621e-03
   2.1283091e-03
  -3.6439309e-03
  -1.1374043e-02
  -1.8083680e-02
  -1.7379167e-02
  -2.6013720e-04
   1.4657941e-02
   0.0000000e+00
  -0.0000000e+00
  -6.4453627e-03
   2.6505962e-03
  -5.6280447e-03
  -1.0371428e-02
  -1.6382776e-02
  -2.5469335e-02
  -3.1971923e-02
   0.0000000e+00
   0.0000000e+00
   0.0000000e+00
   0.0000000e+00
   0.0000000e+00
   0.0000000e+00
   0.0000000e+00
   0.0000000e+00
   0.0000000e+00
   0.0000000e+00
   0.0000000e+00
   0.0000000e+00
   0.0000000e+00
   0.0000000e+00
   2.5633044e-02
   3.3987708e-02
   3.7813656e-02
   4.1636858e-02
   4.6081115e-02
   4.8275005e-02
   4.5545317e-02
   3.6191642e-02
   2.4760766e-02
   1.3791738e-02
   9.3838219e-03
   2.0443061e-02
   0.0000000e+00
   0.0000000e+00
   0.0000000e+00
   0.0000000e+00
   2.7917732e-02
   1.8586203e-02
   1.0745522e-02
   4.7300286e-03
  -2.9846677e-03
  -1.1024414e-02
  -9.0063972e-03
   0.0000000e+00
   0.0000000e+00
   0.0000000e+00
   0.0000000e+00
   0.0000000e+00
   0.0000000e+00
   0.0000000e+00
   0.0000000e+00
   0.0000000e+00
   0.0000000e+00
   0.0000000e+00
   0.0000000e+00
   0.0000000e+00
   3.7578430e-02
   4.8525053e-02
   5.9595790e-02
   6.8696894e-02
   7.6030247e-02
   7.8183075e-02
   7.4527495e-02
   6.4996511e-02
   5.3355956e-02
   4.0714793e-02
   3.1052548e-02
   3.0579534e-02
   0.0000000e+00
   0.0000000e+00
   0.0000000e+00
   0.0000000e+00
   0.0000000e+00
   3.8449741e-02
   2.9549995e-02
   2.2635439e-02
   1.4940303e-02
   6.9956072e-03
   6.9583183e-03
   0.0000000e+00
   0.0000000e+00
   0.0000000e+00
   0.0000000e+00
   0.0000000e+00
   0.0000000e+00
   0.0000000e+00
   0.0000000e+00
   0.0000000e+00
   0.0000000e+00
   0.0000000e+00
   0.0000000e+00
   0.0000000e+00
   0.0000000e+00
   6.2585008e-02
   7.2810538e-02
   8.5810207e-02
   9.3037024e-02
   9.2954427e-02
   8.8317521e-02
   8.1525333e-02
   7.2923176e-02
   6.3049555e-02
   4.9349543e-02
   3.6750366e-02
   0.0000000e+00
   0.0000000e+00
   0.0000000e+00
   0.0000000e+00
   0.0000000e+00
   5.0738915e-02
   4.4934709e-02
   3.9204486e-02
   3.2812584e-02
   2.4270484e-02
   1.8364571e-02
   0.0000000e+00
   0.0000000e+00
   0.0000000e+00
   0.0000000e+00
   0.0000000e+00
   0.0000000e+00
   0.0000000e+00
   0.0000000e+00
   0.0000000e+00
   0.0000000e+00
   0.0000000e+00
   0.0000000e+00
   0.0000000e+00
   0.0000000e+00
   4.7645957e-02
   5.7072672e-02
   6.6645265e-02
   7.2800539e-02
   7.3648909e-02
   7.2748646e-02
   7.1310796e-02
   6.8878584e-02
   6.4525723e-02
   5.4104213e-02
   4.3279020e-02
   0.0000000e+00
   0.0000000e+00
   0.0000000e+00
   0.0000000e+00
   0.0000000e+00
   0.0000000e+00
   4.2448819e-02
   4.3061681e-02
   4.1391262e-02
   3.5061207e-02
   2.9717992e-02
   0.0000000e+00
   0.0000000e+00
   0.0000000e+00
   0.0000000e+00
   0.0000000e+00
   0.0000000e+00
   0.0000000e+00
   0.0000000e+00
   0.0000000e+00
   0.0000000e+00
   0.0000000e+00
   0.0000000e+00
   0.0000000e+00
   0.0000000e+00
   0.0000000e+00
   1.9839367e-02
   1.9332399e-02
   2.5386142e-02
   3.0253438e-02
   3.4184612e-02
   3.8987341e-02
   4.5186378e-02
   4.8494967e-02
   4.6345243e-02
   4.1619365e-02
   0.0000000e+00
   0.0000000e+00
   0.0000000e+00
   0.0000000e+00
   0.0000000e+00
   0.0000000e+00
   0.0000000e+00
   3.6235734e-02
   3.9804876e-02
   3.8398675e-02
   3.7541245e-02
   0.0000000e+00
   0.0000000e+00
   0.0000000e+00
   0.0000000e+00
   0.0000000e+00
   0.0000000e+00
   0.0000000e+00
   0.0000000e+00
   0.0000000e+00
   0.0000000e+00
   0.0000000e+00
   0.0000000e+00
   0.0000000e+00
   0.0000000e+00
  -0.0000000e+00
  -1.3721720e-02
  -9.9344506e-03
  -2.2873407e-02
  -1.8554765e-02
  -1.1485400e-02
   1.5834075e-03
   1.4857071e-02
   2.4168419e-02
   2.5196674e-02
   0.0000000e+00
   0.0000000e+00
   0.0000000e+00
   0.0000000e+00
   0.0000000e+00
   0.0000000e+00
   0.0000000e+00
   0.0000000e+00
   2.1770788e-02
   2.7821312e-02
   2.9531557e-02
   1.6313579e-02
   0.0000000e+00
   0.0000000e+00
   0.0000000e+00
   0.0000000e+00
   0.0000000e+00
   0.0000000e+00
   0.0000000e+00
   0.0000000e+00
   0.0000000e+00
   0.0000000e+00
   0.0000000e+00
   0.0000000e+00
   0.0000000e+00
   0.0000000e+00
  -0.0000000e+00
  -0.0000000e+00
   0.0000000e+00
  -4.8799906e-02
  -5.0078335e-02
  -4.0333844e-02
  -2.0304667e-02
   0.0000000e+00
   2.1838541e-03
   3.5923259e-03
   0.0000000e+00
   0.0000000e+00
   0.0000000e+00
   0.0000000e+00
   0.0000000e+00
   0.0000000e+00
   0.0000000e+00
   1.5800361e-03
   2.8198805e-03
   3.7917720e-03
   4.5081549e-03
   2.6664233e-03
   5.0374523e-03
   0.0000000e+00
   0.0000000e+00
   0.0000000e+00
   0.0000000e+00
   0.0000000e+00
   0.0000000e+00
   0.0000000e+00
   0.0000000e+00
   0.0000000e+00
   0.0000000e+00
   0.0000000e+00
   0.0000000e+00
   0.0000000e+00
   0.0000000e+00
   0.0000000e+00
   0.0000000e+00
   0.0000000e+00
   0.0000000e+00
  -0.0000000e+00
   0.0000000e+00
   0.0000000e+00
   0.0000000e+00
   0.0000000e+00
   0.0000000e+00
   0.0000000e+00
   0.0000000e+00
   0.0000000e+00
   0.0000000e+00
   0.0000000e+00
   0.0000000e+00
   1.1354171e-04
   0.0000000e+00
  -0.0000000e+00
  -0.0000000e+00
  -1.2034561e-02
  -4.5875383e-03
  -5.9397481e-03
   0.0000000e+00
  -0.0000000e+00
  -0.0000000e+00
  -0.0000000e+00
   0.0000000e+00
   0.0000000e+00
   0.0000000e+00
   0.0000000e+00
   0.0000000e+00
  -0.0000000e+00
  -0.0000000e+00
  -0.0000000e+00
  -0.0000000e+00
  -0.0000000e+00
  -0.0000000e+00
  -0.0000000e+00
  -0.0000000e+00
  -0.0000000e+00
  -0.0000000e+00
  -0.0000000e+00
  -0.0000000e+00
  -0.0000000e+00
  -0.0000000e+00
  -0.0000000e+00
  -0.0000000e+00
  -0.0000000e+00
  -0.0000000e+00
   0.0000000e+00
   1.0996544e-03
  -4.1862827e-03
  -0.0000000e+00
  -0.0000000e+00
  -0.0000000e+00
  -0.0000000e+00
  -1.0747933e-02
  -1.2515047e-02
  -1.4264433e-02
  -1.2095514e-02
  -1.1693488e-02
  -1.0946579e-02
  -1.0621658e-02
  -1.0789883e-02
  -1.0178644e-02
  -0.0000000e+00
  -0.0000000e+00
