   9.3558016e+00
   4.3605280e+00
   3.2458389e+00
   5.4771419e+00
   4.8990502e+00
   4.8546944e+00
   5.0681567e+00
   4.1413665e+00
   3.0492895e+00
   2.6392813e+00
   2.4182961e+00
   2.0367613e+00
   1.9171081e+00
   1.8359061e+00
   1.6394371e+00
   1.3728731e+00
   9.9622178e-01
   1.1856998e+00
   1.3106403e+00
   9.7674745e-01
   5.5952972e-01
  -5.5887973e-01
  -2.5750284e+00
  -4.0900559e+00
  -4.1313415e+00
  -3.1936052e+00
  -1.9933208e+00
  -7.2889727e-01
   1.8553159e-01
   7.3408371e-01
   1.3344492e+00
   2.8049686e+00
   2.9811561e+00
   1.3019830e+00
   2.5164418e+00
   8.3393402e+00
   5.6873384e+00
   2.1371760e+00
   7.0228314e-01
   2.2337527e+00
   1.2296598e+00
   8.5046721e-01
   8.9408767e-01
   8.6494392e-01
   6.8342048e-01
   5.4857564e-01
   4.0398243e-01
   3.2219869e-01
   2.5493020e-01
   2.9231408e-01
   2.5792882e-01
   2.5836822e-01
   1.9488898e-01
   5.0173540e-02
  -9.7011760e-02
  -2.2580191e-01
  -1.3847436e-01
  -1.0713850e-01
  -2.2452043e-02
  -8.3844671e-03
   1.3278886e-03
   7.3515758e-02
   5.7469583e-01
   1.6539452e+00
   1.9016986e+00
   1.0245588e+00
   1.4887121e+00
   3.7934370e+00
   3.5438516e+00
   1.4416814e-01
   1.6520876e+00
   4.3601866e+00
  -5.0779901e-02
  -5.4603481e-01
  -7.8383297e-01
  -6.7831427e-01
  -5.0528222e-01
  -3.0387956e-01
  -2.1305457e-02
  -4.7735877e-02
  -2.7908519e-01
  -3.0045885e-01
  -2.0293687e-01
  -1.9330844e-01
  -2.7510583e-01
  -2.9459140e-01
  -2.6579300e-01
  -2.7073905e-01
  -3.7990737e-01
  -5.3964859e-01
  -7.7427757e-01
  -9.2303562e-01
  -5.3538460e-01
  -5.5724770e-01
  -2.3990002e-01
   1.0503766e-01
   1.7291342e-01
   2.0366390e-01
   1.9842504e-01
   1.5920098e-01
   1.1042644e-01
   1.7951076e-01
   3.9663962e-01
   8.1367052e-01
   9.1320467e-01
   6.5375739e-01
   5.5084044e-01
   3.0609632e-01
  -1.8671054e+00
  -2.1515248e+00
  -1.8969023e+00
  -1.4731624e+00
  -1.1516488e+00
  -7.4811769e-01
  -4.7299176e-01
  -6.2580341e-01
  -6.9994658e-01
  -7.0572108e-01
  -6.2396061e-01
  -5.8485490e-01
  -7.4241477e-01
  -8.1332541e-01
  -7.9703408e-01
  -8.3026236e-01
  -9.4905269e-01
  -1.1162075e+00
  -1.5095743e+00
  -1.5241868e+00
  -1.1614507e+00
  -1.1144890e+00
  -4.3949765e-01
  -1.2187555e-01
  -2.2895721e-01
  -4.1907674e-01
  -6.3904536e-01
  -8.5937691e-01
  -8.9416784e-01
  -7.1001184e-01
  -4.3264365e-01
  -3.0774504e-02
   1.0932297e-02
  -1.2460844e-01
  -2.2859368e-01
  -1.1196109e+00
  -2.5487070e+00
  -2.4448776e+00
  -1.8987262e+00
  -1.5369418e+00
  -1.2371582e+00
  -6.4130384e-01
  -4.1587305e-01
  -8.1299847e-01
  -8.1997496e-01
  -7.3784178e-01
  -7.2387487e-01
  -7.5035918e-01
  -9.7936416e-01
  -1.0451514e+00
  -1.0148964e+00
  -1.0111784e+00
  -1.0666300e+00
  -1.2036445e+00
  -1.6275100e+00
  -1.3750603e+00
  -1.2648830e+00
  -1.1056806e+00
  -4.7054553e-01
  -3.1533661e-01
  -5.3831643e-01
  -8.3987457e-01
  -1.1952225e+00
  -1.4617923e+00
  -1.4001933e+00
  -1.1880658e+00
  -8.6338216e-01
  -4.2357230e-01
  -3.8569236e-01
  -3.3711311e-01
  -9.6087968e-01
  -2.0529723e+00
  -1.9732834e+00
  -1.7205897e+00
  -1.1105817e+00
  -8.3824114e-01
  -6.0086302e-01
  -2.4126941e-01
  -1.2672874e-01
  -1.8992731e-01
  -4.7204614e-01
  -7.3241678e-01
  -7.5802814e-01
  -8.4555440e-01
  -9.7633075e-01
  -9.4113975e-01
  -8.6905550e-01
  -8.3934782e-01
  -8.5892456e-01
  -9.4010794e-01
  -9.9303669e-01
  -9.4449138e-01
  -1.0496469e+00
  -9.4039851e-01
  -4.0714797e-01
  -3.7024527e-01
  -6.5915688e-01
  -1.0032018e+00
  -1.3284019e+00
  -1.4609407e+00
  -1.2602626e+00
  -1.0071011e+00
  -7.4996302e-01
  -4.3194368e-01
  -3.6836743e-01
  -6.4818950e-01
  -1.5422276e+00
  -2.0969008e+00
  -5.7703108e-01
  -7.3142886e-01
  -4.8220819e-01
  -2.0291767e-01
  -2.5481254e-01
  -6.2528159e-03
   1.8620066e-01
   1.3444173e-01
  -3.5927403e-01
  -7.3409832e-01
  -7.2265035e-01
  -7.4452978e-01
  -7.3858219e-01
  -6.6878390e-01
  -6.0320693e-01
  -6.0475153e-01
  -5.8942693e-01
  -4.7241250e-01
   2.0376071e-01
  -3.8392183e-01
  -8.3911151e-01
  -1.0049244e+00
  -4.5682886e-01
  -4.5611504e-01
  -7.0408583e-01
  -9.4621539e-01
  -9.8177475e-01
  -6.7365646e-01
  -4.6520463e-01
  -4.9606642e-01
  -4.7873425e-01
  -2.8108361e-01
  -3.2937020e-01
  -8.6792511e-01
  -1.3090498e+00
  -1.2864614e+00
   1.0364995e+00
   8.0694519e-02
  -1.8076296e-01
   2.6147207e-01
  -3.5191856e-02
   1.8536305e-01
   1.4829953e-01
  -1.0294171e-01
  -4.5471478e-01
  -5.5531829e-01
  -4.5742443e-01
  -4.2136034e-01
  -4.2251132e-01
  -4.1940588e-01
  -3.8715538e-01
  -3.8500254e-01
  -2.7083200e-01
   2.0458522e-01
   1.7202615e+00
   1.1231368e-01
  -4.9692345e-01
  -9.2934788e-01
  -5.8162415e-01
  -5.4634440e-01
  -6.1674045e-01
  -5.5846179e-01
   2.0049831e-01
   9.9507403e-01
  -1.1113215e-01
  -7.1472996e-01
  -5.1990026e-01
  -3.3526778e-01
  -3.3001089e-01
  -5.1372784e-01
  -5.6032687e-01
  -6.0263850e-02
   2.1092362e+00
   5.0648141e-01
   9.7856030e-02
   5.8175236e-01
   3.0631073e-02
  -1.7939599e-02
  -7.5838983e-02
  -1.6375400e-01
  -2.4721453e-01
  -2.2007333e-01
  -9.8579258e-02
  -1.2416232e-01
  -1.8511119e-01
  -2.5786814e-01
  -2.5235587e-01
  -1.9767421e-01
   4.4970427e-02
   8.4976017e-01
   2.8634012e+00
   3.4994453e-01
  -7.8659773e-02
  -6.9997507e-01
  -8.8809741e-01
  -6.2132722e-01
  -4.1033247e-01
   4.1303746e-02
   1.7191575e+00
   1.9107592e+00
  -1.2140550e-01
  -6.4144272e-01
  -2.5695249e-01
  -1.9047353e-01
   8.3980672e-03
   2.9827563e-02
   1.0726255e-01
   9.5674431e-01
   3.0262382e+00
   1.0746263e+00
   4.3548679e-01
   5.2139735e-01
   5.8251973e-02
   3.8161036e-01
   3.3801854e-01
   3.3504289e-01
   2.7156225e-01
   3.2236868e-01
   3.5422575e-01
   2.0529686e-01
   4.9712479e-02
  -9.0499729e-02
  -1.1207782e-01
   5.8504514e-02
   5.1179725e-01
   1.6930400e+00
   3.8954728e+00
   6.2503493e-01
   1.0640766e-01
  -3.2498601e-01
  -1.3078947e+00
  -6.0901338e-01
   1.3195572e-02
   1.0198361e+00
   3.7357819e+00
   1.7884153e+00
  -2.8696135e-01
  -6.7220420e-02
   4.8044596e-02
   5.1537629e-02
   5.1253873e-01
   6.0252970e-01
   8.2549596e-01
   1.9011705e+00
   3.0789423e+00
   2.0377531e+00
   5.2403194e-01
   2.7055651e-01
   3.0878726e-01
   9.3113351e-01
   9.0537018e-01
   7.9063153e-01
   6.5165383e-01
   6.5689671e-01
   5.8889264e-01
   3.7432498e-01
   1.7627376e-01
   4.2013777e-03
   8.3826529e-03
   3.2057822e-01
   9.8579025e-01
   2.3650808e+00
   4.2112193e+00
   8.4115160e-01
   1.0893680e-02
  -2.0483485e-01
  -1.5324917e+00
  -4.7404030e-01
   4.7645304e-01
   1.9192228e+00
   4.8263960e+00
   1.1984032e+00
  -2.1184923e-01
   3.0741417e-01
   1.2686895e-01
   3.0522352e-01
   8.0286539e-01
   9.6059895e-01
   1.3512452e+00
   2.3545623e+00
   3.0045714e+00
   2.5107298e+00
   9.7705024e-01
   7.3559970e-01
   6.2170023e-01
   1.3734224e+00
   1.3104790e+00
   1.0426337e+00
   8.2206982e-01
   7.7847719e-01
   6.6633594e-01
   4.2967969e-01
   2.2980304e-01
   7.5773560e-02
   2.2601020e-01
   7.4041414e-01
   1.6145706e+00
   3.0923481e+00
   4.1785984e+00
   4.9322683e-01
  -2.5461167e-01
  -2.9309005e-01
  -1.1993657e+00
  -7.5468764e-02
   1.1260105e+00
   2.8573391e+00
   5.2139015e+00
   8.5153043e-01
  -1.5556490e-01
   3.8210842e-01
   1.3987824e-02
   7.7689004e-01
   1.0787339e+00
   1.3371028e+00
   1.8431780e+00
   2.5914459e+00
   2.8970597e+00
   2.7242672e+00
   2.0669675e+00
   1.1820194e+00
   8.8925481e-01
   1.5003437e+00
   1.2869363e+00
   8.8486838e-01
   6.4873564e-01
   6.2547392e-01
   5.2472579e-01
   3.2691580e-01
   1.9634588e-01
   2.2186412e-01
   6.1727595e-01
   1.2982631e+00
   2.2944212e+00
   3.8405442e+00
   3.7039983e+00
   1.5880242e-01
  -4.9226999e-01
  -4.1402510e-01
  -6.9392675e-01
   5.9652978e-01
   1.8278571e+00
   3.6336603e+00
   5.1479797e+00
   6.0608703e-01
  -7.8325853e-02
   1.3694945e-01
   4.9033873e-02
   1.1344001e+00
   1.2891550e+00
   1.6238998e+00
   2.1192617e+00
   2.6292713e+00
   2.7502780e+00
   2.7329421e+00
   2.1380475e+00
   2.2563076e-01
   8.3977622e-01
   1.1925030e+00
   8.2000571e-01
   3.9859217e-01
   2.7423650e-01
   3.2738292e-01
   2.8145620e-01
   1.8013006e-01
   2.2225708e-01
   5.0355035e-01
   1.0830350e+00
   1.8379377e+00
   2.8535087e+00
   4.1932192e+00
   2.3768990e+00
  -5.8240438e-01
  -4.6452734e-01
  -1.6955924e-01
   8.0979683e-02
   1.2125553e+00
   2.4472828e+00
   4.0828424e+00
   4.7901573e+00
   2.2080265e-01
  -9.2393398e-02
  -1.2436926e-01
  -1.1009045e-02
   1.2901863e+00
   1.4154627e+00
   1.7857040e+00
   2.2070217e+00
   2.5495656e+00
   2.2246475e+00
   2.2902207e+00
   1.3799210e+00
   8.5749172e-02
   1.4689797e+00
   3.6791673e-01
  -5.2019563e-02
  -2.8712001e-01
  -2.0853758e-01
  -6.1876670e-02
  -3.3142231e-04
   9.1551766e-02
   3.8205588e-01
   8.8547146e-01
   1.5585921e+00
   2.3005810e+00
   3.1593394e+00
   3.8873858e+00
   1.4924031e+00
  -4.0969349e-02
  -2.2080037e-01
  -6.0919795e-02
   8.5647398e-01
   1.9487067e+00
   2.9509442e+00
   4.1502337e+00
   4.1937795e+00
   5.7046461e-01
   9.9524215e-02
  -3.4491879e-01
   5.2580124e-01
   1.5880594e+00
   1.5278592e+00
   1.8861960e+00
   2.1887097e+00
   2.2300775e+00
   1.9497993e+00
   1.3138760e+00
   5.9554189e-01
   2.6940647e-01
   7.5263685e-01
  -4.6998453e-01
  -8.3284128e-01
  -9.7565299e-01
  -9.2720473e-01
  -8.0202168e-01
  -6.1880636e-01
  -2.4150270e-01
   3.4204668e-01
   1.0260540e+00
   1.7794176e+00
   2.4991629e+00
   3.1010036e+00
   3.1865919e+00
   5.8930707e-01
  -1.4488976e-01
  -3.3895347e-01
  -2.2619006e-01
   7.4392074e-01
   2.5864582e+00
   3.1674361e+00
   3.8818059e+00
   3.1581874e+00
   6.1157328e-01
  -1.3767792e-01
  -1.1284327e-01
   5.8016175e-01
   1.3576411e+00
   1.4529269e+00
   1.7934585e+00
   2.0076354e+00
   1.7878199e+00
   1.1205848e+00
   4.7998828e-01
   1.4567798e-01
   1.0013548e-01
  -1.1457790e-01
  -1.0490714e+00
  -1.4480554e+00
  -1.7150198e+00
  -1.8751415e+00
  -1.8760805e+00
  -1.6429517e+00
  -1.0506601e+00
  -2.2758996e-01
   6.3166255e-01
   1.4704709e+00
   2.1916826e+00
   2.6233375e+00
   2.1650724e+00
   2.2606567e-01
  -2.7275595e-01
  -4.9920341e-01
  -6.1981058e-01
   4.2056936e-01
   2.5957117e+00
   2.8332028e+00
   3.1930850e+00
   1.8714092e+00
   2.6756415e-01
  -5.6828953e-02
   4.6523082e-01
   3.7103832e-01
   8.4333587e-01
   1.0992892e+00
   1.4447483e+00
   1.7327235e+00
   1.5603451e+00
   4.3785489e-01
   1.3862820e-01
  -6.2202007e-02
  -1.6615974e-01
  -5.8993875e-01
  -1.1233305e+00
  -1.3718268e+00
  -1.5874138e+00
  -1.7791473e+00
  -1.8609519e+00
  -1.7414147e+00
  -1.2907244e+00
  -5.8669053e-01
   2.0415935e-01
   9.1386468e-01
   1.4669423e+00
   1.8158255e+00
   1.0260246e+00
   1.3842255e-02
  -4.1928513e-01
  -7.8464010e-01
  -1.1005478e+00
   3.9668505e-01
   1.9839480e+00
   2.1144414e+00
   2.2631941e+00
   1.0080837e+00
   1.5454936e-01
   1.9400202e-01
   1.3238072e+00
   3.6414917e-01
   3.8386561e-01
   7.4192348e-01
   1.1936680e+00
   1.5983302e+00
   1.1647837e+00
  -7.3038972e-02
  -4.3140440e-02
   9.0816301e-02
  -2.7715799e-01
  -4.7560326e-01
  -4.9431896e-01
  -3.9151491e-01
  -3.2017424e-01
  -3.3685686e-01
  -3.9080833e-01
  -3.6269759e-01
  -8.1024369e-02
   4.5758030e-01
   1.1433508e+00
   1.6350844e+00
   1.5425928e+00
   9.3979789e-01
   3.6637876e-02
  -5.8546816e-01
  -5.3373581e-01
  -1.4050085e+00
  -1.6252127e+00
   1.9230992e-01
   1.1943630e+00
   1.6391412e+00
   1.9068362e+00
   7.7640828e-01
  -1.4674131e-01
  -7.6303249e-02
   1.6292686e+00
   5.6326848e-01
   4.0532864e-01
   5.9050726e-01
   1.3845589e+00
   1.8150236e+00
   5.7182180e-01
  -2.3368013e-01
  -2.2330144e-01
   1.4696705e-01
  -4.2756706e-01
  -7.8588140e-01
  -1.0145518e+00
  -1.0760822e+00
  -1.0508227e+00
  -1.0173367e+00
  -9.9683076e-01
  -9.3061972e-01
  -6.9500399e-01
  -2.7294219e-01
   2.6608950e-01
   6.3624913e-01
   3.6349580e-01
  -4.3405557e-01
  -7.6534492e-01
  -9.6580529e-01
  -1.1686972e+00
  -2.2530651e+00
  -2.1439831e+00
  -1.2340150e+00
  -3.6584169e-01
   1.0210876e+00
   1.3298345e+00
   1.0355020e+00
  -2.8259403e-01
  -5.3343308e-01
   1.4519768e+00
   7.3265797e-01
   7.2280854e-02
  -1.0131319e-01
   9.4686735e-01
   2.0852993e+00
   2.6305658e-01
  -3.6218488e-01
  -4.1216528e-01
  -3.6199987e-03
  -5.6164837e-01
  -1.0173610e+00
  -1.4860381e+00
  -1.8037602e+00
  -2.0079165e+00
  -2.1208394e+00
  -2.1846142e+00
  -2.2414019e+00
  -2.2362156e+00
  -2.0831852e+00
  -1.7301987e+00
  -1.1491979e+00
  -7.6223344e-01
  -1.1830094e+00
  -1.2722141e+00
  -1.5629134e+00
  -1.7674202e+00
  -2.5666401e+00
  -2.4696937e+00
  -2.5324183e+00
  -1.8491139e+00
   6.1706448e-01
   6.4272100e-01
   3.4823981e-01
  -4.9491158e-01
  -7.9771626e-01
   6.0073423e-01
   1.0129982e+00
   3.1933528e-01
  -6.7135423e-01
   6.0506546e-01
   2.5250130e+00
   2.6534751e-01
  -3.1651494e-01
  -3.9120787e-01
  -2.8112039e-01
  -6.0474849e-01
  -9.7851706e-01
  -1.5222118e+00
  -1.9299976e+00
  -2.1952007e+00
  -2.3330078e+00
  -2.4387536e+00
  -2.6553047e+00
  -2.9931791e+00
  -3.2519863e+00
  -3.2245038e+00
  -2.6081719e+00
  -1.4672592e+00
  -1.1165959e+00
  -2.1051490e+00
  -2.4538338e+00
  -1.0914686e+00
  -1.6423163e+00
  -2.4581571e+00
  -3.2570040e+00
  -3.4185421e+00
  -2.6192915e-01
   2.9839149e-01
  -5.6341626e-03
  -7.6508474e-01
  -1.3151588e+00
   9.8572612e-02
   6.9692713e-01
   3.7846792e-01
  -8.6400551e-01
   3.9133632e-01
   2.5893075e+00
   9.2533827e-01
  -1.7659523e-01
  -4.6602041e-01
  -6.2045693e-01
  -6.4509761e-01
  -7.9846156e-01
  -1.2894064e+00
  -1.7146763e+00
  -1.9603019e+00
  -2.0118971e+00
  -2.0175974e+00
  -2.2076597e+00
  -2.6858461e+00
  -3.2590170e+00
  -3.6485553e+00
  -3.4055440e+00
  -1.9176828e+00
  -4.8767972e-01
  -1.0526118e+00
  -6.0693264e-01
   1.6449721e-01
  -1.0225512e+00
  -2.0314634e+00
  -3.3213985e+00
  -4.5928307e+00
  -1.6602552e+00
  -1.3530727e-01
  -3.8260370e-01
  -1.2219056e+00
  -1.8264893e+00
  -5.2330846e-01
   3.7274241e-01
   9.8085302e-01
  -6.2528771e-01
  -1.0766734e-02
   1.3957313e+00
   1.0233058e+00
  -1.8979214e-02
  -5.2623504e-01
  -8.0844992e-01
  -7.5742263e-01
  -6.5228432e-01
  -9.6301079e-01
  -1.3746983e+00
  -1.6768188e+00
  -1.7089992e+00
  -1.5886434e+00
  -1.6408128e+00
  -2.0943153e+00
  -2.8111069e+00
  -3.5310445e+00
  -3.7260201e+00
  -1.7689703e+00
  -8.7714076e-01
  -2.0818403e-01
  -2.7171034e-01
   1.9665098e-01
  -5.5770367e-01
  -1.4863017e+00
  -2.8787618e+00
  -4.9060545e+00
  -2.9333310e+00
  -8.4205008e-01
  -4.1326907e-01
  -1.4844460e+00
  -2.5090704e+00
  -1.4961078e+00
  -4.0493035e-01
   5.2333438e-01
  -1.8029130e-01
   5.5437051e-02
   4.3887082e-01
   6.5212262e-01
   1.9023956e-01
  -5.0700027e-01
  -8.0720508e-01
  -7.5471181e-01
  -4.8472092e-01
  -5.3298968e-01
  -8.3771616e-01
  -1.1925453e+00
  -1.3167446e+00
  -1.1819135e+00
  -1.0927024e+00
  -1.4594446e+00
  -2.2786796e+00
  -3.3082490e+00
  -3.8960133e+00
  -1.7382462e+00
  -3.6300719e-01
   2.9501420e-01
  -6.9161326e-02
   2.3114216e-01
  -1.3225718e-01
  -8.8809258e-01
  -2.1163459e+00
  -4.4067359e+00
  -3.5838909e+00
  -1.5303214e+00
  -5.7056552e-01
  -1.3084652e+00
  -2.5544968e+00
  -1.9263641e+00
  -1.5719085e+00
  -3.1956372e-01
  -1.7537612e-01
   4.0214691e-01
   1.0790855e+00
   1.4302410e+00
   4.8513681e-01
  -3.1590113e-01
  -7.2529083e-01
  -4.5995218e-01
  -1.6553125e-01
  -3.8801529e-02
  -2.1245918e-01
  -5.1591444e-01
  -6.9457722e-01
  -6.5206063e-01
  -5.6048751e-01
  -8.5449696e-01
  -1.7887725e+00
  -3.1585054e+00
  -3.9591143e+00
  -1.1284651e+00
   9.9781555e-01
   5.9088808e-01
   2.4904175e-01
   3.4757361e-01
   1.7332828e-01
  -3.1727710e-01
  -1.2600118e+00
  -3.2374561e+00
  -3.6224115e+00
  -1.7848715e+00
  -2.3676386e-01
  -8.1564420e-01
  -2.1421874e+00
  -1.8600770e+00
  -2.0534496e+00
  -1.9678218e+00
  -1.8315706e+00
   2.2756839e-01
   1.3533551e+00
   1.2568793e+00
   4.2278728e-01
   8.0769666e-02
  -6.9889438e-01
  -2.5890785e-01
   1.2320889e-01
   3.2484180e-01
   2.4559519e-01
   4.4806771e-02
  -4.8280589e-02
  -2.8046887e-02
  -2.9311044e-02
  -3.3614838e-01
  -1.3756602e+00
  -3.0590250e+00
  -3.6110837e+00
  -2.9239267e-01
   1.5216560e+00
   8.4818399e-01
   7.5394309e-01
   7.3677301e-01
   3.9897096e-01
   1.1082958e-01
  -5.8488643e-01
  -2.0531869e+00
  -3.3106465e+00
  -1.2733754e+00
  -1.9896865e-01
  -5.3839350e-01
  -1.8111825e+00
  -1.3730099e+00
  -1.5689439e+00
  -2.0311346e+00
  -2.2381465e+00
   3.6864474e-01
   4.9275628e-01
  -1.8472642e-01
  -7.3388860e-02
   3.2704234e-01
  -3.4526142e-01
  -5.9380716e-01
  -1.1766318e-01
   2.4598959e-01
   3.5253635e-01
   3.5070103e-01
   5.0705451e-01
   7.2128648e-01
   7.2656995e-01
   3.6113152e-01
  -7.9172528e-01
  -2.8770490e+00
  -2.4076498e+00
   2.4682522e-01
   9.1201055e-01
   6.7226177e-01
   1.0981631e+00
   1.2545600e+00
   7.8604060e-01
   5.3123719e-01
   8.6458117e-02
  -1.0116591e+00
  -2.4753444e+00
  -4.1115701e-01
  -5.5057341e-01
  -6.6941494e-01
  -1.6676013e+00
  -8.9841777e-01
  -5.8921009e-01
  -1.0254217e+00
  -2.3939579e+00
  -5.7650620e-01
  -9.4070917e-01
  -4.8945582e-01
  -2.3540229e-01
   1.9185716e-01
  -3.2682363e-02
  -3.0667844e-01
  -3.4558073e-01
   1.5477042e-01
   3.1916606e-01
   4.3307406e-01
   7.1206254e-01
   1.0932188e+00
   1.2435496e+00
   9.2836994e-01
  -2.4493377e-01
  -2.6298952e+00
  -9.8420084e-01
   1.5878580e-01
   6.0082549e-01
   6.5337813e-01
   9.1658379e-01
   1.5045302e+00
   1.1395409e+00
   8.3624049e-01
   5.0994164e-01
  -3.3921582e-01
  -1.8363536e+00
  -3.2756570e-01
  -2.9117283e-01
  -6.1466275e-01
  -6.2488854e-01
  -1.7761146e-01
   3.8350095e-01
  -1.1474215e-02
  -8.8237911e-01
  -4.8782954e-01
  -4.0081218e-01
  -3.5445872e-01
  -1.8267657e-01
  -2.9800355e-02
  -1.2880079e-01
  -8.2734331e-02
  -3.4938732e-01
   3.1346780e-01
   5.6871402e-01
   7.0888776e-01
   9.5244956e-01
   1.3498691e+00
   1.5981193e+00
   1.4181703e+00
   3.9381391e-01
  -1.7567306e+00
  -1.3980182e-01
   7.2973654e-02
  -2.0010095e-02
   3.1259346e-01
   5.0499147e-01
   1.3483407e+00
   1.4037809e+00
   1.0986508e+00
   8.4939843e-01
   2.5886634e-01
  -1.0914295e+00
  -4.9489059e-02
  -4.4452029e-01
  -1.1168409e-01
   5.0125487e-02
   2.9425120e-01
   2.2967348e-01
  -2.6721510e-01
  -4.9949327e-01
  -3.5423705e-01
  -1.7591031e-01
   4.4556201e-02
  -2.0087438e-01
  -1.8561895e-01
   5.2883835e-03
  -6.7905982e-01
  -7.3249167e-01
  -1.2646907e-02
   3.7861393e-01
   6.1558682e-01
   8.9970112e-01
   1.2903898e+00
   1.6141812e+00
   1.5607471e+00
   8.1458793e-01
  -5.9849155e-01
   2.8228638e-01
  -8.2719924e-02
  -3.2937217e-01
  -1.2058595e-01
   2.5113517e-01
   5.2083653e-01
   1.2486442e+00
   1.1168144e+00
   9.1107517e-01
   5.9132791e-01
  -3.3484096e-01
   1.1557966e-01
  -2.1213663e-01
  -9.7991035e-03
  -2.4047580e-02
  -6.1297052e-02
   2.6298964e-01
   4.3804169e-02
  -2.7699494e-01
   2.6435369e-01
  -2.6735589e-01
  -1.9538343e-01
  -4.3531349e-01
  -4.2910863e-01
  -3.1244271e-01
  -5.7591921e-01
  -1.3116059e+00
  -6.6702334e-01
  -3.3041492e-01
   2.1888790e-02
   3.7463270e-01
   7.6382869e-01
   1.1680816e+00
   1.3344677e+00
   9.2342705e-01
   9.9910441e-02
   4.6300173e-01
  -1.8499413e-01
  -4.4493083e-01
  -3.7343062e-01
  -2.4721619e-02
   1.4211878e-01
   5.1894098e-01
   8.2239151e-01
   7.3084566e-01
   6.4027808e-01
   3.9614029e-02
   2.7377494e-02
   1.9154496e-01
  -7.0441961e-02
  -9.9138405e-02
  -1.3315810e-01
   2.0083880e-02
   3.0254739e-01
   1.6002628e-01
   5.7929516e-02
   9.5203239e-02
  -8.1758251e-02
  -2.5489517e-01
  -5.2483881e-01
  -6.4945823e-01
  -8.9526653e-01
  -1.6503334e+00
  -1.0178106e+00
  -1.1505488e+00
  -8.5401082e-01
  -5.3258783e-01
  -2.5994508e-01
   1.9861868e-01
   6.7671603e-01
   7.5538771e-01
   6.4521617e-01
   3.4770030e-01
  -1.9887140e-01
  -4.4015422e-01
  -4.6440449e-01
  -2.3652583e-01
   2.0268643e-02
  -1.5618187e-01
   1.8620574e-01
   3.7485737e-01
   4.3134588e-01
   1.5760974e-01
   2.6142099e-01
   1.2620855e-02
  -2.2025538e-03
  -4.7760073e-02
   1.7802967e-02
   1.0292417e-01
   3.5621399e-01
   4.1697642e-01
   4.1397508e-01
   6.3384837e-01
   2.7407885e-01
   7.9900153e-02
   1.9713042e-02
  -2.1950833e-01
  -3.9031130e-01
  -1.2067125e+00
  -1.2517997e+00
  -1.2966317e+00
  -1.7248033e+00
  -1.5364295e+00
  -9.4135267e-01
  -4.2658925e-01
  -2.5151381e-01
   3.7897515e-01
   2.1426576e-01
   1.2216751e-02
  -2.2345614e-01
  -4.9061063e-01
  -4.9711099e-01
  -2.8889897e-01
  -4.7890015e-02
  -5.8639121e-01
  -4.3615708e-01
  -3.1452143e-01
   1.6318452e-01
   5.5648154e-05
  -4.3804545e-02
   5.7066549e-02
  -1.9618832e-01
  -7.5869165e-02
  -2.8979329e-02
   5.9113190e-02
   1.8904948e-01
   2.3369388e-01
   3.9204851e-01
   2.8238782e-01
   2.8209004e-01
   7.6223275e-02
  -1.4274034e-01
   8.2610741e-02
   1.6853727e-01
  -7.0826791e-02
  -2.0141013e-01
  -2.0693002e-01
  -8.1820655e-01
  -1.3012109e+00
  -9.5024610e-01
  -3.8458723e-01
  -2.1182981e-01
  -1.4771725e-02
  -5.1570818e-02
  -2.1631041e-01
  -3.2987978e-01
  -4.6475512e-01
  -5.2956837e-01
  -3.2278632e-01
  -1.5923306e-01
  -5.5463374e-01
   4.7678992e-01
  -5.2278757e-01
  -6.8951440e-01
  -6.9471417e-01
  -6.6719687e-01
   3.4627780e-02
   1.0209366e-01
  -2.7937856e-01
  -3.4944198e-01
  -1.4135353e-01
  -4.4697858e-02
   2.5208382e-02
   1.4382006e-01
   4.4569883e-01
   4.2946541e-01
   1.8392840e-01
   1.8302053e-01
   3.1536043e-01
   2.8833923e-01
   1.9476864e-01
   8.3001941e-02
  -7.8198396e-02
  -1.9077480e-01
  -5.6888342e-01
  -7.2481471e-01
  -5.0661999e-01
  -4.4213682e-01
  -6.2459582e-01
  -5.6074154e-01
  -4.6649185e-01
  -5.3799742e-01
  -5.3203744e-01
  -5.4644692e-01
  -6.1019510e-01
  -6.2333411e-01
  -1.4952244e-03
   4.4736108e-01
   5.2616912e-01
  -1.1844033e-01
  -6.7216903e-01
  -5.8745068e-01
  -4.0762961e-01
  -2.0538117e-01
  -2.1397063e-01
  -3.6278725e-01
  -2.8754890e-01
  -2.5505829e-01
  -1.3858502e-01
  -3.1318653e-02
   1.6788968e-01
   3.0835760e-01
