   0.0000000e+00
  -7.7988733e-02
   0.0000000e+00
  -0.0000000e+00
  -0.0000000e+00
   0.0000000e+00
  -6.2706095e-02
  -5.7603343e-02
  -8.0967933e-02
  -8.2738974e-02
  -7.3703910e-02
   0.0000000e+00
   0.0000000e+00
   0.0000000e+00
  -9.7506918e-02
  -9.7409709e-02
  -1.2127342e-01
  -6.3878379e-02
  -0.0000000e+00
  -0.0000000e+00
  -7.4936481e-02
  -8.5472199e-02
  -1.3311078e-01
   0.0000000e+00
   0.0000000e+00
   0.0000000e+00
   0.0000000e+00
   0.0000000e+00
   0.0000000e+00
   0.0000000e+00
   0.0000000e+00
   0.0000000e+00
   0.0000000e+00
   0.0000000e+00
   0.0000000e+00
   0.0000000e+00
  -0.0000000e+00
  -4.6934080e-02
   0.0000000e+00
  -3.3818906e-02
  -2.8017281e-02
   1.4768283e-03
  -5.9464004e-03
  -1.0182370e-02
  -8.1326514e-03
  -9.5318863e-03
  -1.0487774e-02
  -7.1091612e-03
  -8.4797243e-03
  -1.5396727e-03
  -1.7019157e-03
  -8.9574180e-03
  -9.5342986e-03
  -1.6471247e-02
  -5.7170102e-03
   4.5222978e-03
  -1.1051747e-02
  -1.4474737e-02
  -2.7985740e-02
  -2.8030231e-02
  -4.5191748e-02
  -6.8034882e-02
  -5.3970847e-02
  -7.5192818e-02
  -8.0127072e-02
  -1.0202452e-01
   0.0000000e+00
   0.0000000e+00
  -8.0516002e-02
  -1.0557643e-01
   0.0000000e+00
   0.0000000e+00
  -3.6176728e-02
  -5.9542175e-03
   8.9969577e-03
   1.3918604e-02
   2.1536274e-02
   2.9648062e-02
   3.3551208e-02
   3.3806209e-02
   3.5166401e-02
   3.8399889e-02
   3.9352372e-02
   3.5864346e-02
   3.2765727e-02
   3.2172933e-02
   3.1345427e-02
   3.0122085e-02
   2.8023483e-02
   2.5699988e-02
   2.4634865e-02
   2.7490497e-02
   2.6641529e-02
   2.4610729e-02
   2.3765178e-02
   1.7974801e-02
   9.6068734e-03
   2.9758723e-03
  -4.8842425e-03
  -1.0624684e-02
  -1.2197242e-02
  -1.7058139e-02
  -1.9380629e-02
  -2.8772179e-02
  -2.6050121e-02
  -3.4712439e-02
  -5.3312387e-02
  -6.1750959e-02
   5.2469597e-02
   6.2994868e-02
   7.2244234e-02
   7.5324288e-02
   7.2127618e-02
   6.6794164e-02
   6.8526744e-02
   6.7237094e-02
   6.2678762e-02
   6.9837472e-02
   7.8113534e-02
   8.0357276e-02
   7.6041905e-02
   7.4144453e-02
   7.3403038e-02
   7.2430267e-02
   7.1164615e-02
   7.0462584e-02
   7.0855962e-02
   5.2195737e-02
   6.2302869e-02
   5.7409291e-02
   6.0785756e-02
   5.8114253e-02
   5.3336290e-02
   5.2518986e-02
   5.6672871e-02
   6.2308945e-02
   6.9010004e-02
   7.3671244e-02
   7.2921051e-02
   6.9390990e-02
   6.0141440e-02
   5.2672864e-02
   5.1282745e-02
   4.6498239e-02
   1.1273384e-01
   1.1268108e-01
   1.0994706e-01
   1.0564652e-01
   9.6680658e-02
   7.9132721e-02
   7.9355337e-02
   7.6991675e-02
   6.5848683e-02
   7.3794439e-02
   8.5923873e-02
   9.5544815e-02
   9.7357400e-02
   9.7758695e-02
   9.8687842e-02
   9.8420456e-02
   9.7252265e-02
   9.4795085e-02
   9.1174815e-02
   0.0000000e+00
   6.8569459e-02
   7.3250458e-02
   8.3263002e-02
   8.4475383e-02
   8.3535984e-02
   8.5977428e-02
   9.2229001e-02
   9.9353373e-02
   1.0734446e-01
   1.1378703e-01
   1.1950979e-01
   1.2514503e-01
   1.1979793e-01
   1.1572848e-01
   1.1632872e-01
   1.1261641e-01
   1.2822199e-01
   1.1899927e-01
   9.9108471e-02
   0.0000000e+00
   0.0000000e+00
   5.8495130e-02
   6.5257594e-02
   6.4065216e-02
   6.3441601e-02
   6.7132942e-02
   7.5734711e-02
   8.4001151e-02
   8.8662934e-02
   9.2287053e-02
   9.5377866e-02
   9.6579279e-02
   9.6373450e-02
   9.2870932e-02
   8.3172838e-02
   0.0000000e+00
   5.1464566e-02
   6.5606303e-02
   8.1871038e-02
   8.9461197e-02
   9.3436498e-02
   9.7901072e-02
   1.0213774e-01
   1.0508624e-01
   1.0915669e-01
   1.1102338e-01
   1.1914145e-01
   1.3202844e-01
   1.3907288e-01
   1.4487572e-01
   1.4463988e-01
   1.3810803e-01
   1.0412025e-01
   0.0000000e+00
   0.0000000e+00
   0.0000000e+00
   0.0000000e+00
   3.3615267e-02
   4.3795187e-02
   5.1786281e-02
   5.6142531e-02
   5.6368317e-02
   6.0880106e-02
   6.4296417e-02
   6.6249050e-02
   6.9548696e-02
   7.3790088e-02
   7.7599704e-02
   7.9828002e-02
   7.6796770e-02
   6.3929809e-02
   0.0000000e+00
   0.0000000e+00
   4.8169124e-02
   6.5287665e-02
   7.8125201e-02
   8.5462667e-02
   8.9450464e-02
   8.8651001e-02
   8.2533553e-02
   7.9779856e-02
   7.8942858e-02
   8.8277400e-02
   1.0489271e-01
   1.2177941e-01
   1.3218626e-01
   1.3169040e-01
   1.2089638e-01
   6.3159764e-02
   0.0000000e+00
   0.0000000e+00
   0.0000000e+00
   0.0000000e+00
   1.7081004e-02
   2.4491642e-02
   3.4029637e-02
   4.0498804e-02
   4.0962617e-02
   4.1077100e-02
   4.0380556e-02
   4.0380093e-02
   4.2490728e-02
   4.7594186e-02
   5.2830802e-02
   5.6027174e-02
   5.3535320e-02
   4.0709629e-02
   0.0000000e+00
   0.0000000e+00
   2.7224782e-02
   3.9503243e-02
   5.5611860e-02
   6.4252473e-02
   6.5754935e-02
   5.7276435e-02
   4.5186702e-02
   4.0139582e-02
   4.3999258e-02
   4.9318136e-02
   6.3225582e-02
   7.9449438e-02
   8.7094922e-02
   8.6982213e-02
   7.7253133e-02
   2.5099497e-02
   0.0000000e+00
   0.0000000e+00
   0.0000000e+00
   0.0000000e+00
   1.1667397e-02
   1.5396875e-02
   2.1607868e-02
   2.4206067e-02
   2.2805786e-02
   2.1011883e-02
   1.9633394e-02
   1.9174431e-02
   2.0516286e-02
   2.4556397e-02
   2.8616833e-02
   3.0955663e-02
   2.8544454e-02
   1.9377153e-02
   0.0000000e+00
   0.0000000e+00
   8.1722842e-03
   1.4902846e-02
   3.0471571e-02
   3.7807319e-02
   3.6432628e-02
   2.1514805e-02
   4.6587498e-03
   0.0000000e+00
   9.5638623e-03
   1.2006682e-02
   2.1167303e-02
   3.2515980e-02
   3.8517792e-02
   3.9623350e-02
   3.3112057e-02
  -6.3763423e-05
   0.0000000e+00
   0.0000000e+00
   0.0000000e+00
   0.0000000e+00
   6.2257405e-04
   9.6980110e-04
   1.4139272e-03
   1.5453277e-03
   3.9674435e-04
  -3.5220146e-04
  -4.7054596e-04
  -5.8300357e-04
  -8.6921267e-05
   2.3328275e-03
   4.8897113e-03
   5.6500342e-03
   2.5587780e-03
  -9.2787981e-04
   0.0000000e+00
   0.0000000e+00
  -0.0000000e+00
  -5.1650936e-03
   7.1700774e-03
   1.1031631e-02
   7.0831943e-03
  -9.9699749e-03
  -0.0000000e+00
   0.0000000e+00
  -1.6794541e-02
  -1.8908309e-02
  -1.3674558e-02
  -7.8740055e-03
  -3.0561960e-03
  -1.0061011e-03
  -3.3586344e-03
  -1.3529807e-02
  -5.0052249e-03
   0.0000000e+00
   0.0000000e+00
  -2.3601070e-02
  -1.9565467e-02
  -1.8450290e-02
  -2.0088222e-02
  -2.0037828e-02
  -1.9545611e-02
  -1.8013095e-02
  -1.6668553e-02
  -1.6385095e-02
  -1.6670845e-02
  -1.5950218e-02
  -1.5434166e-02
  -1.6566480e-02
  -2.0430066e-02
  -1.3084905e-02
   0.0000000e+00
   0.0000000e+00
  -0.0000000e+00
  -1.8480604e-02
  -1.0830108e-02
  -1.1036717e-02
  -1.7333051e-02
  -3.0188866e-02
  -0.0000000e+00
   0.0000000e+00
  -3.1210920e-02
  -3.0514774e-02
  -3.3073056e-02
  -3.2891359e-02
  -3.0431453e-02
  -2.9335389e-02
  -2.7565114e-02
  -2.8639903e-02
  -1.6008494e-02
  -1.4875691e-02
   0.0000000e+00
  -3.9078670e-02
  -3.3043697e-02
  -3.3644859e-02
  -3.5214607e-02
  -3.4665078e-02
  -3.2661259e-02
  -2.9650725e-02
  -2.7835174e-02
  -2.7510539e-02
  -2.8691262e-02
  -3.0650403e-02
  -3.3264358e-02
  -3.6742106e-02
  -4.0101372e-02
  -2.4925373e-02
  -0.0000000e+00
   0.0000000e+00
   0.0000000e+00
  -2.4790729e-02
  -2.5462432e-02
  -2.9707860e-02
  -3.6370385e-02
  -3.4453438e-02
  -0.0000000e+00
   0.0000000e+00
  -2.8678546e-02
  -3.0610595e-02
  -4.0820930e-02
  -4.5860149e-02
  -4.6882842e-02
  -4.8153248e-02
  -4.4089396e-02
  -3.7661664e-02
  -2.2192860e-02
  -2.1623399e-02
  -0.0000000e+00
  -4.1057275e-02
  -3.8415112e-02
  -3.7548788e-02
  -3.8008012e-02
  -3.7369993e-02
  -3.5354257e-02
  -3.3021405e-02
  -3.1997774e-02
  -3.2667130e-02
  -3.5740655e-02
  -4.1214120e-02
  -4.6790842e-02
  -5.1086329e-02
  -5.2390110e-02
  -4.0182187e-02
  -0.0000000e+00
   0.0000000e+00
   0.0000000e+00
  -3.0019291e-02
  -3.7237994e-02
  -4.2986017e-02
  -4.6401780e-02
  -3.6150679e-02
   0.0000000e+00
   0.0000000e+00
  -0.0000000e+00
  -3.3114082e-02
  -4.1379984e-02
  -4.8421584e-02
  -5.2070580e-02
  -5.5013306e-02
  -5.1606841e-02
  -4.0368468e-02
  -2.4218613e-02
  -1.8036215e-02
  -1.5219509e-02
  -3.1491036e-02
  -3.3627838e-02
  -3.1570204e-02
  -3.1155096e-02
  -3.1910345e-02
  -3.1994872e-02
  -3.2087550e-02
  -3.3537671e-02
  -3.6893729e-02
  -4.3160945e-02
  -5.1385682e-02
  -5.7707559e-02
  -6.0086634e-02
  -5.6267541e-02
  -4.3500683e-02
   0.0000000e+00
   0.0000000e+00
   0.0000000e+00
  -3.8861399e-02
  -4.9221240e-02
  -5.3963412e-02
  -5.0167691e-02
  -2.8799206e-02
   0.0000000e+00
   0.0000000e+00
   0.0000000e+00
  -1.9047885e-02
  -3.8518430e-02
  -4.4796515e-02
  -4.9835641e-02
  -5.3505469e-02
  -5.1988911e-02
  -3.4360312e-02
  -1.8259604e-02
  -7.6017035e-03
  -5.1020508e-03
  -2.1052283e-02
  -2.1557635e-02
  -2.0471415e-02
  -2.1903967e-02
  -2.5707135e-02
  -2.8706599e-02
  -3.1849056e-02
  -3.6520652e-02
  -4.2546026e-02
  -4.9772281e-02
  -5.6565613e-02
  -6.0041104e-02
  -5.7900548e-02
  -4.3562569e-02
  -0.0000000e+00
   0.0000000e+00
   0.0000000e+00
   0.0000000e+00
  -0.0000000e+00
  -5.4773539e-02
  -5.7348479e-02
  -4.6001807e-02
  -1.2954893e-02
   0.0000000e+00
   0.0000000e+00
   0.0000000e+00
  -2.4614251e-02
  -3.3493586e-02
  -3.8944278e-02
  -4.3544102e-02
  -4.6241581e-02
  -4.4776954e-02
  -2.6529029e-02
  -0.0000000e+00
  -4.2834235e-03
  -9.9882511e-03
  -1.8181745e-02
  -1.1127900e-02
  -1.2490762e-02
  -1.6469279e-02
  -2.2345887e-02
  -2.7305996e-02
  -3.2773145e-02
  -3.9939646e-02
  -4.7058333e-02
  -5.2786551e-02
  -5.5677343e-02
  -5.4559179e-02
  -4.7322519e-02
  -2.7763981e-02
  -0.0000000e+00
   0.0000000e+00
   0.0000000e+00
   0.0000000e+00
   0.0000000e+00
  -5.2634813e-02
  -5.2719247e-02
  -3.6497556e-02
  -5.2438533e-03
   0.0000000e+00
   0.0000000e+00
   0.0000000e+00
  -3.3159641e-02
  -3.0510563e-02
  -3.2679334e-02
  -3.5087910e-02
  -3.5817869e-02
  -3.3923082e-02
  -0.0000000e+00
   0.0000000e+00
  -2.7676606e-03
  -1.0156849e-02
  -1.0588816e-02
  -8.2851471e-03
  -1.3273156e-02
  -1.8739408e-02
  -2.4450434e-02
  -2.9181166e-02
  -3.4199007e-02
  -4.0122032e-02
  -4.5215327e-02
  -4.8065443e-02
  -4.7037255e-02
  -4.1726641e-02
  -3.1085683e-02
  -1.2794668e-02
  -0.0000000e+00
   0.0000000e+00
   0.0000000e+00
   0.0000000e+00
   0.0000000e+00
  -4.2626172e-02
  -4.0415097e-02
  -2.3603594e-02
   4.1550743e-04
   0.0000000e+00
   0.0000000e+00
   0.0000000e+00
  -3.3339758e-02
  -2.3426550e-02
  -2.2368640e-02
  -2.2025634e-02
  -2.2117523e-02
  -2.1530285e-02
  -0.0000000e+00
   0.0000000e+00
  -1.3485982e-03
  -6.5265930e-03
  -9.6848514e-03
  -1.6320949e-02
  -2.4399103e-02
  -3.1111225e-02
  -3.6434196e-02
  -3.9313773e-02
  -4.0338565e-02
  -3.9649386e-02
  -3.8312702e-02
  -3.6563668e-02
  -3.2511104e-02
  -2.5436261e-02
  -1.4687309e-02
  -1.2035219e-03
   0.0000000e+00
   0.0000000e+00
   0.0000000e+00
   0.0000000e+00
  -3.0302738e-02
  -2.5015326e-02
  -2.1859014e-02
  -9.5173530e-03
   5.8191858e-03
   0.0000000e+00
   0.0000000e+00
   0.0000000e+00
  -3.0192251e-02
  -1.5084170e-02
  -1.0538168e-02
  -7.1392590e-03
  -7.0707384e-03
  -7.7387970e-03
   0.0000000e+00
   0.0000000e+00
  -1.9989759e-03
  -8.4693944e-03
  -1.5873503e-02
  -2.4830291e-02
  -3.2409079e-02
  -3.8200505e-02
  -4.2567234e-02
  -4.4413999e-02
  -4.3615505e-02
  -3.9815146e-02
  -3.4808237e-02
  -3.0091852e-02
  -2.4607582e-02
  -1.7269673e-02
  -7.3393132e-03
   1.8369581e-03
   3.1645969e-03
   0.0000000e+00
   0.0000000e+00
  -3.5080209e-02
  -2.7513387e-02
  -1.0518905e-02
  -6.6686315e-03
   1.4992872e-03
   1.0996209e-02
   0.0000000e+00
   0.0000000e+00
   0.0000000e+00
  -2.4708595e-02
  -1.1307840e-02
  -3.6990324e-03
   3.6370563e-03
   3.4596412e-03
   8.0052693e-04
   0.0000000e+00
   0.0000000e+00
  -5.9060101e-03
  -1.4808500e-02
  -2.4480277e-02
  -3.3395686e-02
  -3.9281952e-02
  -4.3264852e-02
  -4.6464717e-02
  -4.8115957e-02
  -4.7417959e-02
  -4.3069371e-02
  -3.6049033e-02
  -2.8277564e-02
  -2.0587972e-02
  -1.3622593e-02
  -6.5564381e-03
  -9.5082901e-04
   3.4462936e-03
   0.0000000e+00
   0.0000000e+00
  -4.1595346e-02
  -2.4866254e-02
  -1.7573228e-03
   6.1582461e-03
   0.0000000e+00
   0.0000000e+00
   0.0000000e+00
   0.0000000e+00
   0.0000000e+00
  -0.0000000e+00
  -8.8827285e-03
   1.1653260e-03
   8.8039756e-03
   1.0333018e-02
   4.4197711e-03
   0.0000000e+00
  -1.6189168e-02
  -1.7781742e-02
  -2.7255580e-02
  -3.9710343e-02
  -5.0482001e-02
  -5.7044052e-02
  -6.0685284e-02
  -6.2559724e-02
  -6.2688790e-02
  -6.0377046e-02
  -5.4235097e-02
  -4.4560213e-02
  -3.2113649e-02
  -2.0106342e-02
  -1.5136721e-02
  -1.5440413e-02
  -8.5423201e-03
  -3.8082740e-03
   0.0000000e+00
  -6.6911464e-02
  -5.3819566e-02
  -3.2523993e-02
  -7.8794890e-04
   1.5219015e-02
   0.0000000e+00
   0.0000000e+00
   0.0000000e+00
   0.0000000e+00
   0.0000000e+00
  -0.0000000e+00
  -5.4230655e-03
   5.5457568e-03
   1.1344037e-02
   1.4109673e-02
   4.1984118e-03
   0.0000000e+00
  -1.9374818e-02
  -2.8162200e-02
  -4.0279120e-02
  -5.4326203e-02
  -6.6561863e-02
  -7.4360982e-02
  -7.8906193e-02
  -8.1297293e-02
  -8.2220756e-02
  -8.1120141e-02
  -7.5855963e-02
  -6.5335773e-02
  -4.8647787e-02
  -2.8458854e-02
  -1.8871997e-02
  -2.4852052e-02
  -2.5427272e-02
  -2.8266092e-02
   0.0000000e+00
  -6.8146948e-02
  -6.2875509e-02
  -4.5069594e-02
  -9.4590168e-03
   0.0000000e+00
   0.0000000e+00
   0.0000000e+00
   0.0000000e+00
   0.0000000e+00
   0.0000000e+00
   0.0000000e+00
   4.4646288e-03
   1.3342734e-02
   0.0000000e+00
   2.3575743e-02
   1.1284943e-02
   0.0000000e+00
  -3.2147579e-02
  -4.0291153e-02
  -4.9529035e-02
  -6.2166691e-02
  -7.3730953e-02
  -8.0787003e-02
  -8.4241234e-02
  -8.6011931e-02
  -8.8060923e-02
  -8.9837551e-02
  -8.8165350e-02
  -7.9670966e-02
  -6.1971311e-02
  -3.5453934e-02
  -1.8120850e-02
  -1.8035685e-02
  -0.0000000e+00
  -7.9624765e-02
  -7.0867038e-02
  -6.6515505e-02
  -6.5553449e-02
  -5.5457424e-02
  -2.6182044e-02
  -0.0000000e+00
   0.0000000e+00
   0.0000000e+00
   0.0000000e+00
   0.0000000e+00
   0.0000000e+00
   0.0000000e+00
   1.9915236e-02
   2.8733902e-02
   0.0000000e+00
   0.0000000e+00
   0.0000000e+00
   0.0000000e+00
  -4.7188467e-02
  -5.1383365e-02
  -5.4929954e-02
  -6.2705509e-02
  -7.1503542e-02
  -7.7152928e-02
  -7.8855447e-02
  -7.8559905e-02
  -7.9736380e-02
  -8.2935348e-02
  -8.4780663e-02
  -7.9932151e-02
  -6.3921943e-02
  -3.4891915e-02
  -1.5428897e-02
  -0.0000000e+00
  -0.0000000e+00
  -7.1758854e-02
  -6.0892757e-02
  -5.7926059e-02
  -6.0978659e-02
  -6.1350096e-02
  -4.4901546e-02
  -0.0000000e+00
   0.0000000e+00
   0.0000000e+00
   0.0000000e+00
   0.0000000e+00
   0.0000000e+00
   0.0000000e+00
   3.4919565e-02
   5.0640619e-02
   0.0000000e+00
   0.0000000e+00
   0.0000000e+00
   0.0000000e+00
  -5.4934792e-02
  -5.4455314e-02
  -5.3301703e-02
  -5.5236772e-02
  -5.9510831e-02
  -6.3257106e-02
  -6.4237669e-02
  -6.3061818e-02
  -6.3230403e-02
  -6.6488951e-02
  -7.0301689e-02
  -6.8290390e-02
  -5.4575104e-02
  -2.6080912e-02
  -8.2051726e-03
  -4.2175598e-02
  -4.2437404e-02
  -4.4861887e-02
  -4.2964824e-02
  -4.4368956e-02
  -5.0296709e-02
  -5.8184832e-02
  -5.6758676e-02
  -0.0000000e+00
   0.0000000e+00
   0.0000000e+00
   0.0000000e+00
   0.0000000e+00
   0.0000000e+00
   0.0000000e+00
   0.0000000e+00
   0.0000000e+00
   0.0000000e+00
   0.0000000e+00
   0.0000000e+00
   0.0000000e+00
  -0.0000000e+00
  -4.4508245e-02
  -4.0988579e-02
  -4.0498082e-02
  -4.1931532e-02
  -4.3689083e-02
  -4.3910418e-02
  -4.2977102e-02
  -4.3637175e-02
  -4.7164310e-02
  -5.1882926e-02
  -5.1745046e-02
  -4.0259071e-02
  -1.3474633e-02
   0.0000000e+00
  -3.3013446e-02
  -3.0678093e-02
  -2.8036375e-02
  -2.9325293e-02
  -3.1353328e-02
  -3.7315216e-02
  -4.6584856e-02
  -5.4945156e-02
  -0.0000000e+00
   0.0000000e+00
   0.0000000e+00
   0.0000000e+00
   0.0000000e+00
   0.0000000e+00
   0.0000000e+00
   0.0000000e+00
   0.0000000e+00
   0.0000000e+00
   0.0000000e+00
   0.0000000e+00
   0.0000000e+00
   0.0000000e+00
  -1.9051509e-02
  -1.3287189e-02
  -1.2546495e-02
  -1.3461789e-02
  -1.3839834e-02
  -1.2781510e-02
  -1.2000168e-02
  -1.4414532e-02
  -2.0024336e-02
  -2.6682845e-02
  -2.9308181e-02
  -2.0532889e-02
   3.2250821e-03
   0.0000000e+00
  -0.0000000e+00
  -1.3441769e-02
  -7.5992865e-03
  -1.1069990e-02
  -1.5501071e-02
  -2.0353913e-02
  -2.8152643e-02
  -3.9745769e-02
  -3.7226400e-02
   0.0000000e+00
   0.0000000e+00
   0.0000000e+00
   0.0000000e+00
   0.0000000e+00
   0.0000000e+00
   0.0000000e+00
   0.0000000e+00
   0.0000000e+00
   0.0000000e+00
   0.0000000e+00
   0.0000000e+00
   0.0000000e+00
   8.1270542e-03
   1.8156953e-02
   2.0738997e-02
   2.1127433e-02
   2.2660969e-02
   2.5098344e-02
   2.5318330e-02
   2.0340102e-02
   1.1295383e-02
   1.1958665e-03
  -5.0683501e-03
   9.4297691e-04
   1.7320236e-02
   0.0000000e+00
   0.0000000e+00
   0.0000000e+00
   1.8850092e-02
   1.1743453e-02
   2.3269879e-03
  -2.9638514e-03
  -9.4612027e-03
  -1.9361058e-02
  -1.9662476e-02
   0.0000000e+00
   0.0000000e+00
   0.0000000e+00
   0.0000000e+00
   0.0000000e+00
   0.0000000e+00
   0.0000000e+00
   0.0000000e+00
   0.0000000e+00
   0.0000000e+00
   0.0000000e+00
   0.0000000e+00
   0.0000000e+00
   1.9417156e-02
   3.6250856e-02
   4.5313835e-02
   5.2127402e-02
   5.8656510e-02
   6.3364007e-02
   6.3409612e-02
   5.6638259e-02
   4.5889795e-02
   3.2842986e-02
   2.2417765e-02
   2.2346826e-02
   0.0000000e+00
   0.0000000e+00
   0.0000000e+00
   0.0000000e+00
   0.0000000e+00
   3.3374410e-02
   2.3547327e-02
   1.6737780e-02
   1.0246413e-02
   1.2756544e-03
  -2.5578362e-03
   0.0000000e+00
   0.0000000e+00
   0.0000000e+00
   0.0000000e+00
   0.0000000e+00
   0.0000000e+00
   0.0000000e+00
   0.0000000e+00
   0.0000000e+00
   0.0000000e+00
   0.0000000e+00
   0.0000000e+00
   0.0000000e+00
   0.0000000e+00
   5.4465033e-02
   6.2925175e-02
   7.5485371e-02
   8.5001414e-02
   8.9480162e-02
   8.7657444e-02
   8.0684801e-02
   7.1442120e-02
   5.9481815e-02
   4.7301004e-02
   3.6616843e-02
   0.0000000e+00
   0.0000000e+00
   0.0000000e+00
   0.0000000e+00
   0.0000000e+00
   4.8596637e-02
   4.2661484e-02
   3.5313934e-02
   2.8498117e-02
   2.0037118e-02
   1.4116182e-02
   0.0000000e+00
   0.0000000e+00
   0.0000000e+00
   0.0000000e+00
   0.0000000e+00
   0.0000000e+00
   0.0000000e+00
   0.0000000e+00
   0.0000000e+00
   0.0000000e+00
   0.0000000e+00
   0.0000000e+00
   0.0000000e+00
   0.0000000e+00
   4.8610187e-02
   6.2128775e-02
   7.5048327e-02
   8.5019708e-02
   8.7892517e-02
   8.5382141e-02
   8.2010105e-02
   7.6891407e-02
   7.0080973e-02
   6.0613248e-02
   4.7663918e-02
   0.0000000e+00
   0.0000000e+00
   0.0000000e+00
   0.0000000e+00
   0.0000000e+00
   0.0000000e+00
   4.8018966e-02
   4.4274993e-02
   4.1064177e-02
   3.4494672e-02
   2.5737296e-02
   0.0000000e+00
   0.0000000e+00
   0.0000000e+00
   0.0000000e+00
   0.0000000e+00
   0.0000000e+00
   0.0000000e+00
   0.0000000e+00
   0.0000000e+00
   0.0000000e+00
   0.0000000e+00
   0.0000000e+00
   0.0000000e+00
   0.0000000e+00
   0.0000000e+00
   3.6899790e-02
   4.2756811e-02
   4.8085270e-02
   5.2992757e-02
   5.4880235e-02
   5.6497314e-02
   5.8247812e-02
   5.9338324e-02
   5.5848644e-02
   4.6596734e-02
   0.0000000e+00
   0.0000000e+00
   0.0000000e+00
   0.0000000e+00
   0.0000000e+00
   0.0000000e+00
   0.0000000e+00
   3.8783607e-02
   4.2067643e-02
   4.0466994e-02
   3.5828711e-02
   0.0000000e+00
   0.0000000e+00
   0.0000000e+00
   0.0000000e+00
   0.0000000e+00
   0.0000000e+00
   0.0000000e+00
   0.0000000e+00
   0.0000000e+00
   0.0000000e+00
   0.0000000e+00
   0.0000000e+00
   0.0000000e+00
   0.0000000e+00
   0.0000000e+00
   5.6980664e-03
   6.0501389e-04
  -9.5082553e-04
   2.2637916e-03
   7.7259815e-03
   1.4126105e-02
   2.3516514e-02
   3.3868562e-02
   3.7871666e-02
   0.0000000e+00
   0.0000000e+00
   0.0000000e+00
   0.0000000e+00
   0.0000000e+00
   0.0000000e+00
   0.0000000e+00
   0.0000000e+00
   2.4515197e-02
   3.2967515e-02
   3.5920344e-02
   3.6080506e-02
   0.0000000e+00
   0.0000000e+00
   0.0000000e+00
   0.0000000e+00
   0.0000000e+00
   0.0000000e+00
   0.0000000e+00
   0.0000000e+00
   0.0000000e+00
   0.0000000e+00
   0.0000000e+00
   0.0000000e+00
   0.0000000e+00
   0.0000000e+00
   0.0000000e+00
  -0.0000000e+00
  -2.7108308e-02
  -3.7374843e-02
  -4.1536849e-02
  -3.3547673e-02
  -1.9346162e-02
   0.0000000e+00
   8.6125757e-03
   1.4848380e-02
   0.0000000e+00
   0.0000000e+00
   0.0000000e+00
   0.0000000e+00
   0.0000000e+00
   0.0000000e+00
   0.0000000e+00
   3.4204116e-03
   7.7478224e-03
   1.3640447e-02
   1.9321347e-02
   1.7335274e-02
   0.0000000e+00
   0.0000000e+00
   0.0000000e+00
   0.0000000e+00
   0.0000000e+00
   0.0000000e+00
   0.0000000e+00
   0.0000000e+00
   0.0000000e+00
   0.0000000e+00
   0.0000000e+00
   0.0000000e+00
   0.0000000e+00
   0.0000000e+00
   0.0000000e+00
   0.0000000e+00
   0.0000000e+00
  -0.0000000e+00
  -0.0000000e+00
  -0.0000000e+00
  -0.0000000e+00
   0.0000000e+00
  -0.0000000e+00
  -0.0000000e+00
   0.0000000e+00
   0.0000000e+00
   0.0000000e+00
   0.0000000e+00
   0.0000000e+00
   0.0000000e+00
   0.0000000e+00
   2.3518539e-03
  -0.0000000e+00
  -0.0000000e+00
  -0.0000000e+00
  -9.6627230e-03
  -7.6986731e-04
  -1.6916912e-04
   0.0000000e+00
   0.0000000e+00
   0.0000000e+00
   0.0000000e+00
   0.0000000e+00
   0.0000000e+00
   0.0000000e+00
   0.0000000e+00
   0.0000000e+00
   0.0000000e+00
   0.0000000e+00
   0.0000000e+00
   0.0000000e+00
   0.0000000e+00
  -0.0000000e+00
  -0.0000000e+00
  -0.0000000e+00
  -0.0000000e+00
  -0.0000000e+00
  -0.0000000e+00
  -0.0000000e+00
  -0.0000000e+00
  -0.0000000e+00
   0.0000000e+00
   0.0000000e+00
   0.0000000e+00
   0.0000000e+00
   0.0000000e+00
   8.1484222e-03
   2.5457817e-03
   0.0000000e+00
   0.0000000e+00
   0.0000000e+00
  -0.0000000e+00
  -1.0668376e-02
  -1.0337966e-02
  -1.3943900e-02
  -1.4614828e-02
  -1.0870970e-02
  -9.3354552e-03
   0.0000000e+00
  -9.4209826e-03
   0.0000000e+00
   0.0000000e+00
   0.0000000e+00
