   0.0000000e+00
   5.0941906e-02
   0.0000000e+00
   0.0000000e+00
   0.0000000e+00
   0.0000000e+00
   7.0383530e-02
   3.2265632e-02
   2.1610645e-02
   1.9570806e-02
   1.3303750e-02
   5.7549740e-03
   5.4665586e-03
   0.0000000e+00
   8.0429843e-03
   3.3826564e-03
   1.2922670e-04
   1.9127583e-03
   0.0000000e+00
   0.0000000e+00
   5.9625798e-04
  -3.1098845e-02
  -4.2083609e-02
  -0.0000000e+00
   0.0000000e+00
   0.0000000e+00
   0.0000000e+00
   0.0000000e+00
   0.0000000e+00
   0.0000000e+00
   0.0000000e+00
   0.0000000e+00
   0.0000000e+00
   0.0000000e+00
   0.0000000e+00
   0.0000000e+00
   0.0000000e+00
   8.9284751e-03
   0.0000000e+00
   1.2526250e-02
   8.9279157e-03
   8.6874229e-03
   1.1830277e-02
   1.0702456e-02
   7.8056166e-03
   6.0789762e-03
   3.7123167e-03
   2.4480664e-03
   2.2359092e-03
   2.1029452e-03
   2.7646723e-03
   2.9699311e-03
   1.7707633e-03
  -2.6848840e-04
  -3.1434816e-03
  -2.0717783e-03
  -1.1962238e-03
  -1.8993013e-03
  -1.9239688e-03
  -4.1124374e-03
  -1.0287328e-03
   1.2567393e-04
   9.4199215e-03
   1.5892929e-02
   1.2413962e-02
   3.7820676e-03
   0.0000000e+00
   0.0000000e+00
   1.6300608e-02
   4.8967872e-03
   0.0000000e+00
   0.0000000e+00
  -5.3804591e-03
  -1.2264045e-02
  -1.2695383e-02
  -8.9458283e-03
  -5.4874974e-03
  -7.6740701e-04
   2.2789701e-03
  -1.0323629e-03
  -3.6014630e-03
  -3.6178080e-03
  -3.1106626e-03
  -4.2324653e-03
  -5.6470353e-03
  -4.9668187e-03
  -3.9506666e-03
  -3.5745394e-03
  -5.5103227e-03
  -8.1477799e-03
  -1.1268318e-02
  -5.1314173e-03
  -5.6032930e-03
  -5.2308147e-03
   2.4855474e-04
   2.3772344e-03
   2.4908027e-03
   2.7792049e-03
   2.9166243e-03
   3.2868825e-03
   4.5979205e-03
   6.8268762e-03
   1.1762225e-02
   1.7131371e-02
   1.3354406e-02
   9.5824422e-03
   6.4028259e-03
   2.2412329e-03
  -3.5687603e-02
  -3.4399968e-02
  -2.7332816e-02
  -1.8472797e-02
  -1.0554640e-02
  -5.2952990e-03
  -4.5553440e-03
  -6.1357324e-03
  -8.3960257e-03
  -9.2453472e-03
  -8.8484418e-03
  -1.0820859e-02
  -1.4213117e-02
  -1.3244624e-02
  -1.2552545e-02
  -1.2628307e-02
  -1.5003443e-02
  -1.8317433e-02
  -2.8697578e-02
  -0.0000000e+00
  -1.4430996e-02
  -1.0318707e-02
  -1.9200983e-03
  -1.2956617e-03
  -4.8749708e-03
  -8.5187340e-03
  -1.2139600e-02
  -1.3597449e-02
  -1.0238215e-02
  -5.3031049e-03
   1.6673392e-03
   6.9660279e-03
   2.2570244e-03
   3.0173673e-03
  -8.9625707e-03
  -2.5790783e-02
  -4.4867519e-02
  -3.4109466e-02
  -2.6052557e-02
  -2.1186859e-02
  -4.1190730e-03
  -3.6078801e-03
  -3.6694917e-03
  -9.4402731e-03
  -1.0441816e-02
  -1.1428622e-02
  -1.1458294e-02
  -1.4803879e-02
  -1.8560806e-02
  -1.7578712e-02
  -1.6366769e-02
  -1.5987631e-02
  -1.7326398e-02
  -2.0264288e-02
  -3.3238081e-02
  -0.0000000e+00
  -1.4524560e-02
  -9.2437146e-03
  -4.0630531e-03
  -6.2867566e-03
  -1.1509065e-02
  -1.7223639e-02
  -2.2439586e-02
  -2.2360660e-02
  -1.7702969e-02
  -1.3220295e-02
  -5.1670438e-03
  -2.6732858e-04
  -1.6440731e-03
  -4.2832699e-03
  -2.6046766e-02
  -4.2888556e-02
  -3.8015779e-02
  -2.4390611e-02
  -1.5459159e-02
   0.0000000e+00
   0.0000000e+00
   6.8516102e-04
  -1.1011793e-04
  -3.2286859e-03
  -1.0744584e-02
  -1.2544936e-02
  -1.3392572e-02
  -1.6619527e-02
  -1.7837729e-02
  -1.6151324e-02
  -1.4164716e-02
  -1.3354333e-02
  -1.3979292e-02
  -1.4404345e-02
  -2.1008581e-02
  -0.0000000e+00
  -1.2669178e-02
  -6.6160461e-03
  -4.5732675e-03
  -9.0469528e-03
  -1.5223381e-02
  -2.0282543e-02
  -2.3265190e-02
  -1.9660908e-02
  -1.3287957e-02
  -1.0073976e-02
  -5.2183455e-03
  -2.9240678e-03
  -4.2687615e-03
  -1.8507683e-02
  -3.4221031e-02
  -3.8573841e-02
  -1.3157266e-02
   0.0000000e+00
   0.0000000e+00
   0.0000000e+00
   0.0000000e+00
   4.8007993e-03
   3.9769062e-03
  -1.0549019e-03
  -1.0736693e-02
  -1.2113797e-02
  -1.2349578e-02
  -1.3525171e-02
  -1.3410421e-02
  -1.1785444e-02
  -1.0293031e-02
  -9.9974144e-03
  -9.2110941e-03
  -5.1433179e-03
  -1.2942621e-04
   0.0000000e+00
  -0.0000000e+00
  -6.0916655e-03
  -6.3109095e-03
  -1.0939639e-02
  -1.5676811e-02
  -1.6831456e-02
  -1.4020937e-02
  -7.3269680e-03
  -2.4705820e-03
  -4.5803273e-03
  -3.6806869e-03
  -3.9361082e-03
  -1.0090915e-02
  -2.1581821e-02
  -2.5101148e-02
  -2.0191029e-02
  -5.6933084e-03
   0.0000000e+00
   0.0000000e+00
   0.0000000e+00
   0.0000000e+00
   6.3020322e-03
   1.2557510e-03
  -4.8197260e-03
  -9.3030278e-03
  -8.0113979e-03
  -7.0682490e-03
  -7.5741145e-03
  -8.1311744e-03
  -7.7344361e-03
  -7.0684752e-03
  -6.0550584e-03
  -3.3037440e-03
   7.0891343e-03
   2.4836381e-02
   0.0000000e+00
  -0.0000000e+00
  -6.2490199e-03
  -8.3686709e-03
  -1.0345230e-02
  -1.0840786e-02
  -5.9661923e-03
   8.2184654e-03
  -2.6151149e-04
  -2.1796126e-03
  -6.5788287e-03
  -5.0584232e-03
  -6.2506960e-03
  -9.1254646e-03
  -1.0744686e-02
  -8.8028329e-03
   4.6268795e-03
   0.0000000e+00
   0.0000000e+00
   0.0000000e+00
   0.0000000e+00
   0.0000000e+00
   2.9267459e-03
  -1.7270157e-03
  -3.7000403e-03
  -4.4668019e-03
  -2.3679687e-03
  -1.6933125e-03
  -2.6964876e-03
  -4.1458248e-03
  -4.4731284e-03
  -4.0235054e-03
  -2.1252017e-03
   2.3051561e-03
   1.7822234e-02
   4.1505277e-02
   0.0000000e+00
   0.0000000e+00
  -9.2047201e-03
  -1.0304043e-02
  -7.6335706e-03
  -3.9490033e-03
   6.6973595e-03
   2.7536254e-02
   0.0000000e+00
  -0.0000000e+00
  -1.6405294e-03
  -1.8383128e-03
  -1.5010923e-03
  -8.5512450e-04
  -2.5381957e-04
   3.5081082e-03
   2.2084653e-02
   2.8912662e-02
   1.3852541e-02
   0.0000000e+00
   0.0000000e+00
   0.0000000e+00
   6.2103225e-03
   3.8488805e-03
   3.2176846e-03
   3.1130263e-03
   4.6132249e-03
   4.0480210e-03
   2.3815306e-03
   3.8142884e-04
  -6.0726953e-04
  -2.2511891e-04
   2.9503356e-03
   9.8497961e-03
   2.9331105e-02
   4.4213347e-02
   0.0000000e+00
   0.0000000e+00
  -0.0000000e+00
  -1.1556329e-02
  -2.7792361e-03
   4.9372208e-03
   2.3881609e-02
   5.2438140e-02
   0.0000000e+00
   0.0000000e+00
   4.4324480e-03
   7.7351711e-04
   6.2231198e-03
   7.8602172e-03
   8.6941104e-03
   1.4319414e-02
   3.0695591e-02
   2.6185904e-02
   1.8466933e-02
   0.0000000e+00
   0.0000000e+00
   1.2779777e-02
   1.0530227e-02
   9.4448933e-03
   8.0179358e-03
   7.7297194e-03
   8.2500223e-03
   6.8347547e-03
   5.0274027e-03
   2.8427083e-03
   1.5431044e-03
   2.6229024e-03
   7.2282474e-03
   1.6432591e-02
   3.5200734e-02
   3.7238797e-02
   0.0000000e+00
   0.0000000e+00
  -0.0000000e+00
  -1.2562292e-02
   1.4013805e-03
   1.1850558e-02
   3.6535911e-02
   6.0793471e-02
   0.0000000e+00
   0.0000000e+00
   6.0460292e-03
   3.7728824e-03
   1.0421840e-02
   1.1841452e-02
   1.3871577e-02
   2.0140067e-02
   3.0754559e-02
   2.8105553e-02
   1.8858090e-02
   1.6869180e-02
   6.3837691e-03
   1.5179364e-02
   1.4680799e-02
   1.2917607e-02
   1.0561569e-02
   9.8632816e-03
   9.4742449e-03
   7.6043550e-03
   5.6882803e-03
   3.5276541e-03
   3.0669416e-03
   6.0405671e-03
   1.2818098e-02
   2.4426755e-02
   4.2021789e-02
   3.3543468e-02
   0.0000000e+00
   0.0000000e+00
  -0.0000000e+00
  -8.2656716e-03
   7.1551357e-03
   2.0031363e-02
   4.6935238e-02
   6.4356680e-02
   0.0000000e+00
   0.0000000e+00
   9.0198187e-05
   9.0968995e-03
   1.2876209e-02
   1.4484018e-02
   1.8518241e-02
   2.4173236e-02
   2.9884951e-02
   2.9346650e-02
   2.3576640e-02
   1.8276736e-02
   0.0000000e+00
   1.7958711e-02
   1.5219525e-02
   1.2042639e-02
   8.7705115e-03
   8.0305710e-03
   7.3967064e-03
   5.5194376e-03
   3.9353180e-03
   3.0385726e-03
   5.2497741e-03
   1.0721803e-02
   1.9664070e-02
   3.3112671e-02
   5.1346134e-02
   3.5203044e-02
   0.0000000e+00
   0.0000000e+00
   0.0000000e+00
   7.3509224e-05
   1.4285848e-02
   2.8631389e-02
   5.3666908e-02
   6.4647809e-02
   0.0000000e+00
   0.0000000e+00
   0.0000000e+00
   1.2538852e-02
   1.4042426e-02
   1.6011653e-02
   2.1312021e-02
   2.5944546e-02
   2.9396188e-02
   2.9243559e-02
   2.5597524e-02
   1.6412258e-02
   0.0000000e+00
   1.7865756e-02
   1.0964001e-02
   6.7643244e-03
   4.1181222e-03
   4.2516505e-03
   4.0965662e-03
   2.8648733e-03
   2.3272745e-03
   3.9636609e-03
   8.8752545e-03
   1.6108211e-02
   2.6046436e-02
   3.9142944e-02
   4.8443347e-02
   0.0000000e+00
   0.0000000e+00
   0.0000000e+00
   0.0000000e+00
   9.4946123e-03
   2.1492701e-02
   3.5589777e-02
   5.4221012e-02
   5.5834562e-02
   0.0000000e+00
   0.0000000e+00
  -0.0000000e+00
   1.5996030e-02
   1.5238667e-02
   1.7120767e-02
   2.2487942e-02
   2.6249291e-02
   2.8544065e-02
   2.3807772e-02
   2.0324569e-02
   3.6917352e-03
   7.7373669e-03
   1.3838118e-02
   2.3519944e-03
  -6.3017308e-04
  -9.5727941e-04
   4.9118948e-04
   1.2844477e-03
   1.4321951e-03
   2.8623159e-03
   7.2619896e-03
   1.3936351e-02
   2.1573834e-02
   3.0337878e-02
   3.8809054e-02
   3.8668580e-02
   0.0000000e+00
   0.0000000e+00
   0.0000000e+00
   0.0000000e+00
   0.0000000e+00
   2.7793266e-02
   3.8384501e-02
   4.5654055e-02
   2.8751212e-02
   0.0000000e+00
   0.0000000e+00
   0.0000000e+00
   1.6218766e-02
   1.7129349e-02
   1.8569173e-02
   2.2923088e-02
   2.4917983e-02
   2.3715280e-02
   2.3728485e-02
   0.0000000e+00
   1.0496700e-03
   8.3055180e-03
   3.2266052e-03
  -4.7358121e-03
  -6.4969948e-03
  -6.5811500e-03
  -5.6468775e-03
  -4.3582530e-03
  -2.2029490e-03
   2.1623676e-03
   9.0754014e-03
   1.6719427e-02
   2.4084881e-02
   3.0403430e-02
   3.2299686e-02
   2.5065488e-02
   0.0000000e+00
   0.0000000e+00
   0.0000000e+00
   0.0000000e+00
   0.0000000e+00
   2.9623775e-02
   3.5248846e-02
   3.2460164e-02
   2.3751386e-02
   0.0000000e+00
   0.0000000e+00
   0.0000000e+00
   1.3606579e-02
   1.6043413e-02
   1.7489016e-02
   2.0981833e-02
   2.0777280e-02
   1.8993574e-02
   0.0000000e+00
   0.0000000e+00
   3.0573987e-04
   2.6685367e-03
  -3.8244724e-03
  -9.0066297e-03
  -1.1767087e-02
  -1.3727425e-02
  -1.4795308e-02
  -1.3967716e-02
  -1.0303047e-02
  -3.6162599e-03
   4.9647982e-03
   1.2971730e-02
   1.9932861e-02
   2.4137164e-02
   2.1632610e-02
   1.2410150e-02
   0.0000000e+00
   0.0000000e+00
   0.0000000e+00
   0.0000000e+00
   0.0000000e+00
   2.4445381e-02
   2.6550587e-02
   1.9959200e-02
   1.1603365e-02
   0.0000000e+00
   0.0000000e+00
  -0.0000000e+00
   5.7204049e-03
   1.1079269e-02
   1.2704742e-02
   1.6276052e-02
   1.6295059e-02
   1.5618493e-02
   0.0000000e+00
  -0.0000000e+00
  -7.6663019e-04
  -1.7114070e-03
  -6.1137646e-03
  -9.0078654e-03
  -1.1124322e-02
  -1.3033822e-02
  -1.4467877e-02
  -1.4340909e-02
  -1.1569931e-02
  -6.2503961e-03
   7.2642803e-04
   6.9311379e-03
   1.1810104e-02
   1.4719803e-02
   1.1679860e-02
   3.7195899e-03
   0.0000000e+00
   0.0000000e+00
   0.0000000e+00
   0.0000000e+00
   1.6986446e-02
   1.5158343e-02
   1.5867909e-02
   1.0674621e-02
   5.0263520e-03
   0.0000000e+00
   0.0000000e+00
  -0.0000000e+00
  -2.1648588e-03
   5.8216641e-03
   7.8124446e-03
   1.2611803e-02
   1.2494912e-02
   1.0822117e-02
   0.0000000e+00
   0.0000000e+00
  -1.6968908e-03
  -3.8655398e-03
  -5.4016568e-03
  -5.3944144e-03
  -4.6078459e-03
  -4.2634001e-03
  -4.5316507e-03
  -4.7670071e-03
  -3.4206664e-03
   1.0827075e-04
   5.8147891e-03
   1.1176132e-02
   1.3170143e-02
   9.6235217e-03
   3.4086616e-03
  -1.7991184e-03
   0.0000000e+00
   0.0000000e+00
   0.0000000e+00
  -5.6343917e-03
   7.7818064e-03
   8.8496961e-03
   1.0871740e-02
   8.2268013e-03
   3.4627785e-03
   0.0000000e+00
   0.0000000e+00
   0.0000000e+00
  -3.8177044e-03
   3.9760810e-03
   5.7450730e-03
   1.5296175e-02
   1.0494720e-02
   3.0121988e-03
   0.0000000e+00
  -0.0000000e+00
  -4.0008640e-03
  -8.4555438e-03
  -1.1862042e-02
  -1.3744429e-02
  -1.3985937e-02
  -1.3569187e-02
  -1.3401328e-02
  -1.3507005e-02
  -1.2711560e-02
  -9.9286335e-03
  -4.4547096e-03
   1.5069632e-03
   3.6178392e-03
  -1.1175895e-03
  -5.6775101e-03
  -7.9077417e-03
   0.0000000e+00
   0.0000000e+00
  -0.0000000e+00
  -1.8906767e-02
  -8.4344242e-03
   2.1911915e-03
   8.1166075e-03
   0.0000000e+00
   0.0000000e+00
   0.0000000e+00
   0.0000000e+00
   0.0000000e+00
  -0.0000000e+00
  -1.3546690e-03
   1.5839003e-05
   2.3180832e-02
   1.0650299e-02
  -4.2709959e-04
  -0.0000000e+00
  -8.5844624e-03
  -8.1216767e-03
  -1.3101564e-02
  -1.8313939e-02
  -2.2701010e-02
  -2.5483858e-02
  -2.6669022e-02
  -2.7256504e-02
  -2.8168503e-02
  -2.9168557e-02
  -2.9143641e-02
  -2.5850074e-02
  -1.8157668e-02
  -9.3840268e-03
  -7.4869483e-03
  -1.3448626e-02
  -1.8427073e-02
   0.0000000e+00
   0.0000000e+00
  -2.7957744e-02
  -3.0219853e-02
  -2.4421791e-02
  -7.8359718e-03
   0.0000000e+00
   0.0000000e+00
   0.0000000e+00
   0.0000000e+00
   0.0000000e+00
   0.0000000e+00
   0.0000000e+00
  -4.1365963e-03
  -2.7886175e-03
   2.9703408e-02
   1.5625555e-02
  -8.5128122e-06
  -0.0000000e+00
  -1.3886942e-02
  -1.2416229e-02
  -1.4853807e-02
  -2.0122241e-02
  -2.5490642e-02
  -2.9093206e-02
  -3.0402482e-02
  -3.0794278e-02
  -3.2382242e-02
  -3.5716083e-02
  -3.9470065e-02
  -4.0599916e-02
  -3.4278058e-02
  -1.9619392e-02
  -7.7913883e-03
  -1.7276186e-02
  -3.9119937e-02
   1.4364687e-03
  -1.4173468e-02
  -2.4212301e-02
  -3.4409739e-02
  -3.8717858e-02
  -3.0338413e-02
   0.0000000e+00
   0.0000000e+00
   0.0000000e+00
   0.0000000e+00
   0.0000000e+00
   0.0000000e+00
   0.0000000e+00
  -6.2582257e-04
  -7.5864862e-03
   0.0000000e+00
   2.8424668e-02
   6.7036950e-04
  -0.0000000e+00
  -2.1289960e-02
  -1.7346416e-02
  -1.4583127e-02
  -1.7910060e-02
  -2.3230128e-02
  -2.6820935e-02
  -2.7325537e-02
  -2.6153699e-02
  -2.6562128e-02
  -3.0494617e-02
  -3.6788587e-02
  -4.2418774e-02
  -4.0774114e-02
  -2.6085244e-02
  -8.5755550e-03
  -5.5977376e-03
  -1.4432016e-02
   0.0000000e+00
  -5.8000628e-03
  -1.7812002e-02
  -3.1360485e-02
  -4.7298301e-02
  -5.1913041e-02
   0.0000000e+00
   0.0000000e+00
   0.0000000e+00
   0.0000000e+00
   0.0000000e+00
   0.0000000e+00
   0.0000000e+00
   1.1488910e-02
  -1.8772759e-03
   0.0000000e+00
   0.0000000e+00
   0.0000000e+00
  -0.0000000e+00
  -2.5719611e-02
  -2.1531226e-02
  -1.4965526e-02
  -1.4939867e-02
  -1.8927878e-02
  -2.3032216e-02
  -2.4011383e-02
  -2.1967422e-02
  -2.0044105e-02
  -2.2554785e-02
  -2.9132122e-02
  -3.7487071e-02
  -4.0590867e-02
  -2.9710298e-02
  -8.8407648e-03
   0.0000000e+00
  -0.0000000e+00
   1.3343883e-03
  -2.6516891e-03
  -1.1522684e-02
  -2.4694808e-02
  -4.6626579e-02
  -6.3167191e-02
   0.0000000e+00
   0.0000000e+00
   0.0000000e+00
   0.0000000e+00
   0.0000000e+00
   0.0000000e+00
   0.0000000e+00
   1.5678943e-02
   4.9515460e-03
   0.0000000e+00
   0.0000000e+00
   0.0000000e+00
  -0.0000000e+00
  -2.8765399e-02
  -2.0478655e-02
  -1.4154933e-02
  -1.1205408e-02
  -1.2944802e-02
  -1.6831610e-02
  -1.9070975e-02
  -1.7993420e-02
  -1.4741031e-02
  -1.5062193e-02
  -2.0914486e-02
  -3.1260911e-02
  -3.9054230e-02
  -3.0756909e-02
   0.0000000e+00
  -1.0586368e-02
  -6.0556671e-03
  -9.3546361e-05
  -6.9051189e-04
  -6.0960161e-03
  -1.6390810e-02
  -3.7338272e-02
  -6.1123544e-02
   0.0000000e+00
   0.0000000e+00
   0.0000000e+00
   0.0000000e+00
   0.0000000e+00
   0.0000000e+00
   0.0000000e+00
   0.0000000e+00
   0.0000000e+00
   0.0000000e+00
   0.0000000e+00
   0.0000000e+00
   0.0000000e+00
  -0.0000000e+00
  -1.5524885e-02
  -9.5106065e-03
  -5.6756502e-03
  -6.2135519e-03
  -9.4424691e-03
  -1.2205533e-02
  -1.2064740e-02
  -9.3487371e-03
  -8.5072611e-03
  -1.3741160e-02
  -2.6660619e-02
  -3.9140929e-02
  -3.1990035e-02
   0.0000000e+00
   4.8971032e-03
  -1.8386197e-03
   7.7247014e-04
   6.2351336e-04
  -1.9208131e-03
  -8.8542812e-03
  -2.3754556e-02
  -4.5973247e-02
   0.0000000e+00
   0.0000000e+00
   0.0000000e+00
   0.0000000e+00
   0.0000000e+00
   0.0000000e+00
   0.0000000e+00
   0.0000000e+00
   0.0000000e+00
   0.0000000e+00
   0.0000000e+00
   0.0000000e+00
   0.0000000e+00
  -0.0000000e+00
  -1.4764500e-02
  -5.2563781e-03
  -1.9078747e-04
   1.6145478e-04
  -2.6088231e-03
  -4.9323831e-03
  -4.2439746e-03
  -2.1211870e-03
  -1.8993169e-03
  -7.5278380e-03
  -2.3719132e-02
  -4.0549923e-02
  -3.7775165e-02
   0.0000000e+00
   0.0000000e+00
   3.2986448e-03
   6.3928738e-03
   3.9551514e-03
   1.4581871e-03
  -3.3288875e-03
  -1.3497451e-02
  -3.2114899e-02
   0.0000000e+00
   0.0000000e+00
   0.0000000e+00
   0.0000000e+00
   0.0000000e+00
   0.0000000e+00
   0.0000000e+00
   0.0000000e+00
   0.0000000e+00
   0.0000000e+00
   0.0000000e+00
   0.0000000e+00
   0.0000000e+00
  -0.0000000e+00
  -1.7630486e-02
  -1.0922590e-02
  -1.4963015e-03
   2.3709501e-03
   2.2847285e-03
   2.7671549e-03
   6.9812112e-03
   1.1022251e-02
   1.0278636e-02
   2.5511547e-03
  -1.9665262e-02
  -4.1206539e-02
   0.0000000e+00
   0.0000000e+00
   0.0000000e+00
   0.0000000e+00
   1.3369473e-02
   1.1218719e-02
   6.9479430e-03
   3.2131288e-03
  -3.9826157e-03
  -2.0328298e-02
  -3.0596465e-02
   0.0000000e+00
   0.0000000e+00
  -0.0000000e+00
  -0.0000000e+00
   0.0000000e+00
   0.0000000e+00
   0.0000000e+00
   0.0000000e+00
   0.0000000e+00
   0.0000000e+00
   0.0000000e+00
   0.0000000e+00
  -0.0000000e+00
  -1.8594920e-02
  -1.5866488e-02
  -4.9626831e-03
   1.4880862e-03
   3.7289353e-03
   6.7435015e-03
   1.4090954e-02
   2.1205034e-02
   2.1987097e-02
   1.2984416e-02
  -1.4210055e-02
  -3.9636944e-02
   0.0000000e+00
   0.0000000e+00
   0.0000000e+00
   0.0000000e+00
   0.0000000e+00
   1.6333373e-02
   1.2410191e-02
   8.7771416e-03
   2.9257926e-03
  -1.1757335e-02
  -2.3004915e-02
  -0.0000000e+00
  -0.0000000e+00
  -0.0000000e+00
  -0.0000000e+00
   0.0000000e+00
   0.0000000e+00
   0.0000000e+00
   0.0000000e+00
   0.0000000e+00
   0.0000000e+00
   0.0000000e+00
   0.0000000e+00
   0.0000000e+00
   0.0000000e+00
  -1.7730826e-02
  -4.6838629e-03
   6.3772406e-03
   9.7962916e-03
   1.3146568e-02
   2.0550709e-02
   2.8811801e-02
   3.1815603e-02
   2.3806451e-02
  -4.1524461e-03
  -2.9222032e-02
   0.0000000e+00
   0.0000000e+00
   0.0000000e+00
   0.0000000e+00
   0.0000000e+00
   1.8352339e-02
   1.7112333e-02
   1.4056403e-02
   9.6870419e-03
  -2.4636751e-03
  -1.4359278e-02
  -0.0000000e+00
  -0.0000000e+00
   0.0000000e+00
   0.0000000e+00
   0.0000000e+00
   0.0000000e+00
   0.0000000e+00
   0.0000000e+00
   0.0000000e+00
   0.0000000e+00
   0.0000000e+00
   0.0000000e+00
   0.0000000e+00
   0.0000000e+00
  -2.3976368e-02
  -9.2473060e-03
   3.4130819e-03
   8.8491924e-03
   1.3069249e-02
   1.9325659e-02
   2.8155563e-02
   3.2428362e-02
   2.7192172e-02
   5.5926163e-03
  -1.9522987e-03
   0.0000000e+00
   0.0000000e+00
   0.0000000e+00
   0.0000000e+00
   0.0000000e+00
   0.0000000e+00
   1.6170513e-02
   1.4973151e-02
   1.2950979e-02
   4.8457035e-03
  -1.0125251e-03
  -0.0000000e+00
  -0.0000000e+00
   0.0000000e+00
   0.0000000e+00
   0.0000000e+00
   0.0000000e+00
   0.0000000e+00
   0.0000000e+00
   0.0000000e+00
   0.0000000e+00
   0.0000000e+00
   0.0000000e+00
   0.0000000e+00
   0.0000000e+00
  -0.0000000e+00
  -1.8629236e-02
  -7.3924261e-03
  -2.6339313e-03
   3.3063483e-03
   8.3886775e-03
   1.6756357e-02
   2.2832528e-02
   2.2738312e-02
   1.0484635e-02
   3.9182217e-03
   0.0000000e+00
   0.0000000e+00
   0.0000000e+00
   0.0000000e+00
   0.0000000e+00
   0.0000000e+00
   0.0000000e+00
   1.1638249e-02
   1.1911327e-02
   8.3469189e-03
   2.6397019e-03
   0.0000000e+00
   0.0000000e+00
   0.0000000e+00
   0.0000000e+00
   0.0000000e+00
   0.0000000e+00
   0.0000000e+00
   0.0000000e+00
   0.0000000e+00
   0.0000000e+00
   0.0000000e+00
   0.0000000e+00
   0.0000000e+00
   0.0000000e+00
  -0.0000000e+00
  -2.6801838e-02
  -1.3881863e-02
  -2.1767480e-02
  -1.5014854e-02
  -1.0985409e-02
  -2.3690758e-03
   4.1558231e-03
   1.1576879e-02
   1.5267711e-02
   0.0000000e+00
   0.0000000e+00
   0.0000000e+00
   0.0000000e+00
   0.0000000e+00
   0.0000000e+00
   0.0000000e+00
  -0.0000000e+00
   4.0244749e-03
   6.8529853e-03
   6.4042965e-03
   8.3067333e-03
   0.0000000e+00
   0.0000000e+00
   0.0000000e+00
   0.0000000e+00
   0.0000000e+00
   0.0000000e+00
   0.0000000e+00
   0.0000000e+00
   0.0000000e+00
   0.0000000e+00
   0.0000000e+00
   0.0000000e+00
   0.0000000e+00
   0.0000000e+00
  -0.0000000e+00
  -0.0000000e+00
   0.0000000e+00
  -3.3710516e-02
  -3.7632360e-02
  -3.0870664e-02
  -1.6388651e-02
  -0.0000000e+00
   3.6462798e-03
   1.5909220e-02
   0.0000000e+00
   0.0000000e+00
   0.0000000e+00
   0.0000000e+00
   0.0000000e+00
   0.0000000e+00
  -0.0000000e+00
  -1.3702233e-02
  -4.1671548e-03
  -1.2510719e-03
  -1.7456961e-04
   8.3119179e-04
  -1.6117231e-04
   0.0000000e+00
   0.0000000e+00
   0.0000000e+00
   0.0000000e+00
   0.0000000e+00
   0.0000000e+00
   0.0000000e+00
   0.0000000e+00
   0.0000000e+00
   0.0000000e+00
   0.0000000e+00
   0.0000000e+00
   0.0000000e+00
   0.0000000e+00
   0.0000000e+00
   0.0000000e+00
   0.0000000e+00
   0.0000000e+00
  -0.0000000e+00
   0.0000000e+00
   0.0000000e+00
   0.0000000e+00
   0.0000000e+00
   0.0000000e+00
   0.0000000e+00
   0.0000000e+00
   0.0000000e+00
   0.0000000e+00
   0.0000000e+00
  -0.0000000e+00
  -9.2394397e-03
   0.0000000e+00
  -0.0000000e+00
  -0.0000000e+00
  -1.4760094e-02
  -1.0524538e-02
  -3.3383695e-03
   0.0000000e+00
  -0.0000000e+00
  -0.0000000e+00
  -0.0000000e+00
   0.0000000e+00
   0.0000000e+00
   0.0000000e+00
   0.0000000e+00
   0.0000000e+00
   0.0000000e+00
   0.0000000e+00
   0.0000000e+00
   0.0000000e+00
   0.0000000e+00
   0.0000000e+00
  -0.0000000e+00
  -0.0000000e+00
  -0.0000000e+00
  -0.0000000e+00
  -0.0000000e+00
  -0.0000000e+00
  -0.0000000e+00
  -0.0000000e+00
  -0.0000000e+00
  -0.0000000e+00
  -0.0000000e+00
  -0.0000000e+00
  -0.0000000e+00
  -5.5180597e-03
  -5.6586503e-03
  -0.0000000e+00
  -0.0000000e+00
  -0.0000000e+00
  -0.0000000e+00
  -9.1712317e-03
  -3.8686795e-03
  -2.8120149e-04
  -1.5733450e-03
  -4.3929744e-04
   3.6377403e-04
   2.0842370e-03
   4.9766321e-03
   6.8623812e-03
   0.0000000e+00
   0.0000000e+00
