  2.743306e-01
  1.400364e-01
  1.171969e-01
  1.058665e-01
  1.041699e-01
  1.064113e-01
  1.140393e-01
  1.220239e-01
  1.344894e-01
  1.392794e-01
  1.248116e-01
  1.111583e-01
  9.707475e-02
  8.827565e-02
  8.093170e-02
  8.254756e-02
  8.432097e-02
  8.632527e-02
  8.905232e-02
  8.280555e-02
  8.196023e-02
  7.460890e-02
  6.618970e-02
  6.325760e-02
  6.894399e-02
  7.199056e-02
  7.210272e-02
  7.331205e-02
  7.251782e-02
  6.946077e-02
  6.874267e-02
  7.109477e-02
  7.248314e-02
  7.282324e-02
  8.042006e-02
  1.078728e-01
