   2.2882347e-01   1.5380077e-01   1.3604479e-01   1.2680639e-01   1.0162913e-01   7.5171949e-02   1.1213570e-01   2.8917596e-01   5.3945000e-01   7.8123777e-01   8.8576411e-01   8.5736080e-01   8.9963686e-01   8.7615704e-01   6.2757469e-01   7.1956734e-01   8.5232938e-01   8.4705167e-01   8.6499712e-01   8.7789365e-01   7.8375503e-01   7.4408718e-01   9.2654624e-01   9.1014788e-01   8.6998307e-01   9.0933998e-01   7.8980067e-01   5.8575546e-01   3.9919004e-01   3.0416581e-01   2.8643186e-01   3.0493057e-01   2.6476223e-01   3.2710751e-01   3.6860310e-01   3.3589994e-01
   0.0000000e+00   0.0000000e+00   0.0000000e+00   0.0000000e+00   0.0000000e+00   0.0000000e+00   0.0000000e+00   0.0000000e+00   0.0000000e+00   0.0000000e+00   0.0000000e+00   0.0000000e+00   0.0000000e+00   0.0000000e+00   0.0000000e+00   0.0000000e+00   0.0000000e+00   0.0000000e+00   0.0000000e+00   0.0000000e+00   0.0000000e+00   0.0000000e+00   0.0000000e+00   0.0000000e+00   9.1246081e-01   7.2402319e-01   8.2180921e-01   0.0000000e+00   0.0000000e+00   0.0000000e+00   0.0000000e+00   0.0000000e+00   0.0000000e+00   0.0000000e+00   0.0000000e+00   0.0000000e+00
   0.0000000e+00   0.0000000e+00   0.0000000e+00   0.0000000e+00   1.7965551e+00   1.9583433e+00   2.1421114e+00   2.2040213e+00   1.9359061e+00   1.4843201e+00   6.8558229e-01   3.3889074e-01   6.7452356e-01   0.0000000e+00   0.0000000e+00   0.0000000e+00   0.0000000e+00   0.0000000e+00   0.0000000e+00   0.0000000e+00   0.0000000e+00   1.1202677e+00   0.0000000e+00   9.0774424e-01   6.7450422e-01   5.1419188e-01   0.0000000e+00   0.0000000e+00   0.0000000e+00   0.0000000e+00   0.0000000e+00   0.0000000e+00   0.0000000e+00   0.0000000e+00   0.0000000e+00   0.0000000e+00
   0.0000000e+00   0.0000000e+00   0.0000000e+00   0.0000000e+00   1.6661993e+00   1.3997930e+00   1.2568836e+00   9.2758262e-01   6.8142873e-01   4.9814400e-01   6.2916452e-01   1.0487767e+00   1.4089844e+00   1.5253591e+00   0.0000000e+00   0.0000000e+00   0.0000000e+00   0.0000000e+00   0.0000000e+00   0.0000000e+00   0.0000000e+00   1.3500408e+00   1.6615078e+00   1.8674836e+00   1.7050188e+00   0.0000000e+00   0.0000000e+00   0.0000000e+00   0.0000000e+00   0.0000000e+00   0.0000000e+00   0.0000000e+00   0.0000000e+00   0.0000000e+00   0.0000000e+00   0.0000000e+00
   0.0000000e+00   0.0000000e+00   0.0000000e+00   0.0000000e+00   1.8237416e+00   1.6577790e+00   1.7678361e+00   1.6825667e+00   1.6238184e+00   1.7489930e+00   2.0393908e+00   2.3535573e+00   2.4101100e+00   2.1361930e+00   1.9982300e+00   0.0000000e+00   0.0000000e+00   0.0000000e+00   0.0000000e+00   0.0000000e+00   0.0000000e+00   1.6432454e+00   2.2205283e+00   2.6257364e+00   2.7464072e+00   0.0000000e+00   0.0000000e+00   0.0000000e+00   0.0000000e+00   0.0000000e+00   0.0000000e+00   0.0000000e+00   0.0000000e+00   0.0000000e+00   0.0000000e+00   0.0000000e+00
   0.0000000e+00   0.0000000e+00   0.0000000e+00   2.7316991e+00   2.6091611e+00   2.8864050e+00   3.1957366e+00   3.1968198e+00   3.0873988e+00   3.0676912e+00   3.1543331e+00   3.2063894e+00   3.0099589e+00   2.5782728e+00   1.8161516e+00   0.0000000e+00   0.0000000e+00   0.0000000e+00   0.0000000e+00   0.0000000e+00   3.2410724e+00   2.9947347e+00   2.7452071e+00   2.7059360e+00   2.5513632e+00   0.0000000e+00   0.0000000e+00   0.0000000e+00   0.0000000e+00   0.0000000e+00   0.0000000e+00   0.0000000e+00   0.0000000e+00   0.0000000e+00   0.0000000e+00   0.0000000e+00
   0.0000000e+00   0.0000000e+00   0.0000000e+00   2.8615620e+00   3.3206549e+00   3.5427322e+00   3.8580501e+00   3.9346006e+00   3.8251677e+00   3.6832831e+00   3.5770357e+00   3.3922524e+00   2.9835877e+00   2.7278767e+00   2.8979524e+00   0.0000000e+00   0.0000000e+00   0.0000000e+00   0.0000000e+00   0.0000000e+00   3.0839856e+00   2.9218295e+00   2.7038014e+00   2.2421901e+00   2.0978880e+00   0.0000000e+00   0.0000000e+00   0.0000000e+00   0.0000000e+00   0.0000000e+00   0.0000000e+00   0.0000000e+00   0.0000000e+00   0.0000000e+00   0.0000000e+00   0.0000000e+00
   0.0000000e+00   0.0000000e+00   1.7386916e+00   2.4173029e+00   3.0527596e+00   3.2031915e+00   3.3757220e+00   3.5048723e+00   3.4397583e+00   3.2668334e+00   3.0057344e+00   2.5510499e+00   2.0531974e+00   2.3774302e+00   3.8932653e+00   0.0000000e+00   0.0000000e+00   0.0000000e+00   0.0000000e+00   2.6954108e+00   2.5104368e+00   2.1957278e+00   1.8465441e+00   1.3326976e+00   2.3410175e+00   0.0000000e+00   1.8224664e+00   1.8883034e+00   0.0000000e+00   0.0000000e+00   0.0000000e+00   0.0000000e+00   0.0000000e+00   0.0000000e+00   0.0000000e+00   0.0000000e+00
   0.0000000e+00   0.0000000e+00   1.6438334e+00   1.8711666e+00   2.0806553e+00   2.0689664e+00   2.1353126e+00   2.2352097e+00   2.2052557e+00   2.0211639e+00   1.6655246e+00   1.1374708e+00   7.3170090e-01   1.7112888e+00   3.6299067e+00   0.0000000e+00   0.0000000e+00   0.0000000e+00   0.0000000e+00   2.2496974e+00   1.8007066e+00   1.2725468e+00   7.0919001e-01   1.3092039e+00   3.0448398e+00   0.0000000e+00   0.0000000e+00   1.4968142e+00   1.5365028e+00   0.0000000e+00   0.0000000e+00   0.0000000e+00   0.0000000e+00   0.0000000e+00   0.0000000e+00   0.0000000e+00
   0.0000000e+00   0.0000000e+00   1.1706936e+00   9.0987343e-01   8.2913530e-01   6.9591409e-01   7.7640849e-01   9.2146754e-01   8.2237840e-01   6.2552768e-01   8.1093484e-01   1.2318867e+00   1.5265728e+00   2.0299366e+00   3.3158534e+00   3.8468089e+00   0.0000000e+00   1.9387693e+00   1.6484157e+00   1.6142308e+00   1.0068711e+00   8.5929066e-01   1.3990090e+00   3.3093078e+00   4.6084018e+00   0.0000000e+00   0.0000000e+00   0.0000000e+00   2.2619801e+00   0.0000000e+00   0.0000000e+00   0.0000000e+00   0.0000000e+00   0.0000000e+00   0.0000000e+00   0.0000000e+00
   0.0000000e+00   1.5114699e+00   1.7580671e+00   2.2849255e+00   2.6630857e+00   2.9335055e+00   3.0452862e+00   2.9580479e+00   2.7560003e+00   2.6792877e+00   2.7989666e+00   3.0758257e+00   3.3128819e+00   3.3771830e+00   3.5700364e+00   3.5669541e+00   0.0000000e+00   2.5808987e+00   1.5653794e+00   1.5766796e+00   1.5293901e+00   1.8899448e+00   2.9330833e+00   4.9361539e+00   0.0000000e+00   0.0000000e+00   0.0000000e+00   0.0000000e+00   0.0000000e+00   0.0000000e+00   0.0000000e+00   0.0000000e+00   0.0000000e+00   0.0000000e+00   0.0000000e+00   0.0000000e+00
   0.0000000e+00   2.4425344e+00   3.1976831e+00   4.0482316e+00   4.6595740e+00   5.1164236e+00   5.2873178e+00   5.2043681e+00   4.9547558e+00   4.7409534e+00   4.7308984e+00   4.9802132e+00   5.2132192e+00   5.0743289e+00   4.2420440e+00   2.6875976e+00   0.0000000e+00   0.0000000e+00   3.2583308e+00   2.8491764e+00   2.8962975e+00   3.3192821e+00   4.4268069e+00   6.0252428e+00   0.0000000e+00   0.0000000e+00   0.0000000e+00   0.0000000e+00   0.0000000e+00   0.0000000e+00   0.0000000e+00   0.0000000e+00   0.0000000e+00   0.0000000e+00   0.0000000e+00   0.0000000e+00
   0.0000000e+00   3.0219310e+00   3.9080608e+00   4.7647834e+00   5.4882655e+00   6.0352693e+00   6.2846818e+00   6.2781100e+00   6.0850730e+00   5.9506721e+00   6.0741558e+00   6.4014373e+00   6.5948768e+00   6.2811637e+00   4.9486651e+00   2.6207907e+00   1.2358017e+00   0.0000000e+00   4.3224406e+00   4.6152492e+00   4.2855701e+00   4.5269055e+00   5.2824416e+00   6.1691399e+00   0.0000000e+00   0.0000000e+00   0.0000000e+00   0.0000000e+00   0.0000000e+00   0.0000000e+00   0.0000000e+00   0.0000000e+00   0.0000000e+00   0.0000000e+00   0.0000000e+00   0.0000000e+00
   0.0000000e+00   3.2046067e+00   4.0627446e+00   4.7224164e+00   5.4426603e+00   5.9733615e+00   6.2096391e+00   6.2207866e+00   6.1287832e+00   6.1785755e+00   6.4776058e+00   6.8783016e+00   6.9804320e+00   6.5226436e+00   5.1740408e+00   3.0888264e+00   1.4365617e+00   0.0000000e+00   5.9840960e+00   6.5651679e+00   5.4733157e+00   5.2662501e+00   5.3448620e+00   5.3109872e+00   0.0000000e+00   0.0000000e+00   0.0000000e+00   0.0000000e+00   0.0000000e+00   0.0000000e+00   0.0000000e+00   0.0000000e+00   0.0000000e+00   0.0000000e+00   0.0000000e+00   0.0000000e+00
   0.0000000e+00   3.0604429e+00   3.6262092e+00   4.2208304e+00   4.8863249e+00   5.3002472e+00   5.4019933e+00   5.3339005e+00   5.2701592e+00   5.4192748e+00   5.7855163e+00   6.1399202e+00   6.1422095e+00   5.7510643e+00   4.8709936e+00   3.9541051e+00   3.6027695e+00   6.2319294e+00   7.2173167e+00   8.7618909e+00   6.4942054e+00   5.6728997e+00   4.6727114e+00   3.7172139e+00   0.0000000e+00   0.0000000e+00   0.0000000e+00   0.0000000e+00   0.0000000e+00   0.0000000e+00   0.0000000e+00   0.0000000e+00   0.0000000e+00   0.0000000e+00   0.0000000e+00   0.0000000e+00
   0.0000000e+00   3.0284516e+00   2.6929298e+00   3.3651488e+00   3.9424534e+00   4.2122679e+00   4.1959410e+00   4.0777221e+00   4.0667233e+00   4.3014107e+00   4.6694837e+00   4.9230499e+00   4.8982525e+00   4.7040048e+00   4.5203128e+00   4.7291355e+00   5.2126007e+00   6.0621881e+00   6.1165107e+00   0.0000000e+00   6.4948876e+00   5.8605270e+00   3.7718444e+00   2.1556212e+00   0.0000000e+00   0.0000000e+00   0.0000000e+00   0.0000000e+00   0.0000000e+00   0.0000000e+00   0.0000000e+00   2.4471630e+00   2.9464935e+00   0.0000000e+00   0.0000000e+00   0.0000000e+00
   0.0000000e+00   0.0000000e+00   1.8794264e+00   2.3677700e+00   2.8876975e+00   3.1302340e+00   3.2089994e+00   3.2898073e+00   3.5448744e+00   3.9603820e+00   4.3656683e+00   4.6343050e+00   4.7599492e+00   4.8537145e+00   4.9703288e+00   4.9558129e+00   4.8880372e+00   4.8776412e+00   3.9525743e+00   0.0000000e+00   0.0000000e+00   5.6878386e+00   3.4516492e+00   1.6341405e+00   0.0000000e+00   0.0000000e+00   0.0000000e+00   0.0000000e+00   0.0000000e+00   0.0000000e+00   2.0604582e+00   1.7690678e+00   1.7175817e+00   0.0000000e+00   1.6944318e+00   7.1847524e-01
   0.0000000e+00   0.0000000e+00   1.2123180e+00   1.4369430e+00   1.9856594e+00   2.3948078e+00   2.7695223e+00   3.2092141e+00   3.7942198e+00   4.4046216e+00   4.9219321e+00   5.3090142e+00   5.5814550e+00   5.7597406e+00   5.6483639e+00   4.9707326e+00   3.8880963e+00   2.7414717e+00   2.3104452e+00   0.0000000e+00   0.0000000e+00   0.0000000e+00   4.2445903e+00   2.3774766e+00   2.6377659e+00   4.0385628e+00   0.0000000e+00   0.0000000e+00   0.0000000e+00   0.0000000e+00   2.0017152e+00   1.7379116e+00   1.2543870e+00   2.9101304e+00   2.2595359e+00   1.2335425e+00
   1.9993215e+00   0.0000000e+00   6.5999859e-01   6.2194483e-01   1.1497954e+00   1.6559028e+00   2.1752357e+00   2.8273512e+00   3.6413813e+00   4.3997163e+00   5.0146769e+00   5.4395617e+00   5.6497181e+00   5.6812036e+00   5.4121941e+00   4.6775846e+00   3.3200873e+00   1.3269688e+00   1.5061293e+00   0.0000000e+00   0.0000000e+00   0.0000000e+00   5.0137484e+00   4.0446410e+00   3.3912688e+00   3.2493604e+00   2.7569289e+00   0.0000000e+00   0.0000000e+00   0.0000000e+00   2.3159070e+00   2.2472818e+00   2.0987569e+00   3.4145847e+00   2.7182612e+00   2.0550344e+00
   2.5898166e+00   3.0090155e+00   7.6767161e-01   4.6675166e-01   7.9832715e-01   1.1749057e+00   1.5282651e+00   2.0222657e+00   2.7110953e+00   3.3789144e+00   3.9678090e+00   4.4917841e+00   4.8907666e+00   5.1311107e+00   5.0643363e+00   4.5752578e+00   3.6113462e+00   2.0851555e+00   1.6741240e+00   0.0000000e+00   0.0000000e+00   0.0000000e+00   0.0000000e+00   5.1104012e+00   4.4278555e+00   3.6253273e+00   2.8877999e+00   0.0000000e+00   0.0000000e+00   0.0000000e+00   2.9534518e+00   2.8504279e+00   3.8024819e+00   3.6209692e+00   2.9619031e+00   2.4730365e+00
   3.1152675e+00   2.7986919e+00   1.5515925e+00   1.0922259e+00   1.2626816e+00   1.5243354e+00   1.6755494e+00   1.8388001e+00   2.1530666e+00   2.5694032e+00   3.0386086e+00   3.6408567e+00   4.3047533e+00   4.8823524e+00   5.2166810e+00   5.2177482e+00   4.9487176e+00   4.0835724e+00   2.8477411e+00   0.0000000e+00   0.0000000e+00   0.0000000e+00   0.0000000e+00   5.5034126e+00   5.1322002e+00   4.2096119e+00   3.4123379e+00   0.0000000e+00   0.0000000e+00   0.0000000e+00   3.3436759e+00   3.2244468e+00   3.9904211e+00   3.8685937e+00   3.5019443e+00   3.2960279e+00
   4.0740056e+00   3.4636488e+00   2.4347820e+00   1.9059803e+00   2.1276250e+00   2.3955142e+00   2.5190091e+00   2.5466323e+00   2.5787978e+00   2.7639439e+00   3.0951624e+00   3.5594976e+00   4.1818614e+00   4.8565335e+00   5.4189706e+00   5.7169490e+00   5.8659582e+00   5.7835956e+00   5.2749877e+00   0.0000000e+00   0.0000000e+00   0.0000000e+00   0.0000000e+00   5.4805183e+00   5.5878801e+00   4.9402862e+00   4.1706289e+00   0.0000000e+00   0.0000000e+00   0.0000000e+00   3.5655320e+00   3.5221293e+00   3.9953847e+00   4.1423569e+00   4.2458196e+00   4.2886643e+00
   4.6415529e+00   4.0641942e+00   2.9766178e+00   2.4515672e+00   2.8277485e+00   3.0690246e+00   3.2024102e+00   3.2739928e+00   3.2689962e+00   3.3186660e+00   3.5021408e+00   3.6764393e+00   3.9303720e+00   4.4240189e+00   5.0225987e+00   5.5350647e+00   5.9860549e+00   6.4367266e+00   6.6134508e+00   0.0000000e+00   0.0000000e+00   0.0000000e+00   0.0000000e+00   5.1145051e+00   5.7034445e+00   5.7256670e+00   5.2569205e+00   0.0000000e+00   0.0000000e+00   0.0000000e+00   3.5855367e+00   3.7605429e+00   4.0459466e+00   4.3340883e+00   4.6639290e+00   4.8113856e+00
   4.6178341e+00   4.0579748e+00   2.8312740e+00   2.2689223e+00   3.0174663e+00   3.2597506e+00   3.3664796e+00   3.4696984e+00   3.5403554e+00   3.5939810e+00   3.6745994e+00   3.6948805e+00   3.6458039e+00   3.8441055e+00   4.3385468e+00   4.9270468e+00   5.5408058e+00   6.2395191e+00   6.9704524e+00   0.0000000e+00   0.0000000e+00   0.0000000e+00   0.0000000e+00   4.4386110e+00   5.3152604e+00   6.1044555e+00   6.2139282e+00   0.0000000e+00   0.0000000e+00   0.0000000e+00   3.4611658e+00   3.8211253e+00   4.0219769e+00   4.2997952e+00   4.6640306e+00   4.8286695e+00
   3.8987377e+00   3.4680600e+00   2.9997596e+00   1.8705707e+00   2.4090898e+00   2.7425053e+00   2.8503833e+00   3.0138757e+00   3.2162206e+00   3.3308430e+00   3.3775649e+00   3.3496637e+00   3.2130949e+00   3.1912544e+00   3.4759290e+00   3.9628053e+00   4.5903997e+00   5.4317050e+00   6.1974164e+00   5.2062764e+00   0.0000000e+00   0.0000000e+00   0.0000000e+00   3.4695065e+00   4.2783103e+00   5.8713255e+00   6.9410572e+00   0.0000000e+00   0.0000000e+00   2.7843979e+00   3.1123421e+00   3.4413962e+00   3.5649097e+00   3.7360961e+00   4.0202594e+00   4.1405215e+00
   2.6384666e+00   2.5944166e+00   2.8524345e+00   0.0000000e+00   1.0739887e+00   1.2794768e+00   1.5165960e+00   1.7937281e+00   2.1370690e+00   2.3564131e+00   2.4640613e+00   2.4860811e+00   2.4079919e+00   2.3451004e+00   2.4727278e+00   2.7509537e+00   3.2086761e+00   4.0325971e+00   5.2793341e+00   5.4818558e+00   0.0000000e+00   0.0000000e+00   3.5412261e+00   2.3561420e+00   2.5204690e+00   4.5367851e+00   6.1444762e+00   0.0000000e+00   0.0000000e+00   2.4932521e+00   2.0351961e+00   2.2661529e+00   2.3184643e+00   2.3752346e+00   2.5421960e+00   2.6825929e+00
   1.9029214e+00   2.6201644e+00   0.0000000e+00   0.0000000e+00   1.0471848e+00   8.7658101e-01   6.9992441e-01   5.2913392e-01   7.1033257e-01   1.0376939e+00   1.2556685e+00   1.3459830e+00   1.3678856e+00   1.3618406e+00   1.4384692e+00   1.5435300e+00   1.7728165e+00   2.4034624e+00   3.7683866e+00   5.1373444e+00   0.0000000e+00   0.0000000e+00   2.5929273e+00   1.5615162e+00   8.1433344e-01   2.6619039e+00   5.4842847e+00   0.0000000e+00   0.0000000e+00   1.9614730e+00   7.3128808e-01   7.4824035e-01   7.0586497e-01   6.9494128e-01   8.2908797e-01   1.2674460e+00
   2.6046467e+00   3.2152756e+00   0.0000000e+00   0.0000000e+00   2.4375324e+00   2.4043541e+00   2.1455629e+00   1.7707734e+00   1.3208828e+00   9.3658733e-01   6.1790204e-01   4.2860132e-01   3.9533892e-01   4.7483730e-01   6.1829823e-01   6.9342023e-01   6.5455824e-01   7.2758001e-01   2.0977683e+00   3.6759083e+00   0.0000000e+00   0.0000000e+00   1.5080628e+00   1.9524086e+00   1.9415681e+00   1.7690609e+00   3.1955776e+00   0.0000000e+00   0.0000000e+00   7.7250773e-01   7.2112018e-01   1.0268093e+00   1.3612609e+00   1.5227623e+00   1.5434462e+00   1.7747589e+00
   3.5945179e+00   0.0000000e+00   0.0000000e+00   0.0000000e+00   3.0227927e+00   2.9258862e+00   2.8196057e+00   2.7374864e+00   2.5076439e+00   2.2699485e+00   2.0617082e+00   1.8347083e+00   1.6928883e+00   1.6185436e+00   1.6350014e+00   1.7748133e+00   1.9479899e+00   1.9788015e+00   2.2474248e+00   3.3370335e+00   0.0000000e+00   0.0000000e+00   2.0920334e+00   3.1045318e+00   3.6344634e+00   3.3831613e+00   2.6934245e+00   0.0000000e+00   1.3751640e+00   1.5157100e+00   1.9256824e+00   2.2869396e+00   2.8341327e+00   3.0991050e+00   3.1167645e+00   3.1058121e+00
   4.0980572e+00   0.0000000e+00   0.0000000e+00   0.0000000e+00   0.0000000e+00   3.0030489e+00   3.1386890e+00   3.1565669e+00   3.2062771e+00   3.2504530e+00   3.2726030e+00   3.1881044e+00   3.1092236e+00   3.0677454e+00   3.0900221e+00   3.2649922e+00   3.5554781e+00   3.8090627e+00   3.6437039e+00   0.0000000e+00   0.0000000e+00   2.9378081e+00   3.7552376e+00   4.6494236e+00   5.1906319e+00   5.2469406e+00   4.4919548e+00   4.3669199e+00   3.4285704e+00   3.3037546e+00   3.5381556e+00   3.8383660e+00   4.1508584e+00   4.3325973e+00   4.3456273e+00   4.0885842e+00
   0.0000000e+00   0.0000000e+00   0.0000000e+00   0.0000000e+00   0.0000000e+00   2.5364730e+00   2.9100944e+00   3.0398871e+00   3.3066141e+00   3.5486035e+00   3.6119931e+00   3.7103100e+00   3.7887420e+00   3.8064449e+00   3.9577899e+00   4.1739583e+00   4.4382794e+00   4.7616027e+00   4.7589456e+00   0.0000000e+00   0.0000000e+00   3.8856130e+00   4.7378285e+00   5.2804063e+00   5.6146876e+00   5.7830304e+00   5.6122702e+00   5.2101137e+00   4.6957133e+00   4.3200343e+00   4.2931619e+00   4.2783678e+00   4.3009627e+00   4.3909736e+00   4.4456804e+00   4.2426828e+00
   0.0000000e+00   0.0000000e+00   0.0000000e+00   0.0000000e+00   0.0000000e+00   1.8268709e+00   2.0236123e+00   2.3663900e+00   3.3147342e+00   3.2072916e+00   3.1603224e+00   3.4167888e+00   3.5902274e+00   3.7424452e+00   4.0034833e+00   4.2600031e+00   4.5018911e+00   4.7540989e+00   4.9212170e+00   0.0000000e+00   3.7295576e+00   3.9896839e+00   4.4829202e+00   4.6224890e+00   4.6949906e+00   4.8157740e+00   4.9459229e+00   4.9213843e+00   4.6246037e+00   4.1489844e+00   3.7717347e+00   3.4617810e+00   3.3054869e+00   3.3457701e+00   3.4493346e+00   3.5199792e+00
   1.1178458e+00   8.6065189e-01   9.8114651e-01   0.0000000e+00   0.0000000e+00   1.3613601e+00   1.1886235e+00   1.3177592e+00   9.2732467e-01   1.6363520e+00   2.0201683e+00   2.3297210e+00   2.4256339e+00   2.6376514e+00   2.9549215e+00   3.1753774e+00   3.3329926e+00   3.4611647e+00   3.6231070e+00   3.6698999e+00   2.9380287e+00   2.8528178e+00   2.9926360e+00   2.8044419e+00   2.6457109e+00   2.5862765e+00   2.7128785e+00   2.8319349e+00   2.7485721e+00   2.4131222e+00   2.0464623e+00   1.7301737e+00   1.5326678e+00   1.5085790e+00   1.5118438e+00   1.6741562e+00
   6.6169310e-01   3.7822768e-01   6.2039149e-01   8.0483704e-01   7.7977901e-01   1.1242969e+00   7.7710503e-01   5.4812253e-01   5.1109356e-01   6.8914682e-01   8.4008420e-01   7.8890133e-01   7.3910141e-01   8.8031423e-01   1.0690891e+00   1.1629341e+00   1.2349337e+00   1.2324260e+00   1.1241542e+00   8.5556650e-01   8.5563111e-01   1.0884030e+00   1.1721768e+00   9.6716624e-01   7.3460811e-01   5.6334794e-01   6.6801608e-01   8.4223378e-01   8.2036650e-01   5.7668871e-01   4.5426351e-01   5.5404317e-01   7.2592515e-01   7.4217111e-01   6.2420005e-01   5.6702834e-01
   7.3716559e-01   5.8148944e-01   5.4767893e-01   8.1397164e-01   0.0000000e+00   0.0000000e+00   1.1623541e+00   9.9241030e-01   8.6433184e-01   8.3042616e-01   8.3798486e-01   8.8520914e-01   9.0204358e-01   9.0463930e-01   9.2343354e-01   9.2403579e-01   9.3367267e-01   8.9317310e-01   9.1913353e-01   0.0000000e+00   9.2018139e-01   9.6918929e-01   1.0818808e+00   1.0810610e+00   0.0000000e+00   0.0000000e+00   0.0000000e+00   0.0000000e+00   0.0000000e+00   0.0000000e+00   0.0000000e+00   0.0000000e+00   0.0000000e+00   0.0000000e+00   0.0000000e+00   0.0000000e+00
   0.0000000e+00   0.0000000e+00   0.0000000e+00   0.0000000e+00   0.0000000e+00   0.0000000e+00   0.0000000e+00   0.0000000e+00   0.0000000e+00   0.0000000e+00   0.0000000e+00   0.0000000e+00   0.0000000e+00   0.0000000e+00   0.0000000e+00   0.0000000e+00   0.0000000e+00   0.0000000e+00   0.0000000e+00   0.0000000e+00   0.0000000e+00   0.0000000e+00   0.0000000e+00   0.0000000e+00   0.0000000e+00   0.0000000e+00   0.0000000e+00   0.0000000e+00   0.0000000e+00   0.0000000e+00   0.0000000e+00   0.0000000e+00   0.0000000e+00   0.0000000e+00   0.0000000e+00   0.0000000e+00
