  -4.0538840e-02
  -2.3962931e-01
  -2.3392588e-01
  -3.5149646e-01
  -5.3052092e-01
  -2.4392912e-01
  -2.3278726e-02
  -6.2204826e-01
  -7.2627801e-01
  -7.5453669e-01
  -9.1126728e-01
  -8.8636726e-01
  -8.4483069e-01
  -8.5093772e-01
  -1.0183362e+00
  -1.0776012e+00
  -1.0462617e+00
  -9.5246649e-01
  -8.7841135e-01
  -5.5139410e-01
  -6.7321503e-01
  -8.9753109e-01
  -9.7846919e-01
  -8.4022796e-01
  -6.0303760e-01
  -4.3113726e-01
  -5.8112293e-01
  -6.1994332e-01
  -5.3943008e-01
  -1.4868739e-01
  -1.7781202e-01
  -2.6070121e-01
  -2.7581400e-01
  -1.2204343e-01
   1.4281400e-01
   1.5024933e-01
  -5.5868113e-01
  -4.3825448e-01
  -2.1977417e-01
  -2.6516733e-01
  -2.9636487e-01
  -4.1865063e-01
  -5.9689248e-01
  -6.5456742e-01
  -6.3378590e-01
  -5.8723330e-01
  -6.7808247e-01
  -8.0227834e-01
  -8.0730009e-01
  -7.6199383e-01
  -7.4539477e-01
  -7.5612396e-01
  -7.7205092e-01
  -7.5740111e-01
  -9.0643620e-01
  -7.4340355e-01
  -7.6011074e-01
  -6.9312388e-01
  -7.2059077e-01
  -7.4273205e-01
  -7.8571028e-01
  -8.2956219e-01
  -9.5427078e-01
  -8.9437407e-01
  -1.0755829e+00
  -8.4349829e-01
  -8.8304108e-01
  -6.4388287e-01
  -8.4864575e-01
  -8.7903404e-01
  -8.6101258e-01
  -6.0684228e-01
  -2.2179979e-01
   7.0047095e-02
   3.3493501e-01
   2.2410829e-01
   2.6786134e-01
   4.5196235e-01
   2.8153527e-01
   2.6151806e-01
   3.8467184e-01
   6.2052274e-01
   7.7648169e-01
   7.2124708e-01
   6.7433077e-01
   8.2249731e-01
   1.0131199e+00
   1.1132953e+00
   1.1805606e+00
   1.1656797e+00
   1.0441642e+00
   8.5920876e-01
   8.9516377e-01
   9.6346849e-01
   8.9320916e-01
   6.1774951e-01
   3.9489180e-01
   2.2878726e-01
   1.5353669e-01
   1.6635877e-01
   2.1957450e-01
   2.5159958e-01
   1.4390707e-01
  -1.2148967e-01
  -2.9586220e-01
  -3.4645161e-01
  -3.7283054e-01
  -3.4483927e-01
   8.8316894e-01
   8.6627221e-01
   7.5138319e-01
   6.5835142e-01
   6.1061257e-01
   1.1260364e+00
   1.0975538e+00
   1.3019969e+00
   8.7795913e-01
   1.5226370e+00
   1.9972339e+00
   2.3023612e+00
   2.3721621e+00
   2.5606325e+00
   2.8925021e+00
   3.1258578e+00
   3.2989955e+00
   3.4422169e+00
   3.5782270e+00
   1.9144902e+00
   2.6493142e+00
   2.8429894e+00
   2.9770758e+00
   2.7920289e+00
   2.6357713e+00
   2.5305767e+00
   2.5224462e+00
   2.5485747e+00
   2.5330548e+00
   2.3409667e+00
   2.0392334e+00
   1.7153449e+00
   1.4975735e+00
   1.4814715e+00
   1.4764045e+00
   1.4402360e+00
   9.5586246e-01
   1.0781385e+00
   9.9913591e-01
   7.2246242e-01
   7.6770997e-01
   1.5657851e+00
   2.0066524e+00
   2.3133857e+00
   1.9532750e+00
   2.6048756e+00
   3.0705216e+00
   3.3270550e+00
   3.4657998e+00
   3.5872996e+00
   3.8726263e+00
   4.1586595e+00
   4.4315090e+00
   4.6998978e+00
   4.8303919e+00
   2.6176798e+00
   3.2816412e+00
   3.9538617e+00
   4.4781928e+00
   4.6126490e+00
   4.6516275e+00
   4.6888490e+00
   4.6896396e+00
   4.6416636e+00
   4.4542394e+00
   4.1000962e+00
   3.7654724e+00
   3.4609301e+00
   3.2974620e+00
   3.3104630e+00
   3.3513062e+00
   2.8077126e+00
   9.9378204e-01
   9.6354210e-01
   1.1707643e+00
   9.6800917e-01
   1.0761076e+00
   2.1776661e+00
   2.8677059e+00
   2.9366924e+00
   3.1691854e+00
   3.4335446e+00
   3.4828841e+00
   3.5737734e+00
   3.6383903e+00
   3.6347031e+00
   3.8082397e+00
   4.0591669e+00
   4.3552883e+00
   4.6937330e+00
   4.6977497e+00
   2.4783722e+00
   2.5259887e+00
   3.7790539e+00
   4.7166312e+00
   5.2480672e+00
   5.5350763e+00
   5.6224078e+00
   5.3742975e+00
   5.0020820e+00
   4.6107114e+00
   4.3019664e+00
   4.2907577e+00
   4.2758300e+00
   4.2780831e+00
   4.3197527e+00
   4.3261421e+00
   3.5201776e+00
   1.7904720e+00
   9.8391378e-01
   1.0077621e+00
   9.5913810e-01
   1.3888733e+00
   2.9734142e+00
   3.0996966e+00
   3.0377431e+00
   3.0382533e+00
   3.1108699e+00
   3.1214440e+00
   3.0497761e+00
   2.9839532e+00
   2.9278836e+00
   2.9551787e+00
   3.1519189e+00
   3.4647362e+00
   3.7478330e+00
   3.5995343e+00
   1.7018199e+00
   1.7402445e+00
   2.2989469e+00
   3.7011800e+00
   4.5834665e+00
   5.0938201e+00
   5.1230631e+00
   4.4002299e+00
   3.2437949e+00
   3.2917225e+00
   3.3020158e+00
   3.5357420e+00
   3.8363774e+00
   4.1253519e+00
   4.2545528e+00
   4.2522163e+00
   3.8831644e+00
   3.2164131e+00
   1.2496582e+00
   8.9382648e-01
   7.7421757e-01
   2.2226114e+00
   2.9121728e+00
   2.7602638e+00
   2.5859475e+00
   2.3256309e+00
   2.1124303e+00
   1.9247252e+00
   1.7449189e+00
   1.6174577e+00
   1.5181201e+00
   1.4993889e+00
   1.6302811e+00
   1.8345656e+00
   1.9401327e+00
   1.7358702e+00
   1.3780349e+00
   1.0812775e+00
   4.3620054e-01
   1.7821982e+00
   2.9264266e+00
   3.5458992e+00
   3.3416312e+00
   1.9861474e+00
   9.3090809e-01
   8.6967421e-01
   1.4868875e+00
   1.8630092e+00
   2.2800341e+00
   2.8153763e+00
   3.0412844e+00
   3.0721145e+00
   3.0790820e+00
   2.1727617e+00
   1.9415021e+00
   1.0466118e+00
   6.6307145e-01
   2.0560668e+00
   2.3648798e+00
   2.0532415e+00
   1.6217737e+00
   1.1662165e+00
   7.9595733e-01
   5.0516552e-01
   3.5988903e-01
   2.5586200e-01
   1.4459878e-01
   1.3312179e-01
   1.9365700e-01
   2.0328513e-01
   5.0017491e-02
  -1.2407227e-01
   5.2551967e-01
   4.8512653e-02
  -2.5221643e-01
   1.8027718e-01
   1.4358233e+00
   1.8733084e+00
   1.3455006e+00
   4.4398710e-02
   3.6349508e-01
  -4.3573413e-02
  -3.2910439e-01
   5.6061947e-01
   1.0225738e+00
   1.3466491e+00
   1.4938815e+00
   1.5321906e+00
   1.6489910e+00
   1.6453761e-01
   1.4904355e+00
   1.2970780e+00
   2.3900546e-01
   7.1072096e-01
   5.8713543e-01
   2.1635503e-01
  -2.3780158e-01
  -6.8504673e-01
  -1.0251844e+00
  -1.2384019e+00
  -1.3185422e+00
  -1.3468893e+00
  -1.3577332e+00
  -1.4048375e+00
  -1.5069801e+00
  -1.7622415e+00
  -2.2148385e+00
  -2.3357089e+00
  -1.1799792e+00
  -4.0817058e-01
  -5.9826326e-01
  -1.3210831e+00
  -3.3362639e-01
  -4.1960204e-01
  -1.2372074e+00
  -1.4893098e+00
  -4.5145696e-01
  -9.1878319e-01
  -1.6194941e+00
  -6.7961282e-01
  -7.2042465e-01
  -6.7984152e-01
  -6.6602433e-01
  -6.7749947e-01
  -5.2785695e-01
  -1.5638356e+00
  -3.5713035e-01
   6.5589321e-01
  -2.3718186e-01
  -9.2303503e-01
  -1.1912920e+00
  -1.4152088e+00
  -1.7212355e+00
  -2.0687158e+00
  -2.2945633e+00
  -2.4086835e+00
  -2.4262354e+00
  -2.3721907e+00
  -2.3413789e+00
  -2.4646561e+00
  -2.7461858e+00
  -3.1771026e+00
  -3.7213573e+00
  -3.7547355e+00
  -1.4434271e+00
  -4.7905254e-01
  -7.5640303e-01
  -1.2955031e+00
  -1.7395653e+00
  -2.2519791e+00
  -2.8393102e+00
  -1.4914743e+00
  -1.0975842e+00
  -9.5493066e-01
  -1.7775226e+00
  -1.4057981e+00
  -2.1750319e+00
  -2.2435176e+00
  -2.3011284e+00
  -2.3847201e+00
  -2.2486882e+00
  -3.1098676e+00
  -2.0112581e+00
  -2.6173183e-01
  -1.2428529e+00
  -2.3290770e+00
  -2.5845313e+00
  -2.6788538e+00
  -2.8657835e+00
  -3.0876341e+00
  -3.2314050e+00
  -3.2958045e+00
  -3.2756126e+00
  -3.1819205e+00
  -3.1889782e+00
  -3.4743793e+00
  -3.9483213e+00
  -4.4746027e+00
  -4.8903747e+00
  -4.5943680e+00
  -9.2415512e-01
  -1.6604586e-01
  -6.0053664e-01
  -1.2161673e+00
  -3.2248988e+00
  -3.8442075e+00
  -3.7267005e+00
  -1.2952107e+00
  -9.3280613e-01
  -9.5117664e-01
  -1.1446593e+00
  -2.0892828e+00
  -3.2629659e+00
  -3.4541054e+00
  -3.6099844e+00
  -3.7870204e+00
  -3.7089553e+00
  -3.8653095e+00
  -2.8874316e+00
  -1.5093153e+00
  -2.0485859e+00
  -2.8771966e+00
  -3.0723178e+00
  -3.1594062e+00
  -3.2787819e+00
  -3.3878698e+00
  -3.4884260e+00
  -3.5922649e+00
  -3.6376343e+00
  -3.6320438e+00
  -3.8436999e+00
  -4.3330307e+00
  -4.8651209e+00
  -5.2826738e+00
  -5.3818169e+00
  -4.4237556e+00
  -3.6457473e-01
  -1.3757949e-01
  -6.5010411e-01
  -1.8707247e+00
  -4.3505421e+00
  -4.6637483e+00
  -3.5197759e+00
   1.6177621e-01
  -3.1874338e-01
  -8.3706069e-01
  -1.1637018e+00
  -2.7141290e+00
  -3.5680940e+00
  -3.8903632e+00
  -4.1154523e+00
  -4.3399544e+00
  -4.3338313e+00
  -3.8846934e+00
  -3.0329475e+00
  -1.9780442e+00
  -2.1517875e+00
  -2.6702254e+00
  -2.8776100e+00
  -2.9902465e+00
  -3.0834608e+00
  -3.1341991e+00
  -3.2359226e+00
  -3.4425244e+00
  -3.6483293e+00
  -3.9261637e+00
  -4.4213200e+00
  -4.9915524e+00
  -5.3917961e+00
  -5.5678768e+00
  -5.2650337e+00
  -2.9276607e+00
  -4.0315637e-01
  -4.8856229e-01
  -7.9097295e-01
  -2.6091049e+00
  -4.8818626e+00
  -4.8046322e+00
  -2.8014979e+00
   1.4781312e+00
   4.9648792e-02
  -7.7281010e-01
  -1.8450074e+00
  -3.1952908e+00
  -3.4757211e+00
  -3.8954930e+00
  -4.0963936e+00
  -4.2582111e+00
  -4.2502570e+00
  -3.3582685e+00
  -2.6055057e+00
  -1.7185276e+00
  -1.6397471e+00
  -1.9975550e+00
  -2.2463815e+00
  -2.3647673e+00
  -2.4300954e+00
  -2.5181038e+00
  -2.7334383e+00
  -3.0753059e+00
  -3.5523024e+00
  -4.1777740e+00
  -4.8357615e+00
  -5.3271222e+00
  -5.4629059e+00
  -5.3008046e+00
  -4.4754834e+00
  -1.5723535e+00
  -1.5656222e+00
  -1.6655905e+00
  -9.8365301e-01
  -2.5967691e+00
  -4.6158156e+00
  -4.4059095e+00
  -1.9262352e+00
   2.0629327e+00
   3.1441146e-01
  -1.0021455e+00
  -2.6272030e+00
  -3.1768637e+00
  -3.2493365e+00
  -3.8307092e+00
  -3.8958077e+00
  -3.7995219e+00
  -3.7000346e+00
  -2.5650444e+00
  -1.7964749e+00
  -1.1607912e+00
  -9.1953659e-01
  -1.2119476e+00
  -1.4767034e+00
  -1.6354265e+00
  -1.8084310e+00
  -2.1142483e+00
  -2.5158939e+00
  -2.9842129e+00
  -3.6010556e+00
  -4.2904487e+00
  -4.8633900e+00
  -5.1266060e+00
  -4.9610753e+00
  -4.3775983e+00
  -2.8259165e+00
  -4.6016285e-01
  -3.2802777e+00
  -4.0561633e+00
  -1.6048133e+00
  -2.3164062e+00
  -4.1026649e+00
  -3.6411784e+00
  -1.2309215e+00
   1.9925541e+00
   3.5716555e-01
  -1.4142032e+00
  -3.5843906e+00
  -3.0312338e+00
  -2.9579985e+00
  -3.8010762e+00
  -3.7077057e+00
  -3.1623151e+00
  -2.8530757e+00
  -1.5972813e+00
  -7.2542626e-01
  -6.9492567e-01
  -4.0829700e-01
  -7.3685706e-01
  -1.0990095e+00
  -1.4243590e+00
  -1.8691611e+00
  -2.4809976e+00
  -3.1031604e+00
  -3.6984491e+00
  -4.2844796e+00
  -4.7847714e+00
  -5.0979104e+00
  -5.0418668e+00
  -4.5049577e+00
  -3.3976860e+00
  -1.1317593e+00
   5.8712071e-01
  -3.8214717e+00
  -5.4264097e+00
  -2.8868189e+00
  -2.5220227e+00
  -3.7430735e+00
  -2.6718743e+00
  -5.7336551e-01
   1.6050454e+00
   4.5890093e-01
  -1.3429238e+00
  -3.9950452e+00
  -2.7585645e+00
  -2.5235839e+00
  -2.7605786e+00
  -3.2820816e+00
  -2.7896700e+00
  -2.2758701e+00
  -4.4509739e-01
  -1.8199945e-01
  -5.9746771e-01
  -5.0046414e-01
  -9.6778900e-01
  -1.4812235e+00
  -2.0063002e+00
  -2.6659938e+00
  -3.4743264e+00
  -4.2334404e+00
  -4.8665975e+00
  -5.3305910e+00
  -5.5907987e+00
  -5.6600860e+00
  -5.4039925e+00
  -4.6642908e+00
  -3.2726243e+00
  -6.7389158e-01
   9.1986145e-01
  -2.8935834e+00
  -5.5030115e+00
  -3.9486795e+00
  -4.1570759e+00
  -2.6456515e+00
  -1.2344259e+00
   5.2046144e-01
   1.7877281e+00
   5.6773590e-01
  -1.3788329e+00
  -3.4171909e+00
  -2.2418158e+00
  -1.6896280e+00
  -7.1114991e-01
  -2.5901078e+00
  -2.5976803e+00
  -1.9283472e+00
   6.0594261e-02
  -1.6521339e-01
  -1.1104456e+00
  -1.3529124e+00
  -1.8787601e+00
  -2.3264958e+00
  -2.7446047e+00
  -3.2072891e+00
  -3.7815600e+00
  -4.3752803e+00
  -4.8791903e+00
  -5.2408493e+00
  -5.4632595e+00
  -5.5831850e+00
  -5.4873703e+00
  -4.9098023e+00
  -3.8636332e+00
  -2.1167734e+00
   3.1241616e-01
  -1.4850895e+00
  -3.3584567e+00
  -4.5967469e+00
  -4.0555391e+00
  -6.7240224e-01
   7.5572976e-01
   1.3556670e+00
   1.2565285e+00
   3.4978821e-01
  -8.5240306e-01
  -1.7448830e+00
  -1.2663325e+00
  -3.3745845e-01
   6.1539321e-01
  -1.3653054e+00
  -1.7692765e+00
  -1.0722763e+00
   6.5921634e-02
  -3.7653887e-01
  -1.4811834e+00
  -2.2020788e+00
  -2.6718512e+00
  -2.9394619e+00
  -3.0851359e+00
  -3.2355211e+00
  -3.5148993e+00
  -3.9231806e+00
  -4.3197770e+00
  -4.5682974e+00
  -4.6489744e+00
  -4.6848097e+00
  -4.8167200e+00
  -4.9129667e+00
  -4.8347130e+00
  -4.2710056e+00
  -1.6689788e+00
  -2.2213733e+00
  -4.8930779e+00
  -5.2745857e+00
  -3.2478344e+00
   8.4137833e-01
   1.2942247e+00
   6.7465174e-01
   6.2560022e-01
   1.6633245e-01
  -2.8596109e-01
  -5.7919610e-01
  -2.7583376e-01
   8.8739699e-01
   1.1487721e+00
  -4.4903895e-01
  -4.7331038e-01
  -5.4918647e-02
  -2.3437868e-01
  -1.0929488e+00
  -2.0331249e+00
  -3.1093571e+00
  -3.5895145e+00
  -3.7998323e+00
  -3.8006856e+00
  -3.7782450e+00
  -3.8948994e+00
  -4.2025318e+00
  -4.5770340e+00
  -4.7992744e+00
  -4.7494459e+00
  -4.5674677e+00
  -4.4565411e+00
  -4.7225580e+00
  -5.1888061e+00
  -5.7308612e+00
  -4.7399578e+00
  -3.8261282e+00
  -6.2725396e+00
  -5.4893174e+00
  -3.0609133e+00
   1.3131200e+00
   1.3570948e+00
   3.9255640e-01
   3.2489380e-01
   5.9481319e-02
   2.0992765e-01
  -4.4793926e-02
   3.5979375e-01
   1.9416528e+00
   1.8450642e+00
   4.6312965e-02
   2.7317241e-01
   2.1364269e-01
  -3.0919653e-01
  -1.7472631e+00
  -3.0126264e+00
  -3.9755063e+00
  -4.5277963e+00
  -4.8131824e+00
  -4.8511467e+00
  -4.8115611e+00
  -4.8719330e+00
  -5.1541729e+00
  -5.5596585e+00
  -5.8450160e+00
  -5.7374868e+00
  -5.2831483e+00
  -4.5190215e+00
  -3.8502097e+00
  -3.4209685e+00
  -5.4905930e+00
  -6.8647246e+00
  -8.2082548e+00
  -6.4324980e+00
  -5.3134141e+00
  -3.4822421e+00
   3.4575394e-01
   8.9767522e-01
   1.7065908e-01
   7.4847542e-02
  -1.1191515e-01
   4.6647647e-01
   1.4294414e-01
   5.7731932e-01
   2.7029853e+00
   1.8158846e+00
   2.9380617e-01
   2.8824881e-01
   8.9103624e-02
  -4.3585616e-01
  -2.5043800e+00
  -3.9853110e+00
  -4.5412078e+00
  -5.1662049e+00
  -5.5525475e+00
  -5.6754012e+00
  -5.6500545e+00
  -5.6346292e+00
  -5.8363070e+00
  -6.2274351e+00
  -6.5798869e+00
  -6.5277834e+00
  -5.8840771e+00
  -4.4475780e+00
  -2.5590200e+00
  -5.5851519e-01
  -2.9676585e+00
  -5.8244863e+00
  -6.5497255e+00
  -5.4557815e+00
  -5.0135431e+00
  -4.1869507e+00
  -1.3160015e+00
  -1.3477148e-01
  -1.9101113e-01
  -2.6157740e-01
  -4.2807630e-01
   2.1530035e-01
   2.8305165e-02
   3.3985147e-01
   1.9768492e+00
   1.0214332e+00
   4.2042971e-01
   2.5492567e-01
  -4.8454648e-01
  -6.5210682e-01
  -2.5883138e+00
  -3.8571348e+00
  -4.6455264e+00
  -5.2948966e+00
  -5.7053032e+00
  -5.8172798e+00
  -5.7319698e+00
  -5.5776634e+00
  -5.6019125e+00
  -5.8662691e+00
  -6.1985621e+00
  -6.2508717e+00
  -5.6548615e+00
  -3.8910470e+00
  -1.3697588e+00
   6.7265734e-02
  -2.0054808e+00
  -4.2828965e+00
  -4.5764704e+00
  -4.2717752e+00
  -4.3974209e+00
  -4.4451299e+00
  -2.9497428e+00
  -1.7377397e+00
  -7.9591054e-01
  -8.7410504e-01
  -1.0266446e+00
  -3.0595863e-01
  -3.6019748e-01
  -1.1957939e-01
   4.8915479e-01
   5.4156464e-01
   7.8522336e-01
  -3.5739318e-01
  -7.2370946e-01
  -2.5408822e-01
  -1.9916991e+00
  -3.1767421e+00
  -3.9908423e+00
  -4.5515409e+00
  -4.8936729e+00
  -4.9178615e+00
  -4.7314305e+00
  -4.4912062e+00
  -4.4182248e+00
  -4.5758772e+00
  -4.8813529e+00
  -5.0132875e+00
  -4.5102592e+00
  -2.6361675e+00
   1.2575810e-02
  -6.0937762e-02
  -2.7986228e+00
  -2.1259992e+00
  -2.7054493e+00
  -2.8604629e+00
  -3.2761612e+00
  -3.9508369e+00
  -3.8297188e+00
  -2.4233527e+00
  -2.0443788e+00
  -1.9320954e+00
  -2.2517297e+00
  -8.2799107e-01
  -7.3524261e-01
  -5.4753470e-01
  -1.6020015e-01
   1.1171633e-01
   4.3119130e-01
  -5.1520312e-01
  -9.8314154e-01
   9.2581332e-02
  -7.1149725e-01
  -1.5717669e+00
  -2.2632680e+00
  -2.6362300e+00
  -2.8362489e+00
  -2.8051076e+00
  -2.6013751e+00
  -2.4101272e+00
  -2.4524624e+00
  -2.7020905e+00
  -3.0365787e+00
  -3.1934478e+00
  -2.7443140e+00
  -9.6064669e-01
   1.0105453e+00
  -2.9447186e-01
  -2.4023585e+00
  -5.2524358e-01
  -8.3466852e-01
  -1.3561909e+00
  -1.8585873e+00
  -2.7272296e+00
  -3.4842255e+00
  -2.0673919e+00
  -2.4817681e+00
  -2.5462875e+00
  -2.0571730e+00
  -1.3021574e+00
  -8.0178905e-01
  -9.0365666e-01
  -5.9406537e-01
  -4.9309516e-01
  -4.6386606e-01
  -1.0856727e+00
  -1.0779785e+00
   5.0737208e-01
   1.0724308e-01
   1.1968964e-01
  -1.9767560e-01
  -3.8670227e-01
  -4.7374859e-01
  -4.2515349e-01
  -2.7463984e-01
  -2.1003090e-01
  -3.8661936e-01
  -7.8038186e-01
  -1.2210606e+00
  -1.4287814e+00
  -1.0161000e+00
   4.7086629e-01
   9.4759643e-01
  -1.7785123e-01
  -2.5339267e-01
   3.9323053e-01
   6.1866021e-01
  -5.2598670e-02
  -5.6339175e-01
  -1.3241028e+00
  -2.3064067e+00
  -1.6220279e+00
  -1.4080085e+00
  -1.7590668e+00
  -9.7010863e-01
  -7.5002748e-01
  -4.1767442e-01
  -8.5845089e-01
  -1.0301446e+00
  -1.0421647e+00
  -1.3380184e+00
  -1.3679254e+00
  -3.7961319e-01
   7.2687650e-01
   4.0108055e-01
   1.4559091e+00
   1.7826222e+00
   1.9954104e+00
   2.0078306e+00
   2.1238751e+00
   2.2327929e+00
   2.1870358e+00
   1.9193070e+00
   1.4550025e+00
   9.2579305e-01
   6.3273674e-01
   9.0250963e-01
   2.2449422e+00
   1.1239239e+00
   2.8282735e-01
   5.1347655e-01
   6.8102270e-01
   1.4892257e+00
   1.3376563e+00
   9.1848516e-01
   4.4658828e-01
  -3.3614177e-01
  -3.2383856e-01
   3.9900163e-01
   2.3913482e-01
   9.9978507e-01
   1.3109254e+00
   9.1789448e-01
   3.3226915e-02
  -4.0540534e-01
  -1.9323048e-01
  -1.2783201e-01
  -9.7229145e-03
   3.9685792e-01
   8.0386540e-01
   2.4727942e-01
   1.2475573e+00
   2.4022233e+00
   3.0368643e+00
   3.1677778e+00
   3.3607240e+00
   3.4914653e+00
   3.3905802e+00
   3.1054827e+00
   2.7115166e+00
   2.2830253e+00
   1.9760352e+00
   2.0036635e+00
   2.5162735e+00
   8.2358374e-01
   6.0481119e-01
   5.5326986e-01
   7.2812769e-01
   1.6022748e+00
   2.2022457e+00
   1.9269997e+00
   1.6418266e+00
   1.1133868e+00
   1.0575310e+00
   5.5250883e-01
   1.7134712e+00
   1.5909017e+00
   9.7113353e-01
   4.3824384e-01
   4.0844701e-01
   1.5257634e-01
   3.3252355e-01
   9.9457812e-01
   8.0956995e-01
   9.2912340e-01
   8.4397483e-01
   1.4729460e-01
   5.4818726e-01
   2.3836076e+00
   3.3043668e+00
   3.5270369e+00
   3.8452935e+00
   3.9135752e+00
   3.7586243e+00
   3.5010309e+00
   3.2487228e+00
   3.0759079e+00
   2.8576934e+00
   2.5345736e+00
   1.2316465e+00
   7.5037950e-01
   3.8150108e-01
   5.0874096e-01
   7.8828335e-01
   1.0206113e+00
   2.8622005e+00
   2.7075124e+00
   2.5072701e+00
   2.1798582e+00
   1.3560462e+00
   6.9969273e-01
   1.3536004e+00
   4.7621739e-01
   2.8157920e-01
   4.0417665e-01
   3.2468066e-01
   2.0619790e-01
   3.7838948e-01
   8.6282980e-01
   1.0145313e+00
   1.2901628e+00
   7.9072193e-01
   4.1815168e-01
   6.2202746e-01
   1.2250029e+00
   2.5183547e+00
   2.8792431e+00
   3.1918272e+00
   3.1873467e+00
   3.0385089e+00
   2.9109026e+00
   2.8627238e+00
   2.8975005e+00
   2.8454062e+00
   2.5058682e+00
   9.6024102e-01
   6.0243471e-01
   2.8746131e-01
   3.8183159e-01
   6.9568392e-01
   8.3511424e-01
   1.4444840e+00
   2.3502057e+00
   2.5868931e+00
   2.6319301e+00
   2.3632939e+00
   1.1316706e+00
   5.5719554e-01
   3.5387490e-01
   2.7475634e-01
   1.6238347e-01
   1.5986814e-01
   1.1382738e-01
   2.8951201e-01
   5.8686108e-01
   6.9204074e-01
   6.7352498e-01
   4.3256289e-01
   3.3856200e-01
   3.1056880e-01
   6.9605410e-01
   1.1447118e+00
   1.4119738e+00
   1.6472573e+00
   1.6484244e+00
   1.6057562e+00
   1.6570215e+00
   1.8255836e+00
   2.1043160e+00
   2.2207496e+00
   2.0935874e+00
   9.4518471e-01
   5.7750177e-01
   2.8556191e-01
   3.7615211e-01
   5.8275908e-01
   5.9473126e-01
   5.8491336e-01
   1.0386460e+00
   2.1521861e+00
   2.5662391e+00
   2.4735403e+00
   8.0219164e-01
   5.3436660e-01
   3.4176028e-01
   2.9584947e-01
   1.3251732e-01
   9.8141648e-02
   6.9583750e-02
   6.9143898e-02
   2.9146063e-01
   4.5789671e-01
   5.0200176e-01
   3.4558909e-01
   3.3809033e-01
   5.1317580e-02
   5.1375601e-01
   1.8552016e-01
  -3.0634832e-01
  -2.1454708e-01
  -2.0351130e-01
  -1.0597456e-01
   7.5542954e-02
   4.6173528e-01
   9.4313890e-01
   1.2496333e+00
   1.0535630e+00
   9.4888993e-03
   4.1988018e-01
   2.4491958e-01
   3.3554283e-01
   4.4958839e-01
   3.9091837e-01
   4.8586613e-01
   9.9608093e-01
   1.6399915e+00
   1.8300725e+00
   1.3567673e+00
   4.0702769e-01
   3.4944674e-01
   2.7998559e-01
   2.1673244e-01
   1.9011596e-01
   1.2851759e-01
   2.0969951e-01
   2.1477057e-01
   2.8231354e-01
   5.1657850e-01
   5.9893197e-01
   3.4831598e-01
   5.6780320e-01
   3.7282228e-01
   3.7111118e-01
  -8.8322836e-01
  -9.3300855e-01
  -5.8885932e-01
  -1.7445792e+00
  -1.5656426e+00
  -1.1640068e+00
  -4.8869747e-01
  -1.7668220e-01
  -1.2742655e-01
  -5.8098191e-01
   2.5311135e-02
   8.8531524e-02
  -2.1460991e-02
   3.0468366e-01
   2.8956655e-01
   1.5591013e-01
   4.1425064e-01
   6.3781822e-01
   2.1049401e-01
   2.2300619e-01
   1.0255147e-01
   1.2959763e-01
  -6.5025240e-02
   2.9655544e-02
   3.4572165e-02
   1.2921020e-01
   8.5854463e-02
   2.1760081e-01
   9.1671824e-02
   1.0740488e-01
   1.3377659e-01
   3.4502381e-01
   2.9190966e-01
   2.8026026e-01
  -4.0538825e-02
  -1.5469603e-01
   3.2189003e-01
   6.7620963e-02
  -4.3501163e-01
  -4.9551952e-01
  -9.3141162e-01
  -3.9451150e-01
  -3.9430273e-01
  -5.6005073e-01
  -4.2308430e-01
  -4.6759382e-02
   1.4195664e-01
  -6.5516166e-02
   1.8938196e-01
   2.4290887e-01
   9.8202969e-02
  -7.2662808e-02
   2.7166301e-01
  -2.3029550e-02
  -3.0591765e-01
  -4.0182561e-01
  -1.6839498e-01
  -5.4966986e-01
  -4.3118349e-01
  -1.3266244e-01
   8.8213058e-04
   2.0549893e-02
   4.8092388e-03
   7.3073924e-02
   3.7049185e-02
   1.1979176e-02
  -1.9311400e-01
   1.9366492e-01
   6.9060341e-02
  -3.2751039e-03
  -4.5336904e-03
   1.1785389e-01
   6.4539038e-02
   2.4400197e-03
  -1.3104586e-02
   2.1420524e-02
  -1.2780786e-01
  -4.2143965e-01
  -5.8253694e-01
  -5.1638579e-01
  -5.6848288e-01
  -4.7385624e-01
  -2.6581803e-01
  -4.6956543e-02
   1.1982381e-01
   1.5084444e-01
  -3.6501296e-02
  -9.2169391e-03
  -1.3744180e-01
  -2.6633674e-01
  -1.9130448e-01
  -2.4748467e-01
   1.1819787e-01
  -1.8389125e-01
  -5.8668905e-01
  -4.1254094e-01
  -3.2078457e-01
  -2.7699244e-01
  -2.0900929e-01
  -1.4028358e-01
  -1.2303075e-01
  -2.0222658e-01
  -1.3361832e-01
   1.3550870e-02
