  0.2322  0.2194  0.2278  0.2269  0.2203  0.2204  0.2215  0.2712  0.3171  0.3381  0.3417  0.3514  0.3938  0.4099  0.3439  0.2601  0.2476  0.2287  0.1925  0.1973  0.2386  0.2299  0.1873  0.2069  0.2029  0.3143  0.3500  0.3587  0.3997  0.4099  0.3285  0.2973  0.2750  0.2236  0.1942  0.1973
  0.1456  0.1624  0.1529  0.1532  0.1405  0.1317  0.1282  0.1204  0.1031  0.1190  0.1170  0.1156  0.1165  0.1188  0.1234  0.1266  0.1309  0.1333  0.1355  0.1350  0.1767  0.2430  0.1322  0.1338  0.1434  0.1763  0.1421  0.1357  0.1521  0.1728  0.1472  0.1315  0.1306  0.1327  0.1367  0.1452
  0.1472  0.1445  0.1458  0.1378  0.1433  0.1294  0.0999  0.0695  0.0699  0.0737  0.0792  0.0784  0.0778  0.0999  0.1092  0.1140  0.1217  0.1267  0.1299  0.1339  0.1808  0.1323  0.1039  0.0728  0.0690  0.0747  0.1030  0.1163  0.1193  0.1228  0.1257  0.1285  0.1358  0.1584  0.1624  0.1818
  0.1520  0.1538  0.1527  0.1348  0.0693  0.0669  0.0686  0.0681  0.0683  0.0682  0.0679  0.0673  0.0668  0.0704  0.0991  0.1068  0.1116  0.1139  0.1205  0.1263  0.1243  0.0758  0.0654  0.0660  0.0718  0.0988  0.1146  0.1175  0.1168  0.1174  0.1237  0.1305  0.1510  0.1859  0.1469  0.1512
  0.1329  0.1381  0.1386  0.1107  0.0628  0.0648  0.0655  0.0655  0.0654  0.0653  0.0649  0.0640  0.0634  0.0633  0.0803  0.1075  0.1147  0.1132  0.1164  0.1206  0.1151  0.0867  0.0630  0.0632  0.0625  0.1027  0.1134  0.1233  0.1310  0.1378  0.1524  0.1799  0.1709  0.1553  0.1394  0.1357
  0.1310  0.1304  0.1263  0.0965  0.0608  0.0620  0.0621  0.0618  0.0616  0.0615  0.0611  0.0602  0.0597  0.0598  0.0784  0.1083  0.1118  0.1143  0.1153  0.1108  0.0863  0.0605  0.0603  0.0603  0.0594  0.0918  0.1087  0.1140  0.1314  0.1305  0.1911  0.2905  0.2100  0.1622  0.1846  0.1556
  0.1225  0.1225  0.1037  0.0616  0.0581  0.0586  0.0587  0.0586  0.0584  0.0582  0.0578  0.0572  0.0570  0.0572  0.0732  0.1088  0.1083  0.1105  0.1088  0.0941  0.0573  0.0574  0.0574  0.0576  0.0712  0.1106  0.0688  0.1155  0.1160  0.1221  0.2504  0.3515  0.2885  0.2497  0.3035  0.2343
  0.1274  0.1154  0.0635  0.0560  0.0557  0.0557  0.0560  0.0561  0.0560  0.0557  0.0553  0.0552  0.0551  0.0553  0.0600  0.1085  0.1063  0.1067  0.1054  0.0649  0.0549  0.0550  0.0551  0.0553  0.0626  0.1519  0.0596  0.1050  0.1490  0.1591  0.3132  0.3556  0.3557  0.3560  0.3563  0.2786
  0.1768  0.1094  0.0539  0.0538  0.0537  0.0535  0.0537  0.0540  0.0539  0.0535  0.0531  0.0533  0.0535  0.0535  0.0539  0.0924  0.1106  0.1021  0.1012  0.0544  0.0526  0.0530  0.0531  0.0530  0.0857  0.3400  0.3344  0.0532  0.0532  0.2239  0.3514  0.3537  0.3541  0.3552  0.3550  0.3258
  0.1732  0.1030  0.0527  0.0528  0.0525  0.0519  0.0522  0.0527  0.0527  0.0519  0.0514  0.0520  0.0524  0.0522  0.0520  0.0762  0.1101  0.0639  0.0799  0.0505  0.0513  0.0518  0.0518  0.0515  0.1468  0.3537  0.3483  0.1756  0.1013  0.3253  0.3291  0.3214  0.3207  0.3520  0.3548  0.3425
  0.1186  0.0736  0.0510  0.0513  0.0508  0.0499  0.0503  0.0512  0.0511  0.0501  0.0496  0.0505  0.0512  0.0509  0.0501  0.0647  0.0983  0.0678  0.0900  0.0491  0.0500  0.0506  0.0504  0.0500  0.2554  0.3550  0.3533  0.3480  0.2942  0.2178  0.2144  0.1742  0.1489  0.1592  0.2582  0.2936
  0.1162  0.0530  0.0493  0.0501  0.0495  0.0485  0.0489  0.0500  0.0500  0.0487  0.0484  0.0494  0.0503  0.0498  0.0488  0.0487  0.0909  0.2012  0.0865  0.0479  0.0490  0.0498  0.0494  0.0589  0.3089  0.3439  0.2790  0.3175  0.2460  0.1546  0.1464  0.1271  0.1157  0.1050  0.1288  0.2358
  0.1032  0.0481  0.0481  0.0491  0.0483  0.0474  0.0477  0.0490  0.0490  0.0476  0.0473  0.0484  0.0494  0.0485  0.0474  0.0474  0.0658  0.2311  0.0473  0.0470  0.0482  0.0492  0.0486  0.0666  0.3373  0.2525  0.1623  0.1893  0.2215  0.1375  0.1375  0.1213  0.1130  0.1017  0.1085  0.1825
  0.1439  0.0500  0.0471  0.0483  0.0472  0.0463  0.0466  0.0481  0.0481  0.0465  0.0461  0.0472  0.0484  0.0471  0.0459  0.0461  0.0600  0.2240  0.0465  0.0464  0.0475  0.0489  0.0480  0.0626  0.2278  0.1260  0.1189  0.1312  0.2349  0.1549  0.1665  0.0647  0.1090  0.1032  0.1019  0.2019
  0.1355  0.0558  0.0526  0.0478  0.0465  0.0456  0.0459  0.0475  0.0474  0.0458  0.0454  0.0465  0.0478  0.0464  0.0452  0.0455  0.0475  0.1039  0.0465  0.0461  0.0471  0.0486  0.0476  0.0542  0.1374  0.1148  0.1167  0.1230  0.2277  0.1865  0.2238  0.0581  0.0863  0.1072  0.1057  0.1376
  0.1192  0.0615  0.0583  0.0475  0.0461  0.0451  0.0454  0.0470  0.0469  0.0452  0.0449  0.0460  0.0475  0.0460  0.0448  0.0451  0.0470  0.0473  0.0463  0.2471  0.1749  0.0481  0.0468  0.0468  0.0960  0.1113  0.1134  0.1200  0.2114  0.1904  0.1923  0.0494  0.0733  0.1096  0.0842  0.0795
  0.0915  0.1079  0.0577  0.0474  0.0458  0.0447  0.0451  0.0467  0.0466  0.0448  0.0445  0.0456  0.0473  0.0457  0.0446  0.0448  0.0467  0.0469  0.0455  0.2745  0.3209  0.0827  0.0458  0.0448  0.0832  0.1022  0.1083  0.1151  0.1989  0.2286  0.1156  0.0459  0.0730  0.1073  0.0512  0.0479
  0.0887  0.1088  0.0578  0.0473  0.0456  0.0445  0.0448  0.0465  0.0464  0.0446  0.0442  0.0453  0.0470  0.0453  0.0443  0.0446  0.0465  0.0466  0.0528  0.2615  0.3122  0.2242  0.0455  0.0446  0.0564  0.0631  0.0874  0.1132  0.1888  0.2872  0.1394  0.0456  0.0730  0.0810  0.0465  0.0465
  0.0733  0.1085  0.0576  0.0473  0.0456  0.0445  0.0448  0.0465  0.0464  0.0446  0.0442  0.0452  0.0469  0.0452  0.0442  0.0446  0.0465  0.0467  0.0648  0.2889  0.3533  0.2585  0.0876  0.0446  0.0447  0.0465  0.0739  0.1153  0.2138  0.3236  0.0850  0.0456  0.0743  0.0699  0.0466  0.0466
  0.0483  0.0748  0.0479  0.0474  0.0458  0.0447  0.0450  0.0467  0.0466  0.0448  0.0444  0.0455  0.0471  0.0455  0.0446  0.0450  0.0468  0.0470  0.0660  0.2916  0.3547  0.2470  0.1350  0.0462  0.0451  0.0468  0.0778  0.1180  0.1903  0.2179  0.0473  0.0457  0.0500  0.0498  0.0469  0.0468
  0.0453  0.0449  0.0462  0.0477  0.0463  0.0452  0.0455  0.0471  0.0470  0.0453  0.0449  0.0459  0.0473  0.0459  0.0451  0.0456  0.0475  0.0478  0.0667  0.2973  0.3302  0.1450  0.1892  0.0783  0.0459  0.0476  0.1257  0.1394  0.1975  0.1786  0.0476  0.0460  0.0449  0.0454  0.0472  0.0472
  0.0459  0.0455  0.0468  0.0482  0.0468  0.0457  0.0461  0.0477  0.0476  0.0459  0.0455  0.0464  0.0477  0.0464  0.0456  0.0461  0.0481  0.0484  0.0688  0.1956  0.2142  0.1207  0.1853  0.0840  0.0465  0.0480  0.1589  0.1819  0.1389  0.1220  0.0480  0.0465  0.0453  0.0458  0.0476  0.0476
  0.0465  0.0462  0.0474  0.0486  0.0474  0.0463  0.0467  0.0483  0.0483  0.0467  0.0462  0.0472  0.0483  0.0471  0.0462  0.0466  0.0483  0.0485  0.0540  0.1287  0.1279  0.1179  0.1583  0.0577  0.0470  0.0484  0.1599  0.1403  0.1148  0.0927  0.0486  0.0471  0.0460  0.0464  0.0480  0.0481
  0.0476  0.0472  0.0483  0.0491  0.0482  0.0472  0.0477  0.0491  0.0492  0.0478  0.0474  0.0484  0.0491  0.0481  0.0471  0.0474  0.0487  0.0488  0.0477  0.1076  0.1197  0.1145  0.1128  0.0477  0.0480  0.0492  0.1298  0.1378  0.1153  0.0867  0.0541  0.0482  0.0470  0.0474  0.0488  0.0489
  0.0487  0.0482  0.0872  0.0765  0.0492  0.0482  0.0487  0.0499  0.0500  0.0490  0.0486  0.0495  0.0501  0.0493  0.0482  0.0484  0.0495  0.0495  0.0487  0.0835  0.1192  0.1145  0.1046  0.0488  0.0492  0.0500  0.1550  0.2403  0.1241  0.0793  0.0704  0.0495  0.0482  0.0485  0.0497  0.0498
  0.0500  0.0493  0.1215  0.1093  0.0503  0.0495  0.0499  0.0509  0.0510  0.0502  0.0499  0.0508  0.0512  0.0505  0.0496  0.0497  0.0505  0.0505  0.0499  0.0597  0.1493  0.1151  0.0829  0.0504  0.0506  0.0511  0.0909  0.3032  0.1490  0.0806  0.0718  0.0510  0.0498  0.0500  0.0508  0.0509
  0.0517  0.0509  0.1288  0.1390  0.0517  0.0513  0.0516  0.0522  0.0523  0.0519  0.0516  0.0523  0.0525  0.0521  0.0514  0.0515  0.0520  0.0520  0.0516  0.0638  0.1387  0.1165  0.0565  0.0525  0.0525  0.0527  0.0662  0.2958  0.1456  0.0755  0.0696  0.0529  0.0519  0.0520  0.0525  0.0524
  0.0532  0.0836  0.1651  0.1407  0.0558  0.0529  0.0531  0.0535  0.0536  0.0534  0.0532  0.0536  0.0537  0.0535  0.0531  0.0532  0.0534  0.0534  0.0532  0.0799  0.1776  0.1147  0.0555  0.0543  0.0542  0.0542  0.0724  0.2527  0.1005  0.0541  0.0542  0.0542  0.0538  0.0539  0.0540  0.0539
  0.0555  0.1045  0.1270  0.1201  0.0654  0.0556  0.0555  0.0555  0.0555  0.0555  0.0555  0.0556  0.0556  0.0556  0.0555  0.0555  0.0555  0.0556  0.0557  0.0860  0.2459  0.1262  0.0562  0.0565  0.0566  0.0563  0.0627  0.1458  0.0748  0.0564  0.0562  0.0563  0.0563  0.0563  0.0562  0.0559
  0.0810  0.1009  0.1037  0.1045  0.0910  0.0586  0.0586  0.0581  0.0579  0.0580  0.0580  0.0578  0.0577  0.0578  0.0580  0.0579  0.0577  0.0578  0.0580  0.0910  0.1987  0.0694  0.0583  0.0587  0.0587  0.0585  0.0583  0.0836  0.0627  0.0584  0.0585  0.0586  0.0588  0.0586  0.0584  0.0584
  0.1010  0.1014  0.1020  0.1030  0.0996  0.0662  0.0620  0.0614  0.0611  0.0613  0.0613  0.0609  0.0606  0.0608  0.0612  0.0609  0.0605  0.0605  0.0608  0.0834  0.1053  0.0608  0.0609  0.0615  0.0613  0.0609  0.0609  0.0612  0.0616  0.0611  0.0609  0.0611  0.0616  0.0614  0.0609  0.0633
  0.1011  0.1013  0.1016  0.1021  0.1031  0.0733  0.0656  0.0651  0.0721  0.0702  0.0653  0.0649  0.0644  0.0645  0.0648  0.0646  0.0641  0.0641  0.0643  0.0850  0.0720  0.0640  0.0642  0.0647  0.0645  0.0641  0.0640  0.0644  0.0646  0.0641  0.0638  0.0641  0.0647  0.0646  0.0641  0.0663
  0.0856  0.0857  0.0855  0.0963  0.1000  0.0724  0.0691  0.0690  0.0814  0.0692  0.0691  0.0689  0.0686  0.0685  0.0686  0.0685  0.0683  0.0682  0.0682  0.0861  0.0751  0.0678  0.0679  0.0683  0.0682  0.0679  0.0676  0.0676  0.0676  0.0673  0.0671  0.0675  0.0679  0.0680  0.0678  0.0687
  0.0720  0.0722  0.0722  0.0759  0.0825  0.0731  0.0733  0.0733  0.0732  0.0731  0.0733  0.0733  0.0732  0.0730  0.0729  0.0729  0.0728  0.0727  0.0725  0.0724  0.0725  0.0725  0.0726  0.0727  0.0726  0.0724  0.0721  0.0718  0.0716  0.0715  0.0715  0.0715  0.0716  0.0717  0.0717  0.0719
  0.0805  0.0762  0.0845  0.0793  0.0769  0.0780  0.0781  0.0780  0.0780  0.0781  0.0782  0.0781  0.0780  0.0777  0.0774  0.0772  0.0771  0.0767  0.0794  0.0865  0.0765  0.0768  0.0769  0.0768  0.0768  0.0766  0.0792  0.0799  0.0773  0.0835  0.0930  0.0943  0.0907  0.0833  0.0881  0.0914
  0.1041  0.0956  0.1037  0.0968  0.1210  0.1585  0.1125  0.0984  0.0939  0.0938  0.0941  0.0963  0.0970  0.0964  0.0934  0.0935  0.0951  0.0969  0.0979  0.1035  0.0921  0.0920  0.0919  0.0996  0.1052  0.1123  0.1187  0.1230  0.1248  0.1247  0.1219  0.1261  0.1302  0.1343  0.1246  0.1198
