  -0.0000000e+00
  -7.1474654e-03
  -0.0000000e+00
  -4.6808679e-03
  -0.0000000e+00
  -0.0000000e+00
  -6.0988101e-03
  -1.3026795e-02
  -1.1427539e-02
  -1.3879962e-02
  -1.6142434e-02
  -2.1017673e-02
  -2.0937083e-02
  -1.8263386e-02
  -1.7837861e-02
  -1.8938176e-02
  -1.7056330e-02
  -1.5846656e-02
  -2.4496834e-02
  -0.0000000e+00
  -1.6411220e-02
  -1.9511343e-02
  -1.8826060e-02
  -2.0013648e-02
   0.0000000e+00
   0.0000000e+00
   0.0000000e+00
   0.0000000e+00
   0.0000000e+00
   0.0000000e+00
   0.0000000e+00
   0.0000000e+00
   0.0000000e+00
   0.0000000e+00
   0.0000000e+00
   0.0000000e+00
  -7.5118304e-03
  -4.1863428e-03
  -3.1417165e-03
  -3.7029605e-03
  -3.3986882e-03
  -7.9916371e-03
  -1.0887864e-02
  -1.1537859e-02
  -1.0225871e-02
  -1.0215818e-02
  -1.2023927e-02
  -1.3204942e-02
  -1.2172112e-02
  -1.1009512e-02
  -1.0469825e-02
  -1.0368238e-02
  -9.6286200e-03
  -1.0292465e-02
  -9.1858902e-03
  -9.1484661e-03
  -8.9214751e-03
  -9.0669449e-03
  -1.0484509e-02
  -1.1637070e-02
  -1.1914536e-02
  -1.3807257e-02
  -1.1117473e-02
  -1.4807629e-02
  -1.1470989e-02
  -1.0654223e-02
  -0.0000000e+00
  -1.5112688e-02
  -1.3416738e-02
  -1.4920175e-02
  -1.8464368e-02
  -0.0000000e+00
   2.2895439e-03
   5.7897125e-03
   6.7532657e-03
  -1.9017847e-03
   4.1820261e-03
   1.7487101e-03
  -3.5058902e-04
   1.1295286e-03
   4.2888043e-03
   8.6702770e-03
   1.0100236e-02
   9.0375962e-03
   1.0931510e-02
   1.5436588e-02
   1.8845093e-02
   2.1086287e-02
   2.2758868e-02
   2.1952728e-02
   2.0440139e-02
   1.6899933e-02
   1.8482208e-02
   1.9529652e-02
   1.6220884e-02
   1.2290935e-02
   9.6414434e-03
   8.6690048e-03
   9.3237069e-03
   1.0522465e-02
   1.0896757e-02
   9.3103927e-03
   4.1941996e-03
   4.2126194e-04
  -1.5666359e-03
  -3.2972323e-03
  -3.6875794e-03
  -2.3387033e-03
   0.0000000e+00
   0.0000000e+00
   0.0000000e+00
   0.0000000e+00
   0.0000000e+00
   1.2377484e-02
   1.4888003e-02
   1.6204154e-02
   1.5694941e-02
   2.6038254e-02
   3.3478267e-02
   3.7593734e-02
   3.9984617e-02
   4.5846365e-02
   5.1968150e-02
   5.6591913e-02
   6.0555812e-02
   6.2933333e-02
   6.5137555e-02
   0.0000000e+00
   4.6521708e-02
   5.1588569e-02
   5.2075606e-02
   4.9347166e-02
   4.7342353e-02
   4.6799254e-02
   4.7653709e-02
   4.7583573e-02
   4.5070130e-02
   3.9772637e-02
   3.3375647e-02
   2.8241407e-02
   2.5750574e-02
   2.5849478e-02
   2.6621245e-02
   2.0934183e-02
   0.0000000e+00
   0.0000000e+00
   0.0000000e+00
   0.0000000e+00
   0.0000000e+00
   2.4391554e-02
   3.2339901e-02
   3.6579764e-02
   4.9678908e-02
   4.6752635e-02
   5.1331270e-02
   5.6798019e-02
   5.8292270e-02
   6.2444754e-02
   6.8628922e-02
   7.4552350e-02
   8.0337174e-02
   8.4570840e-02
   8.1920842e-02
   0.0000000e+00
   5.4575896e-02
   7.1616530e-02
   7.9963647e-02
   8.2566358e-02
   8.3639219e-02
   8.3411127e-02
   8.2212120e-02
   7.7823006e-02
   7.0419133e-02
   6.3163519e-02
   5.7353966e-02
   5.3799838e-02
   5.3120557e-02
   5.4787088e-02
   5.3494073e-02
   4.7538111e-02
   0.0000000e+00
   0.0000000e+00
   0.0000000e+00
   0.0000000e+00
   0.0000000e+00
   3.8738257e-02
   4.6200006e-02
   4.7733506e-02
   5.1977578e-02
   5.6627907e-02
   5.7474587e-02
   5.9847902e-02
   5.9047650e-02
   6.0643956e-02
   6.4985793e-02
   6.9986146e-02
   7.6093981e-02
   7.9869663e-02
   7.1492448e-02
   0.0000000e+00
   0.0000000e+00
   6.9038798e-02
   8.5004347e-02
   9.5264932e-02
   1.0036808e-01
   9.7439204e-02
   9.0130096e-02
   8.2655055e-02
   7.2058433e-02
   6.6430632e-02
   6.6370767e-02
   6.7470834e-02
   6.8985489e-02
   7.0537869e-02
   6.6109017e-02
   5.6545641e-02
   0.0000000e+00
   0.0000000e+00
   0.0000000e+00
   0.0000000e+00
   0.0000000e+00
   4.6011556e-02
   5.0301835e-02
   5.0437484e-02
   5.1454782e-02
   5.3099863e-02
   5.1811501e-02
   4.9441107e-02
   4.6643488e-02
   4.5606919e-02
   4.7294177e-02
   5.1707577e-02
   5.6439728e-02
   5.7235710e-02
   4.6076894e-02
   0.0000000e+00
   0.0000000e+00
   4.9541119e-02
   6.7125306e-02
   8.2572117e-02
   8.8032216e-02
   7.9943702e-02
   6.8136686e-02
   6.6698582e-02
   5.6484129e-02
   5.2280139e-02
   5.6096457e-02
   6.2759638e-02
   6.7733459e-02
   6.8971604e-02
   6.4158641e-02
   5.5078111e-02
   4.1872418e-02
   0.0000000e+00
   0.0000000e+00
   0.0000000e+00
   4.1998539e-02
   4.3222103e-02
   4.5098152e-02
   4.3264030e-02
   4.0623996e-02
   3.7567504e-02
   3.3519037e-02
   2.8994337e-02
   2.5204919e-02
   2.2995499e-02
   2.3227623e-02
   2.5430126e-02
   2.7225260e-02
   2.5426663e-02
   1.8361506e-02
   1.4274954e-02
   0.0000000e+00
   0.0000000e+00
   3.6850124e-02
   5.0964329e-02
   5.3449128e-02
   3.9926912e-02
   2.7994786e-02
   0.0000000e+00
   2.6483529e-02
   2.7784040e-02
   3.2925095e-02
   4.0912523e-02
   4.7487654e-02
   4.8591353e-02
   4.6371149e-02
   4.4007024e-02
   2.8664233e-02
   0.0000000e+00
   0.0000000e+00
   0.0000000e+00
   3.4550365e-02
   3.4807239e-02
   3.2160796e-02
   2.7108347e-02
   2.1857360e-02
   1.6498223e-02
   1.2214644e-02
   8.9940503e-03
   5.6127110e-03
   3.5783448e-03
   3.5740545e-03
   3.9605340e-03
   3.0665351e-03
   9.2206232e-05
  -8.5187412e-04
   2.5303154e-03
   0.0000000e+00
   0.0000000e+00
   1.2893059e-02
   2.4492607e-02
   2.2810012e-02
   7.8554703e-03
  -3.6392095e-03
   0.0000000e+00
  -0.0000000e+00
   7.3487018e-03
   1.7031066e-02
   2.0074874e-02
   2.3202315e-02
   2.3747955e-02
   2.3587098e-02
   2.5579944e-02
   7.1413787e-03
   1.3880189e-02
   0.0000000e+00
   0.0000000e+00
   1.0540980e-02
   9.1623440e-03
   5.0652134e-03
  -4.5177812e-04
  -5.7309000e-03
  -1.0018934e-02
  -1.2481134e-02
  -1.4080323e-02
  -1.4951191e-02
  -1.5349950e-02
  -1.5782354e-02
  -1.7156268e-02
  -2.0772807e-02
  -2.5487788e-02
  -2.3151478e-02
  -1.7888924e-02
   0.0000000e+00
  -0.0000000e+00
  -9.0842799e-03
  -1.9975742e-03
  -8.0308532e-03
  -2.0722996e-02
  -2.1462562e-02
   0.0000000e+00
  -0.0000000e+00
  -1.5263466e-02
  -7.0172809e-03
  -7.0920158e-03
  -6.4652446e-03
  -6.1560357e-03
  -5.4349005e-03
  -1.9483175e-03
  -1.2752937e-02
  -2.5014441e-03
   0.0000000e+00
  -0.0000000e+00
  -1.0480664e-02
  -1.1588401e-02
  -1.4538631e-02
  -1.9123532e-02
  -2.3288079e-02
  -2.5912018e-02
  -2.7197627e-02
  -2.7280588e-02
  -2.6179630e-02
  -2.5818741e-02
  -2.7202925e-02
  -3.0776547e-02
  -3.6471125e-02
  -4.3062914e-02
  -3.2488339e-02
  -1.7798606e-02
   0.0000000e+00
   0.0000000e+00
  -0.0000000e+00
  -1.9235343e-02
  -2.7007774e-02
  -3.3004703e-02
  -1.7963866e-02
   0.0000000e+00
  -0.0000000e+00
  -1.8780028e-02
  -2.2230128e-02
  -2.4823552e-02
  -2.4458518e-02
  -2.4670620e-02
  -2.4346100e-02
  -2.1202875e-02
  -2.9283650e-02
  -1.6740364e-02
  -1.1378612e-02
  -2.2106697e-02
  -2.4257258e-02
  -2.4864750e-02
  -2.7330525e-02
  -3.0934602e-02
  -3.3796340e-02
  -3.5678044e-02
  -3.6345840e-02
  -3.5234295e-02
  -3.3239897e-02
  -3.3721961e-02
  -3.7513938e-02
  -4.3914258e-02
  -5.1051371e-02
  -5.6942884e-02
  -4.2797678e-02
  -1.5506897e-02
   0.0000000e+00
   0.0000000e+00
  -0.0000000e+00
  -3.5003979e-02
  -4.1262619e-02
  -3.7863540e-02
   0.0000000e+00
   0.0000000e+00
  -0.0000000e+00
  -2.0275575e-02
  -3.2033235e-02
  -3.6115855e-02
  -3.6505170e-02
  -3.8040541e-02
  -3.9205946e-02
  -3.7239403e-02
  -3.7872966e-02
  -2.3055065e-02
  -1.2497072e-02
  -2.3705332e-02
  -2.6485160e-02
  -2.8136989e-02
  -3.1116366e-02
  -3.3937864e-02
  -3.5850044e-02
  -3.7586808e-02
  -3.8564075e-02
  -3.7335075e-02
  -3.6823157e-02
  -4.0288195e-02
  -4.6689529e-02
  -5.4093204e-02
  -5.9755258e-02
  -6.1488245e-02
  -4.7795221e-02
   0.0000000e+00
   0.0000000e+00
   0.0000000e+00
  -0.0000000e+00
  -4.5974676e-02
  -4.6684891e-02
  -2.6270236e-02
   0.0000000e+00
   0.0000000e+00
   0.0000000e+00
  -0.0000000e+00
  -3.6576476e-02
  -4.0437981e-02
  -4.2143527e-02
  -4.4357888e-02
  -4.6602719e-02
  -4.5647740e-02
  -3.8727853e-02
  -2.4495153e-02
  -1.2760479e-02
  -1.7555131e-02
  -2.2261102e-02
  -2.5750408e-02
  -2.9350577e-02
  -3.1898938e-02
  -3.3457417e-02
  -3.5362858e-02
  -3.6839209e-02
  -3.7745576e-02
  -4.1442078e-02
  -4.8129700e-02
  -5.5064194e-02
  -6.0250010e-02
  -6.2058803e-02
  -5.2360244e-02
  -3.8672284e-02
   0.0000000e+00
   0.0000000e+00
   0.0000000e+00
  -0.0000000e+00
  -5.1576499e-02
  -4.4380926e-02
  -1.2074183e-02
   0.0000000e+00
   0.0000000e+00
   0.0000000e+00
  -0.0000000e+00
  -3.7999991e-02
  -4.1319959e-02
  -4.4148430e-02
  -4.5390807e-02
  -4.7139749e-02
  -4.6251856e-02
  -3.2227881e-02
  -1.9758228e-02
  -7.9741413e-03
  -9.6310498e-03
  -1.5675267e-02
  -2.0115208e-02
  -2.3338947e-02
  -2.5576871e-02
  -2.7621621e-02
  -3.0350555e-02
  -3.3559714e-02
  -3.8823552e-02
  -4.7407612e-02
  -5.6049485e-02
  -6.1469510e-02
  -6.1632022e-02
  -5.5876479e-02
  -3.4640640e-02
   0.0000000e+00
   0.0000000e+00
   0.0000000e+00
   0.0000000e+00
  -0.0000000e+00
  -5.0349601e-02
  -3.5766087e-02
  -3.4329976e-03
   0.0000000e+00
   0.0000000e+00
   0.0000000e+00
  -0.0000000e+00
  -3.4709521e-02
  -3.8774148e-02
  -4.2665452e-02
  -4.1592978e-02
  -4.1621331e-02
  -3.9654102e-02
  -2.3059395e-02
  -1.2944371e-02
  -2.7377945e-03
  -4.1687870e-03
  -8.9401519e-03
  -1.2443167e-02
  -1.4970084e-02
  -1.7677007e-02
  -2.0932512e-02
  -2.4918796e-02
  -2.9920042e-02
  -3.7427150e-02
  -4.7233582e-02
  -5.5172171e-02
  -5.8122944e-02
  -5.3323101e-02
  -3.9679971e-02
  -1.3784315e-02
   0.0000000e+00
   0.0000000e+00
   0.0000000e+00
   0.0000000e+00
  -0.0000000e+00
  -4.2231437e-02
  -2.4934955e-02
  -1.2455625e-04
   0.0000000e+00
   0.0000000e+00
   0.0000000e+00
  -0.0000000e+00
  -2.8175475e-02
  -3.3149093e-02
  -3.7761532e-02
  -3.3074483e-02
  -3.1109225e-02
  -2.8368328e-02
  -1.9328612e-02
  -6.3440174e-03
   9.7219856e-04
  -1.1609456e-03
  -5.0539835e-03
  -8.3157141e-03
  -1.1696899e-02
  -1.6100783e-02
  -2.1199167e-02
  -2.6996387e-02
  -3.2676455e-02
  -3.8817652e-02
  -4.5065854e-02
  -4.8673581e-02
  -4.7232579e-02
  -3.8013581e-02
  -2.1533348e-02
  -9.3884766e-05
   0.0000000e+00
   0.0000000e+00
   0.0000000e+00
   0.0000000e+00
  -0.0000000e+00
  -3.0277841e-02
  -1.4648168e-02
   2.2557226e-03
   0.0000000e+00
   0.0000000e+00
   0.0000000e+00
  -0.0000000e+00
  -2.0718189e-02
  -2.4890336e-02
  -3.5236203e-02
  -2.5761764e-02
  -2.2253796e-02
  -1.8611787e-02
   0.0000000e+00
  -0.0000000e+00
   6.0108867e-04
  -2.7717409e-03
  -7.0746179e-03
  -1.0982249e-02
  -1.5522256e-02
  -2.1061584e-02
  -2.7198326e-02
  -3.3491123e-02
  -3.8399483e-02
  -4.2044482e-02
  -4.4286141e-02
  -4.4144607e-02
  -3.9602510e-02
  -2.8677229e-02
  -1.3335125e-02
   3.4265072e-03
   0.0000000e+00
   0.0000000e+00
   0.0000000e+00
   0.0000000e+00
  -3.2651577e-02
  -1.5224037e-02
  -3.1893832e-03
   7.6056192e-03
   0.0000000e+00
   0.0000000e+00
   0.0000000e+00
  -0.0000000e+00
  -1.2374456e-02
  -1.0823511e-02
   0.0000000e+00
  -2.2784134e-02
  -1.8126581e-02
  -1.2586454e-02
   0.0000000e+00
  -0.0000000e+00
  -6.3144962e-03
  -1.1566151e-02
  -1.5756873e-02
  -1.8726287e-02
  -2.1547095e-02
  -2.4938357e-02
  -2.9428490e-02
  -3.4341674e-02
  -3.8105766e-02
  -4.0876514e-02
  -4.2812305e-02
  -4.3131805e-02
  -3.9509117e-02
  -3.0379383e-02
  -2.0043469e-02
  -6.4425894e-03
  -4.4774375e-04
   0.0000000e+00
   0.0000000e+00
  -0.0000000e+00
  -1.9446721e-02
   6.5872070e-04
   0.0000000e+00
   1.4896138e-02
   0.0000000e+00
   0.0000000e+00
   0.0000000e+00
   0.0000000e+00
  -2.3152825e-03
   2.1048366e-03
   0.0000000e+00
  -0.0000000e+00
  -1.4746856e-02
  -6.8775133e-03
   0.0000000e+00
  -0.0000000e+00
  -1.6857408e-02
  -2.4360251e-02
  -2.8290810e-02
  -2.9476959e-02
  -2.8884765e-02
  -2.8630655e-02
  -3.0619932e-02
  -3.4418978e-02
  -3.7543967e-02
  -3.9115947e-02
  -3.9485630e-02
  -3.9960071e-02
  -4.0786851e-02
  -3.9781108e-02
  -3.7864979e-02
  -2.7155204e-02
  -8.6091589e-03
   0.0000000e+00
  -0.0000000e+00
  -4.1994970e-02
  -1.1043259e-02
   1.1384347e-02
   0.0000000e+00
   0.0000000e+00
   0.0000000e+00
   0.0000000e+00
   0.0000000e+00
   0.0000000e+00
   8.4786613e-03
   1.0857110e-02
   0.0000000e+00
  -0.0000000e+00
  -7.3765467e-03
  -4.2015584e-03
  -0.0000000e+00
  -2.4230451e-02
  -3.0850805e-02
  -4.0976189e-02
  -4.5912888e-02
  -4.6532270e-02
  -4.3621700e-02
  -4.0296692e-02
  -3.9742626e-02
  -4.2955682e-02
  -4.6838369e-02
  -4.8523273e-02
  -4.6847124e-02
  -4.2836953e-02
  -4.0161926e-02
  -4.2629082e-02
  -5.0553221e-02
  -5.4329030e-02
  -4.4822827e-02
   0.0000000e+00
  -6.0273390e-02
  -4.5951102e-02
  -1.1589495e-02
   1.4543379e-02
   0.0000000e+00
   0.0000000e+00
   0.0000000e+00
   0.0000000e+00
   0.0000000e+00
   0.0000000e+00
   0.0000000e+00
   2.3238254e-02
   0.0000000e+00
   0.0000000e+00
   0.0000000e+00
   0.0000000e+00
  -0.0000000e+00
  -3.7710849e-02
  -4.5313764e-02
  -5.6659520e-02
  -6.3264742e-02
  -6.4864621e-02
  -6.2053159e-02
  -5.7951856e-02
  -5.6271683e-02
  -5.9448376e-02
  -6.4857751e-02
  -6.7903884e-02
  -6.4694226e-02
  -5.3681709e-02
  -3.8217675e-02
  -2.7870722e-02
  -3.3142967e-02
  -6.6973505e-02
  -1.0252029e-01
  -8.0997943e-02
  -6.0143361e-02
  -4.9016248e-02
  -2.1633124e-02
   3.4989347e-03
   0.0000000e+00
   0.0000000e+00
   0.0000000e+00
   0.0000000e+00
   0.0000000e+00
   0.0000000e+00
   0.0000000e+00
   0.0000000e+00
   0.0000000e+00
   0.0000000e+00
   0.0000000e+00
   0.0000000e+00
  -0.0000000e+00
  -4.4867314e-02
  -5.2618865e-02
  -6.3672721e-02
  -7.0983857e-02
  -7.4267663e-02
  -7.3106758e-02
  -6.9595657e-02
  -6.7706652e-02
  -7.0276946e-02
  -7.5949490e-02
  -7.9529986e-02
  -7.4914865e-02
  -5.8513749e-02
  -3.3102967e-02
  -1.1149917e-02
  -6.0172668e-03
  -0.0000000e+00
  -7.5258508e-02
  -6.4226300e-02
  -5.2664269e-02
  -5.0065137e-02
  -3.6022428e-02
  -1.5910894e-02
   0.0000000e+00
   0.0000000e+00
   0.0000000e+00
   0.0000000e+00
   0.0000000e+00
   0.0000000e+00
   0.0000000e+00
   0.0000000e+00
   0.0000000e+00
   0.0000000e+00
   0.0000000e+00
   0.0000000e+00
  -0.0000000e+00
  -4.2552520e-02
  -5.1809326e-02
  -6.1545782e-02
  -6.8820104e-02
  -7.2961502e-02
  -7.3021129e-02
  -7.0054360e-02
  -6.7227334e-02
  -6.7683309e-02
  -7.1530640e-02
  -7.4604467e-02
  -7.0500486e-02
  -5.3113416e-02
  -2.4202190e-02
  -5.0398710e-03
  -3.5814921e-03
  -0.0000000e+00
  -4.5408968e-02
  -4.2462189e-02
  -4.1718595e-02
  -4.6533629e-02
  -4.6367861e-02
  -3.5339974e-02
   0.0000000e+00
   0.0000000e+00
   0.0000000e+00
   0.0000000e+00
   0.0000000e+00
   0.0000000e+00
   0.0000000e+00
   0.0000000e+00
   0.0000000e+00
   0.0000000e+00
   0.0000000e+00
   0.0000000e+00
  -0.0000000e+00
  -3.2875118e-02
  -4.2809471e-02
  -5.0712671e-02
  -5.6725625e-02
  -6.0315706e-02
  -5.9798606e-02
  -5.6444626e-02
  -5.2860696e-02
  -5.1929984e-02
  -5.3992178e-02
  -5.6339543e-02
  -5.3454924e-02
  -3.8792163e-02
  -1.1446916e-02
   2.0430122e-03
  -0.0000000e+00
  -0.0000000e+00
  -2.6143749e-02
  -2.5976948e-02
  -2.8913261e-02
  -3.7149463e-02
  -4.7546100e-02
  -4.6692827e-02
   0.0000000e+00
   0.0000000e+00
   0.0000000e+00
   0.0000000e+00
   0.0000000e+00
   0.0000000e+00
   0.0000000e+00
   0.0000000e+00
   0.0000000e+00
   0.0000000e+00
   0.0000000e+00
   0.0000000e+00
   0.0000000e+00
  -1.7306169e-02
  -2.3340898e-02
  -2.8989878e-02
  -3.2357767e-02
  -3.3630542e-02
  -3.0664358e-02
  -2.5883505e-02
  -2.2983555e-02
  -2.4438435e-02
  -2.8246302e-02
  -3.1657949e-02
  -3.0371368e-02
  -1.9612493e-02
   2.9399500e-03
   0.0000000e+00
  -0.0000000e+00
  -1.1667033e-02
  -8.1636310e-03
  -1.1450951e-02
  -1.5767641e-02
  -2.3518223e-02
  -3.6330324e-02
  -4.0182516e-02
   0.0000000e+00
   0.0000000e+00
   0.0000000e+00
   0.0000000e+00
   0.0000000e+00
   0.0000000e+00
   0.0000000e+00
   0.0000000e+00
   0.0000000e+00
   0.0000000e+00
   0.0000000e+00
   0.0000000e+00
   0.0000000e+00
   0.0000000e+00
   3.1074898e-03
   1.1143212e-03
   5.5841811e-04
   2.1524534e-03
   7.5767417e-03
   1.3094753e-02
   1.3976033e-02
   8.4523419e-03
   3.9514012e-04
  -6.3089179e-03
  -7.8497445e-03
  -1.1226413e-04
   1.1186923e-02
   0.0000000e+00
  -0.0000000e+00
  -1.1667033e-02
   6.7066610e-03
   2.6713221e-03
  -3.2461325e-03
  -9.5838765e-03
  -2.0424591e-02
  -2.6244841e-02
   0.0000000e+00
   0.0000000e+00
   0.0000000e+00
  -0.0000000e+00
  -0.0000000e+00
   0.0000000e+00
   0.0000000e+00
   0.0000000e+00
   0.0000000e+00
   0.0000000e+00
   0.0000000e+00
   0.0000000e+00
   0.0000000e+00
   0.0000000e+00
   3.2018833e-02
   4.2823050e-02
   4.8171397e-02
   5.2024800e-02
   5.8816895e-02
   6.2608957e-02
   6.0192436e-02
   5.0728559e-02
   3.8200919e-02
   2.7177105e-02
   2.0359481e-02
   2.3550089e-02
   2.8237825e-02
   0.0000000e+00
   0.0000000e+00
   0.0000000e+00
   0.0000000e+00
   2.0524966e-02
   1.4999500e-02
   1.0366019e-02
   2.6216386e-03
  -6.4009666e-03
   9.8798122e-03
   0.0000000e+00
   0.0000000e+00
   0.0000000e+00
   0.0000000e+00
   0.0000000e+00
   0.0000000e+00
   0.0000000e+00
   0.0000000e+00
   0.0000000e+00
   0.0000000e+00
   0.0000000e+00
   0.0000000e+00
   0.0000000e+00
   3.9936870e-02
   6.4381897e-02
   7.5077629e-02
   7.9350129e-02
   8.5711770e-02
   8.6434011e-02
   8.1266977e-02
   7.1543992e-02
   6.0223934e-02
   4.9191747e-02
   3.8872179e-02
   3.5238805e-02
   3.6351118e-02
   0.0000000e+00
   0.0000000e+00
   0.0000000e+00
   0.0000000e+00
   3.2355985e-02
   3.1397320e-02
   2.8226169e-02
   2.2465655e-02
   1.3873975e-02
   9.8798113e-03
   0.0000000e+00
   0.0000000e+00
   0.0000000e+00
   0.0000000e+00
   0.0000000e+00
   0.0000000e+00
   0.0000000e+00
   0.0000000e+00
   0.0000000e+00
   0.0000000e+00
   0.0000000e+00
   0.0000000e+00
   0.0000000e+00
   0.0000000e+00
   7.1697503e-02
   7.9157688e-02
   8.5589834e-02
   9.0144642e-02
   8.6326703e-02
   7.9026312e-02
   7.1653157e-02
   6.5692969e-02
   5.9272334e-02
   4.9026497e-02
   3.4400853e-02
   0.0000000e+00
   0.0000000e+00
   0.0000000e+00
   0.0000000e+00
   0.0000000e+00
   0.0000000e+00
   4.7239307e-02
   4.4732608e-02
   4.2168725e-02
   3.2744329e-02
   0.0000000e+00
   0.0000000e+00
   0.0000000e+00
   0.0000000e+00
   0.0000000e+00
   0.0000000e+00
   0.0000000e+00
   0.0000000e+00
   0.0000000e+00
   0.0000000e+00
   0.0000000e+00
   0.0000000e+00
   0.0000000e+00
   0.0000000e+00
   0.0000000e+00
   0.0000000e+00
   5.7261615e-02
   6.5469123e-02
   6.6825695e-02
   6.1652239e-02
   5.6323629e-02
   5.3349219e-02
   5.2736527e-02
   5.1969457e-02
   4.6284836e-02
   3.2246392e-02
   0.0000000e+00
   0.0000000e+00
   0.0000000e+00
   0.0000000e+00
   0.0000000e+00
   0.0000000e+00
   0.0000000e+00
   4.7994395e-02
   5.1186255e-02
   4.7598884e-02
   4.5047986e-02
   0.0000000e+00
   0.0000000e+00
   0.0000000e+00
   0.0000000e+00
   0.0000000e+00
   0.0000000e+00
   0.0000000e+00
   0.0000000e+00
   0.0000000e+00
   0.0000000e+00
   0.0000000e+00
   0.0000000e+00
   0.0000000e+00
   0.0000000e+00
   0.0000000e+00
   2.3291819e-02
   2.8135920e-02
   2.9716630e-02
   2.6727919e-02
   2.5384241e-02
   2.7073246e-02
   3.1294998e-02
   3.5562943e-02
   3.5136267e-02
   2.8402959e-02
   0.0000000e+00
   0.0000000e+00
   0.0000000e+00
   0.0000000e+00
   0.0000000e+00
   0.0000000e+00
   0.0000000e+00
   0.0000000e+00
   5.0236791e-02
   5.1421524e-02
   4.7532820e-02
   0.0000000e+00
   0.0000000e+00
   0.0000000e+00
   0.0000000e+00
   0.0000000e+00
   0.0000000e+00
   0.0000000e+00
   0.0000000e+00
   0.0000000e+00
   0.0000000e+00
   0.0000000e+00
   0.0000000e+00
   0.0000000e+00
   0.0000000e+00
   0.0000000e+00
  -6.2921614e-03
  -8.6391530e-03
  -1.0903484e-02
  -9.8779161e-03
  -8.4745120e-03
  -3.2225631e-03
   6.3303950e-03
   1.4552127e-02
   1.7489596e-02
   1.9060625e-02
   0.0000000e+00
   0.0000000e+00
   0.0000000e+00
   0.0000000e+00
   0.0000000e+00
   0.0000000e+00
   0.0000000e+00
   3.0799976e-02
   3.6050106e-02
   3.6721792e-02
   1.7793835e-02
   0.0000000e+00
   0.0000000e+00
   0.0000000e+00
   0.0000000e+00
   0.0000000e+00
   0.0000000e+00
   0.0000000e+00
   0.0000000e+00
   0.0000000e+00
   0.0000000e+00
   0.0000000e+00
   0.0000000e+00
   0.0000000e+00
   0.0000000e+00
  -0.0000000e+00
  -2.3721865e-02
  -3.3829626e-02
  -0.0000000e+00
  -4.1963606e-02
  -3.6588257e-02
  -2.2697638e-02
  -1.1967666e-02
  -2.6561990e-03
  -1.8233071e-03
   0.0000000e+00
   0.0000000e+00
   0.0000000e+00
   0.0000000e+00
   0.0000000e+00
   0.0000000e+00
   0.0000000e+00
   0.0000000e+00
   1.3948205e-02
   1.0666033e-02
   2.2424713e-03
   5.6044950e-04
   5.3086506e-03
   0.0000000e+00
   0.0000000e+00
   0.0000000e+00
   0.0000000e+00
   0.0000000e+00
   0.0000000e+00
   0.0000000e+00
   0.0000000e+00
   0.0000000e+00
   0.0000000e+00
   0.0000000e+00
   0.0000000e+00
   0.0000000e+00
   0.0000000e+00
   0.0000000e+00
   0.0000000e+00
   0.0000000e+00
  -0.0000000e+00
  -0.0000000e+00
   0.0000000e+00
   0.0000000e+00
   0.0000000e+00
   0.0000000e+00
   0.0000000e+00
   0.0000000e+00
   0.0000000e+00
   0.0000000e+00
   0.0000000e+00
   0.0000000e+00
   0.0000000e+00
   0.0000000e+00
   0.0000000e+00
   0.0000000e+00
   0.0000000e+00
  -0.0000000e+00
  -8.8813365e-03
  -9.7398022e-03
   0.0000000e+00
  -0.0000000e+00
  -0.0000000e+00
   0.0000000e+00
   0.0000000e+00
   0.0000000e+00
   0.0000000e+00
   0.0000000e+00
   0.0000000e+00
   0.0000000e+00
   0.0000000e+00
   0.0000000e+00
   0.0000000e+00
   0.0000000e+00
   0.0000000e+00
  -0.0000000e+00
  -0.0000000e+00
  -0.0000000e+00
  -0.0000000e+00
  -0.0000000e+00
  -0.0000000e+00
  -0.0000000e+00
  -0.0000000e+00
  -0.0000000e+00
  -0.0000000e+00
  -0.0000000e+00
  -0.0000000e+00
  -0.0000000e+00
  -0.0000000e+00
  -0.0000000e+00
  -0.0000000e+00
  -0.0000000e+00
  -0.0000000e+00
  -0.0000000e+00
  -1.2669954e-02
  -1.3347306e-02
  -9.0912744e-03
  -7.3314909e-03
  -5.4058120e-03
  -5.5070609e-03
  -3.8757928e-03
  -3.6945238e-03
  -0.0000000e+00
  -0.0000000e+00
  -0.0000000e+00
