  3.855209e-01
  3.243231e-01
  3.128321e-01
  3.062724e-01
  2.978939e-01
  2.902105e-01
  2.825783e-01
  2.724752e-01
  2.632028e-01
  2.532169e-01
  2.412692e-01
  2.386625e-01
  2.391890e-01
  2.430472e-01
  2.435926e-01
  2.474493e-01
  2.448137e-01
  2.291565e-01
  2.266526e-01
  2.372192e-01
  2.424965e-01
  2.355904e-01
  2.275223e-01
  2.217889e-01
  2.223360e-01
  2.236142e-01
  2.263660e-01
  2.361211e-01
  2.528263e-01
  2.702875e-01
  2.943675e-01
  3.139304e-01
  3.230927e-01
  3.353358e-01
  3.469058e-01
  3.353343e-01
