   0.0000000e+00
   0.0000000e+00
   0.0000000e+00
   0.0000000e+00
  -0.0000000e+00
   0.0000000e+00
   0.0000000e+00
   0.0000000e+00
   0.0000000e+00
   0.0000000e+00
   0.0000000e+00
   0.0000000e+00
   0.0000000e+00
   0.0000000e+00
   0.0000000e+00
   0.0000000e+00
   0.0000000e+00
   0.0000000e+00
   0.0000000e+00
   0.0000000e+00
   0.0000000e+00
   0.0000000e+00
   0.0000000e+00
   0.0000000e+00
   0.0000000e+00
   0.0000000e+00
   0.0000000e+00
   0.0000000e+00
   0.0000000e+00
   0.0000000e+00
   0.0000000e+00
   0.0000000e+00
   0.0000000e+00
   0.0000000e+00
   0.0000000e+00
   0.0000000e+00
   4.4135144e-03
   3.7305185e-03
   8.1982137e-03
   1.0804391e-02
   0.0000000e+00
   0.0000000e+00
   1.1069158e-02
   6.5329578e-03
   5.7104239e-03
   4.0986822e-03
   2.3985016e-03
   1.8065608e-03
   3.9403206e-03
   5.3909668e-03
   5.8005266e-03
   5.2315742e-03
   5.6703654e-03
   1.0855126e-03
   8.6268738e-04
   0.0000000e+00
   5.6366934e-03
   7.9010380e-03
   8.5715447e-03
   6.0306084e-03
   0.0000000e+00
  -0.0000000e+00
  -0.0000000e+00
  -0.0000000e+00
  -0.0000000e+00
  -0.0000000e+00
  -0.0000000e+00
   0.0000000e+00
   0.0000000e+00
   0.0000000e+00
   0.0000000e+00
   0.0000000e+00
  -3.9598346e-03
   2.0536315e-03
   9.1874553e-03
   8.9012466e-03
   1.4376996e-02
   1.2215326e-02
   5.7567363e-03
   1.5955773e-03
   9.8166952e-04
   9.5293246e-04
  -7.0881448e-05
  -6.7314634e-04
  -6.0124556e-04
   1.3069723e-04
   4.6897616e-04
   7.4263837e-04
   2.1884968e-03
   1.7845383e-03
  -5.3949766e-04
  -9.1773438e-04
   2.1867228e-03
   5.7201558e-03
   5.7166433e-03
   2.9619157e-03
  -1.6612960e-03
  -6.6618552e-03
  -1.1200203e-02
  -1.2576497e-02
  -9.2954310e-03
  -3.8411980e-03
   1.0826985e-03
   5.8739129e-03
   7.6039801e-03
   5.3481371e-03
   7.0404977e-04
  -3.8548454e-03
  -8.6706223e-03
  -1.2395667e-03
   4.9082749e-03
   0.0000000e+00
   0.0000000e+00
   1.0352498e-02
   1.6102114e-03
  -3.7210446e-03
  -1.6470250e-03
  -3.7849210e-03
  -5.1926328e-03
  -6.7128963e-03
  -9.4935531e-03
  -9.1912914e-03
  -8.1865340e-03
  -7.3090517e-03
  -4.8799482e-03
  -5.6068688e-03
  -1.2109216e-02
   3.2446026e-03
   4.3968268e-04
   1.4202709e-03
   2.1768662e-03
  -1.5570737e-03
  -7.7661891e-03
  -1.4368506e-02
  -1.9481014e-02
  -1.8907078e-02
  -1.2527552e-02
  -5.1746354e-03
   9.1123255e-04
   3.5676630e-03
   3.3272186e-03
  -4.5794205e-04
  -6.6958461e-03
  -1.2458799e-02
   0.0000000e+00
   0.0000000e+00
   0.0000000e+00
   0.0000000e+00
   0.0000000e+00
   7.2249128e-03
  -4.6246378e-03
  -1.0954310e-02
  -1.3772926e-02
  -1.1884513e-02
  -1.2436391e-02
  -1.3613050e-02
  -1.7351838e-02
  -1.6541962e-02
  -1.5325767e-02
  -1.3202510e-02
  -1.0685394e-02
  -1.2262240e-02
  -1.8460788e-02
   0.0000000e+00
  -1.9296452e-03
  -2.0505062e-03
  -2.0504664e-03
  -6.8682735e-03
  -1.4744109e-02
  -2.2832287e-02
  -2.6051022e-02
  -2.1032782e-02
  -1.1468904e-02
  -4.1398588e-03
   3.3669031e-04
   6.0761286e-05
  -2.9096345e-03
  -8.6283190e-03
  -1.5514355e-02
  -2.2412590e-02
   0.0000000e+00
   0.0000000e+00
   0.0000000e+00
   0.0000000e+00
   0.0000000e+00
  -1.1356893e-03
  -8.2467818e-03
  -1.4484890e-02
  -1.5276427e-02
  -1.4775101e-02
  -1.6793039e-02
  -1.7494974e-02
  -1.9216930e-02
  -1.8376017e-02
  -1.7017658e-02
  -1.4652246e-02
  -1.3206061e-02
  -1.3357817e-02
  -1.2989471e-02
   0.0000000e+00
  -0.0000000e+00
  -3.7640473e-03
  -5.4074639e-03
  -1.1644565e-02
  -1.9514044e-02
  -2.5314889e-02
  -2.4672893e-02
  -1.4844377e-02
  -3.7782404e-03
  -1.1207020e-04
   7.9537415e-04
  -2.8703121e-03
  -8.4430329e-03
  -1.4298798e-02
  -1.6734678e-02
  -1.7878432e-02
   0.0000000e+00
   0.0000000e+00
   0.0000000e+00
   0.0000000e+00
   0.0000000e+00
  -1.4561535e-03
  -7.9980940e-03
  -1.5070062e-02
  -1.5673980e-02
  -1.5864005e-02
  -1.6973503e-02
  -1.6087741e-02
  -1.5687807e-02
  -1.5469891e-02
  -1.4544260e-02
  -1.3375581e-02
  -1.2747691e-02
  -9.0766177e-03
   2.1934269e-03
   0.0000000e+00
  -0.0000000e+00
  -5.7737818e-03
  -8.2050841e-03
  -1.4322605e-02
  -1.8389810e-02
  -1.7359627e-02
  -1.4486300e-02
  -3.4539965e-03
   4.6387725e-03
   3.4262976e-03
   2.8235905e-03
  -3.5700146e-03
  -1.0708650e-02
  -1.5130303e-02
  -1.2783879e-02
  -4.8993288e-03
   8.1339264e-03
   0.0000000e+00
   0.0000000e+00
  -0.0000000e+00
   1.5954655e-03
  -2.4799265e-03
  -1.0092180e-02
  -1.4516201e-02
  -1.3797824e-02
  -1.3382427e-02
  -1.1483047e-02
  -9.6085863e-03
  -9.2341127e-03
  -9.8810119e-03
  -1.0328954e-02
  -1.0016403e-02
  -8.2709314e-03
  -3.4862699e-04
   2.0998567e-02
   2.6691236e-02
   0.0000000e+00
  -0.0000000e+00
  -1.1985838e-02
  -1.3351976e-02
  -9.5849084e-03
   1.7620892e-03
   1.1469486e-02
   0.0000000e+00
   5.7892182e-03
   7.3024402e-03
   6.1149155e-03
  -2.9190114e-03
  -8.9321937e-03
  -1.0390280e-02
  -6.0221690e-03
   3.8127460e-03
   1.5185828e-02
   0.0000000e+00
   0.0000000e+00
  -0.0000000e+00
  -1.3508616e-03
  -5.9528062e-03
  -9.6412385e-03
  -1.0235818e-02
  -8.4184939e-03
  -6.8241372e-03
  -4.4711288e-03
  -3.1416372e-03
  -3.3581720e-03
  -5.0839311e-03
  -6.5408163e-03
  -5.9207948e-03
  -2.7401333e-03
   7.6482138e-03
   3.1207405e-02
   3.2106183e-02
   0.0000000e+00
  -0.0000000e+00
  -1.6368570e-02
  -1.0325314e-02
   2.2875471e-04
   2.0742754e-02
   3.6066480e-02
   0.0000000e+00
   0.0000000e+00
   7.1066506e-03
   2.4502676e-03
  -3.1523481e-03
  -5.1477337e-03
  -4.1489410e-03
   7.6094577e-05
   7.9198666e-03
   1.9141117e-02
   1.8716924e-02
   0.0000000e+00
  -0.0000000e+00
  -1.8024328e-03
  -1.0288348e-03
  -1.1247919e-03
  -7.3675154e-04
   5.5265491e-04
   1.7208148e-03
   2.8168589e-03
   3.7401302e-03
   2.2626945e-03
  -8.8133186e-04
  -2.4591086e-03
  -1.1075459e-03
   3.8827746e-03
   1.6769396e-02
   4.3422364e-02
   4.5247018e-02
   0.0000000e+00
  -0.0000000e+00
  -2.2093563e-02
  -4.7293552e-03
   1.2131475e-02
   4.2831246e-02
   5.5860132e-02
   0.0000000e+00
   0.0000000e+00
   6.8347231e-03
   2.4632923e-03
   2.1632905e-03
   1.8347983e-03
   3.2477234e-03
   6.9143875e-03
   1.2717321e-02
   2.2000253e-02
   2.5567438e-02
   0.0000000e+00
  -0.0000000e+00
   3.6517445e-03
   5.5228025e-03
   5.2958019e-03
   5.4553803e-03
   6.0296580e-03
   6.2561389e-03
   6.8664784e-03
   7.2738444e-03
   4.5076823e-03
   9.1314153e-04
  -7.3948133e-05
   2.5191626e-03
   9.6248733e-03
   2.5646778e-02
   4.8190814e-02
   4.2228606e-02
   0.0000000e+00
   0.0000000e+00
  -2.2280393e-02
   8.1691111e-04
   2.1440346e-02
   5.4004541e-02
   5.3749391e-02
   0.0000000e+00
   0.0000000e+00
   1.8373337e-03
   6.5423436e-03
   7.3655276e-03
   6.5229628e-03
   7.9355212e-03
   1.1476424e-02
   1.6207600e-02
   2.5453255e-02
   2.9011965e-02
   1.3213163e-02
   5.8453845e-03
   8.1264675e-03
   8.9305555e-03
   9.0535190e-03
   9.3534030e-03
   9.1829877e-03
   8.8905673e-03
   9.3132509e-03
   8.5622622e-03
   4.5651807e-03
   1.4926282e-03
   2.3297293e-03
   7.5439303e-03
   1.7867543e-02
   3.7870266e-02
   4.4893512e-02
   3.8299256e-02
   0.0000000e+00
   0.0000000e+00
  -0.0000000e+00
   8.3408980e-03
   3.1134091e-02
   6.3516412e-02
   0.0000000e+00
   0.0000000e+00
   0.0000000e+00
   7.8633624e-04
   1.2735937e-02
   1.0975558e-02
   9.7803297e-03
   1.2321826e-02
   1.6250897e-02
   2.0428423e-02
   2.7958272e-02
   2.8227761e-02
   1.4248172e-02
   8.1333742e-03
   8.3860215e-03
   9.4787478e-03
   1.0497203e-02
   1.0670198e-02
   9.9016149e-03
   9.4229430e-03
   9.3964282e-03
   6.9559477e-03
   2.8693248e-03
   1.8916003e-03
   5.5148001e-03
   1.3841100e-02
   2.6882822e-02
   4.9649205e-02
   5.7540228e-02
   0.0000000e+00
   0.0000000e+00
   0.0000000e+00
   0.0000000e+00
   1.6017195e-02
   3.8568325e-02
   6.1514642e-02
   0.0000000e+00
   0.0000000e+00
   0.0000000e+00
   0.0000000e+00
   1.8694833e-02
   1.3368511e-02
   1.2426712e-02
   1.6232498e-02
   2.0558933e-02
   2.4253070e-02
   2.8011382e-02
   2.6106155e-02
   1.4405468e-02
   6.6487463e-03
   6.8984893e-03
   9.0485094e-03
   1.0530508e-02
   1.0299640e-02
   9.2198104e-03
   8.6681629e-03
   7.6833176e-03
   4.7193677e-03
   2.5208953e-03
   4.2130258e-03
   1.0010765e-02
   1.9851159e-02
   3.3721026e-02
   5.2255314e-02
   5.4037982e-02
   0.0000000e+00
   0.0000000e+00
   0.0000000e+00
   0.0000000e+00
   2.3674624e-02
   4.2063225e-02
   5.2976029e-02
   0.0000000e+00
   0.0000000e+00
   0.0000000e+00
   0.0000000e+00
   2.1869371e-02
   1.5151057e-02
   1.4813575e-02
   1.9119602e-02
   2.3255369e-02
   2.6126442e-02
   2.4048543e-02
   2.0758156e-02
   1.0127517e-02
   4.1980967e-03
   5.0683133e-03
   7.4149566e-03
   8.3810929e-03
   7.5610159e-03
   6.4988998e-03
   5.9347218e-03
   5.0081974e-03
   3.7407812e-03
   4.9345777e-03
   9.1331741e-03
   1.5815737e-02
   2.4719831e-02
   3.4559906e-02
   4.1017495e-02
   0.0000000e+00
   0.0000000e+00
   0.0000000e+00
   0.0000000e+00
   0.0000000e+00
   3.1053070e-02
   4.0552545e-02
   4.0015387e-02
   0.0000000e+00
   0.0000000e+00
   0.0000000e+00
   0.0000000e+00
   2.0780131e-02
   1.5732123e-02
   1.5540935e-02
   1.9616796e-02
   2.3099227e-02
   2.4583761e-02
   1.7618836e-02
   1.3444001e-02
   5.2837250e-03
   1.8134544e-03
   1.9468631e-03
   2.9884421e-03
   2.8161837e-03
   1.4706710e-03
   1.0430749e-04
  -6.7606824e-04
  -9.1210217e-04
   5.7284022e-05
   4.1023642e-03
   9.9506639e-03
   1.6605251e-02
   2.3559535e-02
   2.7141789e-02
   2.2313276e-02
   0.0000000e+00
   0.0000000e+00
   0.0000000e+00
   0.0000000e+00
   0.0000000e+00
   3.5151109e-02
   3.5737198e-02
   2.9285367e-02
   0.0000000e+00
   0.0000000e+00
   0.0000000e+00
   0.0000000e+00
   1.7280227e-02
   1.4743494e-02
   1.3112866e-02
   1.5073381e-02
   1.7391520e-02
   1.7329983e-02
   1.6744156e-02
   5.2307290e-03
   4.4879830e-04
  -1.2022592e-03
  -2.1565121e-03
  -2.5256013e-03
  -3.5961694e-03
  -5.5696676e-03
  -7.7450378e-03
  -9.1865910e-03
  -9.3475385e-03
  -7.4904440e-03
  -2.8020767e-03
   2.6738783e-03
   7.6677823e-03
   1.1772394e-02
   1.2957049e-02
   8.2896221e-03
   0.0000000e+00
   0.0000000e+00
   0.0000000e+00
   0.0000000e+00
   0.0000000e+00
   3.3446562e-02
   2.9761555e-02
   2.1815994e-02
   0.0000000e+00
   0.0000000e+00
   0.0000000e+00
   0.0000000e+00
   1.3881288e-02
   1.4815880e-02
   1.1569322e-02
   9.1353804e-03
   9.0077482e-03
   1.1108764e-02
   0.0000000e+00
  -0.0000000e+00
  -3.9848513e-03
  -4.0724394e-03
  -5.3071075e-03
  -5.7099334e-03
  -5.9584000e-03
  -6.5249900e-03
  -7.3243767e-03
  -7.7546169e-03
  -7.3415069e-03
  -5.7578313e-03
  -2.8954829e-03
  -4.1302341e-04
   5.3111015e-04
   1.9920696e-06
  -1.5099259e-03
  -1.5340895e-03
   0.0000000e+00
   0.0000000e+00
   0.0000000e+00
   0.0000000e+00
   2.6582438e-02
   2.4625533e-02
   2.3330363e-02
   1.6541963e-02
   0.0000000e+00
   0.0000000e+00
   0.0000000e+00
   0.0000000e+00
   1.2631082e-02
   1.3366775e-02
   0.0000000e+00
   6.3314328e-03
   3.0143888e-03
   6.1796880e-03
   0.0000000e+00
  -0.0000000e+00
  -6.7877594e-03
  -6.5698737e-03
  -7.2456976e-03
  -5.9675241e-03
  -3.1358486e-03
  -1.1323392e-04
   2.0327172e-03
   3.4563828e-03
   4.8452591e-03
   7.0570932e-03
   1.0015382e-02
   1.1318340e-02
   8.2845557e-03
   1.1710819e-03
  -7.2536292e-03
  -1.2409416e-02
  -1.6448925e-02
   0.0000000e+00
   0.0000000e+00
  -0.0000000e+00
   1.5965234e-02
   1.7182477e-02
   0.0000000e+00
   1.8735403e-02
   0.0000000e+00
   0.0000000e+00
   0.0000000e+00
   0.0000000e+00
   1.5574198e-02
   1.0711267e-02
   0.0000000e+00
   8.8190043e-03
   2.1034006e-03
  -1.8510485e-03
   0.0000000e+00
  -0.0000000e+00
  -1.1932299e-02
  -1.3550817e-02
  -1.5296196e-02
  -1.4126441e-02
  -1.0097837e-02
  -4.8204358e-03
  -9.9829724e-04
   5.9964415e-04
   1.1148986e-03
   2.6418925e-03
   5.7267053e-03
   7.9965824e-03
   5.6738858e-03
  -2.2277138e-03
  -1.2724932e-02
  -2.2620242e-02
  -2.1023701e-02
   0.0000000e+00
  -0.0000000e+00
  -1.5365106e-02
   1.0338549e-03
   8.0873981e-03
   0.0000000e+00
   0.0000000e+00
   0.0000000e+00
   0.0000000e+00
   0.0000000e+00
   0.0000000e+00
   1.8452729e-02
   1.0356396e-02
   0.0000000e+00
   0.0000000e+00
   4.6254505e-03
  -3.7623494e-03
  -0.0000000e+00
  -2.3504518e-02
  -1.7102474e-02
  -2.1483827e-02
  -2.5566539e-02
  -2.6751366e-02
  -2.4219267e-02
  -1.8527258e-02
  -1.3169892e-02
  -1.1273684e-02
  -1.2714309e-02
  -1.4353415e-02
  -1.3880972e-02
  -9.8748589e-03
  -3.9819051e-03
  -2.4828757e-03
  -9.9106114e-03
  -2.8168604e-02
  -3.8879876e-02
   0.0000000e+00
  -2.2123094e-02
  -2.4300793e-02
  -1.6677231e-02
  -3.2364703e-03
   0.0000000e+00
   0.0000000e+00
   0.0000000e+00
   0.0000000e+00
   0.0000000e+00
   0.0000000e+00
   0.0000000e+00
   1.1938960e-02
   0.0000000e+00
   0.0000000e+00
   0.0000000e+00
   0.0000000e+00
  -0.0000000e+00
  -2.4967407e-02
  -1.9902069e-02
  -2.5075871e-02
  -3.0977247e-02
  -3.4678299e-02
  -3.4632739e-02
  -3.0362124e-02
  -2.4097824e-02
  -2.0367628e-02
  -2.1971334e-02
  -2.6104704e-02
  -2.8918616e-02
  -2.5541257e-02
  -1.4395093e-02
  -2.4527058e-03
   4.9985725e-04
  -2.2012027e-02
  -1.8145526e-02
  -4.3184706e-05
  -1.5773861e-02
  -2.8480759e-02
  -3.4385428e-02
  -2.9591652e-02
   0.0000000e+00
   0.0000000e+00
   0.0000000e+00
   0.0000000e+00
   0.0000000e+00
   0.0000000e+00
   0.0000000e+00
   0.0000000e+00
   0.0000000e+00
   0.0000000e+00
   0.0000000e+00
   0.0000000e+00
  -0.0000000e+00
  -1.9046711e-02
  -1.8855663e-02
  -2.3030303e-02
  -2.9053869e-02
  -3.4516800e-02
  -3.6817342e-02
  -3.4551993e-02
  -2.9021237e-02
  -2.3560273e-02
  -2.3505373e-02
  -2.8058529e-02
  -3.3110049e-02
  -3.2570746e-02
  -2.2564190e-02
  -6.8047084e-03
  -2.3579786e-03
  -0.0000000e+00
  -2.9967013e-03
   2.6482271e-03
  -9.5634162e-03
  -2.5996512e-02
  -4.5825291e-02
  -5.2081779e-02
   0.0000000e+00
   0.0000000e+00
   0.0000000e+00
   0.0000000e+00
   0.0000000e+00
   0.0000000e+00
   0.0000000e+00
   0.0000000e+00
   0.0000000e+00
   0.0000000e+00
   0.0000000e+00
   0.0000000e+00
  -0.0000000e+00
  -1.3461860e-02
  -1.5957886e-02
  -1.8737700e-02
  -2.4040870e-02
  -3.0038603e-02
  -3.3851091e-02
  -3.3272043e-02
  -2.8750269e-02
  -2.2076357e-02
  -1.9440498e-02
  -2.2649588e-02
  -2.9121477e-02
  -3.2251768e-02
  -2.5723340e-02
  -9.6308934e-03
  -5.2477518e-03
  -0.0000000e+00
   2.7720532e-03
   3.6961609e-03
  -4.2110672e-03
  -1.9166540e-02
  -4.5725297e-02
  -6.1879892e-02
   0.0000000e+00
   0.0000000e+00
   0.0000000e+00
   0.0000000e+00
   0.0000000e+00
   0.0000000e+00
   0.0000000e+00
   0.0000000e+00
   0.0000000e+00
   0.0000000e+00
   0.0000000e+00
   0.0000000e+00
  -0.0000000e+00
  -4.0872278e-03
  -1.0281969e-02
  -1.3056581e-02
  -1.7186752e-02
  -2.2974305e-02
  -2.7398283e-02
  -2.7903628e-02
  -2.4663027e-02
  -1.8052483e-02
  -1.3066997e-02
  -1.3977345e-02
  -2.1057887e-02
  -2.8807493e-02
  -2.8580438e-02
  -1.2236560e-02
  -0.0000000e+00
   0.0000000e+00
   5.4789042e-03
   4.3690442e-03
  -1.7465129e-04
  -1.1232388e-02
  -3.5644747e-02
  -5.6179748e-02
   0.0000000e+00
   0.0000000e+00
   0.0000000e+00
   0.0000000e+00
   0.0000000e+00
   0.0000000e+00
   0.0000000e+00
   0.0000000e+00
   0.0000000e+00
   0.0000000e+00
   0.0000000e+00
   0.0000000e+00
   0.0000000e+00
   3.0393190e-03
  -8.8753062e-04
  -5.4948628e-03
  -8.7498836e-03
  -1.4238675e-02
  -1.8861767e-02
  -1.9141022e-02
  -1.6159790e-02
  -1.1170396e-02
  -6.8939170e-03
  -6.6894596e-03
  -1.4074876e-02
  -2.5825368e-02
  -3.1276498e-02
   0.0000000e+00
   0.0000000e+00
   6.9283238e-03
   9.3449369e-03
   6.7138649e-03
   2.7434321e-03
  -4.2972830e-03
  -2.2024125e-02
  -4.5958391e-02
   0.0000000e+00
   0.0000000e+00
   0.0000000e+00
   0.0000000e+00
   0.0000000e+00
   0.0000000e+00
   0.0000000e+00
   0.0000000e+00
   0.0000000e+00
   0.0000000e+00
   0.0000000e+00
   0.0000000e+00
   0.0000000e+00
   0.0000000e+00
   6.7805108e-03
   2.2952659e-03
  -3.2708287e-04
  -5.6437333e-03
  -1.0679358e-02
  -9.9312561e-03
  -5.2780597e-03
  -5.7074201e-04
   1.2904307e-03
  -1.2084587e-04
  -9.1391122e-03
  -2.3913059e-02
  -3.2997756e-02
   0.0000000e+00
   0.0000000e+00
   6.9283245e-03
   1.2170511e-02
   1.1132513e-02
   5.6360909e-03
   8.7600469e-04
  -1.1824796e-02
  -3.6446958e-02
   0.0000000e+00
   0.0000000e+00
   0.0000000e+00
  -2.0568135e-02
  -2.0568135e-02
   0.0000000e+00
   0.0000000e+00
   0.0000000e+00
   0.0000000e+00
   0.0000000e+00
   0.0000000e+00
   0.0000000e+00
   0.0000000e+00
   0.0000000e+00
   2.7999608e-03
   2.5325776e-03
   4.4567832e-03
   9.6819596e-04
  -3.7567148e-03
  -1.1975293e-03
   7.1743559e-03
   1.4969245e-02
   1.5790958e-02
   1.0817990e-02
  -2.3728891e-03
  -2.2951299e-02
  -2.8405227e-02
   0.0000000e+00
   0.0000000e+00
   0.0000000e+00
   0.0000000e+00
   1.5145274e-02
   1.0922420e-02
   6.9645965e-03
  -1.1723128e-03
  -2.3294929e-02
  -2.3553468e-02
   0.0000000e+00
  -0.0000000e+00
  -1.1280302e-02
  -1.2323927e-02
   0.0000000e+00
   0.0000000e+00
   0.0000000e+00
   0.0000000e+00
   0.0000000e+00
   0.0000000e+00
   0.0000000e+00
   0.0000000e+00
  -0.0000000e+00
  -9.1113071e-03
  -8.7356344e-03
   2.0007970e-04
   4.8948947e-04
  -2.0417548e-03
   2.5123860e-03
   1.2620257e-02
   2.3400510e-02
   2.6253883e-02
   2.0173775e-02
   3.9052882e-03
  -2.2628525e-02
  -2.7191487e-02
   0.0000000e+00
   0.0000000e+00
   0.0000000e+00
   0.0000000e+00
   1.4618630e-02
   1.3526578e-02
   1.1453640e-02
   6.2945580e-03
  -1.2230162e-02
  -2.3553466e-02
  -6.0498186e-03
  -8.1591876e-03
   0.0000000e+00
   0.0000000e+00
   0.0000000e+00
   0.0000000e+00
   0.0000000e+00
   0.0000000e+00
   0.0000000e+00
   0.0000000e+00
   0.0000000e+00
   0.0000000e+00
   0.0000000e+00
  -0.0000000e+00
  -1.8459160e-02
  -4.4644871e-03
  -1.0502301e-03
  -8.9798524e-04
   4.6433592e-03
   1.4327564e-02
   2.5320323e-02
   3.1035334e-02
   2.6766218e-02
   1.0766609e-02
  -1.6921013e-02
   0.0000000e+00
   0.0000000e+00
   0.0000000e+00
   0.0000000e+00
   0.0000000e+00
   0.0000000e+00
   1.2085189e-02
   1.3688201e-02
   1.1705191e-02
  -4.0390040e-04
   0.0000000e+00
  -0.0000000e+00
  -0.0000000e+00
   0.0000000e+00
   0.0000000e+00
   0.0000000e+00
   0.0000000e+00
   0.0000000e+00
   0.0000000e+00
   0.0000000e+00
   0.0000000e+00
   0.0000000e+00
   0.0000000e+00
   0.0000000e+00
   0.0000000e+00
  -2.3593039e-02
  -9.5028032e-03
  -4.1405237e-03
  -2.1518285e-03
   2.3438700e-03
   1.0528645e-02
   2.0154044e-02
   2.6818487e-02
   2.5627149e-02
   1.4272127e-02
  -1.7687801e-03
   0.0000000e+00
   0.0000000e+00
   0.0000000e+00
   0.0000000e+00
   0.0000000e+00
   0.0000000e+00
   1.0485390e-02
   1.1262695e-02
   1.1898917e-02
   8.4219351e-03
   4.5320040e-03
   0.0000000e+00
   0.0000000e+00
   0.0000000e+00
   0.0000000e+00
   0.0000000e+00
   0.0000000e+00
   0.0000000e+00
   0.0000000e+00
   0.0000000e+00
   0.0000000e+00
   0.0000000e+00
   0.0000000e+00
   0.0000000e+00
   0.0000000e+00
  -0.0000000e+00
  -1.9491201e-02
  -1.1637285e-02
  -7.9841213e-03
  -4.2574387e-03
   1.7042480e-03
   1.0071274e-02
   1.6721709e-02
   1.8703205e-02
   1.4108134e-02
   6.6876377e-03
   0.0000000e+00
   0.0000000e+00
   0.0000000e+00
   0.0000000e+00
   0.0000000e+00
   0.0000000e+00
   0.0000000e+00
   1.1770917e-03
   8.2848882e-03
   1.1289259e-02
   9.4044510e-03
   0.0000000e+00
   0.0000000e+00
   0.0000000e+00
   0.0000000e+00
   0.0000000e+00
   0.0000000e+00
   0.0000000e+00
   0.0000000e+00
   0.0000000e+00
   0.0000000e+00
   0.0000000e+00
   0.0000000e+00
   0.0000000e+00
   0.0000000e+00
  -0.0000000e+00
  -2.7914600e-02
  -2.0801208e-02
  -2.1150919e-02
  -1.4950850e-02
  -1.1053412e-02
  -4.7517852e-03
   1.1493238e-03
   7.1149040e-03
   1.0774322e-02
   9.6088835e-03
   0.0000000e+00
   0.0000000e+00
   0.0000000e+00
   0.0000000e+00
   0.0000000e+00
   0.0000000e+00
  -0.0000000e+00
  -1.1074324e-02
   3.1085296e-03
   1.1141903e-02
   1.9587046e-02
   0.0000000e+00
   0.0000000e+00
   0.0000000e+00
   0.0000000e+00
   0.0000000e+00
   0.0000000e+00
   0.0000000e+00
   0.0000000e+00
   0.0000000e+00
   0.0000000e+00
   0.0000000e+00
   0.0000000e+00
   0.0000000e+00
   0.0000000e+00
  -0.0000000e+00
  -2.6683225e-02
  -2.3207889e-02
  -3.4482694e-02
  -3.1885868e-02
  -2.7206874e-02
  -1.7760696e-02
  -1.1741008e-02
  -2.3011244e-03
   1.0416076e-02
   0.0000000e+00
   0.0000000e+00
   0.0000000e+00
   0.0000000e+00
   0.0000000e+00
   0.0000000e+00
   0.0000000e+00
  -0.0000000e+00
  -1.0521526e-02
  -0.0000000e+00
   6.6877635e-03
   1.0344910e-02
   1.6705332e-02
   0.0000000e+00
   0.0000000e+00
   0.0000000e+00
   0.0000000e+00
   0.0000000e+00
   0.0000000e+00
   0.0000000e+00
   0.0000000e+00
   0.0000000e+00
   0.0000000e+00
   0.0000000e+00
   0.0000000e+00
   0.0000000e+00
   0.0000000e+00
   0.0000000e+00
   0.0000000e+00
   0.0000000e+00
  -0.0000000e+00
  -0.0000000e+00
   0.0000000e+00
   0.0000000e+00
   0.0000000e+00
   0.0000000e+00
   0.0000000e+00
   0.0000000e+00
   0.0000000e+00
   0.0000000e+00
   0.0000000e+00
   0.0000000e+00
   0.0000000e+00
  -0.0000000e+00
   0.0000000e+00
   0.0000000e+00
   0.0000000e+00
  -1.0594504e-02
   4.1785091e-03
   1.1557742e-02
   0.0000000e+00
   0.0000000e+00
   0.0000000e+00
   0.0000000e+00
   0.0000000e+00
   0.0000000e+00
   0.0000000e+00
   0.0000000e+00
   0.0000000e+00
   4.1731756e-03
   3.4122956e-03
   3.0549667e-03
   2.6581327e-03
   1.6485504e-03
  -2.3098126e-04
  -2.2769588e-03
  -4.8432772e-03
  -8.6223764e-03
  -9.1054529e-03
  -7.3937651e-03
  -8.1826679e-03
  -9.3158160e-03
  -7.0976975e-03
  -6.9036507e-03
  -1.1028272e-02
  -1.1864666e-02
  -1.1115072e-02
  -1.0082127e-02
  -9.4848827e-03
  -8.6664220e-03
  -8.0004350e-03
  -6.1932522e-03
  -3.7594891e-03
  -6.8636632e-03
  -4.1887531e-03
   6.6304421e-03
   6.3421933e-03
   5.8893663e-03
   6.2450865e-03
   6.3263399e-03
   6.0571797e-03
   6.0358459e-03
   6.3593236e-03
   6.5719484e-03
   5.9657922e-03
