  -8.2550553e-03
  -7.0038349e-03
  -9.4854223e-03
  -9.6575334e-03
  -0.0000000e+00
  -0.0000000e+00
  -3.2901927e-03
  -1.0739472e-02
  -1.2225805e-02
  -9.9314489e-03
  -1.1505991e-02
   0.0000000e+00
   0.0000000e+00
   0.0000000e+00
  -1.4989706e-02
  -1.9493235e-02
  -1.9950387e-02
  -1.9091978e-02
  -2.2109622e-02
  -0.0000000e+00
  -1.5388452e-02
  -1.9044553e-02
  -2.2886937e-02
   0.0000000e+00
   0.0000000e+00
   0.0000000e+00
   0.0000000e+00
   0.0000000e+00
   0.0000000e+00
   0.0000000e+00
   0.0000000e+00
   0.0000000e+00
   0.0000000e+00
   0.0000000e+00
   0.0000000e+00
   0.0000000e+00
  -6.7465090e-03
  -7.2408003e-03
  -5.2545724e-03
  -2.6206804e-03
  -3.3872485e-03
  -8.9305792e-03
  -8.6958588e-03
  -1.2022384e-02
  -1.2465762e-02
  -1.3244763e-02
  -1.5580646e-02
  -1.7603572e-02
  -1.8613639e-02
  -1.7773668e-02
  -1.6821396e-02
  -1.6519863e-02
  -1.6259026e-02
  -1.3965527e-02
  -1.4214243e-02
  -1.2729646e-02
  -1.3164277e-02
  -1.6043346e-02
  -1.5820235e-02
  -1.6250561e-02
  -1.5839942e-02
  -1.6346684e-02
  -1.8920650e-02
  -1.6467427e-02
  -2.3421584e-02
  -1.4067002e-02
   0.0000000e+00
   0.0000000e+00
  -1.6746811e-02
  -1.4740525e-02
  -1.8927154e-02
   0.0000000e+00
  -8.5579947e-03
  -2.3056893e-03
   8.4857018e-04
  -2.0768170e-03
  -2.3551870e-03
  -7.2886050e-04
  -4.8096659e-03
  -6.8416544e-03
  -5.5261976e-03
  -2.1567184e-03
  -1.3223485e-03
  -3.4742467e-03
  -3.5327203e-03
  -1.1091153e-03
   1.3542925e-03
   2.3309039e-03
   3.1662395e-03
   2.8047995e-03
   8.3278141e-04
   2.0655204e-03
   2.4491767e-03
   4.1102767e-03
   1.9641190e-03
  -1.3228122e-03
  -3.2828083e-03
  -4.3504080e-03
  -4.7151232e-03
  -4.3291416e-03
  -3.4598974e-03
  -2.9239099e-03
  -5.8090090e-03
  -9.8899689e-03
  -9.7791245e-03
  -1.0475887e-02
  -1.2254093e-02
  -1.3178545e-02
   9.1789032e-03
   1.0176934e-02
   1.2816631e-02
   0.0000000e+00
   0.0000000e+00
   9.0671195e-03
   6.1850643e-03
   8.1494302e-03
   8.3278378e-03
   1.4219710e-02
   1.9928625e-02
   2.3523005e-02
   2.4210530e-02
   2.8491551e-02
   3.4477085e-02
   3.8384567e-02
   4.1521356e-02
   4.3648481e-02
   4.5034809e-02
   0.0000000e+00
   3.4996155e-02
   3.3981591e-02
   3.5871118e-02
   3.1966254e-02
   2.8731134e-02
   2.6788022e-02
   2.6833437e-02
   2.8046245e-02
   2.8470503e-02
   2.6381461e-02
   2.1855992e-02
   1.6224725e-02
   1.1993350e-02
   1.0478007e-02
   9.8075652e-03
   9.8874674e-03
   0.0000000e+00
   0.0000000e+00
   0.0000000e+00
   0.0000000e+00
   0.0000000e+00
   1.8790221e-02
   2.0423753e-02
   2.5829256e-02
   0.0000000e+00
   3.2661160e-02
   3.9589092e-02
   4.7204323e-02
   4.9937665e-02
   5.3245697e-02
   5.9722435e-02
   6.5906405e-02
   7.1050182e-02
   7.6021448e-02
   7.8632370e-02
   0.0000000e+00
   5.1865454e-02
   5.7558633e-02
   6.7413636e-02
   6.8081498e-02
   6.7162022e-02
   6.6567771e-02
   6.6912778e-02
   6.6291362e-02
   6.3023120e-02
   5.6595504e-02
   4.9908124e-02
   4.4057880e-02
   4.0597223e-02
   4.0697277e-02
   4.1407570e-02
   4.1520824e-02
   0.0000000e+00
   0.0000000e+00
   0.0000000e+00
   0.0000000e+00
   0.0000000e+00
   2.7573038e-02
   3.7220399e-02
   4.1180189e-02
   4.7435431e-02
   5.3064470e-02
   5.4521293e-02
   5.8486857e-02
   6.0740266e-02
   6.1730340e-02
   6.6555395e-02
   7.2055421e-02
   7.7493122e-02
   8.4058655e-02
   8.3722984e-02
   0.0000000e+00
   0.0000000e+00
   6.1051279e-02
   8.0493925e-02
   8.9684386e-02
   9.4199929e-02
   9.5609512e-02
   9.2471529e-02
   8.7695715e-02
   7.9665331e-02
   7.0031962e-02
   6.5873690e-02
   6.3114084e-02
   6.2583856e-02
   6.3956857e-02
   6.4326793e-02
   5.7594523e-02
   0.0000000e+00
   0.0000000e+00
   0.0000000e+00
   0.0000000e+00
   0.0000000e+00
   3.9747679e-02
   4.8428457e-02
   4.9704820e-02
   5.1202469e-02
   5.4825991e-02
   5.6188233e-02
   5.6144711e-02
   5.5253264e-02
   5.3707212e-02
   5.5604767e-02
   5.9564028e-02
   6.4753510e-02
   7.0181690e-02
   6.6080309e-02
   0.0000000e+00
   0.0000000e+00
   5.0210860e-02
   7.0345767e-02
   8.6522743e-02
   9.6090510e-02
   9.6678123e-02
   8.6388066e-02
   7.9849249e-02
   7.0458817e-02
   6.1177824e-02
   6.2019002e-02
   6.5396734e-02
   6.9486961e-02
   7.1640365e-02
   7.0752069e-02
   6.1923319e-02
   4.6922081e-02
   0.0000000e+00
   0.0000000e+00
   0.0000000e+00
   4.0601398e-02
   4.3901805e-02
   4.7396647e-02
   4.8410669e-02
   4.7782954e-02
   4.7286073e-02
   4.5607354e-02
   4.1701991e-02
   3.7816252e-02
   3.5194300e-02
   3.4382384e-02
   3.6681718e-02
   4.0422637e-02
   4.2401813e-02
   3.6770015e-02
   2.8157573e-02
   0.0000000e+00
   0.0000000e+00
   4.3947559e-02
   6.0201798e-02
   7.1110724e-02
   6.8417631e-02
   5.2319680e-02
   0.0000000e+00
   4.4943288e-02
   4.0848773e-02
   4.2315124e-02
   4.7663812e-02
   5.6741383e-02
   6.0421411e-02
   5.9452627e-02
   5.3111061e-02
   3.6118059e-02
   2.8396862e-02
   0.0000000e+00
   0.0000000e+00
   3.5659393e-02
   4.0135257e-02
   4.0241722e-02
   3.8092516e-02
   3.3822227e-02
   2.9754169e-02
   2.5126746e-02
   2.0787984e-02
   1.7010454e-02
   1.3815408e-02
   1.2630478e-02
   1.3568115e-02
   1.4599061e-02
   1.3784190e-02
   9.5946658e-03
   9.4184780e-03
   0.0000000e+00
   0.0000000e+00
   1.7538791e-02
   3.1662453e-02
   3.9044775e-02
   3.2657064e-02
   1.4323478e-02
   0.0000000e+00
   0.0000000e+00
   1.3514217e-02
   2.1748478e-02
   2.6483230e-02
   3.3689886e-02
   3.6249977e-02
   3.5840198e-02
   3.4848828e-02
   1.5155555e-02
   1.9909634e-02
   0.0000000e+00
   0.0000000e+00
   2.0693140e-02
   2.4162853e-02
   2.1522662e-02
   1.6545834e-02
   1.0429221e-02
   5.1214481e-03
   7.7133504e-04
  -2.0801292e-03
  -4.3520359e-03
  -6.2058996e-03
  -6.8644620e-03
  -6.9014425e-03
  -8.1446394e-03
  -1.1488396e-02
  -1.4559981e-02
  -1.0943264e-02
   0.0000000e+00
   0.0000000e+00
  -5.6391911e-03
   7.6474478e-03
   9.7306026e-03
   5.3354580e-04
  -1.4663888e-02
   0.0000000e+00
   0.0000000e+00
  -6.4640811e-03
   5.9289386e-03
   5.2320422e-03
   7.2241062e-03
   8.0539780e-03
   8.2828617e-03
   9.6500143e-03
  -7.7140010e-03
   2.8344477e-03
   6.7835443e-03
  -0.0000000e+00
  -1.4382764e-04
  -4.0509345e-04
  -2.8235788e-03
  -7.1374476e-03
  -1.2560003e-02
  -1.6562542e-02
  -1.9119417e-02
  -2.0603934e-02
  -2.0865354e-02
  -2.0614505e-02
  -2.0913057e-02
  -2.2389186e-02
  -2.5621396e-02
  -3.1336419e-02
  -3.4017499e-02
  -2.3186555e-02
   0.0000000e+00
   0.0000000e+00
  -0.0000000e+00
  -9.7969417e-03
  -1.3070236e-02
  -2.3420652e-02
  -2.3935079e-02
   0.0000000e+00
   0.0000000e+00
  -1.6546622e-02
  -1.3244103e-02
  -1.6103817e-02
  -1.5867587e-02
  -1.5538840e-02
  -1.5378587e-02
  -1.3552365e-02
  -2.7374718e-02
  -1.7261878e-02
  -7.3682802e-03
  -1.8792449e-02
  -1.8517928e-02
  -1.9856086e-02
  -2.1215804e-02
  -2.4641264e-02
  -2.8817270e-02
  -3.1462327e-02
  -3.2884564e-02
  -3.3039283e-02
  -3.1574707e-02
  -3.0243872e-02
  -3.1455860e-02
  -3.5326432e-02
  -4.1187089e-02
  -4.8754059e-02
  -4.9171332e-02
  -2.4913814e-02
   0.0000000e+00
   0.0000000e+00
   0.0000000e+00
  -2.4863821e-02
  -3.1823374e-02
  -3.9215591e-02
  -3.4461141e-02
   0.0000000e+00
   0.0000000e+00
  -2.0275574e-02
  -2.6879374e-02
  -3.1112708e-02
  -3.2093674e-02
  -3.2271214e-02
  -3.3319052e-02
  -3.2485433e-02
  -3.8892176e-02
  -2.8195597e-02
  -1.2292079e-02
  -1.9513205e-02
  -2.5738822e-02
  -2.6881281e-02
  -2.8437186e-02
  -3.1579252e-02
  -3.4472097e-02
  -3.6506161e-02
  -3.7859842e-02
  -3.7673313e-02
  -3.5597757e-02
  -3.5116479e-02
  -3.8831532e-02
  -4.5140408e-02
  -5.2244656e-02
  -5.8818400e-02
  -5.6755473e-02
  -0.0000000e+00
   0.0000000e+00
   0.0000000e+00
   0.0000000e+00
  -3.5837840e-02
  -4.3354295e-02
  -4.2344015e-02
  -2.6131103e-02
   0.0000000e+00
   0.0000000e+00
   0.0000000e+00
  -3.2867953e-02
  -3.7088498e-02
  -3.9176207e-02
  -4.0470343e-02
  -4.2713068e-02
  -4.3377459e-02
  -4.3937299e-02
  -3.2997947e-02
  -1.6327741e-02
  -1.6926836e-02
  -2.3103071e-02
  -2.6067581e-02
  -2.8930927e-02
  -3.2080621e-02
  -3.4215581e-02
  -3.5818353e-02
  -3.7499454e-02
  -3.7765410e-02
  -3.7660442e-02
  -4.0987961e-02
  -4.7741383e-02
  -5.4664657e-02
  -5.9980150e-02
  -6.2083758e-02
  -4.9448768e-02
   0.0000000e+00
   0.0000000e+00
   0.0000000e+00
   0.0000000e+00
  -4.5919766e-02
  -5.0230473e-02
  -3.5519678e-02
  -6.2782733e-03
   0.0000000e+00
   0.0000000e+00
  -0.0000000e+00
  -3.4886652e-02
  -3.9244108e-02
  -4.2560920e-02
  -4.4342853e-02
  -4.6553090e-02
  -4.7770921e-02
  -4.0630907e-02
  -3.0175332e-02
  -1.4916017e-02
  -1.0558519e-02
  -1.5883271e-02
  -2.1180732e-02
  -2.4899067e-02
  -2.7859906e-02
  -2.9841352e-02
  -3.1744294e-02
  -3.3995431e-02
  -3.6605939e-02
  -4.1277941e-02
  -4.8777025e-02
  -5.6609463e-02
  -6.1054222e-02
  -6.1659977e-02
  -5.5005211e-02
  -3.4979284e-02
   0.0000000e+00
   0.0000000e+00
   0.0000000e+00
   0.0000000e+00
  -5.0803822e-02
  -4.9241591e-02
  -2.5631826e-02
   7.4340310e-03
   0.0000000e+00
   0.0000000e+00
  -0.0000000e+00
  -3.6480948e-02
  -3.7947409e-02
  -4.2706341e-02
  -4.4008523e-02
  -4.4475496e-02
  -4.4711970e-02
  -3.1867046e-02
  -2.2284759e-02
  -1.0155444e-02
  -4.8852060e-03
  -9.7068474e-03
  -1.4939395e-02
  -1.8167704e-02
  -2.0527337e-02
  -2.3026578e-02
  -2.5797896e-02
  -2.9212780e-02
  -3.4704834e-02
  -4.3084405e-02
  -5.2695446e-02
  -6.0093708e-02
  -6.1260030e-02
  -5.5901352e-02
  -3.9335795e-02
  -1.6664147e-02
   0.0000000e+00
   0.0000000e+00
   0.0000000e+00
   0.0000000e+00
  -4.7839049e-02
  -4.1719038e-02
  -1.7309710e-02
   9.0164132e-03
   0.0000000e+00
   0.0000000e+00
  -0.0000000e+00
  -3.3255264e-02
  -3.3276565e-02
  -3.9406311e-02
  -3.9442457e-02
  -3.7662592e-02
  -3.6116190e-02
  -2.2209366e-02
  -1.8542687e-02
  -5.0696140e-03
  -5.3832360e-04
  -4.3436470e-03
  -8.2539059e-03
  -1.0872968e-02
  -1.3702745e-02
  -1.7577538e-02
  -2.1831160e-02
  -2.6726002e-02
  -3.3309534e-02
  -4.1341938e-02
  -4.9139794e-02
  -5.3470876e-02
  -5.0756332e-02
  -4.0172637e-02
  -1.8473901e-02
  -1.9558705e-04
   0.0000000e+00
   0.0000000e+00
   0.0000000e+00
   0.0000000e+00
  -3.9139634e-02
  -3.0311378e-02
  -9.5990617e-03
   6.9795158e-03
   0.0000000e+00
   0.0000000e+00
  -0.0000000e+00
  -2.8089974e-02
  -2.6423449e-02
  -3.4371329e-02
  -3.2703847e-02
  -2.7844332e-02
  -2.4897354e-02
  -1.2748668e-02
   0.0000000e+00
   7.6720635e-04
   6.9326900e-04
  -3.3752935e-03
  -7.3613287e-03
  -1.1006256e-02
  -1.5646689e-02
  -2.1676339e-02
  -2.7815455e-02
  -3.3704862e-02
  -3.9018277e-02
  -4.3075192e-02
  -4.5674480e-02
  -4.4482332e-02
  -3.7288001e-02
  -2.3986520e-02
  -4.7727758e-03
   6.6907592e-03
   0.0000000e+00
   0.0000000e+00
   0.0000000e+00
  -4.2359721e-02
  -2.9150402e-02
  -1.5522492e-02
  -8.1949669e-04
   7.6250415e-03
   0.0000000e+00
   0.0000000e+00
   0.0000000e+00
  -1.9553840e-02
  -1.6498676e-02
  -1.6485009e-02
  -2.4951039e-02
  -2.1150829e-02
  -1.6929008e-02
  -0.0000000e+00
   0.0000000e+00
  -2.1162976e-03
  -3.9169565e-03
  -8.6853001e-03
  -1.2791349e-02
  -1.6445227e-02
  -2.0696335e-02
  -2.6221238e-02
  -3.1805992e-02
  -3.6785472e-02
  -4.0664453e-02
  -4.3041088e-02
  -4.4140123e-02
  -4.1823342e-02
  -3.4077078e-02
  -2.2160016e-02
  -6.9794687e-03
   3.2334770e-03
   0.0000000e+00
   0.0000000e+00
  -0.0000000e+00
  -3.8687110e-02
  -1.3529062e-02
  -3.6559170e-03
   7.4464970e-03
   0.0000000e+00
   0.0000000e+00
   0.0000000e+00
   0.0000000e+00
  -8.5715801e-03
  -5.8993944e-03
  -1.5488178e-03
  -0.0000000e+00
  -1.8846201e-02
  -1.2796926e-02
  -0.0000000e+00
   0.0000000e+00
  -8.3353728e-03
  -1.3320726e-02
  -1.8385936e-02
  -2.1454683e-02
  -2.3082295e-02
  -2.4495282e-02
  -2.7449671e-02
  -3.1572549e-02
  -3.5580107e-02
  -3.8529170e-02
  -4.0278590e-02
  -4.1576279e-02
  -4.1696404e-02
  -3.7709726e-02
  -3.0781934e-02
  -2.1232108e-02
  -6.1059534e-03
   0.0000000e+00
   0.0000000e+00
  -4.4891950e-02
  -3.2377854e-02
  -6.5904258e-04
   0.0000000e+00
   0.0000000e+00
   0.0000000e+00
   0.0000000e+00
   0.0000000e+00
   0.0000000e+00
  -3.4942831e-04
   4.2717499e-03
   6.3760460e-03
  -0.0000000e+00
  -1.3377626e-02
  -8.6448547e-03
  -0.0000000e+00
  -2.4427693e-02
  -2.0241606e-02
  -2.9347489e-02
  -3.5521872e-02
  -3.7934255e-02
  -3.6913432e-02
  -3.4335487e-02
  -3.3204798e-02
  -3.5344556e-02
  -3.8921904e-02
  -4.1400801e-02
  -4.1409981e-02
  -4.0047817e-02
  -3.9643914e-02
  -4.1863158e-02
  -4.4946987e-02
  -4.7244038e-02
  -3.1303442e-02
   0.0000000e+00
  -6.3373366e-02
  -5.3221178e-02
  -2.9836616e-02
   7.6369949e-03
   0.0000000e+00
   0.0000000e+00
   0.0000000e+00
   0.0000000e+00
   0.0000000e+00
   0.0000000e+00
   0.0000000e+00
   1.8018138e-02
   1.5365002e-02
   0.0000000e+00
   0.0000000e+00
  -0.0000000e+00
   0.0000000e+00
  -2.7328387e-02
  -3.4848610e-02
  -4.5553293e-02
  -5.3753357e-02
  -5.7350598e-02
  -5.5966593e-02
  -5.2038688e-02
  -4.8732810e-02
  -4.9790770e-02
  -5.4180194e-02
  -5.8402810e-02
  -5.8470249e-02
  -5.3419866e-02
  -4.3424316e-02
  -3.6921911e-02
  -3.8192879e-02
  -6.1482956e-02
  -6.9473101e-02
  -1.0622025e-01
  -6.4720752e-02
  -5.6739599e-02
  -3.4861479e-02
  -2.8055161e-04
   0.0000000e+00
   0.0000000e+00
   0.0000000e+00
   0.0000000e+00
   0.0000000e+00
   0.0000000e+00
   0.0000000e+00
   0.0000000e+00
   0.0000000e+00
   0.0000000e+00
   0.0000000e+00
   0.0000000e+00
   0.0000000e+00
  -3.8536818e-02
  -4.6835183e-02
  -5.5868778e-02
  -6.5024853e-02
  -7.0040621e-02
  -6.9888331e-02
  -6.6538237e-02
  -6.3054487e-02
  -6.3746884e-02
  -6.8583354e-02
  -7.4116930e-02
  -7.4184217e-02
  -6.5750025e-02
  -4.6614744e-02
  -2.6535656e-02
  -1.8327419e-02
  -0.0000000e+00
  -7.7439383e-02
  -9.3301579e-02
  -6.1418455e-02
  -5.4989293e-02
  -4.2219695e-02
  -1.4138722e-02
   0.0000000e+00
   0.0000000e+00
   0.0000000e+00
   0.0000000e+00
   0.0000000e+00
   0.0000000e+00
   0.0000000e+00
   0.0000000e+00
   0.0000000e+00
   0.0000000e+00
   0.0000000e+00
   0.0000000e+00
   0.0000000e+00
  -3.9828541e-02
  -4.9023420e-02
  -5.8563427e-02
  -6.7502603e-02
  -7.3492996e-02
  -7.5064777e-02
  -7.2991326e-02
  -6.9655038e-02
  -6.9247945e-02
  -7.2889857e-02
  -7.8047000e-02
  -7.8211112e-02
  -6.8029478e-02
  -4.3339308e-02
  -1.5971214e-02
  -5.4790548e-03
   0.0000000e+00
  -5.3326127e-02
  -5.8982976e-02
  -4.8314087e-02
  -4.8637578e-02
  -4.7827933e-02
  -3.2914899e-02
   0.0000000e+00
   0.0000000e+00
   0.0000000e+00
   0.0000000e+00
   0.0000000e+00
   0.0000000e+00
   0.0000000e+00
   0.0000000e+00
   0.0000000e+00
   0.0000000e+00
   0.0000000e+00
   0.0000000e+00
   0.0000000e+00
  -3.3422505e-02
  -4.3402251e-02
  -5.2642740e-02
  -6.0176425e-02
  -6.6113256e-02
  -6.8055339e-02
  -6.6417940e-02
  -6.2648550e-02
  -6.0373645e-02
  -6.1452456e-02
  -6.4714104e-02
  -6.5144271e-02
  -5.6417841e-02
  -3.2122288e-02
  -5.8614496e-03
  -0.0000000e+00
   0.0000000e+00
  -3.4790896e-02
  -3.3084620e-02
  -3.2946758e-02
  -3.7780147e-02
  -4.6276201e-02
  -4.7392637e-02
   0.0000000e+00
   0.0000000e+00
   0.0000000e+00
   0.0000000e+00
   0.0000000e+00
   0.0000000e+00
   0.0000000e+00
   0.0000000e+00
   0.0000000e+00
   0.0000000e+00
   0.0000000e+00
   0.0000000e+00
   0.0000000e+00
  -2.3756043e-02
  -3.0668255e-02
  -3.9243750e-02
  -4.4783249e-02
  -4.9146663e-02
  -4.9682051e-02
  -4.6723276e-02
  -4.2385489e-02
  -4.0453266e-02
  -4.1644540e-02
  -4.4588961e-02
  -4.5344833e-02
  -3.8808405e-02
  -1.8210551e-02
   2.6888648e-03
   0.0000000e+00
  -3.0626067e-02
  -1.6483774e-02
  -1.7925600e-02
  -2.0960998e-02
  -2.6368858e-02
  -3.7025467e-02
  -4.5973593e-02
  -0.0000000e+00
   0.0000000e+00
   0.0000000e+00
   0.0000000e+00
   0.0000000e+00
   0.0000000e+00
   0.0000000e+00
   0.0000000e+00
   0.0000000e+00
   0.0000000e+00
   0.0000000e+00
   0.0000000e+00
   0.0000000e+00
  -0.0000000e+00
  -7.1826080e-03
  -1.2436846e-02
  -1.5123791e-02
  -1.6179873e-02
  -1.3956084e-02
  -8.7113258e-03
  -4.3504531e-03
  -5.3302341e-03
  -1.0326087e-02
  -1.6501663e-02
  -1.9388957e-02
  -1.5620352e-02
  -5.5351701e-04
   1.2353570e-02
   0.0000000e+00
  -1.5536253e-02
  -3.7259208e-03
  -1.3171791e-03
  -7.0258147e-03
  -1.2162272e-02
  -2.1362341e-02
  -3.3853996e-02
  -2.9619682e-02
   0.0000000e+00
   0.0000000e+00
   0.0000000e+00
  -0.0000000e+00
   0.0000000e+00
   0.0000000e+00
   0.0000000e+00
   0.0000000e+00
   0.0000000e+00
   0.0000000e+00
   0.0000000e+00
   0.0000000e+00
   0.0000000e+00
   1.8990438e-02
   2.1362055e-02
   2.3998411e-02
   2.5789225e-02
   3.0660441e-02
   3.6917228e-02
   3.9608736e-02
   3.5009094e-02
   2.5403230e-02
   1.4386778e-02
   7.6753465e-03
   7.6440591e-03
   1.7766779e-02
   0.0000000e+00
   0.0000000e+00
   0.0000000e+00
   0.0000000e+00
   1.3641115e-02
   8.1897806e-03
   2.9237557e-03
  -3.7831564e-03
  -1.5021997e-02
  -1.7365869e-02
   0.0000000e+00
   0.0000000e+00
   0.0000000e+00
   0.0000000e+00
   0.0000000e+00
   0.0000000e+00
   0.0000000e+00
   0.0000000e+00
   0.0000000e+00
   0.0000000e+00
   0.0000000e+00
   0.0000000e+00
   0.0000000e+00
   3.0476498e-02
   4.4952895e-02
   6.0071398e-02
   6.5125272e-02
   7.0790976e-02
   7.5941093e-02
   7.5281575e-02
   6.8391182e-02
   5.7022806e-02
   4.4062167e-02
   3.4115747e-02
   2.8532773e-02
   3.2697498e-02
   0.0000000e+00
   0.0000000e+00
   0.0000000e+00
   0.0000000e+00
   2.5477864e-02
   2.5222450e-02
   2.1129439e-02
   1.6603481e-02
   7.3874625e-03
   5.2430701e-03
   0.0000000e+00
   0.0000000e+00
   0.0000000e+00
   0.0000000e+00
   0.0000000e+00
   0.0000000e+00
   0.0000000e+00
   0.0000000e+00
   0.0000000e+00
   0.0000000e+00
   0.0000000e+00
   0.0000000e+00
   0.0000000e+00
   0.0000000e+00
   5.6941264e-02
   7.9245500e-02
   8.3117038e-02
   8.9671109e-02
   9.2084803e-02
   8.7477833e-02
   7.9449331e-02
   7.0625745e-02
   6.1233826e-02
   5.1433199e-02
   4.0717825e-02
   3.4648447e-02
   0.0000000e+00
   0.0000000e+00
   0.0000000e+00
   0.0000000e+00
   0.0000000e+00
   4.0188815e-02
   3.8774668e-02
   3.6015492e-02
   2.8528072e-02
   2.1138493e-02
   0.0000000e+00
   0.0000000e+00
   0.0000000e+00
   0.0000000e+00
   0.0000000e+00
   0.0000000e+00
   0.0000000e+00
   0.0000000e+00
   0.0000000e+00
   0.0000000e+00
   0.0000000e+00
   0.0000000e+00
   0.0000000e+00
   0.0000000e+00
   0.0000000e+00
   6.8765558e-02
   7.3970258e-02
   8.0767117e-02
   7.8997009e-02
   7.2214954e-02
   6.6078320e-02
   6.1906658e-02
   5.9137173e-02
   5.3686295e-02
   4.2862054e-02
   2.3389084e-02
   0.0000000e+00
   0.0000000e+00
   0.0000000e+00
   0.0000000e+00
   0.0000000e+00
   0.0000000e+00
   4.8479839e-02
   4.8228841e-02
   4.5659345e-02
   3.8941943e-02
   0.0000000e+00
   0.0000000e+00
   0.0000000e+00
   0.0000000e+00
   0.0000000e+00
   0.0000000e+00
   0.0000000e+00
   0.0000000e+00
   0.0000000e+00
   0.0000000e+00
   0.0000000e+00
   0.0000000e+00
   0.0000000e+00
   0.0000000e+00
   0.0000000e+00
   3.8371790e-02
   4.5022853e-02
   4.9778139e-02
   4.7492199e-02
   4.2805068e-02
   4.0970704e-02
   4.1639917e-02
   4.4094741e-02
   4.3858504e-02
   3.7917685e-02
   2.5558705e-02
   0.0000000e+00
   0.0000000e+00
   0.0000000e+00
   0.0000000e+00
   0.0000000e+00
   0.0000000e+00
   0.0000000e+00
   4.7898922e-02
   5.3068109e-02
   4.9115122e-02
   0.0000000e+00
   0.0000000e+00
   0.0000000e+00
   0.0000000e+00
   0.0000000e+00
   0.0000000e+00
   0.0000000e+00
   0.0000000e+00
   0.0000000e+00
   0.0000000e+00
   0.0000000e+00
   0.0000000e+00
   0.0000000e+00
   0.0000000e+00
   0.0000000e+00
   8.8676691e-03
   6.7524683e-03
   8.3996644e-03
   8.6203123e-03
   7.8370720e-03
   9.7219683e-03
   1.4779436e-02
   2.2703025e-02
   2.6934439e-02
   2.5113522e-02
   0.0000000e+00
   0.0000000e+00
   0.0000000e+00
   0.0000000e+00
   0.0000000e+00
   0.0000000e+00
   0.0000000e+00
   3.1656322e-02
   4.1653572e-02
   4.7082404e-02
   4.5754192e-02
   0.0000000e+00
   0.0000000e+00
   0.0000000e+00
   0.0000000e+00
   0.0000000e+00
   0.0000000e+00
   0.0000000e+00
   0.0000000e+00
   0.0000000e+00
   0.0000000e+00
   0.0000000e+00
   0.0000000e+00
   0.0000000e+00
   0.0000000e+00
   0.0000000e+00
  -1.2609770e-02
  -2.1523979e-02
  -0.0000000e+00
  -2.8149348e-02
  -2.5144245e-02
  -2.0754692e-02
  -1.0676933e-02
  -5.5700517e-04
   4.9091743e-03
   0.0000000e+00
   0.0000000e+00
   0.0000000e+00
   0.0000000e+00
   0.0000000e+00
   0.0000000e+00
   0.0000000e+00
   0.0000000e+00
   2.4472749e-02
   2.6470301e-02
   2.2095073e-02
   1.8376233e-02
   4.6760052e-03
   0.0000000e+00
   0.0000000e+00
   0.0000000e+00
   0.0000000e+00
   0.0000000e+00
   0.0000000e+00
   0.0000000e+00
   0.0000000e+00
   0.0000000e+00
   0.0000000e+00
   0.0000000e+00
   0.0000000e+00
   0.0000000e+00
   0.0000000e+00
  -0.0000000e+00
  -0.0000000e+00
  -0.0000000e+00
  -0.0000000e+00
  -0.0000000e+00
  -0.0000000e+00
  -0.0000000e+00
  -0.0000000e+00
  -0.0000000e+00
   0.0000000e+00
   0.0000000e+00
   0.0000000e+00
   0.0000000e+00
   0.0000000e+00
   0.0000000e+00
   0.0000000e+00
   0.0000000e+00
   0.0000000e+00
   0.0000000e+00
  -0.0000000e+00
  -0.0000000e+00
  -2.9751406e-03
  -8.3973373e-04
   0.0000000e+00
   0.0000000e+00
   0.0000000e+00
   0.0000000e+00
   0.0000000e+00
   0.0000000e+00
   0.0000000e+00
   0.0000000e+00
   0.0000000e+00
   0.0000000e+00
   0.0000000e+00
   0.0000000e+00
   0.0000000e+00
   0.0000000e+00
   0.0000000e+00
   0.0000000e+00
   0.0000000e+00
  -0.0000000e+00
  -0.0000000e+00
  -0.0000000e+00
  -0.0000000e+00
  -0.0000000e+00
  -0.0000000e+00
  -0.0000000e+00
   0.0000000e+00
   0.0000000e+00
   0.0000000e+00
   0.0000000e+00
   0.0000000e+00
   0.0000000e+00
  -0.0000000e+00
   0.0000000e+00
   0.0000000e+00
  -0.0000000e+00
  -1.5683277e-02
  -1.5109507e-02
  -1.2274517e-02
  -7.8639753e-03
  -5.4604080e-03
  -3.6792335e-03
   0.0000000e+00
   0.0000000e+00
   0.0000000e+00
   0.0000000e+00
   0.0000000e+00
