   5.7085341e-01
   5.4215151e-01
   3.7564921e-01
   6.0233843e-01
   3.6279267e-01
   5.2365500e-01
   1.0347879e+00
   8.6730576e-01
   7.4222398e-01
   6.6700661e-01
   4.9444053e-01
   3.8206735e-01
   4.2992654e-01
   5.3624475e-01
   6.7798018e-01
   6.0458010e-01
   7.1092349e-01
   7.3952973e-01
   4.1673031e-01
   3.8446584e-01
   6.9673747e-01
   7.0280463e-01
   8.3143735e-01
   7.4766660e-01
   5.9732485e-01
   4.2523891e-01
   1.0778081e-02
  -2.3500225e-01
  -1.4113268e-01
   8.2169399e-03
  -1.3633789e-01
  -2.0023476e-01
  -4.4553891e-02
  -2.3159711e-03
   1.8190476e-01
   3.7944537e-01
   2.9493898e-01
   3.6807790e-01
   4.5291710e-01
   6.6905892e-01
   8.8860744e-01
   1.0277495e+00
   1.0003936e+00
   7.3726887e-01
   5.8048338e-01
   5.5631715e-01
   4.5891872e-01
   3.6027864e-01
   3.9094499e-01
   4.6485654e-01
   5.1227450e-01
   5.0075495e-01
   4.9139851e-01
   4.4982606e-01
   1.8233564e-01
   3.9162064e-01
   5.0383317e-01
   6.4519387e-01
   7.9101813e-01
   7.8026539e-01
   5.3834814e-01
   1.8703255e-01
  -1.1283965e-01
  -1.7975292e-01
  -2.9763773e-01
   3.6415033e-02
  -2.1433808e-02
   5.8368868e-01
   7.7247137e-01
   5.8659565e-01
   3.5505283e-01
   3.0133146e-01
  -3.6598703e-01
  -1.9626622e-01
   4.1480353e-01
   4.9571317e-01
   2.4180637e-01
   9.6040690e-01
   6.5823984e-01
   3.5817659e-01
   1.4470272e-01
   1.7313418e-01
   1.7742348e-01
   1.0641824e-01
   3.0731808e-02
   2.3280323e-02
   5.7831611e-02
   5.0300907e-02
   9.0015590e-02
   1.4934817e-01
   9.0890981e-02
  -2.2026207e-01
  -2.7114265e-02
   3.5382327e-01
   5.8913124e-01
   5.3071046e-01
   3.2666793e-01
   1.8548493e-03
  -3.7747437e-01
  -6.2302858e-01
  -5.9323204e-01
  -2.8165340e-01
   3.4504876e-02
   2.8508395e-01
   5.0428492e-01
   4.9903759e-01
   2.6702675e-01
  -7.0295349e-02
  -1.1823539e+00
  -5.8891577e-01
  -2.1263699e-01
  -1.4503948e-01
  -1.1849020e-01
   7.2605962e-01
   3.7354791e-01
  -2.2434948e-02
  -4.2578217e-01
  -3.0752593e-01
  -2.6684004e-01
  -3.3703366e-01
  -4.9639407e-01
  -6.2538213e-01
  -5.9575897e-01
  -5.5096143e-01
  -4.6486327e-01
  -3.3453852e-01
  -5.0191087e-01
  -1.3025271e+00
  -3.8125271e-01
  -1.2560934e-01
   2.2356983e-01
   1.5535051e-01
  -1.1453285e-01
  -5.1286805e-01
  -9.8480833e-01
  -1.2147654e+00
  -1.0410478e+00
  -5.5866909e-01
  -1.0494105e-01
   1.5054993e-01
   1.8201409e-01
   5.3653143e-02
  -2.7259633e-01
  -7.5928348e-01
  -1.1236858e+00
  -5.9917516e-01
  -2.8689906e-01
  -1.5013587e-01
  -2.3766890e-01
   5.2866411e-01
  -1.0418916e-01
  -4.8562685e-01
  -7.5818932e-01
  -8.3075410e-01
  -7.4561089e-01
  -7.7422392e-01
  -9.3261325e-01
  -1.0652261e+00
  -1.0121392e+00
  -9.1976243e-01
  -7.8511250e-01
  -7.0826215e-01
  -9.0990734e-01
  -1.5091105e+00
  -4.8408088e-01
  -5.0402123e-01
  -1.6744058e-01
  -2.6981163e-01
  -6.1596382e-01
  -1.0859314e+00
  -1.5680817e+00
  -1.6310121e+00
  -1.2263612e+00
  -6.1483657e-01
  -1.8805806e-01
  -4.0681425e-02
  -1.9359833e-01
  -4.6311384e-01
  -8.0293423e-01
  -1.2401909e+00
  -7.0672306e-01
  -3.9885857e-01
  -2.1054475e-01
  -3.1204120e-01
  -1.1079951e-01
  -1.4612737e-01
  -4.8795369e-01
  -7.8085558e-01
  -9.4071257e-01
  -8.9351027e-01
  -9.5584476e-01
  -9.9575651e-01
  -1.0557698e+00
  -1.1301127e+00
  -1.0761913e+00
  -9.6964031e-01
  -8.5044383e-01
  -7.9770927e-01
  -7.1930703e-01
  -1.0807958e+00
  -4.2850375e-01
  -6.9558420e-01
  -4.3588754e-01
  -5.7068935e-01
  -9.3256544e-01
  -1.3477511e+00
  -1.6128851e+00
  -1.4474803e+00
  -8.4454565e-01
  -3.6737128e-01
  -1.1548293e-01
  -1.3355393e-01
  -4.2924791e-01
  -7.7903864e-01
  -1.0199770e+00
  -9.8062724e-01
  -1.5585072e-01
  -2.8894505e-01
  -9.0973020e-02
  -3.1426236e-01
  -2.7219251e-01
  -4.0657684e-01
  -4.8215798e-01
  -8.5135001e-01
  -1.0232431e+00
  -9.4027483e-01
  -9.8165751e-01
  -9.2846656e-01
  -8.7346786e-01
  -9.1558254e-01
  -9.0190923e-01
  -8.4926391e-01
  -7.9551405e-01
  -6.7103261e-01
  -1.1784121e-02
   7.5128511e-02
  -2.0486666e-01
  -7.7643859e-01
  -6.1792982e-01
  -7.7298880e-01
  -9.9525142e-01
  -1.1302937e+00
  -8.4504986e-01
  -6.7892563e-01
  -1.8547516e-01
  -1.0328890e-01
   7.7046096e-02
  -6.9350176e-02
  -4.4556692e-01
  -8.1391221e-01
  -8.9400959e-01
  -3.6769116e-01
   8.6866643e-01
   1.2548624e-01
   6.3074239e-02
  -1.9975402e-01
  -3.7416291e-01
  -2.5487289e-01
  -5.5058359e-01
  -8.9148790e-01
  -9.3559080e-01
  -8.2690855e-01
  -7.3604685e-01
  -5.6621253e-01
  -4.9854940e-01
  -5.5526149e-01
  -6.3527572e-01
  -6.7991112e-01
  -6.3619721e-01
  -2.9169434e-01
   1.0735499e+00
   1.4367700e+00
  -8.8189825e-02
  -5.6116461e-01
  -9.2149645e-01
  -9.8231906e-01
  -7.8713849e-01
  -3.0746824e-01
   1.0534945e+00
   4.5040181e-02
  -5.5777650e-02
  -1.0557063e-02
   4.3805218e-01
   1.0166658e-01
  -3.0937371e-01
  -5.9386032e-01
  -5.1470160e-01
   1.5846875e-01
   1.3717853e+00
   6.9813013e-01
   5.3107366e-02
  -2.5132823e-01
  -4.4523031e-01
  -4.0980110e-01
  -6.1230254e-01
  -7.0622641e-01
  -6.1448258e-01
  -4.7652856e-01
  -3.2107297e-01
  -1.7565553e-01
  -1.4571179e-01
  -2.5435480e-01
  -4.4704822e-01
  -5.1810664e-01
  -4.1290081e-01
   1.8788603e-01
   1.9446517e+00
   2.6392965e+00
   3.1256160e-01
  -3.1118226e-01
  -1.1967033e+00
  -1.2119808e+00
  -4.0648925e-01
   7.5549507e-01
   2.8111513e+00
   4.5756197e-01
  -2.1126288e-01
   1.2249303e-01
   2.4712908e-01
  -3.8393635e-02
  -1.9386078e-01
  -2.9397058e-01
  -1.1786165e-01
   5.4474956e-01
   1.7654169e+00
   1.9992712e+00
   9.9547851e-01
  -1.9413078e-01
  -5.3579074e-01
  -1.2564602e-01
  -5.2666478e-02
  -4.5333333e-02
   3.7974477e-02
   1.2816639e-01
   2.0047089e-01
   2.6864552e-01
   2.3309754e-01
  -8.7122312e-03
  -2.8618461e-01
  -2.9432234e-01
  -1.8416747e-02
   8.7673324e-01
   2.8656056e+00
   3.2620373e+00
   8.9747019e-02
  -2.6196998e-01
  -1.4018641e+00
  -1.4137950e+00
   3.1216881e-01
   2.3247759e+00
   4.2709956e+00
   3.3836067e-01
   9.8131381e-02
   5.1803190e-01
   1.7100520e-01
   1.5735865e-01
   1.8905336e-01
   1.9180197e-01
   4.2343709e-01
   1.0392492e+00
   2.0362966e+00
   2.4544034e+00
   1.9900854e+00
  -1.4759268e-01
  -1.4034899e-01
   4.6305445e-01
   5.4327214e-01
   5.0131786e-01
   5.3392136e-01
   5.3481108e-01
   5.1904732e-01
   5.4193008e-01
   4.0408549e-01
   7.2190121e-02
  -1.8666327e-01
  -7.3179901e-02
   3.9352009e-01
   1.5090501e+00
   3.6134834e+00
   3.0563464e+00
  -1.7509800e-01
  -2.2186232e-01
  -9.6584725e-01
  -1.2976948e+00
   1.0096880e+00
   3.4957943e+00
   4.2757502e+00
   3.3883965e-01
   5.7875305e-02
   2.3629078e-01
   1.6787383e-01
   6.2086856e-01
   5.8401263e-01
   5.8727354e-01
   8.7132323e-01
   1.4277575e+00
   2.3210921e+00
   2.7775214e+00
   2.0732601e+00
  -8.8360354e-02
   5.6852865e-01
   9.1650891e-01
   9.7360998e-01
   9.3209821e-01
   8.9942014e-01
   8.0683476e-01
   7.3848128e-01
   6.9892317e-01
   4.2552873e-01
   5.4647613e-02
  -6.1844204e-02
   2.7267659e-01
   9.8522288e-01
   2.3199666e+00
   4.0523810e+00
   2.0245125e+00
  -3.4281155e-01
  -3.9871961e-01
  -7.1780854e-01
  -5.8495301e-01
   1.7867742e+00
   4.4586258e+00
   3.8998635e+00
   1.7939073e-01
   2.5807176e-02
   1.6742523e-01
   5.3031117e-01
   1.0828781e+00
   8.8071245e-01
   9.5907730e-01
   1.3437912e+00
   1.8313060e+00
   2.5145774e+00
   2.8331378e+00
   2.3679307e+00
   8.8304782e-01
   9.0753925e-01
   1.0887530e+00
   1.1623269e+00
   1.1344026e+00
   1.0263848e+00
   8.6291790e-01
   7.7269500e-01
   6.3832951e-01
   2.7823067e-01
   3.2569275e-03
   1.5300293e-01
   7.3353022e-01
   1.6386811e+00
   3.1102309e+00
   4.5975986e+00
   5.9298033e-01
  -4.1373828e-01
  -3.1773663e-01
  -4.3118280e-01
   4.3401772e-01
   2.4689431e+00
   4.8681884e+00
   3.2482655e+00
  -1.7735668e-01
  -2.6269948e-01
   3.4550808e-02
   1.0318320e+00
   1.3488629e+00
   1.0191621e+00
   1.2387531e+00
   1.7027627e+00
   2.1249259e+00
   2.5337934e+00
   2.6955569e+00
   2.2173929e+00
   1.1329720e+00
   9.2987424e-01
   1.0662569e+00
   1.1460549e+00
   1.0998063e+00
   9.2628884e-01
   7.3324645e-01
   6.4023840e-01
   4.3582526e-01
   1.6137913e-01
   1.2370065e-01
   5.1566076e-01
   1.2186586e+00
   2.1714029e+00
   3.6508343e+00
   4.1193795e+00
  -5.2593019e-02
  -3.0350614e-01
  -1.3941713e-01
   1.5816744e-01
   1.3659475e+00
   3.0008466e+00
   4.8459220e+00
   2.9371455e+00
  -1.9892031e-01
  -2.0033437e-01
   4.1882080e-01
   1.6080528e+00
   1.4139155e+00
   1.0920111e+00
   1.4071805e+00
   1.8978915e+00
   2.2514691e+00
   2.3035047e+00
   2.2758601e+00
   1.7224975e+00
   9.5108742e-01
   7.3111737e-01
   8.3048725e-01
   8.6373115e-01
   7.4950844e-01
   5.2736098e-01
   3.6911181e-01
   3.0383822e-01
   1.7947520e-01
   1.7225999e-01
   4.2972112e-01
   9.7243011e-01
   1.6634278e+00
   2.4919767e+00
   3.6093364e+00
   2.6047435e+00
  -3.1725299e-01
  -2.8078398e-01
  -1.1637057e-01
   5.5610365e-01
   2.0622807e+00
   3.3750927e+00
   4.4106212e+00
   2.6297400e+00
   3.2745339e-02
   1.2864968e-01
   8.0122924e-01
   1.6160073e+00
   1.3438580e+00
   1.1345996e+00
   1.3938977e+00
   1.8919458e+00
   2.1660995e+00
   1.7581884e+00
   1.6926661e+00
   1.0217956e+00
   5.6940085e-01
   3.2700747e-01
   3.2219207e-01
   2.4791561e-01
   6.7350388e-02
  -1.9473001e-01
  -3.6220336e-01
  -4.2281538e-01
  -4.0286714e-01
  -1.5050177e-01
   3.2396403e-01
   9.2268622e-01
   1.5842115e+00
   2.2881536e+00
   2.8546667e+00
   1.4205221e+00
  -3.2396730e-02
  -1.0833342e+00
  -3.6030346e-01
   3.8496870e-01
   2.8172724e+00
   3.5622413e+00
   3.9213839e+00
   2.0772359e+00
   1.0084300e-01
   3.0287367e-01
   1.3124455e+00
   1.4059381e+00
   1.2755312e+00
   1.2093517e+00
   1.0738895e+00
   1.4971719e+00
   1.6446540e+00
   1.5082835e+00
   1.1717638e+00
   3.1614426e-01
   9.8383956e-02
  -1.8895079e-01
  -3.1494600e-01
  -4.8282242e-01
  -7.3356974e-01
  -1.0757961e+00
  -1.3247255e+00
  -1.4236418e+00
  -1.3258193e+00
  -9.5434660e-01
  -4.3300053e-01
   7.0407584e-02
   5.2940309e-01
   1.0448978e+00
   1.4761711e+00
   5.5562979e-01
   5.7319269e-02
  -2.0516095e+00
  -1.6361012e+00
  -1.3280927e-01
   3.2635598e+00
   3.4812603e+00
   3.4980588e+00
   1.3788691e+00
   1.6976522e-01
   4.7798803e-01
   2.2471027e+00
   1.3326640e+00
   1.3133696e+00
   1.6146297e+00
   1.0168685e+00
   9.8385960e-01
   9.4450557e-01
   7.7540710e-01
   4.8376453e-01
  -3.0186256e-01
  -3.5526236e-01
  -6.1934035e-01
  -7.3916391e-01
  -8.3600702e-01
  -9.2584790e-01
  -1.0510071e+00
  -1.1350473e+00
  -1.1311524e+00
  -1.0000489e+00
  -7.4140647e-01
  -4.4593341e-01
  -2.9260933e-01
  -2.9927369e-01
  -3.4801708e-01
  -3.7523647e-01
  -2.0091850e-01
  -9.2865413e-03
  -2.7905416e+00
  -2.9822911e+00
  -3.7589090e-01
   3.0264126e+00
   3.0786632e+00
   3.1138240e+00
   1.0319676e+00
   1.1624828e-01
   5.3076279e-01
   2.4400413e+00
   1.6095490e+00
   1.4599072e+00
   1.1873783e+00
   1.0588537e+00
   7.9658368e-01
   6.3724725e-01
   1.4949803e-02
  -2.5019158e-02
  -5.4906392e-01
  -4.8255992e-01
  -6.4138411e-01
  -5.6113666e-01
  -3.5205142e-01
  -2.7952215e-02
   2.8876918e-01
   4.8824150e-01
   6.3210635e-01
   8.3298679e-01
   1.1205649e+00
   1.3892507e+00
   1.3180838e+00
   7.4347267e-01
  -2.0082696e-01
  -1.5618477e+00
  -1.8459237e+00
  -8.1756052e-01
  -2.7656969e+00
  -2.7102250e+00
   3.6183547e-02
   2.1476662e+00
   2.0421648e+00
   2.2307985e+00
   7.3368696e-01
  -7.8483699e-02
   4.9697322e-01
   1.8863819e+00
   1.8833797e+00
   1.6483453e+00
   5.6966262e-01
   1.3099961e+00
   1.3337334e+00
   4.8273754e-01
  -2.1407250e-01
  -4.7403383e-01
  -7.3405290e-01
  -8.6724842e-01
  -1.0893910e+00
  -1.0501406e+00
  -8.0497551e-01
  -3.8722655e-01
   5.3512648e-02
   3.0176818e-01
   3.7641981e-01
   4.6341506e-01
   7.0598185e-01
   1.0268530e+00
   1.0892377e+00
   4.9278492e-01
  -5.9750956e-01
  -2.2322183e+00
  -2.9083931e+00
  -1.2455189e+00
  -2.3224280e+00
  -2.6365998e+00
  -8.8262594e-01
   6.4764214e-01
   1.0260159e+00
   1.2821969e+00
   4.6227396e-01
  -2.3867720e-01
   8.8013671e-02
   1.1853122e+00
   2.1142561e+00
   1.4258370e+00
   4.1912442e-01
   9.0599996e-01
   1.5008860e+00
   5.3751647e-01
  -2.2996219e-01
  -1.0809515e+00
  -7.4834895e-01
  -1.2854446e+00
  -1.6298251e+00
  -1.8157421e+00
  -1.7672755e+00
  -1.4994667e+00
  -1.0969052e+00
  -8.2380658e-01
  -8.2987523e-01
  -9.8834872e-01
  -1.0432574e+00
  -8.8589501e-01
  -4.3443808e-01
  -7.9894528e-02
  -3.9728940e-01
  -1.8172263e+00
  -3.6264489e+00
  -2.4137435e+00
  -1.6036670e+00
  -2.1474631e+00
  -2.1037049e+00
  -9.5338160e-01
   7.9544586e-01
   7.6850009e-01
   9.3372859e-02
  -3.8467634e-01
  -3.7055659e-01
   5.3552198e-01
   1.8875980e+00
   1.3936659e+00
   5.2882820e-01
   6.2015283e-01
   1.2163881e+00
   4.8467425e-01
  -1.1078715e-01
  -1.1502184e+00
  -7.9274881e-01
  -1.4129443e+00
  -1.8326941e+00
  -2.2170634e+00
  -2.3757060e+00
  -2.3009923e+00
  -2.0036092e+00
  -1.6666365e+00
  -1.5984911e+00
  -1.8755143e+00
  -2.1853595e+00
  -2.2599087e+00
  -1.7729409e+00
  -7.4781400e-01
   1.8634926e-01
  -3.4480566e-01
  -1.9753387e+00
  -4.9536365e-01
  -6.1479163e-01
  -1.9215145e+00
  -3.0264618e+00
  -2.8467560e+00
   2.9473427e-01
   4.8357806e-01
  -1.3098541e-01
  -4.8615363e-01
  -8.6278653e-01
   1.9437112e-01
   8.6372828e-01
   1.3836583e+00
   7.8916013e-01
   4.3322757e-01
   8.8298523e-01
   9.4953853e-01
   6.0821645e-02
  -6.7813540e-01
  -7.6791489e-01
  -1.2899659e+00
  -1.7061272e+00
  -2.1974714e+00
  -2.5174701e+00
  -2.6024978e+00
  -2.4088769e+00
  -2.0217540e+00
  -1.7814558e+00
  -1.9988031e+00
  -2.4644823e+00
  -2.8088686e+00
  -2.6296711e+00
  -1.6608514e+00
  -2.3190442e-01
   3.9531919e-01
  -5.7874173e-01
   2.8276339e-01
  -1.2254567e-01
  -1.5199919e+00
  -3.2389343e+00
  -4.4886236e+00
  -1.0851524e+00
   1.5804647e-01
  -1.7812593e-01
  -7.0846665e-01
  -1.2626909e+00
  -1.7300347e-02
  -2.2308046e-02
   9.1699010e-01
   6.1206108e-01
   6.7305958e-01
   1.8000350e+00
   1.0899338e+00
   1.6127324e-01
  -1.2282296e-01
  -5.9741485e-01
  -1.0532153e+00
  -1.4375057e+00
  -1.9626200e+00
  -2.3755114e+00
  -2.5608065e+00
  -2.4313617e+00
  -1.9991994e+00
  -1.5708323e+00
  -1.5913594e+00
  -2.0866239e+00
  -2.7182286e+00
  -3.0143657e+00
  -2.1546402e+00
  -5.1674151e-01
   8.7513208e-01
   3.6271176e-01
   5.6349951e-01
   1.6004738e-01
  -9.7286296e-01
  -2.7755492e+00
  -5.0485234e+00
  -2.6249211e+00
  -5.5164254e-01
  -4.4071782e-01
  -1.1872379e+00
  -1.8017882e+00
  -3.6614364e-01
  -6.0720497e-01
   2.8753869e-02
   2.0164466e-01
   5.0215328e-01
   1.9123918e-01
   8.9528573e-01
   2.8440377e-01
   4.3379384e-01
  -1.3904887e-01
  -6.6498518e-01
  -9.8955733e-01
  -1.4860333e+00
  -1.9373943e+00
  -2.1662924e+00
  -2.0908773e+00
  -1.7102227e+00
  -1.1906021e+00
  -9.8269337e-01
  -1.4075361e+00
  -2.2868021e+00
  -3.2006855e+00
  -2.2289817e+00
  -2.6214637e-02
   7.8824323e-01
   1.1025455e+00
   8.0862600e-01
   3.8834989e-01
  -3.9520067e-01
  -1.9318961e+00
  -4.6203961e+00
  -3.3520429e+00
  -1.5396320e+00
  -4.1166878e-01
  -1.7640494e+00
  -2.1848559e+00
  -8.3210719e-01
  -1.0892055e+00
  -6.9492614e-01
  -2.6417935e-01
  -3.2464936e-01
  -8.1535083e-01
   4.8017371e-01
   2.0383368e-01
   5.0671059e-01
   5.5700368e-01
  -4.6000697e-02
  -3.2726622e-01
  -7.3351747e-01
  -1.1748281e+00
  -1.3983558e+00
  -1.3293192e+00
  -1.0705413e+00
  -7.1827728e-01
  -4.8698986e-01
  -8.4497470e-01
  -1.8846871e+00
  -3.2942309e+00
  -1.8486561e+00
   5.9580195e-01
   7.8352457e-01
   6.1999667e-01
   1.1816084e+00
   6.0490966e-01
   1.2342799e-01
  -1.0079226e+00
  -3.4354041e+00
  -3.4060838e+00
  -1.4031396e+00
  -2.4840213e-01
  -1.8278011e+00
  -2.4807026e+00
  -1.1942790e+00
  -1.4251266e+00
  -1.1849244e+00
  -6.9156981e-01
  -7.4122703e-01
  -7.5971878e-01
   5.9447482e-02
   2.9046974e-01
   5.4676884e-01
   9.7766507e-01
   5.2492177e-01
   3.0805442e-01
   4.9022585e-04
  -4.0003747e-01
  -6.0512042e-01
  -4.9545509e-01
  -2.4782366e-01
  -7.3263265e-02
  -3.5876013e-02
  -4.5828977e-01
  -1.6376842e+00
  -3.2154505e+00
  -1.2331651e+00
   6.7148405e-01
   1.2143281e+00
   5.8086205e-01
   1.4122484e+00
   8.7936491e-01
   4.9408555e-01
  -2.5334692e-01
  -2.3285360e+00
  -3.3033202e+00
  -7.5064158e-01
  -5.0989336e-01
  -1.5252553e+00
  -2.2958698e+00
  -1.1069920e+00
  -1.2615780e+00
  -1.4578432e+00
  -8.1463212e-01
  -1.0714269e+00
  -9.7478712e-01
  -1.3552058e-01
   1.6048428e-01
   5.9242052e-01
   6.9767690e-01
   4.7873300e-01
   5.4797542e-01
   4.8292589e-01
   1.9176495e-01
   5.3034835e-02
   2.5413698e-01
   6.1524713e-01
   8.0321878e-01
   6.4465201e-01
   4.0789690e-02
  -1.3830409e+00
  -2.7071288e+00
  -2.2882581e-01
   5.0489497e-01
   7.8135556e-01
   5.5518436e-01
   1.3492596e+00
   1.1913692e+00
   8.5951871e-01
   4.6667069e-01
  -1.0646851e+00
  -2.7310207e+00
  -2.0823017e-01
  -7.4141544e-01
  -8.8993597e-01
  -7.9365391e-01
  -3.4583244e-01
  -4.4751516e-01
  -9.8311466e-01
  -4.7321028e-01
  -6.3592124e-01
  -5.8059025e-01
  -8.9799292e-02
   1.5051977e-01
   4.4517156e-01
   2.2338675e-01
  -1.1201225e-01
   2.2519676e-01
   4.6736562e-01
   3.1157299e-01
   3.0107567e-01
   5.6484544e-01
   9.9848586e-01
   1.2939242e+00
   1.1352113e+00
   4.4629855e-01
  -1.1434228e+00
  -2.0670090e+00
   1.4416304e-01
   5.1009345e-01
   5.7625729e-01
   5.0295395e-01
   1.1713690e+00
   1.1935856e+00
   1.0448072e+00
   8.3849442e-01
  -2.5282449e-01
  -1.6688452e+00
  -1.6236146e-01
  -5.2635539e-01
  -2.3859161e-01
  -1.0842867e-01
   2.3935081e-02
   1.5824338e-01
  -5.8520305e-01
  -2.8391260e-01
  -2.7357295e-01
  -1.0709866e-01
   1.5164934e-01
   2.0939001e-01
   1.9567584e-01
   2.1891326e-01
  -2.9447165e-01
  -1.6353145e-01
   3.2438093e-01
   3.1102809e-01
   4.0022323e-01
   6.9941747e-01
   1.1312898e+00
   1.4935656e+00
   1.4274514e+00
   8.0767256e-01
  -7.0516109e-01
  -1.0188769e+00
   3.0066329e-01
   2.2732967e-01
   2.2902296e-01
   4.6102336e-01
   6.9352007e-01
   1.1374995e+00
   1.0950540e+00
   1.0103359e+00
   3.7203962e-01
  -6.3340116e-01
  -2.6803948e-02
  -3.5812402e-01
   7.1629256e-02
  -8.4435411e-02
   1.8921448e-01
   1.4540665e-01
  -3.4993559e-01
   6.6414192e-02
  -1.8690339e-01
   1.0886951e-01
   3.0447283e-01
   2.2573001e-01
  -3.5583440e-02
   1.3959068e-01
  -3.5150842e-01
  -5.6705672e-01
  -2.8841211e-02
   8.1219936e-02
   2.2198848e-01
   5.3379720e-01
   9.5715081e-01
   1.3220656e+00
   1.3694872e+00
   9.5691901e-01
  -1.2945324e-01
  -1.1161197e-01
   7.2638006e-02
  -1.1309009e-01
  -1.3409856e-01
   1.2040747e-01
   3.5968548e-01
   6.1732489e-01
   9.1976409e-01
   9.1516811e-01
   6.0662395e-01
  -9.0824734e-02
   2.8291294e-01
   6.8505682e-02
   5.8470465e-02
  -2.7332041e-01
   6.2094674e-02
  -4.3605094e-02
  -1.7139117e-01
   1.0777239e-01
  -1.0855884e-01
  -1.6409089e-01
   1.4419859e-02
  -2.8813264e-01
  -3.8305195e-01
  -2.0245810e-01
  -5.9534526e-01
  -1.2840210e+00
  -6.5519897e-01
  -4.3305278e-01
  -1.5478022e-01
   1.4472772e-01
   5.4608363e-01
   9.0651430e-01
   1.0524958e+00
   9.2697334e-01
   3.0165514e-01
   3.0442926e-01
   1.3693331e-01
  -2.9745945e-01
  -2.4934341e-01
  -1.2660627e-01
   1.5855829e-01
   2.3650462e-01
   3.3349645e-01
   5.1727313e-01
   5.5241227e-01
   1.8950842e-01
   3.8668762e-01
   2.7272492e-01
   1.6576251e-02
  -1.4411682e-01
  -1.4508113e-01
  -9.2650622e-02
  -6.3818328e-02
   6.1761919e-02
  -1.2783456e-01
  -1.3880144e-01
  -4.1845458e-02
  -2.0197667e-01
  -5.4726857e-01
  -4.7037494e-01
  -7.8100328e-01
  -1.5388168e+00
  -1.2654055e+00
  -1.1640392e+00
  -7.0193624e-01
  -4.0016848e-01
  -7.5437364e-02
   1.8995041e-01
   4.4711915e-01
   6.4287786e-01
   4.6664596e-01
   5.2813512e-01
  -7.2429427e-04
  -2.6351085e-01
  -2.8835428e-01
  -2.4616060e-01
   2.9739551e-03
   6.2367328e-02
  -4.2749086e-01
  -6.6781908e-02
   3.6168703e-01
   4.4931486e-01
   3.6381438e-01
   2.1724547e-01
   1.4482121e-01
  -2.0836024e-02
  -5.6725830e-02
   1.1887778e-02
   7.9173289e-02
   2.2743356e-01
   6.5064792e-02
   3.4293717e-01
   6.0035460e-02
   1.7181452e-01
  -8.5379347e-02
  -2.6346248e-01
  -9.8452878e-01
  -1.4504352e+00
  -1.2802916e+00
  -1.2353445e+00
  -1.3285486e+00
  -1.1320331e+00
  -8.7892377e-01
  -6.0680109e-01
  -3.4898528e-01
   1.5672222e-01
   2.6884761e-01
   7.7771820e-02
  -1.4283183e-01
  -3.0227408e-01
  -5.2793962e-01
  -3.2827327e-01
  -1.5894074e-03
  -2.8906474e-01
  -6.7288190e-01
  -4.3742421e-01
   1.0722552e-01
   4.4068462e-01
   4.0205643e-01
   3.9373896e-01
  -5.6219984e-02
  -7.5438754e-03
  -4.9792401e-02
   3.6998887e-02
   1.3315514e-02
   9.6015148e-02
   9.3586780e-02
   2.1093306e-01
   9.8158695e-02
  -3.9018485e-02
  -4.2051472e-02
   8.2101904e-02
   2.3557030e-01
  -3.4193096e-01
  -4.0152231e-01
  -4.9610549e-01
  -1.1384767e+00
  -1.3671952e+00
  -8.3201875e-01
  -4.8757866e-01
  -1.9848244e-01
  -1.0906565e-02
   2.6472872e-01
  -1.9175497e-01
  -1.6390912e-01
  -2.7828681e-01
  -4.8189142e-01
  -5.0893700e-01
  -1.9451252e-01
  -3.9521930e-01
  -3.9430041e-01
   3.6150238e-01
  -2.9019687e-01
  -6.6436730e-01
  -3.4914050e-01
   6.0012048e-01
   2.6318341e-01
  -1.0600661e-01
  -1.6190799e-01
  -2.0011866e-02
  -5.0092477e-02
  -5.9311621e-02
   1.1170166e-01
   4.4530061e-01
   1.4012590e-01
   9.7019084e-02
   1.0500690e-01
   2.2908224e-01
   1.3508756e-01
   1.2373837e-03
  -4.8629284e-02
   1.5531272e-02
  -1.0883173e-01
  -3.9724010e-01
  -4.7112241e-01
  -3.7687916e-01
  -3.3765092e-01
  -4.7302154e-01
  -4.8354843e-01
  -2.9872090e-01
  -2.9356986e-01
  -5.6095809e-01
  -6.5772569e-01
  -4.3048304e-01
  -3.9138389e-01
  -4.6342534e-01
  -3.4724730e-01
  -1.3135996e-01
   3.4164163e-01
   9.7688995e-02
  -2.5294170e-01
   1.1535148e-01
   2.3953861e-01
   1.5242496e-01
   7.2961837e-02
   1.3826299e-02
  -6.2034909e-02
  -9.1554441e-02
   7.6415114e-02
   2.8947926e-01
   2.2697307e-01
