   0.0000000e+00
   0.0000000e+00
   0.0000000e+00
   0.0000000e+00
  -0.0000000e+00
   0.0000000e+00
   0.0000000e+00
   0.0000000e+00
   0.0000000e+00
   0.0000000e+00
   0.0000000e+00
   0.0000000e+00
   0.0000000e+00
   0.0000000e+00
   0.0000000e+00
   0.0000000e+00
   0.0000000e+00
   0.0000000e+00
   0.0000000e+00
   0.0000000e+00
   0.0000000e+00
   0.0000000e+00
   0.0000000e+00
   0.0000000e+00
   0.0000000e+00
   0.0000000e+00
   0.0000000e+00
   0.0000000e+00
   0.0000000e+00
   0.0000000e+00
   0.0000000e+00
   0.0000000e+00
   0.0000000e+00
   0.0000000e+00
   0.0000000e+00
   0.0000000e+00
   9.9089196e-03
   5.8121999e-03
   3.1052492e-03
   9.2425211e-03
   0.0000000e+00
   0.0000000e+00
   1.6339214e-02
   1.1566511e-02
   7.5541562e-03
   5.9574526e-03
   3.2600977e-03
   2.1358797e-03
   3.9258286e-03
   6.2330670e-03
   7.9891533e-03
   6.8431227e-03
   7.4710958e-03
   5.8583277e-03
  -1.5442395e-03
   0.0000000e+00
   9.9918265e-03
   8.1152394e-03
   9.8069869e-03
   8.0792447e-03
   0.0000000e+00
  -0.0000000e+00
  -0.0000000e+00
  -0.0000000e+00
  -0.0000000e+00
  -0.0000000e+00
   0.0000000e+00
   0.0000000e+00
   0.0000000e+00
   0.0000000e+00
   0.0000000e+00
   0.0000000e+00
  -1.8098399e-04
   1.3225342e-03
   6.4603089e-03
   1.0095368e-02
   1.1883860e-02
   1.4922146e-02
   1.0219916e-02
   5.7693962e-03
   3.1947871e-03
   3.0180524e-03
   1.9723645e-03
   7.1336463e-04
   1.4674009e-03
   2.9222965e-03
   3.7934466e-03
   3.6482918e-03
   4.2098486e-03
   3.7709721e-03
   1.5788779e-03
   1.3952487e-03
   2.1600919e-03
   5.2728526e-03
   7.3456052e-03
   6.1647333e-03
   2.7824155e-03
  -1.6520738e-03
  -6.8770186e-03
  -9.6809350e-03
  -9.6097402e-03
  -6.3101764e-03
  -2.5799565e-03
   4.1378195e-03
   8.6148679e-03
   6.7145844e-03
   3.0997836e-03
   5.9214093e-05
  -9.2798690e-03
  -3.6712136e-03
   4.8539283e-03
   0.0000000e+00
   0.0000000e+00
   1.4505887e-02
   7.1599410e-03
   1.1397908e-03
  -1.0344230e-03
  -3.6968670e-04
  -1.4051792e-03
  -2.5324095e-03
  -4.1260440e-03
  -4.8169196e-03
  -4.0978454e-03
  -3.7784870e-03
  -2.2664883e-03
  -5.4550404e-04
  -2.6795297e-03
  -7.2555455e-03
   1.0988711e-03
   2.1829842e-03
   4.5690937e-03
   2.6578142e-03
  -1.5723396e-03
  -7.1666045e-03
  -1.3025411e-02
  -1.6271500e-02
  -1.4110611e-02
  -7.6689292e-03
  -1.3970996e-03
   3.3043008e-03
   5.7453099e-03
   5.1358480e-03
   6.6679606e-04
  -4.6131941e-03
   0.0000000e+00
   0.0000000e+00
   0.0000000e+00
   0.0000000e+00
   0.0000000e+00
   1.4870696e-02
   3.1460971e-03
  -5.5650095e-03
   0.0000000e+00
  -7.9158616e-03
  -8.5637681e-03
  -9.0849614e-03
  -1.2408201e-02
  -1.4089657e-02
  -1.2744869e-02
  -1.1605781e-02
  -9.4043277e-03
  -7.7052256e-03
  -1.2588460e-02
  -0.0000000e+00
   1.7635402e-03
  -1.8071851e-03
   5.6052126e-04
  -1.8121084e-03
  -7.5832848e-03
  -1.4975742e-02
  -2.1980895e-02
  -2.3060720e-02
  -1.7277841e-02
  -8.4974654e-03
  -1.8606856e-03
   1.5675991e-03
   1.2992813e-03
  -1.7206937e-03
  -7.8530489e-03
  -1.5787986e-02
   0.0000000e+00
   0.0000000e+00
   0.0000000e+00
   0.0000000e+00
   0.0000000e+00
   7.3599332e-03
  -2.9312117e-03
  -1.0660765e-02
  -1.4779350e-02
  -1.3439375e-02
  -1.4593959e-02
  -1.5291753e-02
  -1.7961256e-02
  -1.8881388e-02
  -1.7595725e-02
  -1.5706124e-02
  -1.3046563e-02
  -1.2264884e-02
  -1.5063150e-02
  -0.0000000e+00
  -0.0000000e+00
  -4.1095027e-03
  -2.5501237e-03
  -6.2015245e-03
  -1.3380518e-02
  -2.1605506e-02
  -2.7161347e-02
  -2.3722221e-02
  -1.3594200e-02
  -4.7524789e-03
  -3.6887986e-04
  -1.4974647e-04
  -3.6486718e-03
  -9.0069723e-03
  -1.4565295e-02
  -1.9206125e-02
  -8.8567094e-04
   0.0000000e+00
   0.0000000e+00
   0.0000000e+00
   0.0000000e+00
  -5.9810145e-04
  -4.8559206e-03
  -1.2157949e-02
  -1.6340991e-02
  -1.4974673e-02
  -1.6766481e-02
  -1.7551828e-02
  -1.7739782e-02
  -1.7750235e-02
  -1.6860247e-02
  -1.5067126e-02
  -1.3683831e-02
  -1.2805668e-02
  -8.8490443e-03
  -0.0000000e+00
  -0.0000000e+00
  -5.6726992e-03
  -4.6966043e-03
  -1.0145399e-02
  -1.6873477e-02
  -2.1927457e-02
  -2.2048991e-02
  -1.6954327e-02
  -2.4465639e-03
   1.8499086e-03
   2.3436879e-03
  -6.3121255e-04
  -6.8288022e-03
  -1.3290194e-02
  -1.6076121e-02
  -1.3397660e-02
   4.6969754e-03
   0.0000000e+00
   0.0000000e+00
   0.0000000e+00
   8.2585653e-04
   1.1739162e-03
  -3.9309543e-03
  -1.2641527e-02
  -1.5699897e-02
  -1.4930805e-02
  -1.5491664e-02
  -1.3939113e-02
  -1.2626683e-02
  -1.2694867e-02
  -1.2722041e-02
  -1.2212803e-02
  -1.1673940e-02
  -8.8142166e-03
   3.5201612e-03
   1.7318567e-02
   0.0000000e+00
  -0.0000000e+00
  -7.0580645e-03
  -1.2678616e-02
  -1.4962632e-02
  -1.2699209e-02
  -4.6794388e-03
  -0.0000000e+00
   6.7436197e-03
   4.6301857e-03
   6.7281338e-03
   1.1935721e-03
  -6.9184680e-03
  -1.2661280e-02
  -1.2220814e-02
  -4.6643154e-03
   9.8571301e-03
   1.6286009e-02
   0.0000000e+00
   0.0000000e+00
   3.5925271e-04
  -1.5694463e-03
  -7.5521483e-03
  -1.2346439e-02
  -1.2318948e-02
  -1.0914187e-02
  -9.2798043e-03
  -6.9341580e-03
  -6.0666739e-03
  -6.6327513e-03
  -8.0366321e-03
  -8.3459737e-03
  -7.2767218e-03
  -1.9648946e-03
   1.5088605e-02
   3.0366283e-02
   0.0000000e+00
  -0.0000000e+00
  -1.1175946e-02
  -1.4244132e-02
  -8.7957848e-03
   1.0406640e-03
   2.0331127e-02
   0.0000000e+00
   0.0000000e+00
   5.5373092e-03
   8.1755258e-03
  -1.6874229e-04
  -5.6571080e-03
  -7.9232417e-03
  -5.6592007e-03
   1.3211714e-03
   1.4405211e-02
   1.7230043e-02
   0.0000000e+00
  -0.0000000e+00
  -2.6923189e-03
  -3.6834942e-03
  -5.4360935e-03
  -6.0439305e-03
  -4.6948083e-03
  -3.0916086e-03
  -1.3609314e-03
   1.4313069e-04
   4.3440185e-04
  -1.2820880e-03
  -3.9150110e-03
  -4.1605826e-03
  -2.1198145e-03
   5.2605635e-03
   2.4919761e-02
   4.0952626e-02
   0.0000000e+00
   0.0000000e+00
  -1.7425614e-02
  -1.4852298e-02
  -9.0763747e-04
   1.5772115e-02
   4.5620372e-02
   0.0000000e+00
   0.0000000e+00
   5.9733079e-03
   4.4607672e-03
  -7.1160641e-04
  -1.5718588e-03
  -1.3330112e-03
   1.2261359e-03
   6.9207959e-03
   1.7615000e-02
   2.1558810e-02
   2.3253010e-02
  -0.0000000e+00
  -1.7508641e-03
   1.9885686e-03
   2.3863392e-03
   2.1152555e-03
   2.9494460e-03
   3.7512020e-03
   4.4054971e-03
   5.4535856e-03
   4.8857358e-03
   1.8710364e-03
  -1.0469535e-03
  -7.1530548e-04
   2.6295704e-03
   1.2316671e-02
   3.4519326e-02
   4.9395145e-02
   0.0000000e+00
   0.0000000e+00
  -2.4689499e-02
  -1.4260666e-02
   6.7991574e-03
   3.0397624e-02
   5.6514343e-02
   0.0000000e+00
   0.0000000e+00
   4.0985398e-03
   3.7993388e-03
   4.5242906e-03
   4.3864404e-03
   4.6030520e-03
   7.0356019e-03
   1.1651186e-02
   2.1139294e-02
   2.6083115e-02
   2.9776094e-02
   3.2970893e-03
   4.6549439e-03
   7.7277748e-03
   7.8380452e-03
   7.7070352e-03
   8.1598405e-03
   8.0402577e-03
   8.1118001e-03
   8.8082422e-03
   6.8486831e-03
   2.9700180e-03
   7.4759580e-04
   2.6317451e-03
   8.3812354e-03
   2.1711396e-02
   4.3498531e-02
   4.2478493e-02
   0.0000000e+00
   0.0000000e+00
   0.0000000e+00
  -8.4373942e-03
   1.4761105e-02
   4.3997057e-02
   6.8235954e-02
   0.0000000e+00
   0.0000000e+00
   7.8633630e-04
   9.6740862e-03
   1.0170279e-02
   8.7892357e-03
   8.9988653e-03
   1.2049303e-02
   1.6253766e-02
   2.4553917e-02
   2.8472587e-02
   2.4260628e-02
   7.3743028e-03
   8.1669120e-03
   9.1168806e-03
   9.6288966e-03
   1.0095789e-02
   1.0071710e-02
   9.4287451e-03
   9.4852354e-03
   9.3777077e-03
   6.0484647e-03
   2.2898163e-03
   1.9929530e-03
   6.3496050e-03
   1.4908465e-02
   3.1399868e-02
   5.2518035e-02
   0.0000000e+00
   0.0000000e+00
   0.0000000e+00
   0.0000000e+00
   6.5790932e-04
   2.1763353e-02
   5.1571023e-02
   6.7288568e-02
   0.0000000e+00
   0.0000000e+00
   0.0000000e+00
   1.5765877e-02
   1.3994547e-02
   1.1008917e-02
   1.2180598e-02
   1.6112717e-02
   2.0380598e-02
   2.7129358e-02
   2.8715843e-02
   2.2648104e-02
   9.5143169e-03
   7.2679799e-03
   8.5208071e-03
   1.0055595e-02
   1.0828910e-02
   1.0210171e-02
   9.2946375e-03
   9.1299228e-03
   7.3873489e-03
   3.7152953e-03
   1.9409888e-03
   4.7748624e-03
   1.1922410e-02
   2.2835275e-02
   4.1394718e-02
   5.6562493e-02
   0.0000000e+00
   0.0000000e+00
   0.0000000e+00
   0.0000000e+00
   1.1559761e-02
   2.9628787e-02
   5.2423023e-02
   5.7546869e-02
   0.0000000e+00
   0.0000000e+00
   0.0000000e+00
   1.8433160e-02
   1.7326403e-02
   1.3284045e-02
   1.5533309e-02
   2.0071924e-02
   2.3999132e-02
   2.6465081e-02
   2.5958778e-02
   1.8531585e-02
   7.4998559e-03
   5.0133253e-03
   7.3318575e-03
   9.2750033e-03
   9.6483668e-03
   8.5909851e-03
   7.7356347e-03
   7.1918643e-03
   5.1910048e-03
   3.4885150e-03
   4.6818731e-03
   9.7723072e-03
   1.7727606e-02
   2.8208943e-02
   4.3140873e-02
   4.8797891e-02
   0.0000000e+00
   0.0000000e+00
   0.0000000e+00
   0.0000000e+00
   2.4134305e-02
   3.4936342e-02
   4.6953708e-02
   4.2246396e-02
   0.0000000e+00
   0.0000000e+00
   0.0000000e+00
   2.2264346e-02
   1.8307421e-02
   1.4962636e-02
   1.7420065e-02
   2.2012163e-02
   2.4984296e-02
   2.1240085e-02
   1.9598354e-02
   1.2694617e-02
   4.7523598e-03
   3.0600084e-03
   4.9714530e-03
   6.1902436e-03
   5.8475798e-03
   4.5973468e-03
   3.7967446e-03
   3.3539135e-03
   2.6949784e-03
   3.7970641e-03
   7.6992256e-03
   1.4012181e-02
   2.1478215e-02
   2.9046763e-02
   3.4419689e-02
   3.0072369e-02
   0.0000000e+00
   0.0000000e+00
   0.0000000e+00
   0.0000000e+00
   3.2791770e-02
   3.5883956e-02
   3.8666949e-02
   3.0621921e-02
   0.0000000e+00
   0.0000000e+00
   0.0000000e+00
   2.0322610e-02
   1.7165892e-02
   1.4792160e-02
   1.5679985e-02
   2.0123025e-02
   2.1794342e-02
   1.5197325e-02
   1.7642774e-02
   5.9085037e-03
   1.7345202e-03
  -5.2975498e-05
   3.5456219e-04
   1.7442700e-04
  -9.9662761e-04
  -2.9766127e-03
  -4.4560544e-03
  -5.0518685e-03
  -4.5140185e-03
  -1.3842273e-03
   4.0429039e-03
   1.0534050e-02
   1.6545093e-02
   2.1033613e-02
   1.9714044e-02
   1.1552643e-02
   0.0000000e+00
   0.0000000e+00
   0.0000000e+00
   0.0000000e+00
   3.7212845e-02
   3.3917028e-02
   3.0647527e-02
   2.1305790e-02
   0.0000000e+00
   0.0000000e+00
   0.0000000e+00
   1.5931962e-02
   1.4992490e-02
   1.3816728e-02
   1.0644029e-02
   1.3380947e-02
   1.3235331e-02
   1.2131008e-02
   0.0000000e+00
  -3.1441979e-03
  -1.9693578e-03
  -3.8215024e-03
  -4.5683482e-03
  -5.3133474e-03
  -6.4763194e-03
  -8.3394470e-03
  -9.9277735e-03
  -1.0597466e-02
  -9.7322334e-03
  -6.8082297e-03
  -2.6441936e-03
   1.0873341e-03
   3.2676332e-03
   4.1632345e-03
   3.2004514e-03
   1.5223683e-03
   0.0000000e+00
   0.0000000e+00
   0.0000000e+00
   1.8936615e-02
   3.2803461e-02
   2.6579791e-02
   2.3000091e-02
   1.5128765e-02
   0.0000000e+00
   0.0000000e+00
   0.0000000e+00
   1.1794701e-02
   1.4021419e-02
   1.5450504e-02
   7.4528987e-03
   6.0128570e-03
   5.3261169e-03
   0.0000000e+00
   0.0000000e+00
  -7.2464146e-03
  -4.2359736e-03
  -5.7230280e-03
  -5.8218990e-03
  -4.9859970e-03
  -3.6485579e-03
  -2.6602806e-03
  -2.0669333e-03
  -1.3649813e-03
   7.1436225e-05
   2.2929700e-03
   4.5927623e-03
   4.8720995e-03
   2.1929648e-03
  -2.2284954e-03
  -6.8761604e-03
  -6.2469356e-03
   0.0000000e+00
   0.0000000e+00
  -0.0000000e+00
   8.2319826e-03
   2.3871018e-02
   2.0284217e-02
   1.9728113e-02
   0.0000000e+00
   0.0000000e+00
   0.0000000e+00
   0.0000000e+00
   1.3245964e-02
   1.3812875e-02
   9.6847030e-03
   8.1527099e-03
   4.8873331e-03
   1.0736847e-03
  -0.0000000e+00
   0.0000000e+00
  -1.0289486e-02
  -7.8769350e-03
  -9.7297563e-03
  -9.2497665e-03
  -6.5845474e-03
  -2.4187512e-03
   1.3944386e-03
   3.5288103e-03
   4.7976501e-03
   6.7335720e-03
   9.8646699e-03
   1.2872587e-02
   1.1774386e-02
   4.5505681e-03
  -4.9197223e-03
  -1.5113412e-02
  -1.6545597e-02
   0.0000000e+00
   0.0000000e+00
  -1.4254166e-02
  -1.5323960e-04
   1.3916418e-02
   0.0000000e+00
   0.0000000e+00
   0.0000000e+00
   0.0000000e+00
   0.0000000e+00
   0.0000000e+00
   1.9006787e-02
   1.4077449e-02
   7.1887932e-03
   0.0000000e+00
   6.9168940e-03
  -1.8109963e-03
  -0.0000000e+00
  -3.4399006e-02
  -1.5545924e-02
  -1.6115529e-02
  -1.9851251e-02
  -2.1435589e-02
  -1.9674338e-02
  -1.4803954e-02
  -8.9838626e-03
  -5.9897630e-03
  -5.8669476e-03
  -6.5637622e-03
  -5.8188490e-03
  -3.1614813e-03
   4.9472554e-05
  -7.7656808e-04
  -6.7359456e-03
  -2.0598385e-02
  -2.8973190e-02
   0.0000000e+00
  -1.8917238e-02
  -2.3875584e-02
  -1.5265235e-02
  -1.7639206e-03
   0.0000000e+00
   0.0000000e+00
   0.0000000e+00
   0.0000000e+00
   0.0000000e+00
   0.0000000e+00
   0.0000000e+00
   1.5308623e-02
   8.5966792e-03
   0.0000000e+00
   0.0000000e+00
  -0.0000000e+00
   0.0000000e+00
  -3.5299328e-02
  -1.7598554e-02
  -2.1538123e-02
  -2.6870079e-02
  -3.1343937e-02
  -3.2073937e-02
  -2.8919138e-02
  -2.2572171e-02
  -1.7822865e-02
  -1.7491126e-02
  -2.0561658e-02
  -2.3193201e-02
  -2.2308240e-02
  -1.4726858e-02
  -4.8654177e-03
  -1.2277914e-03
  -1.8342650e-02
  -3.2166142e-02
  -4.9423789e-03
  -1.0829463e-02
  -2.3889322e-02
  -2.8464178e-02
  -2.2594971e-02
   0.0000000e+00
   0.0000000e+00
   0.0000000e+00
   0.0000000e+00
   0.0000000e+00
   0.0000000e+00
   0.0000000e+00
   0.0000000e+00
   0.0000000e+00
   0.0000000e+00
   0.0000000e+00
   0.0000000e+00
   0.0000000e+00
  -2.7276925e-02
  -1.8163667e-02
  -2.2051252e-02
  -2.7490061e-02
  -3.3618946e-02
  -3.6471188e-02
  -3.5382226e-02
  -3.0137433e-02
  -2.4255339e-02
  -2.2297319e-02
  -2.5727704e-02
  -3.0514006e-02
  -3.2120720e-02
  -2.5151966e-02
  -1.1101314e-02
  -3.9248938e-04
  -0.0000000e+00
  -1.5864417e-02
  -8.7474490e-04
  -5.2335579e-03
  -2.0666942e-02
  -3.5090484e-02
  -4.2368268e-02
   0.0000000e+00
   0.0000000e+00
   0.0000000e+00
   0.0000000e+00
   0.0000000e+00
   0.0000000e+00
   0.0000000e+00
   0.0000000e+00
   0.0000000e+00
   0.0000000e+00
   0.0000000e+00
   0.0000000e+00
   0.0000000e+00
  -1.9710349e-02
  -1.6930453e-02
  -1.9071126e-02
  -2.3590993e-02
  -3.0162141e-02
  -3.4752145e-02
  -3.5711009e-02
  -3.2171577e-02
  -2.6066371e-02
  -2.1908544e-02
  -2.3740992e-02
  -2.9249953e-02
  -3.3422895e-02
  -2.9922619e-02
  -1.5883353e-02
  -5.4743648e-03
   0.0000000e+00
  -3.1111760e-03
   3.7462062e-03
  -1.1333341e-03
  -1.4121504e-02
  -3.3567376e-02
  -5.6137011e-02
   0.0000000e+00
   0.0000000e+00
   0.0000000e+00
   0.0000000e+00
   0.0000000e+00
   0.0000000e+00
   0.0000000e+00
   0.0000000e+00
   0.0000000e+00
   0.0000000e+00
   0.0000000e+00
   0.0000000e+00
   0.0000000e+00
  -6.2056966e-03
  -1.1518007e-02
  -1.4297877e-02
  -1.7576126e-02
  -2.3607813e-02
  -2.8868252e-02
  -3.1235689e-02
  -2.9295435e-02
  -2.3595851e-02
  -1.7351521e-02
  -1.6080944e-02
  -2.0987201e-02
  -2.8098337e-02
  -3.0722134e-02
  -1.8775996e-02
  -0.0000000e+00
   0.0000000e+00
   2.7559951e-03
   4.9378481e-03
   1.7222960e-03
  -7.0727998e-03
  -2.4844283e-02
  -5.4559877e-02
   0.0000000e+00
   0.0000000e+00
   0.0000000e+00
   0.0000000e+00
   0.0000000e+00
   0.0000000e+00
   0.0000000e+00
   0.0000000e+00
   0.0000000e+00
   0.0000000e+00
   0.0000000e+00
   0.0000000e+00
   0.0000000e+00
   7.4071614e-04
  -3.0939477e-03
  -8.4865615e-03
  -1.1205267e-02
  -1.6407393e-02
  -2.1760879e-02
  -2.4422433e-02
  -2.3138767e-02
  -1.8615935e-02
  -1.2662346e-02
  -9.5034726e-03
  -1.3301017e-02
  -2.2187088e-02
  -3.1148735e-02
  -2.4323587e-02
   0.0000000e+00
  -1.5337118e-03
   7.0348866e-03
   6.5988782e-03
   3.2981799e-03
  -2.3676220e-03
  -1.5754510e-02
  -4.3571500e-02
  -0.0000000e+00
   0.0000000e+00
   0.0000000e+00
   0.0000000e+00
   0.0000000e+00
   0.0000000e+00
   0.0000000e+00
   0.0000000e+00
   0.0000000e+00
   0.0000000e+00
   0.0000000e+00
   0.0000000e+00
   0.0000000e+00
   0.0000000e+00
   5.5635290e-03
   4.3250772e-04
  -2.4034222e-03
  -6.9440465e-03
  -1.2526892e-02
  -1.5022665e-02
  -1.2630958e-02
  -8.1760389e-03
  -4.3575670e-03
  -2.4637072e-03
  -6.4544451e-03
  -1.7345954e-02
  -3.1432748e-02
  -3.0061029e-02
   0.0000000e+00
   7.9022868e-03
   9.0031487e-03
   1.1021564e-02
   6.0396960e-03
   1.9526386e-03
  -6.7579338e-03
  -3.0529227e-02
  -4.4614183e-02
   0.0000000e+00
   0.0000000e+00
   0.0000000e+00
  -2.0568137e-02
   0.0000000e+00
   0.0000000e+00
   0.0000000e+00
   0.0000000e+00
   0.0000000e+00
   0.0000000e+00
   0.0000000e+00
   0.0000000e+00
   0.0000000e+00
   7.9303402e-03
   5.4742116e-03
   4.5532705e-03
   1.2787724e-03
  -4.4036261e-03
  -6.7436919e-03
  -1.8999324e-03
   4.9426276e-03
   8.2809580e-03
   7.2134505e-03
   6.5662060e-04
  -1.3827387e-02
  -2.9682435e-02
  -0.0000000e+00
   0.0000000e+00
   0.0000000e+00
   0.0000000e+00
   1.4191017e-02
   1.0898050e-02
   6.1163078e-03
   5.3165748e-04
  -1.7496765e-02
  -3.7633672e-02
   0.0000000e+00
   0.0000000e+00
  -1.0604625e-02
  -1.4135821e-02
   0.0000000e+00
   0.0000000e+00
   0.0000000e+00
   0.0000000e+00
   0.0000000e+00
   0.0000000e+00
   0.0000000e+00
   0.0000000e+00
   0.0000000e+00
  -1.2286722e-03
  -4.6926499e-03
   7.1557763e-05
   2.7611617e-03
  -1.3424497e-03
  -2.0822673e-03
   5.2973861e-03
   1.5608638e-02
   2.1526599e-02
   1.9263420e-02
   9.4465911e-03
  -1.0707323e-02
  -2.8875937e-02
  -0.0000000e+00
   0.0000000e+00
   0.0000000e+00
   0.0000000e+00
   1.4990526e-02
   1.4202410e-02
   1.0870595e-02
   7.3321955e-03
  -6.0147834e-03
  -2.3648691e-02
   0.0000000e+00
  -7.0817565e-03
  -8.3976870e-03
  -0.0000000e+00
   0.0000000e+00
   0.0000000e+00
   0.0000000e+00
   0.0000000e+00
   0.0000000e+00
   0.0000000e+00
   0.0000000e+00
   0.0000000e+00
   0.0000000e+00
  -0.0000000e+00
  -1.5393631e-02
  -8.4473807e-03
   1.3210819e-04
  -1.4091645e-03
   3.8247288e-04
   8.7867221e-03
   2.0068136e-02
   2.8896002e-02
   2.8198240e-02
   1.7404334e-02
  -6.7071221e-03
  -2.8127282e-02
   0.0000000e+00
   0.0000000e+00
   0.0000000e+00
   0.0000000e+00
   0.0000000e+00
   1.3155001e-02
   1.3428252e-02
   1.2235558e-02
   3.4550510e-03
  -1.2623842e-02
   0.0000000e+00
  -0.0000000e+00
   0.0000000e+00
   0.0000000e+00
   0.0000000e+00
   0.0000000e+00
   0.0000000e+00
   0.0000000e+00
   0.0000000e+00
   0.0000000e+00
   0.0000000e+00
   0.0000000e+00
   0.0000000e+00
   0.0000000e+00
  -2.0738346e-02
  -1.4797875e-02
  -2.7853851e-03
  -1.9597048e-03
   6.7708408e-04
   8.4847454e-03
   1.8245714e-02
   2.7489439e-02
   2.9416624e-02
   2.1368211e-02
   8.5712021e-04
  -1.1845535e-02
   0.0000000e+00
   0.0000000e+00
   0.0000000e+00
   0.0000000e+00
   0.0000000e+00
   9.2463510e-03
   1.2232325e-02
   1.3125089e-02
   9.7853467e-03
   2.1642199e-03
   0.0000000e+00
  -0.0000000e+00
   0.0000000e+00
   0.0000000e+00
   0.0000000e+00
   0.0000000e+00
   0.0000000e+00
   0.0000000e+00
   0.0000000e+00
   0.0000000e+00
   0.0000000e+00
   0.0000000e+00
   0.0000000e+00
   0.0000000e+00
  -0.0000000e+00
  -2.3047986e-02
  -8.7591996e-03
  -5.9643912e-03
  -2.8139169e-03
   2.8928197e-03
   1.1138348e-02
   1.9581463e-02
   2.3481186e-02
   1.9881751e-02
   7.5615882e-03
   4.1080884e-03
   0.0000000e+00
   0.0000000e+00
   0.0000000e+00
   0.0000000e+00
   0.0000000e+00
   0.0000000e+00
   9.1362350e-03
   8.8571049e-03
   1.1297255e-02
   8.1053935e-03
   0.0000000e+00
   0.0000000e+00
   0.0000000e+00
   0.0000000e+00
   0.0000000e+00
   0.0000000e+00
   0.0000000e+00
   0.0000000e+00
   0.0000000e+00
   0.0000000e+00
   0.0000000e+00
   0.0000000e+00
   0.0000000e+00
   0.0000000e+00
  -0.0000000e+00
  -3.2069478e-02
  -1.9171347e-02
  -1.6130166e-02
  -1.1007689e-02
  -7.0497218e-03
  -6.4472598e-04
   6.5638806e-03
   1.1836373e-02
   1.4136025e-02
   9.9374686e-03
   0.0000000e+00
   0.0000000e+00
   0.0000000e+00
   0.0000000e+00
   0.0000000e+00
   0.0000000e+00
   0.0000000e+00
  -1.0642349e-02
   5.7660438e-04
   9.7470086e-03
   1.1880006e-02
   0.0000000e+00
   0.0000000e+00
   0.0000000e+00
   0.0000000e+00
   0.0000000e+00
   0.0000000e+00
   0.0000000e+00
   0.0000000e+00
   0.0000000e+00
   0.0000000e+00
   0.0000000e+00
   0.0000000e+00
   0.0000000e+00
   0.0000000e+00
   0.0000000e+00
  -2.8884983e-02
  -2.4143625e-02
  -2.9371361e-02
  -2.4579924e-02
  -2.0169282e-02
  -1.5939906e-02
  -1.1354862e-02
  -3.4540524e-03
   6.9354180e-03
   0.0000000e+00
   0.0000000e+00
   0.0000000e+00
   0.0000000e+00
   0.0000000e+00
   0.0000000e+00
   0.0000000e+00
   0.0000000e+00
  -2.1608397e-02
  -0.0000000e+00
   5.5605564e-03
   1.3853025e-02
   1.9498494e-02
   0.0000000e+00
   0.0000000e+00
   0.0000000e+00
   0.0000000e+00
   0.0000000e+00
   0.0000000e+00
   0.0000000e+00
   0.0000000e+00
   0.0000000e+00
   0.0000000e+00
   0.0000000e+00
   0.0000000e+00
   0.0000000e+00
   0.0000000e+00
  -0.0000000e+00
  -0.0000000e+00
  -0.0000000e+00
  -0.0000000e+00
  -0.0000000e+00
  -0.0000000e+00
  -0.0000000e+00
  -0.0000000e+00
   0.0000000e+00
   0.0000000e+00
   0.0000000e+00
   0.0000000e+00
   0.0000000e+00
   0.0000000e+00
   0.0000000e+00
   0.0000000e+00
  -0.0000000e+00
  -0.0000000e+00
   0.0000000e+00
   0.0000000e+00
   2.7043683e-03
   4.5277655e-03
   1.9040046e-02
   0.0000000e+00
   0.0000000e+00
   0.0000000e+00
   0.0000000e+00
   0.0000000e+00
   0.0000000e+00
   0.0000000e+00
   0.0000000e+00
   0.0000000e+00
   0.0000000e+00
   0.0000000e+00
   0.0000000e+00
   0.0000000e+00
   0.0000000e+00
   0.0000000e+00
   0.0000000e+00
   0.0000000e+00
  -1.6441233e-02
  -1.8247649e-02
  -1.5024401e-02
  -9.2497832e-03
  -1.4090115e-02
  -8.9325538e-03
  -4.1544594e-04
   0.0000000e+00
   0.0000000e+00
   0.0000000e+00
   0.0000000e+00
   0.0000000e+00
  -1.2868143e-02
  -1.0982215e-02
   0.0000000e+00
   0.0000000e+00
  -2.1041159e-02
  -1.5387034e-02
   4.5143082e-03
   7.5313858e-03
   5.2375011e-03
   5.7433917e-03
   5.8068337e-03
   0.0000000e+00
   0.0000000e+00
   0.0000000e+00
   0.0000000e+00
   0.0000000e+00
