0.000000000000000000e+00
0.000000000000000000e+00
0.000000000000000000e+00
0.000000000000000000e+00
0.000000000000000000e+00
0.000000000000000000e+00
0.000000000000000000e+00
0.000000000000000000e+00
0.000000000000000000e+00
0.000000000000000000e+00
0.000000000000000000e+00
0.000000000000000000e+00
0.000000000000000000e+00
0.000000000000000000e+00
0.000000000000000000e+00
0.000000000000000000e+00
0.000000000000000000e+00
0.000000000000000000e+00
0.000000000000000000e+00
0.000000000000000000e+00
1.873729400000000156e-02
-2.740043499999999903e-03
-2.335413500000000156e-02
0.000000000000000000e+00
0.000000000000000000e+00
0.000000000000000000e+00
0.000000000000000000e+00
0.000000000000000000e+00
0.000000000000000000e+00
0.000000000000000000e+00
0.000000000000000000e+00
0.000000000000000000e+00
0.000000000000000000e+00
0.000000000000000000e+00
0.000000000000000000e+00
0.000000000000000000e+00
0.000000000000000000e+00
0.000000000000000000e+00
0.000000000000000000e+00
0.000000000000000000e+00
-7.049416699999999647e-02
-8.102596400000000587e-02
-4.208301300000000245e-02
-8.166871500000000630e-03
1.128673399999999966e-02
1.809149599999999858e-02
1.430609000000000047e-02
-4.252018199999999838e-03
-7.058439300000000222e-03
-2.087085300000000171e-02
-2.288444400000000031e-02
-2.984349400000000166e-02
-2.752534800000000156e-02
-2.085307999999999953e-02
-4.022034599999999710e-02
0.000000000000000000e+00
4.139095100000000221e-03
-7.776777700000000147e-03
-7.616805899999999803e-03
-1.671276000000000012e-02
-3.739697100000000107e-02
-7.052270099999999320e-02
-1.037544600000000067e-01
-1.008485300000000057e-01
-1.007264600000000038e-01
-8.439210399999999557e-02
-1.270702099999999890e-01
0.000000000000000000e+00
-9.429162300000000496e-02
-6.543017299999999425e-02
-8.920499699999999421e-02
0.000000000000000000e+00
-4.059228799999999721e-02
-3.250416700000000048e-02
-3.257823399999999758e-02
-2.878209500000000060e-02
7.406159100000000300e-03
4.080882699999999891e-02
7.562615599999999993e-02
1.026656199999999991e-01
1.198420199999999936e-01
1.250506000000000117e-01
1.212512899999999977e-01
1.126201500000000022e-01
1.014043599999999989e-01
9.146404299999999488e-02
8.371818100000000262e-02
7.815793000000000046e-02
7.603564100000000103e-02
7.395254800000000683e-02
6.403149599999999331e-02
8.551649000000000056e-02
5.997831399999999785e-02
6.282621600000000417e-02
6.091271300000000027e-02
5.704769500000000243e-02
5.202711899999999667e-02
4.478418800000000255e-02
3.699036299999999833e-02
3.436361999999999750e-02
3.384556999999999843e-02
2.223258800000000104e-02
-1.007743300000000022e-02
-2.808464199999999994e-02
-2.183105999999999935e-02
-2.633160600000000046e-03
-1.226834199999999979e-02
-3.482634899999999950e-02
1.417472499999999913e-01
1.388478599999999896e-01
1.367564199999999897e-01
1.366216799999999953e-01
1.408081800000000050e-01
1.493052099999999938e-01
1.573647999999999991e-01
1.577549000000000035e-01
1.670292499999999902e-01
1.690204999999999902e-01
1.668134000000000006e-01
1.646852199999999933e-01
1.576900400000000035e-01
1.533452100000000096e-01
1.497901700000000003e-01
1.461662499999999976e-01
1.416810000000000014e-01
1.376593999999999873e-01
1.475664899999999946e-01
1.258610000000000007e-01
1.180932999999999983e-01
1.235877400000000015e-01
1.273303299999999916e-01
1.291424899999999987e-01
1.296250800000000036e-01
1.347258699999999976e-01
1.417407499999999987e-01
1.465956099999999873e-01
1.512399899999999908e-01
1.553877999999999926e-01
1.567433599999999982e-01
1.580072499999999880e-01
1.605599699999999963e-01
1.567378600000000066e-01
1.530362799999999968e-01
1.484874899999999998e-01
2.028365400000000096e-01
1.954927399999999982e-01
1.814864099999999869e-01
1.648216999999999877e-01
1.485834699999999953e-01
1.311707000000000012e-01
1.313065599999999888e-01
1.081647800000000020e-01
1.121790500000000024e-01
1.257357899999999862e-01
1.374170299999999956e-01
1.469894599999999885e-01
1.521052400000000027e-01
1.550191300000000050e-01
1.577530400000000110e-01
1.563505500000000048e-01
1.522080000000000100e-01
1.423649899999999968e-01
1.360288600000000014e-01
1.245847100000000013e-01
9.738359600000000282e-02
1.205410299999999935e-01
1.395245200000000130e-01
1.538932000000000078e-01
1.627262100000000100e-01
1.722988799999999876e-01
1.827269800000000111e-01
1.877011500000000110e-01
1.907042300000000024e-01
1.924760299999999924e-01
1.942305000000000004e-01
2.006858300000000095e-01
2.207180900000000057e-01
2.184063900000000058e-01
2.105885299999999960e-01
2.080773900000000010e-01
1.999629300000000109e-01
1.884240399999999871e-01
1.680155600000000082e-01
1.457868300000000061e-01
1.244116100000000058e-01
8.812079999999999913e-02
8.209266499999999522e-02
0.000000000000000000e+00
5.592207700000000059e-02
7.358728999999999965e-02
8.940881900000000049e-02
1.042066199999999998e-01
1.158708100000000046e-01
1.247198999999999947e-01
1.316219299999999981e-01
1.328753400000000084e-01
1.311565000000000092e-01
1.174048000000000036e-01
1.130625999999999992e-01
7.560229200000000149e-02
6.185273100000000107e-02
8.531926300000000629e-02
1.100552800000000053e-01
1.305110399999999948e-01
1.469092200000000070e-01
1.573166400000000076e-01
1.622493499999999866e-01
1.607143199999999938e-01
1.546952199999999944e-01
1.490054799999999957e-01
1.496306299999999867e-01
1.547667199999999965e-01
1.860600599999999993e-01
2.166498199999999930e-01
2.105118400000000056e-01
2.070332099999999953e-01
1.594368100000000121e-01
1.422323699999999969e-01
1.211320699999999945e-01
1.001612699999999967e-01
1.010689500000000046e-01
5.001869800000000033e-02
3.409715199999999863e-02
0.000000000000000000e+00
2.606072799999999828e-02
3.930694199999999749e-02
4.978021199999999730e-02
6.137597599999999876e-02
7.227444600000000607e-02
8.182300600000000368e-02
8.891704699999999906e-02
9.310226100000000560e-02
9.332680699999999774e-02
8.097246299999999453e-02
6.976053100000000062e-02
0.000000000000000000e+00
4.863701100000000083e-02
4.813066099999999820e-02
7.347086799999999474e-02
9.794024399999999575e-02
1.174395099999999970e-01
1.279753399999999930e-01
1.266328399999999965e-01
1.127329100000000056e-01
9.636481900000000433e-02
8.403160399999999586e-02
9.260305000000000619e-02
9.656705699999999781e-02
1.185386499999999954e-01
1.505278499999999908e-01
1.623390200000000005e-01
1.668912800000000030e-01
8.988472499999999865e-02
7.179483000000000392e-02
5.998219199999999668e-02
5.233618999999999771e-02
0.000000000000000000e+00
1.448520099999999963e-02
8.864033800000000601e-03
1.506395900000000003e-02
2.864292400000000190e-03
5.071832699999999881e-03
1.133001999999999967e-02
2.022644499999999915e-02
2.878275400000000067e-02
3.716221499999999844e-02
4.502644399999999880e-02
5.181657299999999772e-02
5.352584999999999982e-02
4.363323399999999991e-02
2.452428099999999847e-02
0.000000000000000000e+00
3.402960599999999697e-02
2.607753200000000049e-02
4.174470899999999790e-02
6.116726200000000002e-02
7.540885199999999844e-02
8.451782900000000265e-02
8.480900500000000675e-02
6.601080300000000678e-02
5.913833200000000179e-02
3.445386899999999808e-02
4.055974500000000121e-02
4.602871800000000319e-02
6.170272499999999993e-02
7.627505599999999386e-02
8.949897399999999503e-02
9.609997300000000520e-02
2.822901499999999966e-02
0.000000000000000000e+00
0.000000000000000000e+00
0.000000000000000000e+00
0.000000000000000000e+00
-2.842907400000000123e-03
-7.702474499999999689e-03
-6.143170899999999754e-03
-1.553768600000000021e-02
-1.745563199999999870e-02
-1.400517700000000060e-02
-7.524433999999999984e-03
-2.442006400000000174e-04
7.850308000000000286e-03
1.625071999999999975e-02
2.267414099999999835e-02
2.318055700000000094e-02
1.417442399999999970e-02
2.417207499999999946e-03
0.000000000000000000e+00
0.000000000000000000e+00
-1.355370399999999975e-03
9.809510800000000724e-03
2.519618200000000099e-02
3.451551099999999872e-02
3.753070499999999754e-02
3.135973200000000127e-02
1.758866900000000122e-02
0.000000000000000000e+00
1.386344000000000075e-03
-6.155868999999999577e-03
-9.950441299999999642e-04
9.797642900000000377e-03
2.183752099999999863e-02
3.123865500000000059e-02
3.499800699999999765e-02
-2.218578200000000111e-02
-0.000000000000000000e+00
0.000000000000000000e+00
0.000000000000000000e+00
0.000000000000000000e+00
-1.641955200000000045e-02
-2.198399399999999976e-02
-2.617174599999999920e-02
-3.261874199999999918e-02
-3.472371400000000274e-02
-3.231352900000000056e-02
-2.643967399999999981e-02
-1.826408100000000145e-02
-9.921135399999999466e-03
-2.749362699999999791e-03
-5.127040800000000082e-04
-3.959086300000000218e-03
-1.146377600000000017e-02
-9.417287999999999354e-03
0.000000000000000000e+00
0.000000000000000000e+00
-2.129658499999999982e-02
-1.330333600000000067e-02
-1.776381199999999905e-03
4.532687599999999967e-04
-3.674633300000000168e-03
-1.876060300000000070e-02
-2.695665499999999951e-02
0.000000000000000000e+00
-3.134494100000000116e-02
-4.039473100000000316e-02
-3.417614499999999805e-02
-2.577067699999999878e-02
-1.707323800000000100e-02
-1.295870399999999971e-02
-1.463423299999999996e-02
-5.141201699999999736e-02
-0.000000000000000000e+00
0.000000000000000000e+00
0.000000000000000000e+00
0.000000000000000000e+00
-3.267078400000000132e-02
-3.969743399999999672e-02
-4.424373399999999984e-02
-4.810574699999999732e-02
-4.864206000000000085e-02
-4.523349599999999804e-02
-3.696156700000000073e-02
-2.741384399999999971e-02
-2.018630500000000161e-02
-1.777340499999999907e-02
-2.236437900000000020e-02
-3.046847299999999939e-02
-3.268895299999999976e-02
-1.124922499999999985e-02
0.000000000000000000e+00
0.000000000000000000e+00
-3.148618699999999881e-02
-2.668269499999999933e-02
-2.092479200000000109e-02
-2.521438399999999941e-02
-3.552986300000000180e-02
-5.133332300000000015e-02
-0.000000000000000000e+00
0.000000000000000000e+00
-3.893121799999999660e-02
-4.701657599999999743e-02
-4.989446000000000159e-02
-4.927259700000000131e-02
-4.746129899999999846e-02
-4.857443599999999861e-02
-5.282070099999999768e-02
-6.147006199999999893e-02
-4.012911799999999835e-02
0.000000000000000000e+00
0.000000000000000000e+00
0.000000000000000000e+00
-4.891936799999999780e-02
-5.466708199999999879e-02
-5.885080200000000067e-02
-6.047355399999999881e-02
-5.916522099999999701e-02
-5.289366100000000154e-02
-4.152542699999999670e-02
-3.233709900000000109e-02
-2.937572100000000047e-02
-3.495378799999999953e-02
-4.550654400000000294e-02
-5.481406300000000315e-02
-5.015415000000000151e-02
-1.828622800000000159e-02
0.000000000000000000e+00
0.000000000000000000e+00
-0.000000000000000000e+00
-3.810600100000000046e-02
-3.978070599999999901e-02
-4.859956399999999788e-02
-6.017091900000000326e-02
-6.408290599999999504e-02
-0.000000000000000000e+00
0.000000000000000000e+00
-0.000000000000000000e+00
-3.746901899999999924e-02
-5.550214800000000115e-02
-6.891320600000000463e-02
-7.680925700000000578e-02
-8.139391999999999461e-02
-7.988607899999999873e-02
-6.040270600000000045e-02
-3.717099399999999887e-02
0.000000000000000000e+00
0.000000000000000000e+00
0.000000000000000000e+00
-5.979256000000000154e-02
-5.889621700000000071e-02
-6.324720400000000131e-02
-6.375154099999999491e-02
-6.007536900000000346e-02
-5.138449700000000120e-02
-4.106133099999999952e-02
-3.723841499999999693e-02
-4.143363199999999802e-02
-5.246324100000000074e-02
-6.313909600000000566e-02
-6.903091799999999667e-02
-6.321682000000000690e-02
-3.413451299999999827e-02
0.000000000000000000e+00
0.000000000000000000e+00
0.000000000000000000e+00
-4.566109200000000035e-02
-5.695517399999999730e-02
-6.599730299999999328e-02
-7.197088000000000096e-02
-5.306567999999999702e-02
-0.000000000000000000e+00
0.000000000000000000e+00
-0.000000000000000000e+00
-1.729015799999999992e-02
-5.553107499999999919e-02
-7.818405300000000335e-02
-9.310995800000000655e-02
-9.815916399999999320e-02
-8.920102600000000270e-02
-5.452354999999999702e-02
-2.351589100000000057e-02
-1.425833599999999993e-02
0.000000000000000000e+00
-7.023326400000000358e-02
-5.219616400000000322e-02
-5.217491500000000226e-02
-5.471837100000000176e-02
-5.238316199999999700e-02
-4.592948000000000169e-02
-3.996510799999999919e-02
-4.185611799999999771e-02
-5.109972900000000345e-02
-6.315321499999999866e-02
-7.427026300000000303e-02
-7.959997700000000231e-02
-7.850082999999999367e-02
-6.651329200000000164e-02
-0.000000000000000000e+00
0.000000000000000000e+00
0.000000000000000000e+00
0.000000000000000000e+00
-5.833547800000000311e-02
-7.449312499999999337e-02
-7.908053700000000630e-02
-7.191089500000000245e-02
-3.616830699999999676e-02
-0.000000000000000000e+00
0.000000000000000000e+00
0.000000000000000000e+00
-1.168005700000000063e-02
-5.287320400000000004e-02
-7.901102999999999599e-02
-9.720958000000000376e-02
-1.019301199999999991e-01
-8.893189599999999639e-02
-4.483882000000000145e-02
-1.474440200000000020e-02
-1.632786500000000043e-02
-7.661047599999999680e-02
-8.050633799999999674e-02
-4.281676200000000126e-02
-3.638403099999999724e-02
-3.313611100000000281e-02
-2.903466099999999980e-02
-2.603858900000000087e-02
-2.995431399999999925e-02
-4.620033899999999999e-02
-6.510543100000000527e-02
-8.065362299999999374e-02
-8.980972299999999409e-02
-8.957129699999999417e-02
-7.951243199999999400e-02
-5.002678199999999881e-02
-0.000000000000000000e+00
0.000000000000000000e+00
0.000000000000000000e+00
0.000000000000000000e+00
-6.607172499999999782e-02
-8.154916800000000521e-02
-7.873186499999999810e-02
-5.983759500000000037e-02
-2.290399599999999938e-02
-0.000000000000000000e+00
0.000000000000000000e+00
0.000000000000000000e+00
-1.701210599999999906e-02
-4.619456200000000151e-02
-7.207343700000000408e-02
-8.821869599999999922e-02
-9.002432200000000384e-02
-7.730370000000000297e-02
-2.736904999999999893e-02
-7.745230100000000117e-03
-1.110734099999999974e-02
-5.325466200000000122e-02
-0.000000000000000000e+00
-3.377129899999999768e-02
-2.111605700000000058e-02
-1.644568899999999945e-02
-1.566468600000000058e-02
-1.847005999999999995e-02
-2.859708999999999862e-02
-4.924122999999999695e-02
-7.060648499999999661e-02
-8.617243199999999326e-02
-9.191909400000000674e-02
-8.573596899999999521e-02
-6.879372100000000212e-02
-4.160695899999999892e-02
-0.000000000000000000e+00
0.000000000000000000e+00
0.000000000000000000e+00
0.000000000000000000e+00
-6.525071500000000080e-02
-7.617074299999999909e-02
-6.800775200000000464e-02
-4.383206399999999697e-02
-1.178260199999999966e-02
-0.000000000000000000e+00
0.000000000000000000e+00
0.000000000000000000e+00
-2.490437699999999838e-02
-3.918522599999999662e-02
-5.815435199999999943e-02
-7.013402900000000051e-02
-6.805089100000000224e-02
-5.461445799999999767e-02
-1.623211499999999835e-02
-6.255973800000000015e-03
-4.275891900000000287e-03
-2.183367300000000136e-02
-2.221833200000000036e-02
-2.120424400000000056e-02
-1.898921500000000026e-02
-2.183623800000000087e-02
-2.684490000000000140e-02
-3.239480399999999927e-02
-4.059692499999999898e-02
-5.426195999999999797e-02
-6.871757700000000191e-02
-7.881864199999999432e-02
-8.084948399999999924e-02
-7.193864099999999762e-02
-5.105169100000000321e-02
-2.418500700000000142e-02
0.000000000000000000e+00
0.000000000000000000e+00
0.000000000000000000e+00
0.000000000000000000e+00
-5.276679499999999828e-02
-6.030416100000000196e-02
-5.076482899999999743e-02
-2.679690200000000092e-02
-1.024052199999999973e-03
0.000000000000000000e+00
0.000000000000000000e+00
0.000000000000000000e+00
-2.387453000000000145e-02
-2.747577400000000142e-02
-3.634214399999999984e-02
-4.351167799999999808e-02
-4.044208999999999998e-02
-3.072785800000000025e-02
0.000000000000000000e+00
0.000000000000000000e+00
-9.921880400000000245e-04
-1.705112499999999901e-03
-2.424156900000000101e-02
-2.556629700000000172e-02
-3.342599200000000159e-02
-4.266541799999999662e-02
-5.071593800000000207e-02
-5.634817100000000245e-02
-5.982030599999999670e-02
-6.111383100000000040e-02
-5.972583900000000279e-02
-5.571848199999999973e-02
-4.842374800000000257e-02
-3.945480099999999768e-02
-2.442089999999999886e-02
-5.433680300000000296e-03
0.000000000000000000e+00
0.000000000000000000e+00
0.000000000000000000e+00
-6.523481600000000102e-02
-3.709792800000000224e-02
-3.297538299999999700e-02
-2.625743499999999911e-02
-8.247011300000000808e-03
7.877501999999999768e-03
0.000000000000000000e+00
0.000000000000000000e+00
0.000000000000000000e+00
-2.180684100000000042e-02
-1.407618000000000064e-02
-1.320995299999999997e-02
-1.432132399999999986e-02
-1.106394100000000075e-02
-6.586541599999999781e-03
1.251369700000000071e-02
0.000000000000000000e+00
-1.954161899999999868e-04
-9.174117199999999930e-03
-2.618726000000000040e-02
-2.836891299999999907e-02
-3.668219600000000025e-02
-4.407303399999999705e-02
-5.019429000000000252e-02
-5.438743900000000270e-02
-5.686916399999999983e-02
-5.681505099999999836e-02
-5.383116400000000079e-02
-4.693502199999999985e-02
-3.591493899999999989e-02
-2.436070900000000122e-02
-9.800991000000000217e-03
3.592327499999999930e-03
0.000000000000000000e+00
0.000000000000000000e+00
0.000000000000000000e+00
-7.109805900000000511e-02
-3.089275000000000007e-02
-1.440157000000000069e-02
-7.451244200000000165e-03
7.396999700000000261e-03
1.734033100000000049e-02
0.000000000000000000e+00
0.000000000000000000e+00
0.000000000000000000e+00
-2.110987300000000122e-02
-1.015881000000000076e-02
-3.100989199999999810e-03
1.031291400000000072e-03
5.302558199999999819e-03
7.229905600000000217e-03
8.416051100000000382e-03
0.000000000000000000e+00
-2.749825699999999817e-03
-1.631597499999999992e-02
-2.640310800000000152e-02
-3.118454999999999838e-02
-3.880584499999999853e-02
-4.425366399999999811e-02
-4.803512800000000332e-02
-5.003633999999999860e-02
-5.023725200000000307e-02
-4.905778799999999801e-02
-4.700108900000000284e-02
-4.048148699999999656e-02
-2.884538400000000169e-02
-1.576757700000000137e-02
-3.217651399999999894e-03
5.150267099999999640e-03
0.000000000000000000e+00
0.000000000000000000e+00
0.000000000000000000e+00
-6.328381800000000557e-02
-2.627052900000000080e-02
-4.188634499999999844e-03
7.944351599999999874e-03
0.000000000000000000e+00
0.000000000000000000e+00
0.000000000000000000e+00
0.000000000000000000e+00
0.000000000000000000e+00
-0.000000000000000000e+00
-1.154007999999999944e-02
-2.518282599999999930e-04
1.012009900000000046e-02
1.597705099999999906e-02
1.748887999999999832e-02
1.633785100000000046e-03
3.838884500000000043e-03
-9.663665199999999303e-03
-2.350384200000000048e-02
-3.830844199999999811e-02
-5.420637500000000109e-02
-6.844134600000000013e-02
-7.806115600000000654e-02
-8.305395399999999928e-02
-8.205884700000000420e-02
-7.508823300000000422e-02
-6.259690199999999594e-02
-4.703281399999999918e-02
-2.762850199999999923e-02
-9.679304399999999822e-03
-4.241250499999999965e-03
-6.005917199999999574e-03
-4.607760899999999681e-03
0.000000000000000000e+00
0.000000000000000000e+00
-9.267116000000000242e-02
-7.102843500000000088e-02
-4.451730100000000218e-02
-6.558667399999999932e-03
1.961948599999999848e-02
0.000000000000000000e+00
0.000000000000000000e+00
0.000000000000000000e+00
0.000000000000000000e+00
0.000000000000000000e+00
-0.000000000000000000e+00
-8.064467900000000383e-03
-7.211573499999999505e-04
2.113552900000000012e-02
2.948387900000000103e-02
2.586856499999999962e-02
0.000000000000000000e+00
-6.405443199999999665e-04
-2.045505300000000082e-02
-3.242362699999999653e-02
-5.155964899999999906e-02
-7.350061800000000367e-02
-9.273643800000000437e-02
-1.083371300000000037e-01
-1.201110199999999989e-01
-1.244697099999999973e-01
-1.211455899999999974e-01
-1.078131600000000051e-01
-8.376368100000000649e-02
-5.012688800000000139e-02
-1.462090899999999964e-02
-4.990179600000000174e-03
-1.148917200000000062e-02
-1.292229200000000015e-02
0.000000000000000000e+00
0.000000000000000000e+00
-9.241689699999999785e-02
-8.927856400000000470e-02
-6.846161200000000502e-02
-2.390390100000000170e-02
2.699497500000000091e-02
0.000000000000000000e+00
0.000000000000000000e+00
0.000000000000000000e+00
0.000000000000000000e+00
0.000000000000000000e+00
0.000000000000000000e+00
-2.665091300000000177e-03
3.147290599999999841e-03
3.282383099999999776e-02
3.893772799999999784e-02
3.783779799999999888e-02
0.000000000000000000e+00
-4.903807900000000351e-03
-3.309499800000000047e-02
-4.133562699999999979e-02
-5.521400299999999761e-02
-7.210154800000000141e-02
-8.716020700000000343e-02
-1.008841199999999938e-01
-1.134277100000000010e-01
-1.213257600000000047e-01
-1.237768600000000024e-01
-1.176327900000000010e-01
-9.933497800000000433e-02
-6.817300599999999433e-02
-2.577501199999999992e-02
-8.501903200000000826e-03
-1.365590499999999943e-02
-0.000000000000000000e+00
-1.218341099999999955e-01
-1.031509000000000037e-01
-1.023952800000000052e-01
-9.872011799999999559e-02
-8.377528200000000647e-02
-4.650117799999999718e-02
-0.000000000000000000e+00
0.000000000000000000e+00
0.000000000000000000e+00
0.000000000000000000e+00
0.000000000000000000e+00
0.000000000000000000e+00
0.000000000000000000e+00
7.744209499999999465e-04
1.161044900000000012e-02
0.000000000000000000e+00
3.794797800000000026e-02
4.316277300000000150e-02
-0.000000000000000000e+00
-3.131980799999999759e-02
-5.029919699999999688e-02
-5.355427900000000324e-02
-5.837990299999999688e-02
-6.646478200000000003e-02
-7.578076999999999730e-02
-8.632933299999999421e-02
-9.742848599999999470e-02
-1.055348499999999995e-01
-1.095315600000000000e-01
-1.077671699999999955e-01
-9.579941999999999624e-02
-6.979134700000000358e-02
-2.821426100000000090e-02
-5.021383100000000391e-03
-0.000000000000000000e+00
-9.067254600000000664e-02
-1.088151700000000027e-01
-1.010743600000000020e-01
-9.582076200000000377e-02
-9.712339500000000125e-02
-9.222189299999999923e-02
-6.788775299999999513e-02
-0.000000000000000000e+00
0.000000000000000000e+00
0.000000000000000000e+00
0.000000000000000000e+00
0.000000000000000000e+00
0.000000000000000000e+00
0.000000000000000000e+00
1.332778800000000013e-02
2.435305899999999982e-02
0.000000000000000000e+00
3.492385499999999671e-02
3.291465300000000205e-02
-0.000000000000000000e+00
-7.173894499999999841e-02
-6.239420200000000277e-02
-5.860324199999999983e-02
-5.647808700000000320e-02
-5.912400000000000294e-02
-6.559632699999999594e-02
-7.358831899999999926e-02
-8.157421600000000494e-02
-8.741028600000000370e-02
-9.074176800000000043e-02
-9.046751999999999572e-02
-8.166914399999999907e-02
-5.721133899999999994e-02
-1.725798699999999894e-02
-0.000000000000000000e+00
0.000000000000000000e+00
-4.724355999999999695e-02
-3.878337200000000345e-02
-6.639677300000000615e-02
-7.231310800000000094e-02
-8.093237899999999874e-02
-8.742320500000000383e-02
-8.129248000000000030e-02
-0.000000000000000000e+00
0.000000000000000000e+00
0.000000000000000000e+00
0.000000000000000000e+00
0.000000000000000000e+00
0.000000000000000000e+00
0.000000000000000000e+00
0.000000000000000000e+00
0.000000000000000000e+00
0.000000000000000000e+00
0.000000000000000000e+00
0.000000000000000000e+00
0.000000000000000000e+00
-0.000000000000000000e+00
-6.775325499999999834e-02
-5.185119099999999787e-02
-4.481646000000000241e-02
-4.412337399999999993e-02
-4.799817900000000193e-02
-5.337381000000000070e-02
-5.851436399999999927e-02
-6.291805999999999788e-02
-6.665165000000000672e-02
-6.862986100000000034e-02
-6.229310099999999656e-02
-3.717780899999999916e-02
3.408109099999999912e-03
0.000000000000000000e+00
-4.051023000000000124e-02
-3.951656399999999708e-02
-3.132033699999999671e-02
-3.462797599999999781e-02
-4.395231200000000032e-02
-5.678868299999999952e-02
-6.886847299999999950e-02
-7.600278400000000378e-02
-0.000000000000000000e+00
0.000000000000000000e+00
0.000000000000000000e+00
0.000000000000000000e+00
0.000000000000000000e+00
0.000000000000000000e+00
0.000000000000000000e+00
0.000000000000000000e+00
0.000000000000000000e+00
0.000000000000000000e+00
0.000000000000000000e+00
0.000000000000000000e+00
0.000000000000000000e+00
0.000000000000000000e+00
-6.081245200000000295e-02
-3.154828400000000282e-02
-1.966081899999999952e-02
-1.629003899999999921e-02
-1.635441400000000114e-02
-1.872267899999999902e-02
-2.167799600000000146e-02
-2.585043600000000094e-02
-3.131345299999999804e-02
-3.572019900000000109e-02
-3.230117999999999878e-02
-6.629597099999999694e-03
2.112502700000000108e-02
0.000000000000000000e+00
-0.000000000000000000e+00
-2.073313200000000134e-02
-3.357021300000000066e-03
-3.729029599999999795e-03
-1.073393899999999963e-02
-2.424068600000000087e-02
-3.891329400000000105e-02
-5.100667200000000290e-02
-0.000000000000000000e+00
0.000000000000000000e+00
0.000000000000000000e+00
0.000000000000000000e+00
0.000000000000000000e+00
0.000000000000000000e+00
0.000000000000000000e+00
0.000000000000000000e+00
0.000000000000000000e+00
0.000000000000000000e+00
0.000000000000000000e+00
0.000000000000000000e+00
0.000000000000000000e+00
0.000000000000000000e+00
-4.400329900000000266e-02
-1.465974899999999970e-02
3.568212299999999962e-03
1.385506799999999990e-02
1.981001199999999837e-02
2.077113499999999960e-02
1.874891299999999900e-02
1.310265400000000004e-02
6.327982999999999698e-03
1.177223200000000042e-04
3.209901600000000126e-04
2.259268600000000071e-02
0.000000000000000000e+00
0.000000000000000000e+00
0.000000000000000000e+00
0.000000000000000000e+00
2.290315299999999901e-02
2.345207300000000036e-02
1.849726599999999832e-02
5.252488900000000342e-03
-7.437586799999999776e-03
-1.825273599999999857e-02
-1.876716700000000126e-02
0.000000000000000000e+00
0.000000000000000000e+00
0.000000000000000000e+00
0.000000000000000000e+00
0.000000000000000000e+00
0.000000000000000000e+00
0.000000000000000000e+00
0.000000000000000000e+00
0.000000000000000000e+00
0.000000000000000000e+00
0.000000000000000000e+00
0.000000000000000000e+00
0.000000000000000000e+00
-0.000000000000000000e+00
-0.000000000000000000e+00
9.497085599999999933e-03
3.268608499999999667e-02
5.014179299999999700e-02
5.693893900000000091e-02
5.819965199999999755e-02
5.262111900000000092e-02
4.591942200000000140e-02
3.851331799999999778e-02
3.391993399999999881e-02
3.746649400000000296e-02
0.000000000000000000e+00
0.000000000000000000e+00
0.000000000000000000e+00
0.000000000000000000e+00
2.474933199999999889e-02
3.649280600000000263e-02
4.334940400000000110e-02
3.272029399999999699e-02
2.482500699999999963e-02
1.708762200000000023e-02
1.142176299999999971e-02
0.000000000000000000e+00
0.000000000000000000e+00
1.446781800000000034e-02
2.374681999999999835e-02
0.000000000000000000e+00
0.000000000000000000e+00
0.000000000000000000e+00
0.000000000000000000e+00
0.000000000000000000e+00
0.000000000000000000e+00
0.000000000000000000e+00
0.000000000000000000e+00
0.000000000000000000e+00
-0.000000000000000000e+00
3.065063399999999952e-03
1.632033899999999968e-02
5.028027699999999822e-02
7.025781899999999913e-02
7.933931800000000589e-02
8.406753799999999721e-02
8.137777999999999679e-02
7.684975900000000359e-02
6.915631099999999809e-02
5.725439000000000223e-02
4.392222400000000276e-02
0.000000000000000000e+00
0.000000000000000000e+00
0.000000000000000000e+00
0.000000000000000000e+00
-0.000000000000000000e+00
1.694915799999999889e-02
4.929172999999999888e-02
5.306826600000000282e-02
5.639661099999999927e-02
4.943213600000000152e-02
4.361641000000000129e-02
0.000000000000000000e+00
0.000000000000000000e+00
0.000000000000000000e+00
0.000000000000000000e+00
0.000000000000000000e+00
0.000000000000000000e+00
0.000000000000000000e+00
0.000000000000000000e+00
0.000000000000000000e+00
0.000000000000000000e+00
0.000000000000000000e+00
0.000000000000000000e+00
0.000000000000000000e+00
0.000000000000000000e+00
2.227809000000000039e-02
4.628251500000000324e-02
5.595666500000000265e-02
6.796128999999999365e-02
7.781101799999999569e-02
8.536357399999999762e-02
8.858565200000000084e-02
8.732963400000000320e-02
7.935224500000000181e-02
5.954735399999999679e-02
0.000000000000000000e+00
0.000000000000000000e+00
0.000000000000000000e+00
0.000000000000000000e+00
0.000000000000000000e+00
-0.000000000000000000e+00
-9.806028099999999220e-03
1.409892700000000068e-02
5.904583299999999896e-02
8.384289600000000009e-02
7.215930500000000691e-02
6.094819700000000257e-02
0.000000000000000000e+00
0.000000000000000000e+00
0.000000000000000000e+00
0.000000000000000000e+00
0.000000000000000000e+00
0.000000000000000000e+00
0.000000000000000000e+00
0.000000000000000000e+00
0.000000000000000000e+00
0.000000000000000000e+00
0.000000000000000000e+00
0.000000000000000000e+00
0.000000000000000000e+00
0.000000000000000000e+00
0.000000000000000000e+00
3.014385400000000118e-02
2.239833000000000102e-02
2.650702099999999867e-02
4.337800700000000315e-02
5.647733800000000193e-02
6.443588399999999883e-02
6.725695700000000610e-02
5.992573500000000081e-02
3.297940600000000277e-02
-0.000000000000000000e+00
0.000000000000000000e+00
0.000000000000000000e+00
0.000000000000000000e+00
0.000000000000000000e+00
0.000000000000000000e+00
-0.000000000000000000e+00
-4.415275899999999629e-03
5.611173099999999803e-02
8.682075899999999735e-02
7.737210399999999710e-02
6.336224499999999760e-02
4.530471300000000340e-02
0.000000000000000000e+00
0.000000000000000000e+00
0.000000000000000000e+00
0.000000000000000000e+00
0.000000000000000000e+00
0.000000000000000000e+00
0.000000000000000000e+00
0.000000000000000000e+00
0.000000000000000000e+00
0.000000000000000000e+00
0.000000000000000000e+00
0.000000000000000000e+00
0.000000000000000000e+00
0.000000000000000000e+00
5.958758899999999636e-03
-6.269787500000000360e-03
-2.520240300000000169e-02
-1.413434400000000007e-02
3.990354899999999649e-03
1.298222599999999949e-02
1.922976699999999831e-02
1.331836399999999920e-02
-1.795407699999999884e-02
-0.000000000000000000e+00
0.000000000000000000e+00
0.000000000000000000e+00
0.000000000000000000e+00
0.000000000000000000e+00
0.000000000000000000e+00
0.000000000000000000e+00
8.509850200000000642e-02
6.206867800000000213e-02
5.992979600000000046e-02
5.506999499999999659e-02
3.828717799999999810e-02
0.000000000000000000e+00
0.000000000000000000e+00
0.000000000000000000e+00
0.000000000000000000e+00
0.000000000000000000e+00
0.000000000000000000e+00
0.000000000000000000e+00
0.000000000000000000e+00
0.000000000000000000e+00
0.000000000000000000e+00
0.000000000000000000e+00
0.000000000000000000e+00
0.000000000000000000e+00
0.000000000000000000e+00
0.000000000000000000e+00
-0.000000000000000000e+00
-2.859035999999999869e-02
-6.483081100000000208e-02
-8.048529899999999626e-02
-6.095892199999999872e-02
-5.476004999999999762e-02
-0.000000000000000000e+00
-0.000000000000000000e+00
-0.000000000000000000e+00
0.000000000000000000e+00
0.000000000000000000e+00
0.000000000000000000e+00
0.000000000000000000e+00
0.000000000000000000e+00
5.731240299999999788e-02
0.000000000000000000e+00
1.297014700000000131e-01
2.783988299999999930e-03
-7.492946500000000065e-03
-6.083924800000000375e-03
-2.220436699999999916e-02
-4.356769199999999814e-02
-6.287394200000000211e-02
-0.000000000000000000e+00
-0.000000000000000000e+00
0.000000000000000000e+00
0.000000000000000000e+00
0.000000000000000000e+00
0.000000000000000000e+00
0.000000000000000000e+00
0.000000000000000000e+00
0.000000000000000000e+00
0.000000000000000000e+00
0.000000000000000000e+00
0.000000000000000000e+00
0.000000000000000000e+00
0.000000000000000000e+00
0.000000000000000000e+00
-0.000000000000000000e+00
-0.000000000000000000e+00
-8.592728199999999372e-02
-5.705029300000000192e-02
0.000000000000000000e+00
0.000000000000000000e+00
0.000000000000000000e+00
0.000000000000000000e+00
0.000000000000000000e+00
0.000000000000000000e+00
0.000000000000000000e+00
0.000000000000000000e+00
4.551261300000000037e-02
7.214358599999999566e-02
7.281696000000000002e-02
-0.000000000000000000e+00
-1.212368999999999947e-01
-1.037059099999999984e-01
-1.064067000000000068e-01
-4.819460099999999664e-02
-1.429048500000000034e-02
4.136046299999999662e-03
-0.000000000000000000e+00
0.000000000000000000e+00
0.000000000000000000e+00
0.000000000000000000e+00
0.000000000000000000e+00
0.000000000000000000e+00
0.000000000000000000e+00
0.000000000000000000e+00
0.000000000000000000e+00
-4.981557400000000309e-03
-1.402412999999999924e-02
-2.355538999999999897e-02
-2.464939999999999840e-02
-2.561710000000000029e-02
-3.190181400000000056e-02
-3.563711199999999857e-02
-5.145909199999999795e-02
-8.082314899999999691e-02
-5.664298999999999723e-02
-3.684635599999999678e-02
-2.112088800000000086e-02
-1.238413000000000014e-02
2.868099099999999943e-02
1.421879199999999920e-02
2.479583600000000165e-02
0.000000000000000000e+00
3.095463999999999855e-02
2.834838699999999920e-02
0.000000000000000000e+00
0.000000000000000000e+00
0.000000000000000000e+00
-0.000000000000000000e+00
-3.556755699999999965e-02
-3.383818999999999716e-02
-6.799634100000000181e-03
-1.661136300000000052e-02
-1.962857800000000069e-02
-6.032260600000000431e-03
-2.189044000000000059e-02
-1.487280399999999989e-02
-2.116636699999999843e-02
-7.272261300000000539e-02
-8.663405200000000306e-02
0.000000000000000000e+00
