0.000000000000000000e+00
0.000000000000000000e+00
0.000000000000000000e+00
0.000000000000000000e+00
0.000000000000000000e+00
0.000000000000000000e+00
0.000000000000000000e+00
-6.112027100000000379e-03
-5.328798299999999710e-03
-1.316175600000000015e-02
-3.369648100000000035e-02
-5.632311699999999893e-02
-0.000000000000000000e+00
-0.000000000000000000e+00
-0.000000000000000000e+00
-0.000000000000000000e+00
-0.000000000000000000e+00
-0.000000000000000000e+00
0.000000000000000000e+00
0.000000000000000000e+00
-5.413191799999999762e-03
-1.416530799999999972e-02
-2.582755200000000015e-02
-0.000000000000000000e+00
0.000000000000000000e+00
0.000000000000000000e+00
0.000000000000000000e+00
0.000000000000000000e+00
0.000000000000000000e+00
0.000000000000000000e+00
0.000000000000000000e+00
0.000000000000000000e+00
0.000000000000000000e+00
0.000000000000000000e+00
0.000000000000000000e+00
0.000000000000000000e+00
-1.163353000000000026e-01
-1.125192500000000012e-01
-1.294356000000000118e-01
-1.008441699999999969e-01
-4.500217399999999895e-02
-1.848423299999999922e-02
5.674721500000000363e-03
4.475783900000000065e-02
6.338221600000000511e-02
7.113916400000000473e-02
6.585004199999999752e-02
5.387709699999999879e-02
3.952771800000000335e-02
3.071944999999999884e-02
2.463674199999999967e-02
2.099688499999999985e-02
2.330825099999999858e-02
1.151267499999999999e-02
1.105307799999999917e-02
1.608478099999999938e-02
1.560909899999999954e-02
2.060598099999999891e-02
1.806193600000000066e-02
5.917463500000000147e-03
-1.195340500000000028e-02
-3.708233200000000257e-02
-4.830848100000000034e-02
-5.148809399999999814e-02
-3.167485200000000334e-02
-6.685965800000000236e-02
-1.152706099999999956e-01
-1.020214200000000015e-01
-5.812462100000000131e-02
-6.154983099999999929e-02
-1.080904500000000046e-01
-1.273587399999999981e-01
6.255128199999999972e-02
6.656876999999999933e-02
7.097620500000000054e-02
8.307551600000000203e-02
1.092825500000000061e-01
1.352574800000000133e-01
1.486506499999999953e-01
1.577618899999999880e-01
1.621674999999999922e-01
1.582508800000000104e-01
1.519636699999999951e-01
1.432775099999999968e-01
1.334185599999999916e-01
1.263801800000000086e-01
1.216319599999999973e-01
1.171604200000000012e-01
1.147187699999999977e-01
1.160948400000000047e-01
1.156075800000000015e-01
1.071128499999999956e-01
1.027689499999999978e-01
1.007499899999999976e-01
9.897368400000000621e-02
9.561675799999999614e-02
9.642154000000000003e-02
9.790636599999999468e-02
9.946277000000000590e-02
1.019215599999999944e-01
1.045280799999999954e-01
9.958846100000000312e-02
8.514923600000000314e-02
8.117412799999999817e-02
8.452051900000000229e-02
8.346103100000000496e-02
7.619518799999999703e-02
6.576307100000000627e-02
1.813381299999999863e-01
1.748091999999999979e-01
1.646779899999999963e-01
1.561119900000000060e-01
1.498112199999999949e-01
1.460720899999999878e-01
1.444622399999999918e-01
1.391247700000000087e-01
1.497131399999999946e-01
1.571598100000000109e-01
1.613936400000000049e-01
1.623923499999999909e-01
1.620244100000000076e-01
1.599658700000000100e-01
1.593472099999999891e-01
1.551259000000000110e-01
1.482133999999999951e-01
1.511876000000000053e-01
1.576311400000000029e-01
1.113665900000000014e-01
1.198629999999999973e-01
1.344865899999999892e-01
1.472116599999999942e-01
1.508635600000000077e-01
1.570518599999999876e-01
1.660715500000000122e-01
1.741202900000000109e-01
1.792915300000000045e-01
1.841097600000000112e-01
1.877919299999999958e-01
1.916950900000000124e-01
2.000188499999999980e-01
2.042369099999999937e-01
1.953651200000000032e-01
1.933164400000000060e-01
1.879004800000000086e-01
2.015129800000000082e-01
1.896273300000000106e-01
1.701672499999999921e-01
1.486423500000000064e-01
1.230033799999999955e-01
1.053541399999999989e-01
1.002352799999999960e-01
7.474457499999999366e-02
8.751349899999999460e-02
1.060275799999999963e-01
1.190986599999999951e-01
1.297743199999999986e-01
1.394421000000000133e-01
1.448089599999999866e-01
1.479106699999999941e-01
1.464697899999999886e-01
1.397018700000000058e-01
1.224257599999999946e-01
1.635319399999999868e-01
8.523686299999999605e-02
9.100309800000000449e-02
1.172622200000000003e-01
1.366792300000000127e-01
1.515129100000000006e-01
1.640781900000000126e-01
1.732192499999999913e-01
1.795740899999999918e-01
1.799399600000000099e-01
1.784011699999999978e-01
1.764010000000000022e-01
1.781928200000000018e-01
1.976510300000000053e-01
2.209260200000000007e-01
2.204359200000000074e-01
2.126131500000000007e-01
2.086647000000000085e-01
1.776582600000000123e-01
1.588553500000000063e-01
1.364884899999999901e-01
1.166375699999999960e-01
9.099804899999999752e-02
5.726243200000000200e-02
3.423804600000000115e-02
0.000000000000000000e+00
4.635860299999999823e-02
6.336748999999999854e-02
7.616812200000000477e-02
8.835860099999999495e-02
9.989382900000000343e-02
1.081947699999999957e-01
1.129843700000000006e-01
1.139543100000000031e-01
1.083659700000000059e-01
9.826411899999999700e-02
0.000000000000000000e+00
5.731113499999999916e-02
5.423699299999999723e-02
7.889069299999999785e-02
1.025563500000000045e-01
1.251136999999999944e-01
1.396646300000000118e-01
1.449912200000000040e-01
1.418041100000000110e-01
1.310893800000000053e-01
1.182177499999999964e-01
1.189905099999999938e-01
1.212189300000000025e-01
1.356729299999999971e-01
1.692618399999999967e-01
1.938847300000000051e-01
1.927686100000000069e-01
1.895034300000000005e-01
1.185787199999999986e-01
9.984862799999999483e-02
8.286778599999999884e-02
7.838960999999999846e-02
5.552827300000000299e-02
2.274838599999999891e-02
2.231801699999999902e-02
0.000000000000000000e+00
1.739568799999999943e-02
2.637403600000000001e-02
3.499535499999999882e-02
4.496191399999999866e-02
5.511240299999999731e-02
6.305041200000000012e-02
6.942824999999999691e-02
7.382679000000000324e-02
7.000374800000000453e-02
4.924033600000000260e-02
0.000000000000000000e+00
0.000000000000000000e+00
3.665521699999999689e-02
4.642853100000000205e-02
6.993510599999999688e-02
9.098297399999999424e-02
1.046291099999999974e-01
1.101341799999999982e-01
1.006559199999999960e-01
8.159420600000000245e-02
5.964393500000000209e-02
6.218457599999999835e-02
6.865503600000000262e-02
7.918450200000000383e-02
1.031433300000000053e-01
1.211236299999999960e-01
1.322413699999999970e-01
1.324536500000000061e-01
5.088915000000000105e-02
4.613267599999999746e-02
3.510485399999999784e-02
5.601754500000000192e-02
0.000000000000000000e+00
2.232347599999999965e-04
2.634208099999999896e-03
4.801700200000000068e-04
-8.568050299999999467e-03
-5.814275199999999894e-03
3.103795700000000035e-04
7.768175599999999764e-03
1.596246700000000102e-02
2.408349200000000148e-02
3.188704700000000170e-02
3.698612400000000217e-02
3.355651700000000098e-02
1.746711499999999834e-02
0.000000000000000000e+00
0.000000000000000000e+00
1.575938699999999970e-02
1.674164800000000133e-02
3.286151899999999876e-02
4.699779999999999930e-02
5.699743000000000170e-02
6.154273100000000329e-02
4.767324800000000140e-02
5.251614500000000019e-02
3.504233799999999927e-02
1.349070500000000040e-02
1.745926199999999970e-02
2.569090499999999999e-02
3.866829699999999731e-02
5.132804800000000112e-02
6.027514099999999736e-02
6.071152500000000229e-02
-4.637936799999999894e-04
0.000000000000000000e+00
0.000000000000000000e+00
0.000000000000000000e+00
-0.000000000000000000e+00
-1.088716500000000073e-02
-1.448912899999999990e-02
-1.945871700000000037e-02
-2.530205099999999901e-02
-2.478144300000000022e-02
-2.034282499999999841e-02
-1.385038799999999994e-02
-5.453631300000000119e-03
2.680655100000000138e-03
9.790360899999999561e-03
1.240215000000000067e-02
7.417022700000000350e-03
-2.153925599999999881e-03
0.000000000000000000e+00
0.000000000000000000e+00
-0.000000000000000000e+00
-8.926587200000000652e-03
5.849356800000000273e-03
1.548927100000000064e-02
1.887404200000000060e-02
1.467390099999999961e-02
-4.774160199999999583e-03
0.000000000000000000e+00
-0.000000000000000000e+00
-2.135090200000000146e-02
-2.200625700000000129e-02
-1.379100999999999938e-02
-2.937227000000000154e-03
7.057863299999999826e-03
1.152105900000000016e-02
8.785904400000000766e-03
-4.025952499999999740e-02
0.000000000000000000e+00
0.000000000000000000e+00
0.000000000000000000e+00
-0.000000000000000000e+00
-2.789135599999999909e-02
-3.441847499999999699e-02
-3.925034000000000162e-02
-4.282497999999999860e-02
-4.200589999999999880e-02
-3.728669899999999954e-02
-2.910188600000000042e-02
-1.980387399999999909e-02
-1.317128199999999943e-02
-1.113712799999999961e-02
-1.565689199999999864e-02
-2.286912899999999846e-02
-1.799489599999999981e-02
-6.760670699999999679e-03
0.000000000000000000e+00
0.000000000000000000e+00
-2.698106100000000063e-02
-1.589077699999999829e-02
-1.318074200000000050e-02
-1.805448899999999995e-02
-3.037933099999999900e-02
-3.979216399999999793e-02
0.000000000000000000e+00
-0.000000000000000000e+00
-4.355885200000000207e-02
-4.760609300000000210e-02
-4.256718200000000202e-02
-3.709226799999999769e-02
-3.349531399999999826e-02
-3.504889499999999658e-02
-4.061224699999999715e-02
-4.880995600000000156e-02
0.000000000000000000e+00
0.000000000000000000e+00
0.000000000000000000e+00
-0.000000000000000000e+00
-4.359992599999999718e-02
-5.052598600000000190e-02
-5.363056399999999863e-02
-5.515703200000000167e-02
-5.267658100000000010e-02
-4.529714600000000341e-02
-3.489600500000000077e-02
-2.639391300000000148e-02
-2.399943200000000110e-02
-2.859601000000000157e-02
-3.857639399999999996e-02
-4.510838500000000084e-02
-2.732150300000000046e-02
-8.234248799999999840e-03
0.000000000000000000e+00
0.000000000000000000e+00
-3.749198699999999745e-02
-2.888136399999999965e-02
-3.217134299999999808e-02
-4.215170399999999817e-02
-5.677006799999999992e-02
-5.933904599999999946e-02
0.000000000000000000e+00
0.000000000000000000e+00
-3.550247799999999704e-02
-5.172755099999999662e-02
-5.691503700000000165e-02
-6.062217400000000089e-02
-6.369802400000000586e-02
-6.693705899999999320e-02
-6.591425800000000335e-02
-4.577902100000000307e-02
-4.139549499999999743e-02
0.000000000000000000e+00
0.000000000000000000e+00
-0.000000000000000000e+00
-5.495196599999999792e-02
-6.058271600000000173e-02
-6.294670700000000452e-02
-6.266011999999999971e-02
-5.756500700000000137e-02
-4.739638399999999974e-02
-3.733335799999999705e-02
-3.345895900000000339e-02
-3.836654899999999979e-02
-4.914896199999999743e-02
-6.001287000000000288e-02
-6.281004099999999701e-02
-4.231497299999999878e-02
-1.070398699999999988e-02
0.000000000000000000e+00
0.000000000000000000e+00
-0.000000000000000000e+00
-4.409174200000000321e-02
-5.290632299999999816e-02
-6.309446700000000130e-02
-6.914526199999999900e-02
-4.899757300000000260e-02
0.000000000000000000e+00
0.000000000000000000e+00
-0.000000000000000000e+00
-5.039349700000000237e-02
-6.515719000000000372e-02
-8.099312300000000020e-02
-9.023895899999999359e-02
-9.045763299999999563e-02
-7.765238700000000327e-02
-3.768939500000000054e-02
-3.283080099999999973e-02
0.000000000000000000e+00
0.000000000000000000e+00
-6.440650000000000541e-02
-5.475354200000000227e-02
-5.930724700000000044e-02
-6.094818899999999984e-02
-5.790217200000000175e-02
-5.012519700000000328e-02
-4.265537900000000021e-02
-4.123451899999999726e-02
-4.754147699999999865e-02
-5.829680000000000278e-02
-6.861139099999999380e-02
-7.441188399999999759e-02
-7.291740200000000616e-02
-5.677438600000000307e-02
0.000000000000000000e+00
0.000000000000000000e+00
0.000000000000000000e+00
-0.000000000000000000e+00
-5.976355099999999809e-02
-7.119713699999999368e-02
-7.535535799999999729e-02
-6.430370400000000319e-02
-2.864679700000000162e-02
0.000000000000000000e+00
0.000000000000000000e+00
-0.000000000000000000e+00
-4.796002800000000177e-02
-6.595498299999999481e-02
-8.945996300000000345e-02
-1.015269200000000066e-01
-9.845689700000000155e-02
-7.717076700000000122e-02
-3.172321599999999853e-02
-1.543391199999999928e-02
0.000000000000000000e+00
0.000000000000000000e+00
-5.428069800000000222e-02
-4.552412000000000125e-02
-4.641390199999999994e-02
-4.450440399999999741e-02
-3.959916899999999657e-02
-3.446301799999999804e-02
-3.806008000000000308e-02
-5.054134899999999930e-02
-6.591692600000000068e-02
-7.833593299999999648e-02
-8.540453800000000206e-02
-8.430623299999999432e-02
-7.387856399999999379e-02
-4.839316600000000135e-02
0.000000000000000000e+00
0.000000000000000000e+00
0.000000000000000000e+00
-0.000000000000000000e+00
-7.145695400000000308e-02
-8.189392800000000472e-02
-7.594492299999999751e-02
-5.174102299999999710e-02
-1.783089900000000075e-02
0.000000000000000000e+00
0.000000000000000000e+00
-0.000000000000000000e+00
-4.473926100000000239e-02
-6.236541999999999780e-02
-8.748524600000000262e-02
-9.871029900000000135e-02
-9.503442800000000412e-02
-7.280495800000000295e-02
-1.874293399999999929e-02
-7.918501200000000600e-03
-2.835796299999999992e-02
-1.078784700000000041e-01
-6.034424199999999933e-02
-3.108997299999999991e-02
-2.496830699999999861e-02
-2.100346399999999947e-02
-1.926153499999999977e-02
-2.269121600000000016e-02
-3.695549800000000329e-02
-5.815234400000000164e-02
-7.786596599999999480e-02
-8.959260600000000518e-02
-9.201664499999999414e-02
-8.270531899999999936e-02
-6.239112100000000077e-02
-3.008434100000000055e-02
0.000000000000000000e+00
0.000000000000000000e+00
0.000000000000000000e+00
-0.000000000000000000e+00
-7.417647800000000402e-02
-7.987003800000000431e-02
-6.430278700000000014e-02
-3.464681299999999853e-02
-8.807852899999999569e-03
0.000000000000000000e+00
0.000000000000000000e+00
-0.000000000000000000e+00
-3.290716400000000263e-02
-5.334464099999999820e-02
-7.467534400000000461e-02
-8.116745899999999736e-02
-7.404799800000000376e-02
-5.313393100000000230e-02
-9.665370700000000190e-03
-4.978024900000000037e-03
-1.806030800000000061e-02
-6.778385600000000344e-02
-0.000000000000000000e+00
-2.052585399999999963e-02
-1.606418000000000082e-02
-1.712869900000000070e-02
-2.047520499999999979e-02
-2.779109800000000019e-02
-4.180131900000000345e-02
-6.100590499999999916e-02
-7.867500900000000408e-02
-8.726391899999999535e-02
-8.554123299999999430e-02
-7.040390400000000326e-02
-4.583069699999999663e-02
-2.781643899999999836e-02
0.000000000000000000e+00
0.000000000000000000e+00
0.000000000000000000e+00
0.000000000000000000e+00
-6.439283899999999339e-02
-6.665700700000000423e-02
-4.740966900000000150e-02
-1.886530800000000077e-02
-4.466159700000000058e-04
0.000000000000000000e+00
0.000000000000000000e+00
-0.000000000000000000e+00
-3.103119299999999858e-02
-3.901682800000000340e-02
-5.276856600000000286e-02
-5.608341800000000293e-02
-4.815511000000000097e-02
-3.379589100000000151e-02
-5.595957999999999835e-03
-4.270523400000000164e-03
-5.236802199999999671e-03
0.000000000000000000e+00
-2.162932799999999975e-02
-2.342375699999999991e-02
-2.936029399999999859e-02
-3.650826199999999966e-02
-4.294699099999999686e-02
-4.883788499999999755e-02
-5.515073999999999671e-02
-6.202406399999999681e-02
-6.715200100000000283e-02
-6.737201700000000626e-02
-6.236673899999999743e-02
-4.828077199999999958e-02
-2.462318200000000040e-02
-9.068677199999999883e-03
0.000000000000000000e+00
0.000000000000000000e+00
0.000000000000000000e+00
0.000000000000000000e+00
-4.585968199999999884e-02
-4.561433599999999838e-02
-2.928350299999999892e-02
-5.584460700000000097e-03
5.784873200000000340e-03
0.000000000000000000e+00
0.000000000000000000e+00
-0.000000000000000000e+00
-2.277567800000000059e-02
-2.145228700000000044e-02
-2.712019200000000130e-02
-2.801306400000000071e-02
-2.235592499999999871e-02
-1.880031299999999905e-02
0.000000000000000000e+00
0.000000000000000000e+00
-1.090457000000000053e-04
-2.692040899999999931e-02
-2.625072499999999906e-02
-3.150919399999999732e-02
-4.141823099999999980e-02
-4.920223900000000178e-02
-5.529360900000000051e-02
-5.910759799999999731e-02
-6.006057599999999747e-02
-5.781066499999999719e-02
-5.239890299999999668e-02
-4.435828499999999730e-02
-3.511319599999999930e-02
-2.402533999999999920e-02
-7.269711800000000154e-03
2.150696000000000118e-03
0.000000000000000000e+00
0.000000000000000000e+00
0.000000000000000000e+00
-5.223775900000000166e-02
-2.588510700000000095e-02
-2.179950599999999974e-02
-1.052108300000000052e-02
6.801378999999999758e-03
1.303738699999999924e-02
0.000000000000000000e+00
0.000000000000000000e+00
-0.000000000000000000e+00
-1.782340899999999839e-02
-8.640201700000000803e-03
-7.418857000000000056e-03
-4.830148900000000127e-03
-1.180904700000000003e-03
2.077482399999999989e-03
1.128213399999999922e-02
-0.000000000000000000e+00
-5.349000300000000124e-03
-2.249597100000000002e-02
-2.678661499999999973e-02
-3.244440600000000202e-02
-3.979847899999999772e-02
-4.501774000000000053e-02
-4.897469399999999917e-02
-5.180247999999999797e-02
-5.316180499999999948e-02
-5.305234799999999917e-02
-4.948803899999999756e-02
-4.017648000000000053e-02
-2.792411900000000072e-02
-1.270404900000000024e-02
1.559477799999999924e-03
7.026790199999999841e-03
0.000000000000000000e+00
0.000000000000000000e+00
-0.000000000000000000e+00
-4.297401599999999683e-02
-1.482436300000000012e-02
-3.176644100000000203e-03
7.073484100000000142e-03
2.035726399999999991e-02
2.091692200000000099e-02
0.000000000000000000e+00
0.000000000000000000e+00
0.000000000000000000e+00
-1.492362199999999924e-02
-4.748248899999999925e-03
2.927613999999999824e-03
1.024451099999999955e-02
1.205591100000000075e-02
1.449802199999999930e-02
4.524135000000000309e-03
-1.878513199999999909e-03
-1.073038200000000011e-02
-2.742059700000000141e-02
-3.557258800000000221e-02
-4.646255099999999777e-02
-5.546714400000000295e-02
-6.029898699999999834e-02
-6.217052399999999784e-02
-6.003797100000000247e-02
-5.453509799999999713e-02
-4.756091199999999686e-02
-3.771409399999999662e-02
-2.472523199999999977e-02
-1.326020399999999939e-02
-5.685683300000000072e-03
-1.538071700000000035e-03
4.552688800000000320e-03
0.000000000000000000e+00
0.000000000000000000e+00
-0.000000000000000000e+00
-4.713188900000000320e-02
-1.826677100000000109e-02
8.167765999999999915e-03
1.554274899999999980e-02
0.000000000000000000e+00
0.000000000000000000e+00
0.000000000000000000e+00
0.000000000000000000e+00
0.000000000000000000e+00
-0.000000000000000000e+00
-6.350705400000000028e-03
7.371640799999999889e-03
2.233155599999999893e-02
2.084467599999999948e-02
2.718694099999999919e-02
3.377416099999999873e-03
-3.360259999999999896e-03
-1.939702800000000019e-02
-3.731002700000000255e-02
-5.517669399999999835e-02
-7.445981399999999917e-02
-9.079939099999999319e-02
-1.015454100000000026e-01
-1.066716800000000048e-01
-1.038572400000000034e-01
-9.345655899999999461e-02
-7.584590500000000513e-02
-4.950987500000000180e-02
-2.117878600000000153e-02
-4.017999399999999666e-03
-6.024054299999999709e-03
-9.969656500000000088e-03
-3.930088600000000189e-03
0.000000000000000000e+00
-0.000000000000000000e+00
-8.523078600000000282e-02
-6.923596599999999601e-02
-3.623924800000000168e-02
1.307697000000000026e-02
0.000000000000000000e+00
0.000000000000000000e+00
0.000000000000000000e+00
0.000000000000000000e+00
0.000000000000000000e+00
0.000000000000000000e+00
-0.000000000000000000e+00
-6.035628300000000016e-03
1.395107599999999975e-02
3.263401800000000075e-02
3.153153100000000153e-02
3.623201000000000199e-02
0.000000000000000000e+00
-3.401409199999999838e-03
-2.975197400000000048e-02
-4.535716399999999843e-02
-6.414511100000000465e-02
-8.328553299999999493e-02
-1.005017899999999936e-01
-1.142151500000000014e-01
-1.240366299999999949e-01
-1.276864699999999964e-01
-1.233725999999999989e-01
-1.084886600000000006e-01
-7.916452699999999842e-02
-4.093692799999999743e-02
-9.266311299999999834e-03
-1.060065299999999981e-02
-1.281645499999999917e-02
-1.183795400000000053e-01
-0.000000000000000000e+00
-9.909753500000000048e-02
-9.924006500000000230e-02
-8.810269799999999318e-02
-5.948209799999999714e-02
-1.512417899999999975e-02
0.000000000000000000e+00
0.000000000000000000e+00
0.000000000000000000e+00
0.000000000000000000e+00
0.000000000000000000e+00
0.000000000000000000e+00
-0.000000000000000000e+00
5.727867799999999607e-04
2.653524100000000108e-02
3.589268000000000319e-02
3.900362899999999799e-02
5.144732099999999725e-02
-0.000000000000000000e+00
-2.262703699999999915e-02
-4.516612300000000246e-02
-5.223980899999999816e-02
-6.265050899999999312e-02
-7.417056700000000669e-02
-8.648112400000000644e-02
-9.826113300000000050e-02
-1.085104999999999958e-01
-1.150834200000000057e-01
-1.157948699999999942e-01
-1.078836600000000062e-01
-8.598811900000000175e-02
-5.067290399999999778e-02
-1.214531100000000065e-02
-1.294042299999999951e-02
-1.280238199999999930e-02
-0.000000000000000000e+00
-1.137911999999999951e-01
-1.015343400000000007e-01
-1.005327899999999969e-01
-9.556185500000000110e-02
-7.791372400000000364e-02
-4.569429800000000125e-02
0.000000000000000000e+00
0.000000000000000000e+00
0.000000000000000000e+00
0.000000000000000000e+00
0.000000000000000000e+00
0.000000000000000000e+00
-0.000000000000000000e+00
1.259018999999999937e-02
2.060511099999999887e-02
0.000000000000000000e+00
3.705422900000000103e-02
5.254719299999999899e-02
-0.000000000000000000e+00
-6.001209500000000141e-02
-5.662618600000000196e-02
-5.772093699999999994e-02
-6.087541199999999680e-02
-6.721475000000000366e-02
-7.645179300000000400e-02
-8.593799200000000471e-02
-9.449057299999999437e-02
-1.001850299999999944e-01
-1.017282000000000047e-01
-9.715426000000000617e-02
-7.934218599999999511e-02
-4.623182099999999933e-02
-1.108709299999999925e-02
0.000000000000000000e+00
-0.000000000000000000e+00
-6.981608599999999942e-02
-1.006697899999999951e-01
-8.560339399999999932e-02
-8.886782099999999962e-02
-9.286382799999999549e-02
-8.790051899999999641e-02
-6.544606699999999666e-02
0.000000000000000000e+00
0.000000000000000000e+00
0.000000000000000000e+00
0.000000000000000000e+00
0.000000000000000000e+00
0.000000000000000000e+00
0.000000000000000000e+00
2.651570899999999842e-02
3.360665699999999811e-02
0.000000000000000000e+00
2.880831899999999890e-02
0.000000000000000000e+00
-0.000000000000000000e+00
-8.003236900000000598e-02
-5.984078699999999945e-02
-5.341870299999999794e-02
-5.189834499999999851e-02
-5.520473399999999836e-02
-6.186608999999999858e-02
-6.855724800000000119e-02
-7.439123799999999842e-02
-7.884382500000000626e-02
-8.104137299999999988e-02
-7.898087800000000436e-02
-6.262177200000000610e-02
-2.862591299999999936e-02
1.919545599999999920e-03
0.000000000000000000e+00
-4.335375799999999918e-02
-4.165337200000000101e-02
-4.476991500000000040e-02
-5.415166500000000160e-02
-6.392900599999999656e-02
-7.523669299999999338e-02
-8.280146900000000254e-02
-7.678145599999999793e-02
0.000000000000000000e+00
0.000000000000000000e+00
0.000000000000000000e+00
0.000000000000000000e+00
0.000000000000000000e+00
0.000000000000000000e+00
0.000000000000000000e+00
0.000000000000000000e+00
0.000000000000000000e+00
0.000000000000000000e+00
0.000000000000000000e+00
0.000000000000000000e+00
0.000000000000000000e+00
-0.000000000000000000e+00
-5.336310699999999990e-02
-3.554677199999999732e-02
-3.110518300000000153e-02
-3.101069299999999890e-02
-3.438987599999999978e-02
-3.811233499999999719e-02
-4.169211200000000339e-02
-4.632645099999999766e-02
-5.054111800000000293e-02
-5.151216699999999760e-02
-3.687815700000000169e-02
-2.196634900000000133e-03
2.122715999999999839e-02
0.000000000000000000e+00
-3.698537999999999826e-02
-1.435977000000000087e-02
-2.026401499999999981e-02
-2.100544099999999970e-02
-3.237713500000000133e-02
-4.725844800000000151e-02
-6.007566999999999768e-02
-6.198808599999999780e-02
0.000000000000000000e+00
0.000000000000000000e+00
0.000000000000000000e+00
0.000000000000000000e+00
0.000000000000000000e+00
0.000000000000000000e+00
0.000000000000000000e+00
0.000000000000000000e+00
0.000000000000000000e+00
0.000000000000000000e+00
0.000000000000000000e+00
0.000000000000000000e+00
0.000000000000000000e+00
-0.000000000000000000e+00
-3.880616600000000305e-02
-1.082922000000000051e-02
-5.026312100000000262e-03
-1.285806100000000049e-03
-1.212402200000000079e-03
-3.036857999999999919e-03
-6.644202400000000230e-03
-1.248567700000000058e-02
-1.858854700000000040e-02
-2.152767400000000012e-02
-9.033912800000000118e-03
2.183049999999999921e-02
2.526968699999999901e-02
0.000000000000000000e+00
-0.000000000000000000e+00
3.448762699999999987e-03
9.142446300000000789e-03
7.288984499999999825e-03
-3.192482700000000197e-03
-1.873067000000000135e-02
-3.168458899999999911e-02
-3.876861899999999722e-02
0.000000000000000000e+00
0.000000000000000000e+00
0.000000000000000000e+00
0.000000000000000000e+00
0.000000000000000000e+00
0.000000000000000000e+00
0.000000000000000000e+00
0.000000000000000000e+00
0.000000000000000000e+00
0.000000000000000000e+00
0.000000000000000000e+00
0.000000000000000000e+00
0.000000000000000000e+00
-0.000000000000000000e+00
-3.153948200000000063e-02
9.928340999999999816e-04
1.660081000000000057e-02
3.349692700000000273e-02
4.107048399999999738e-02
4.269889699999999955e-02
3.929961800000000144e-02
3.215180299999999963e-02
2.497584699999999894e-02
1.961484700000000123e-02
2.474757699999999977e-02
3.862614600000000009e-02
0.000000000000000000e+00
0.000000000000000000e+00
0.000000000000000000e+00
0.000000000000000000e+00
2.925605300000000061e-02
3.551422399999999702e-02
2.823325600000000171e-02
1.457789599999999991e-02
5.982226200000000278e-03
-2.084439899999999870e-03
-4.255425799999999585e-03
0.000000000000000000e+00
0.000000000000000000e+00
1.769081100000000073e-02
2.635408399999999984e-02
0.000000000000000000e+00
0.000000000000000000e+00
0.000000000000000000e+00
0.000000000000000000e+00
0.000000000000000000e+00
0.000000000000000000e+00
0.000000000000000000e+00
0.000000000000000000e+00
-0.000000000000000000e+00
-0.000000000000000000e+00
0.000000000000000000e+00
2.326054300000000158e-02
5.289313899999999874e-02
6.602780499999999497e-02
7.218701299999999432e-02
7.104451999999999989e-02
6.503855399999999842e-02
5.846780199999999927e-02
5.086721500000000035e-02
4.361674799999999685e-02
3.966911099999999996e-02
0.000000000000000000e+00
0.000000000000000000e+00
0.000000000000000000e+00
0.000000000000000000e+00
1.658132099999999956e-02
4.277913500000000285e-02
4.713556900000000216e-02
4.117495599999999867e-02
3.704621899999999829e-02
3.045469300000000143e-02
2.641068900000000108e-02
2.849242399999999883e-02
1.432435100000000079e-02
1.991142300000000101e-02
2.519848300000000069e-02
0.000000000000000000e+00
0.000000000000000000e+00
0.000000000000000000e+00
0.000000000000000000e+00
0.000000000000000000e+00
0.000000000000000000e+00
0.000000000000000000e+00
0.000000000000000000e+00
0.000000000000000000e+00
0.000000000000000000e+00
2.456161700000000087e-02
4.462652100000000233e-02
6.854764400000000479e-02
7.915559399999999579e-02
8.667761100000000163e-02
8.950097899999999440e-02
8.795000599999999724e-02
8.293183899999999331e-02
7.228346900000000297e-02
5.064450699999999833e-02
0.000000000000000000e+00
0.000000000000000000e+00
0.000000000000000000e+00
0.000000000000000000e+00
0.000000000000000000e+00
-0.000000000000000000e+00
2.342958200000000088e-02
4.728512800000000266e-02
6.959317600000000659e-02
6.912731399999999526e-02
5.915895100000000129e-02
4.979607500000000214e-02
0.000000000000000000e+00
0.000000000000000000e+00
0.000000000000000000e+00
0.000000000000000000e+00
0.000000000000000000e+00
0.000000000000000000e+00
0.000000000000000000e+00
0.000000000000000000e+00
0.000000000000000000e+00
0.000000000000000000e+00
0.000000000000000000e+00
0.000000000000000000e+00
0.000000000000000000e+00
0.000000000000000000e+00
2.456161700000000087e-02
4.305977300000000257e-02
4.461326799999999759e-02
5.812549599999999872e-02
6.963748599999999844e-02
7.773826999999999821e-02
8.146509500000000126e-02
7.853885200000000621e-02
6.519697600000000370e-02
3.592223700000000269e-02
0.000000000000000000e+00
0.000000000000000000e+00
0.000000000000000000e+00
0.000000000000000000e+00
0.000000000000000000e+00
-0.000000000000000000e+00
-1.356427800000000079e-02
1.931831599999999857e-02
8.224588600000000416e-02
8.511509300000000278e-02
7.104499599999999915e-02
5.634982999999999659e-02
4.341450899999999696e-02
0.000000000000000000e+00
0.000000000000000000e+00
0.000000000000000000e+00
0.000000000000000000e+00
0.000000000000000000e+00
0.000000000000000000e+00
0.000000000000000000e+00
0.000000000000000000e+00
0.000000000000000000e+00
0.000000000000000000e+00
0.000000000000000000e+00
0.000000000000000000e+00
0.000000000000000000e+00
0.000000000000000000e+00
1.165988899999999967e-02
-2.907166399999999793e-03
8.228142699999999726e-03
2.513893899999999904e-02
3.755482200000000159e-02
4.494040700000000166e-02
4.436144599999999882e-02
2.965358900000000103e-02
-1.807569599999999874e-02
0.000000000000000000e+00
0.000000000000000000e+00
0.000000000000000000e+00
0.000000000000000000e+00
0.000000000000000000e+00
0.000000000000000000e+00
-0.000000000000000000e+00
4.681990199999999658e-02
7.377321900000000099e-02
7.443250699999999498e-02
6.587432999999999483e-02
4.175690499999999694e-02
3.545002900000000096e-02
0.000000000000000000e+00
0.000000000000000000e+00
0.000000000000000000e+00
0.000000000000000000e+00
0.000000000000000000e+00
0.000000000000000000e+00
0.000000000000000000e+00
0.000000000000000000e+00
0.000000000000000000e+00
0.000000000000000000e+00
0.000000000000000000e+00
0.000000000000000000e+00
0.000000000000000000e+00
-0.000000000000000000e+00
-1.124312600000000086e-02
-3.702676299999999726e-02
-5.016282600000000064e-02
-3.790119499999999864e-02
-2.455914400000000150e-02
-2.291386399999999907e-02
-1.320235300000000001e-02
-2.582620799999999980e-02
-5.693815199999999882e-02
0.000000000000000000e+00
0.000000000000000000e+00
0.000000000000000000e+00
0.000000000000000000e+00
0.000000000000000000e+00
0.000000000000000000e+00
0.000000000000000000e+00
9.045984699999999601e-02
3.370999499999999954e-02
3.307489899999999788e-02
2.646475800000000142e-02
-1.444756900000000038e-02
-0.000000000000000000e+00
-0.000000000000000000e+00
0.000000000000000000e+00
0.000000000000000000e+00
0.000000000000000000e+00
0.000000000000000000e+00
0.000000000000000000e+00
0.000000000000000000e+00
0.000000000000000000e+00
0.000000000000000000e+00
0.000000000000000000e+00
0.000000000000000000e+00
0.000000000000000000e+00
0.000000000000000000e+00
-0.000000000000000000e+00
-0.000000000000000000e+00
0.000000000000000000e+00
-9.432891000000000192e-02
-8.702138299999999382e-02
-7.166153200000000001e-02
-7.901760500000000464e-02
-0.000000000000000000e+00
-0.000000000000000000e+00
0.000000000000000000e+00
0.000000000000000000e+00
0.000000000000000000e+00
0.000000000000000000e+00
0.000000000000000000e+00
0.000000000000000000e+00
0.000000000000000000e+00
1.123602199999999968e-01
4.341441599999999734e-02
-6.897797299999999798e-02
-5.946594799999999764e-02
-6.868342500000000628e-02
-5.862003699999999984e-02
-2.182223399999999938e-02
-1.109959499999999960e-01
-0.000000000000000000e+00
0.000000000000000000e+00
0.000000000000000000e+00
0.000000000000000000e+00
0.000000000000000000e+00
0.000000000000000000e+00
0.000000000000000000e+00
0.000000000000000000e+00
0.000000000000000000e+00
0.000000000000000000e+00
0.000000000000000000e+00
0.000000000000000000e+00
0.000000000000000000e+00
0.000000000000000000e+00
-0.000000000000000000e+00
-0.000000000000000000e+00
-0.000000000000000000e+00
-7.024329599999999674e-02
-1.222949100000000067e-01
-0.000000000000000000e+00
-0.000000000000000000e+00
-0.000000000000000000e+00
0.000000000000000000e+00
0.000000000000000000e+00
0.000000000000000000e+00
0.000000000000000000e+00
0.000000000000000000e+00
4.268432400000000265e-02
4.505004199999999848e-02
3.642642399999999892e-02
-0.000000000000000000e+00
-1.485469100000000042e-01
-9.754769000000000634e-02
-6.459980199999999784e-02
-4.275363100000000027e-02
1.046368100000000028e-03
-1.224433400000000081e-02
0.000000000000000000e+00
0.000000000000000000e+00
-0.000000000000000000e+00
-0.000000000000000000e+00
0.000000000000000000e+00
0.000000000000000000e+00
0.000000000000000000e+00
0.000000000000000000e+00
-7.198455900000000178e-03
-1.236574900000000053e-02
-1.712117599999999837e-02
-1.791979000000000141e-02
-1.747654599999999905e-02
-2.086943299999999973e-02
-2.364786099999999919e-02
-2.581154999999999908e-02
-3.962372200000000011e-02
-3.744735099999999678e-02
-2.271843399999999916e-02
-1.631170700000000168e-02
-8.958798100000000056e-03
4.800874699999999919e-03
1.098668199999999935e-02
9.831245599999999946e-03
4.658203700000000322e-03
4.686916099999999773e-03
2.427295900000000020e-02
7.590320000000000226e-03
0.000000000000000000e+00
0.000000000000000000e+00
0.000000000000000000e+00
0.000000000000000000e+00
-2.231403700000000098e-03
-2.242594100000000132e-03
-1.020384799999999974e-02
-1.723056400000000030e-02
6.247678900000000306e-03
7.381207600000000077e-03
7.271742599999999647e-03
2.904167200000000101e-03
-1.526263100000000046e-02
-1.942031500000000049e-02
9.578965499999999786e-03
3.464217500000000075e-03
