0.000000000000000000e+00
0.000000000000000000e+00
0.000000000000000000e+00
0.000000000000000000e+00
0.000000000000000000e+00
0.000000000000000000e+00
0.000000000000000000e+00
7.033670499999999937e-02
2.241108199999999884e-02
1.291316200000000060e-02
-4.188020699999999569e-03
-5.464951499999999747e-03
0.000000000000000000e+00
0.000000000000000000e+00
0.000000000000000000e+00
0.000000000000000000e+00
0.000000000000000000e+00
-0.000000000000000000e+00
0.000000000000000000e+00
0.000000000000000000e+00
4.273264499999999966e-02
6.765896199999999611e-03
-3.186955300000000098e-03
-0.000000000000000000e+00
0.000000000000000000e+00
0.000000000000000000e+00
0.000000000000000000e+00
0.000000000000000000e+00
0.000000000000000000e+00
0.000000000000000000e+00
0.000000000000000000e+00
0.000000000000000000e+00
0.000000000000000000e+00
0.000000000000000000e+00
0.000000000000000000e+00
0.000000000000000000e+00
5.390037200000000195e-02
3.700839999999999685e-02
2.619966099999999909e-02
3.562209100000000156e-02
3.146728099999999972e-02
1.737050799999999978e-02
2.457329399999999900e-02
6.503999699999999697e-03
-5.381177600000000213e-03
-8.575607199999999916e-04
3.821767199999999854e-03
7.614555799999999687e-03
8.042204199999999914e-03
6.243355600000000116e-03
-3.479648599999999887e-03
-1.347421399999999998e-02
-2.385917499999999983e-02
-4.941943299999999872e-02
-5.729356199999999927e-02
3.602854899999999999e-02
1.588080099999999995e-02
7.903166999999999137e-03
1.265981899999999924e-02
1.338376299999999991e-02
1.866985800000000098e-02
2.265726300000000040e-02
2.592296100000000131e-02
2.463962899999999970e-02
3.441706300000000208e-03
-2.929442900000000030e-02
7.589140799999999701e-03
6.503459600000000007e-02
4.565086100000000091e-02
2.886209199999999891e-03
2.642772700000000155e-02
4.566745600000000210e-02
1.831182200000000060e-03
-1.439937200000000056e-02
-3.307044099999999903e-02
-5.082724200000000164e-02
-6.434570300000000409e-02
-6.818678200000000134e-02
-6.088125700000000112e-02
-4.910340500000000274e-02
-3.237232899999999830e-02
-1.395209499999999943e-02
-3.312594500000000256e-04
5.117382900000000054e-03
2.291791100000000088e-03
-6.005499499999999817e-03
-1.749741499999999880e-02
-3.009834499999999857e-02
-4.108307499999999668e-02
-5.011658399999999874e-02
-4.766751000000000321e-02
-2.104599399999999843e-02
-1.296204400000000069e-02
-5.199450500000000162e-03
4.170016399999999616e-03
7.567436000000000301e-03
7.374251299999999738e-03
2.516817299999999855e-03
-3.652519099999999939e-03
-1.298076700000000069e-02
-2.053385599999999964e-02
-2.542160499999999990e-02
-1.845504300000000084e-02
-4.751759099999999965e-03
-1.379067499999999989e-05
-1.622345299999999966e-03
6.483480300000000335e-03
7.724305100000000354e-03
-2.032050300000000018e-02
-3.670704699999999959e-02
-5.554867499999999875e-02
-6.940037000000000289e-02
-6.712187799999999593e-02
-5.714135199999999942e-02
-4.337453799999999721e-02
-3.423338799999999654e-02
-1.696359700000000040e-02
6.195652500000000393e-05
1.103916400000000061e-02
1.379762099999999950e-02
5.875311799999999654e-03
-8.505169300000000460e-03
-2.189237399999999917e-02
-3.468315300000000129e-02
-4.396076499999999887e-02
-6.776947499999999569e-02
-4.143004100000000078e-02
-9.573920099999999253e-03
-1.382068200000000080e-02
-1.130153700000000039e-02
-2.288223199999999888e-03
-2.754726199999999944e-03
-1.062634399999999937e-02
-1.735172399999999893e-02
-2.436807200000000104e-02
-3.462676299999999791e-02
-4.044926199999999972e-02
-4.162152499999999949e-02
-3.751833000000000251e-02
-2.862665099999999949e-02
-1.167170499999999923e-02
-1.377367500000000085e-02
-4.108128100000000421e-03
-6.673541399999999985e-03
-1.914618900000000096e-02
-3.588825500000000085e-02
-5.194228900000000260e-02
-5.332379799999999864e-02
-4.179874100000000037e-02
-3.627390400000000265e-02
-2.440915999999999919e-02
-7.943971100000000660e-03
2.693303199999999824e-03
1.407823300000000076e-02
1.921905000000000141e-02
1.501616700000000040e-02
1.595477500000000047e-03
-1.317703999999999924e-02
-2.520795899999999853e-02
-3.382350900000000160e-02
-3.913687500000000152e-02
-5.861768900000000060e-02
1.979429500000000168e-03
-9.224223900000000018e-03
-1.441987599999999987e-02
-9.714162000000000144e-03
-5.128522899999999815e-03
-5.449933500000000292e-03
-9.745168499999999970e-03
-1.561369399999999914e-02
-2.334168600000000038e-02
-3.150592399999999765e-02
-3.387663099999999733e-02
-3.376146800000000281e-02
-3.402522599999999869e-02
-2.685829600000000025e-02
-1.265679500000000020e-02
-9.247023800000000104e-04
2.473669600000000159e-03
-4.776162100000000063e-03
-1.974222600000000161e-02
-2.859612900000000138e-02
-3.451157600000000214e-02
-3.022100000000000133e-02
-1.838766299999999854e-02
-1.258586800000000006e-02
-1.469170400000000031e-03
0.000000000000000000e+00
2.913951599999999899e-03
1.056253100000000000e-02
1.181915199999999944e-02
4.844643499999999776e-03
-6.571477699999999852e-03
-1.611003700000000066e-02
-2.369796999999999876e-02
-2.852774400000000071e-02
-2.784948599999999969e-02
-3.834225100000000080e-02
0.000000000000000000e+00
-4.104353699999999626e-03
-6.239055599999999632e-03
-4.499093400000000152e-03
-2.587109199999999831e-03
-3.933676799999999939e-03
-9.847321200000000094e-03
-1.393602300000000051e-02
-1.277094200000000040e-02
-9.400141100000000347e-03
-8.529873699999999254e-03
-1.319848600000000059e-02
-1.851410900000000082e-02
-1.622262600000000041e-02
-7.025660000000000412e-03
-5.327121699999999571e-03
-1.067888200000000065e-02
-1.316024000000000013e-02
-3.115215800000000011e-03
-6.586581000000000206e-03
-1.087617899999999971e-02
-1.088739900000000073e-02
1.839300099999999910e-03
3.413992499999999979e-03
-1.385418800000000079e-03
-0.000000000000000000e+00
-4.118014100000000170e-03
3.711752100000000054e-03
6.053620899999999881e-03
2.069124999999999784e-03
-4.865972300000000195e-03
-1.141574700000000039e-02
-1.630371099999999851e-02
-1.888383399999999865e-02
-1.359558699999999926e-02
7.601282600000000425e-04
0.000000000000000000e+00
-0.000000000000000000e+00
-4.762460500000000214e-03
-2.194753399999999945e-03
-5.983841600000000364e-03
-1.251491300000000077e-02
-1.519744100000000077e-02
-6.265097300000000390e-03
9.180760899999999489e-03
1.994438800000000039e-02
1.409666799999999970e-02
-3.321196399999999920e-03
-1.168350299999999960e-02
-1.000422200000000011e-02
-7.697788500000000284e-03
-1.206361499999999976e-02
-1.016196800000000039e-02
-5.914137699999999671e-03
2.672112999999999919e-02
9.883556999999999412e-03
8.623391399999999485e-03
-1.710834800000000149e-05
0.000000000000000000e+00
3.633835399999999893e-03
3.261951600000000118e-03
-2.913213999999999908e-03
2.368115799999999903e-03
8.193466800000000216e-03
9.375420199999999829e-03
6.260014099999999977e-03
5.108421299999999811e-04
-4.996948299999999857e-03
-9.961248400000000808e-03
-1.079266100000000027e-02
-4.994963500000000004e-04
2.788615399999999980e-02
0.000000000000000000e+00
-0.000000000000000000e+00
-9.701770000000000185e-03
-9.957461600000000121e-03
-1.312159000000000068e-02
-1.383102899999999989e-02
-8.934238900000000469e-03
3.952640599999999657e-03
2.170578199999999985e-02
1.277140899999999919e-02
5.526765200000000391e-03
-1.032303799999999966e-02
-1.125056900000000019e-02
-1.101398900000000007e-02
-1.153215500000000053e-02
-7.034919199999999789e-03
1.520470299999999997e-03
1.238955899999999964e-02
5.845065900000000203e-02
0.000000000000000000e+00
0.000000000000000000e+00
0.000000000000000000e+00
0.000000000000000000e+00
4.040270099999999920e-03
5.728236900000000138e-03
4.714031199999999672e-03
8.542858099999999996e-03
1.266988399999999931e-02
1.300839900000000035e-02
9.751705499999999138e-03
3.111043500000000139e-03
-3.373447099999999938e-03
-9.126980800000000088e-03
-7.312267600000000103e-03
8.888672999999999713e-03
4.631304399999999766e-02
0.000000000000000000e+00
0.000000000000000000e+00
-0.000000000000000000e+00
-9.540853999999999654e-03
-1.180912299999999950e-02
-8.653870799999999544e-03
-3.026789100000000141e-04
1.719866899999999976e-02
4.781846000000000013e-02
0.000000000000000000e+00
0.000000000000000000e+00
9.724964599999999992e-04
-1.536512700000000099e-03
-4.239766399999999984e-03
-5.378365500000000139e-03
7.400172800000000056e-04
1.185826300000000083e-02
2.965178499999999995e-02
8.315341199999999600e-02
0.000000000000000000e+00
0.000000000000000000e+00
0.000000000000000000e+00
0.000000000000000000e+00
1.162406199999999924e-02
1.324116600000000039e-02
1.344707300000000036e-02
1.581796599999999928e-02
1.815529700000000080e-02
1.693836400000000089e-02
1.095647200000000009e-02
1.777079200000000053e-03
-6.077554100000000237e-03
-9.706093000000000706e-03
-1.653949000000000044e-03
2.145532699999999973e-02
5.776064499999999935e-02
1.649968599999999952e-02
0.000000000000000000e+00
0.000000000000000000e+00
-1.487631000000000023e-02
-1.253821700000000081e-02
-3.520803500000000037e-03
9.369199200000000866e-03
3.651416999999999857e-02
6.893262699999999632e-02
0.000000000000000000e+00
0.000000000000000000e+00
1.346324200000000026e-02
1.808293299999999982e-03
-1.089376900000000063e-03
-1.184591299999999915e-03
8.041323200000000462e-03
2.437588400000000044e-02
5.367414699999999844e-02
8.364860200000000245e-02
0.000000000000000000e+00
0.000000000000000000e+00
0.000000000000000000e+00
0.000000000000000000e+00
2.103246199999999830e-02
1.989449899999999952e-02
1.971510400000000066e-02
2.107117099999999965e-02
2.217614999999999864e-02
1.824297799999999997e-02
8.752115099999999148e-03
-2.003691199999999787e-03
-8.969527700000000381e-03
-7.798796999999999674e-03
6.109764799999999572e-03
3.130031400000000269e-02
5.540879399999999733e-02
2.051426099999999891e-02
0.000000000000000000e+00
0.000000000000000000e+00
-2.584686900000000148e-02
-1.294756900000000079e-02
4.653682099999999948e-04
1.758655699999999919e-02
5.274165799999999682e-02
9.182783399999999707e-02
0.000000000000000000e+00
0.000000000000000000e+00
1.687127799999999997e-02
8.416210799999999356e-06
1.210501899999999985e-03
4.039091100000000330e-03
1.825106099999999898e-02
3.883217299999999761e-02
6.799896800000000685e-02
7.162811800000000451e-02
2.661608500000000113e-02
0.000000000000000000e+00
0.000000000000000000e+00
0.000000000000000000e+00
2.851457300000000139e-02
2.485848800000000150e-02
2.484358700000000031e-02
2.606461200000000089e-02
2.478952499999999975e-02
1.565091899999999925e-02
2.234627999999999788e-03
-8.177399599999999463e-03
-1.059890699999999943e-02
-2.685473500000000024e-03
1.557854499999999920e-02
4.054691600000000229e-02
5.347860599999999798e-02
2.179063599999999865e-02
0.000000000000000000e+00
0.000000000000000000e+00
-0.000000000000000000e+00
-8.568983500000000239e-03
7.646166700000000052e-03
2.867405500000000038e-02
6.586876499999999579e-02
8.816057800000000333e-02
0.000000000000000000e+00
0.000000000000000000e+00
0.000000000000000000e+00
2.979281399999999993e-03
5.548455300000000416e-03
1.253421000000000049e-02
3.204422099999999773e-02
5.291083800000000170e-02
7.278458799999999729e-02
5.512946800000000092e-02
2.447345500000000160e-02
0.000000000000000000e+00
0.000000000000000000e+00
3.687843300000000213e-02
3.048263899999999887e-02
2.716018300000000094e-02
2.711973700000000140e-02
2.647587300000000046e-02
2.010160100000000019e-02
6.642559499999999874e-03
-5.546030599999999741e-03
-9.937445600000000684e-03
-5.377708000000000141e-03
6.906275199999999982e-03
2.583907499999999954e-02
4.972249299999999955e-02
5.753521300000000172e-02
0.000000000000000000e+00
0.000000000000000000e+00
0.000000000000000000e+00
-0.000000000000000000e+00
1.046008900000000054e-03
1.900671799999999884e-02
4.133971000000000173e-02
6.908971099999999810e-02
6.802554700000000565e-02
0.000000000000000000e+00
0.000000000000000000e+00
0.000000000000000000e+00
9.996673100000000659e-03
1.065370799999999958e-02
2.129243100000000055e-02
4.344274800000000325e-02
6.128805899999999890e-02
6.956498299999999690e-02
4.904121499999999911e-02
2.157154400000000152e-02
0.000000000000000000e+00
0.000000000000000000e+00
3.209945599999999843e-02
2.849797299999999936e-02
2.370061199999999937e-02
2.004905800000000154e-02
1.603991899999999970e-02
7.656358599999999598e-03
-2.070688900000000089e-03
-5.793368900000000002e-03
-1.711747599999999996e-03
8.065110999999999808e-03
2.213921599999999976e-02
3.963324099999999961e-02
6.038063400000000247e-02
6.485476499999999478e-02
0.000000000000000000e+00
0.000000000000000000e+00
0.000000000000000000e+00
0.000000000000000000e+00
1.362281400000000045e-02
3.168394800000000344e-02
5.079032499999999728e-02
6.575952499999999923e-02
5.368484899999999976e-02
0.000000000000000000e+00
0.000000000000000000e+00
-0.000000000000000000e+00
1.709366400000000147e-02
1.601883000000000126e-02
2.919620300000000043e-02
5.110230999999999801e-02
6.641194200000000158e-02
6.854941700000000138e-02
3.876476000000000227e-02
1.839813200000000107e-02
1.381488900000000034e-02
4.302276700000000342e-02
4.041442099999999898e-02
2.041258799999999887e-02
8.779293900000000386e-03
2.267979600000000033e-03
-1.560311399999999909e-03
-5.183416899999999591e-03
-6.542115000000000256e-03
-2.397765200000000121e-03
8.310303999999999261e-03
2.243734899999999879e-02
3.732283799999999707e-02
5.182903299999999658e-02
6.292912400000000295e-02
4.329617000000000188e-02
0.000000000000000000e+00
0.000000000000000000e+00
0.000000000000000000e+00
0.000000000000000000e+00
2.668894999999999948e-02
4.166408600000000295e-02
5.418709699999999657e-02
5.737263299999999927e-02
3.954813799999999657e-02
0.000000000000000000e+00
0.000000000000000000e+00
-0.000000000000000000e+00
1.406208599999999968e-02
2.187838400000000072e-02
3.454354400000000241e-02
5.121661699999999900e-02
5.878603500000000037e-02
5.110979100000000164e-02
4.807463499999999751e-02
1.783544899999999975e-02
1.325504299999999934e-02
3.056679299999999835e-02
0.000000000000000000e+00
3.150945300000000150e-03
-1.003813199999999996e-02
-1.508479499999999980e-02
-1.724187099999999889e-02
-1.658368899999999868e-02
-1.197633199999999926e-02
-2.127120299999999808e-03
1.417110899999999944e-02
3.192990300000000253e-02
4.666630199999999978e-02
5.539348300000000030e-02
5.461629500000000220e-02
4.334810399999999841e-02
0.000000000000000000e+00
0.000000000000000000e+00
0.000000000000000000e+00
0.000000000000000000e+00
3.438358899999999913e-02
4.571526100000000009e-02
5.218314000000000286e-02
4.719819100000000045e-02
2.584481500000000015e-02
0.000000000000000000e+00
0.000000000000000000e+00
0.000000000000000000e+00
1.388571499999999986e-02
2.422749399999999873e-02
3.416400800000000265e-02
4.459427700000000161e-02
4.435771000000000158e-02
3.293626000000000192e-02
3.780258999999999703e-02
1.633857600000000049e-02
1.171267699999999946e-02
0.000000000000000000e+00
5.879151899999999868e-03
-1.036559899999999965e-02
-1.888310400000000125e-02
-2.348052299999999967e-02
-2.651628699999999950e-02
-2.646835300000000002e-02
-2.117387600000000120e-02
-9.520445000000000643e-03
7.633221800000000203e-03
2.390673399999999893e-02
3.684715200000000107e-02
4.300114499999999756e-02
3.610271599999999997e-02
2.232493500000000061e-02
0.000000000000000000e+00
0.000000000000000000e+00
0.000000000000000000e+00
0.000000000000000000e+00
3.168807299999999716e-02
3.893663700000000311e-02
4.398722599999999733e-02
3.540876500000000177e-02
1.745666599999999916e-02
0.000000000000000000e+00
0.000000000000000000e+00
0.000000000000000000e+00
1.837370700000000084e-03
1.648401999999999853e-02
2.497488399999999928e-02
3.175217999999999791e-02
2.862258599999999847e-02
2.240151099999999895e-02
0.000000000000000000e+00
0.000000000000000000e+00
4.520469699999999855e-03
7.098778499999999769e-03
6.752981800000000187e-03
-5.152053099999999788e-03
-8.638306400000000246e-03
-1.164796899999999934e-02
-1.410101899999999936e-02
-1.514302399999999972e-02
-1.264387699999999955e-02
-5.619595600000000003e-03
4.696305700000000249e-03
1.395886500000000086e-02
2.096120900000000148e-02
2.611223899999999890e-02
2.173367299999999849e-02
1.396474299999999995e-02
0.000000000000000000e+00
0.000000000000000000e+00
0.000000000000000000e+00
7.026656600000000252e-03
2.076828600000000039e-02
2.625714999999999993e-02
3.119747299999999987e-02
2.280998700000000032e-02
8.433156600000000017e-03
0.000000000000000000e+00
0.000000000000000000e+00
0.000000000000000000e+00
-1.134304799999999967e-02
4.419014700000000427e-03
1.402007199999999974e-02
1.895706100000000074e-02
1.613556999999999839e-02
1.026283799999999982e-02
-5.119026500000000215e-03
0.000000000000000000e+00
-1.085789099999999989e-04
4.567182999999999833e-03
7.577626999999999974e-03
4.751400499999999978e-03
4.737190799999999903e-03
4.521754000000000225e-03
3.855764399999999942e-03
3.546332499999999867e-03
6.152410700000000322e-03
1.297436299999999917e-02
2.287618500000000027e-02
3.189717999999999720e-02
3.734546100000000340e-02
3.248552600000000068e-02
1.490999999999999964e-02
4.012583800000000395e-03
0.000000000000000000e+00
0.000000000000000000e+00
-0.000000000000000000e+00
-1.314119799999999977e-02
9.514886700000000849e-03
2.023054399999999961e-02
2.206637800000000108e-02
1.369723800000000047e-02
3.576928100000000086e-03
0.000000000000000000e+00
0.000000000000000000e+00
0.000000000000000000e+00
-2.384371199999999955e-02
-7.740119900000000039e-03
3.762403499999999838e-03
8.284231600000000612e-03
6.066667599999999751e-03
1.298349700000000096e-03
-1.822099799999999867e-02
-1.610007899999999978e-04
-1.626116500000000104e-03
2.579157599999999987e-04
-4.735935900000000018e-03
-9.283543599999999341e-03
-1.175658499999999995e-02
-1.207226699999999937e-02
-1.109735899999999935e-02
-8.639923299999999542e-03
-3.318613900000000078e-03
5.642883500000000184e-03
1.794132000000000018e-02
2.905040399999999842e-02
3.224296900000000327e-02
1.876521999999999912e-02
1.724473399999999941e-03
-2.577679800000000094e-03
0.000000000000000000e+00
0.000000000000000000e+00
-0.000000000000000000e+00
-3.175714200000000209e-02
-1.721106500000000109e-02
3.601510100000000075e-03
1.435405099999999962e-02
0.000000000000000000e+00
0.000000000000000000e+00
0.000000000000000000e+00
0.000000000000000000e+00
0.000000000000000000e+00
-0.000000000000000000e+00
-1.954250800000000010e-02
-5.697482299999999909e-03
4.331817899999999832e-03
2.159047600000000081e-03
-4.719833399999999804e-03
-1.842089099999999827e-02
-6.061836699999999939e-03
-2.557778699999999940e-03
-5.439310299999999820e-03
-1.525125700000000070e-02
-2.505085199999999845e-02
-3.509372100000000133e-02
-4.322229300000000191e-02
-4.849190300000000287e-02
-4.955595000000000139e-02
-4.614729399999999843e-02
-3.803833599999999898e-02
-2.347320899999999835e-02
-5.092730699999999978e-03
9.049592500000000136e-03
4.564629899999999608e-03
-4.987309399999999802e-03
-7.338603499999999703e-03
0.000000000000000000e+00
-0.000000000000000000e+00
-4.959805800000000042e-02
-4.959353400000000162e-02
-4.175707000000000030e-02
-1.281119699999999986e-02
0.000000000000000000e+00
0.000000000000000000e+00
0.000000000000000000e+00
0.000000000000000000e+00
0.000000000000000000e+00
0.000000000000000000e+00
-0.000000000000000000e+00
-2.486313899999999938e-02
-1.500250399999999984e-02
1.142492500000000070e-02
1.069580699999999988e-02
6.372327900000000420e-04
-0.000000000000000000e+00
-5.848500399999999669e-03
-5.875980500000000002e-03
-5.930649599999999848e-03
-1.262385100000000017e-02
-2.106506000000000003e-02
-3.106934600000000116e-02
-4.088541899999999923e-02
-5.023628799999999700e-02
-5.831494200000000155e-02
-6.301375500000000462e-02
-6.333890600000000037e-02
-5.647143699999999933e-02
-4.000154499999999946e-02
-1.097591200000000086e-02
-5.969362099999999793e-04
-3.272087500000000083e-03
-1.176817500000000051e-02
-0.000000000000000000e+00
-3.169631400000000321e-02
-4.685535999999999868e-02
-5.541800300000000040e-02
-5.959310400000000091e-02
-4.671421299999999749e-02
0.000000000000000000e+00
0.000000000000000000e+00
0.000000000000000000e+00
0.000000000000000000e+00
0.000000000000000000e+00
0.000000000000000000e+00
-0.000000000000000000e+00
-1.642405099999999854e-02
-2.529202599999999870e-02
2.953819200000000131e-02
2.261263499999999899e-02
1.364448899999999923e-02
-0.000000000000000000e+00
-2.212160300000000010e-02
-1.562205499999999928e-02
-1.035614800000000078e-02
-9.903217699999999554e-03
-1.255092000000000013e-02
-1.688382600000000108e-02
-2.181097699999999875e-02
-2.780687800000000015e-02
-3.586562000000000083e-02
-4.443903300000000278e-02
-5.297742400000000212e-02
-5.908928799999999676e-02
-5.540090799999999871e-02
-2.454303999999999861e-02
-1.919011399999999900e-03
-5.824953499999999638e-03
-0.000000000000000000e+00
-1.503443599999999911e-03
-1.886282300000000078e-02
-3.758475900000000230e-02
-5.241608600000000062e-02
-6.936949500000000324e-02
-7.708956599999999826e-02
0.000000000000000000e+00
0.000000000000000000e+00
0.000000000000000000e+00
0.000000000000000000e+00
0.000000000000000000e+00
0.000000000000000000e+00
0.000000000000000000e+00
-8.497100900000000359e-03
-3.336723999999999940e-02
0.000000000000000000e+00
2.770155399999999976e-02
1.734529099999999879e-02
-0.000000000000000000e+00
-3.484234900000000162e-02
-2.379009500000000069e-02
-1.852418999999999941e-02
-1.474239299999999947e-02
-1.457124800000000019e-02
-1.625867599999999968e-02
-1.829820899999999931e-02
-2.018802800000000022e-02
-2.369375899999999827e-02
-3.048748899999999956e-02
-4.107765099999999975e-02
-5.363139900000000321e-02
-5.834940400000000055e-02
-3.759308399999999883e-02
0.000000000000000000e+00
0.000000000000000000e+00
8.856846200000000752e-03
1.792373600000000088e-03
-7.104451799999999748e-03
-2.486168199999999953e-02
-4.545367499999999894e-02
-7.194120399999999471e-02
-9.121928199999999876e-02
0.000000000000000000e+00
0.000000000000000000e+00
0.000000000000000000e+00
0.000000000000000000e+00
0.000000000000000000e+00
0.000000000000000000e+00
0.000000000000000000e+00
2.465942699999999961e-04
-2.451126899999999872e-02
0.000000000000000000e+00
3.586276099999999994e-02
0.000000000000000000e+00
-0.000000000000000000e+00
-5.976692699999999747e-02
-2.690023399999999856e-02
-2.193706299999999970e-02
-1.684244500000000103e-02
-1.531882600000000066e-02
-1.574593999999999994e-02
-1.722823100000000010e-02
-1.786209100000000008e-02
-1.818760499999999905e-02
-2.225412400000000013e-02
-3.300736499999999685e-02
-4.901395000000000057e-02
-5.738994900000000260e-02
-4.559963799999999789e-02
0.000000000000000000e+00
1.633398700000000120e-02
1.460648399999999944e-02
1.587695600000000110e-02
7.062060799999999618e-03
-8.480448300000000342e-03
-3.027451800000000026e-02
-6.283035100000000650e-02
-9.417221800000000198e-02
0.000000000000000000e+00
0.000000000000000000e+00
0.000000000000000000e+00
0.000000000000000000e+00
0.000000000000000000e+00
0.000000000000000000e+00
0.000000000000000000e+00
0.000000000000000000e+00
-0.000000000000000000e+00
0.000000000000000000e+00
0.000000000000000000e+00
0.000000000000000000e+00
0.000000000000000000e+00
-0.000000000000000000e+00
-3.737230200000000307e-02
-2.070366800000000146e-02
-1.417913200000000054e-02
-1.083058400000000074e-02
-9.759740899999999261e-03
-1.051532200000000056e-02
-1.094470999999999986e-02
-1.075940100000000003e-02
-1.387289700000000035e-02
-2.540938200000000119e-02
-4.673933599999999938e-02
-5.644309499999999868e-02
-3.942194699999999885e-02
0.000000000000000000e+00
1.323934400000000011e-02
3.872382100000000202e-03
2.216278400000000134e-02
1.640389100000000031e-02
4.457120799999999584e-03
-1.433890999999999985e-02
-4.379533599999999721e-02
-8.041516599999999626e-02
0.000000000000000000e+00
0.000000000000000000e+00
0.000000000000000000e+00
0.000000000000000000e+00
0.000000000000000000e+00
0.000000000000000000e+00
0.000000000000000000e+00
-0.000000000000000000e+00
0.000000000000000000e+00
0.000000000000000000e+00
0.000000000000000000e+00
0.000000000000000000e+00
0.000000000000000000e+00
-0.000000000000000000e+00
-5.496175600000000050e-02
-2.094857199999999864e-02
-1.148985500000000021e-02
-5.731015499999999631e-03
-2.187238099999999803e-03
-2.338119300000000150e-03
-2.468157099999999937e-03
-2.897181500000000146e-03
-6.214008699999999837e-03
-1.832793300000000111e-02
-4.590250600000000264e-02
-5.418424499999999894e-02
-4.693185999999999886e-02
0.000000000000000000e+00
0.000000000000000000e+00
1.759086399999999903e-03
2.258636400000000113e-02
2.019707499999999836e-02
1.071055599999999955e-02
-6.466168900000000309e-03
-3.116155799999999892e-02
-6.756181999999999466e-02
0.000000000000000000e+00
0.000000000000000000e+00
0.000000000000000000e+00
0.000000000000000000e+00
0.000000000000000000e+00
0.000000000000000000e+00
0.000000000000000000e+00
0.000000000000000000e+00
0.000000000000000000e+00
0.000000000000000000e+00
0.000000000000000000e+00
0.000000000000000000e+00
0.000000000000000000e+00
-0.000000000000000000e+00
-8.564525500000000346e-02
-3.366645399999999844e-02
-2.253187400000000035e-02
-9.427533499999999830e-03
3.324831099999999914e-03
7.180294000000000260e-03
9.359097999999999723e-03
9.217086200000000271e-03
4.236377799999999777e-03
-9.371854400000000779e-03
-4.479338599999999754e-02
-5.495120399999999655e-02
0.000000000000000000e+00
0.000000000000000000e+00
0.000000000000000000e+00
-0.000000000000000000e+00
8.621818299999999945e-04
1.048963900000000025e-02
7.942719399999999264e-03
-5.302156300000000246e-03
-2.585198400000000146e-02
-5.307376800000000033e-02
-6.087464100000000017e-02
0.000000000000000000e+00
0.000000000000000000e+00
-1.036052699999999958e-02
-1.022457899999999927e-02
0.000000000000000000e+00
0.000000000000000000e+00
0.000000000000000000e+00
0.000000000000000000e+00
0.000000000000000000e+00
0.000000000000000000e+00
0.000000000000000000e+00
0.000000000000000000e+00
-0.000000000000000000e+00
-0.000000000000000000e+00
-0.000000000000000000e+00
-4.295542299999999952e-02
-1.998487700000000158e-02
1.536670499999999917e-03
1.235598599999999936e-02
1.792907499999999918e-02
1.944050900000000165e-02
1.416935899999999943e-02
-1.151109299999999980e-04
-3.775166199999999833e-02
-5.113363900000000156e-02
0.000000000000000000e+00
0.000000000000000000e+00
0.000000000000000000e+00
0.000000000000000000e+00
-3.907010300000000186e-02
-8.634783199999999243e-03
4.967677499999999940e-04
-4.150650900000000393e-03
-1.753491000000000077e-02
-4.129565899999999845e-02
-4.866896200000000311e-02
-1.448578099999999966e-02
-1.197995599999999994e-02
-9.144105700000000267e-03
-9.895794200000000360e-03
0.000000000000000000e+00
0.000000000000000000e+00
0.000000000000000000e+00
0.000000000000000000e+00
0.000000000000000000e+00
0.000000000000000000e+00
0.000000000000000000e+00
0.000000000000000000e+00
0.000000000000000000e+00
-0.000000000000000000e+00
-3.184776400000000063e-02
-4.065907900000000075e-02
-1.619957400000000131e-02
3.694492199999999810e-03
1.489685599999999999e-02
2.471427099999999946e-02
2.826593100000000108e-02
2.438965599999999914e-02
1.223716099999999987e-02
-1.614266099999999912e-02
0.000000000000000000e+00
0.000000000000000000e+00
0.000000000000000000e+00
0.000000000000000000e+00
0.000000000000000000e+00
-0.000000000000000000e+00
-2.537475900000000020e-02
-7.223558599999999920e-03
-3.207016300000000136e-03
-5.786093400000000102e-03
-2.103949700000000075e-02
-3.362157899999999866e-02
-0.000000000000000000e+00
-0.000000000000000000e+00
-0.000000000000000000e+00
0.000000000000000000e+00
0.000000000000000000e+00
0.000000000000000000e+00
0.000000000000000000e+00
0.000000000000000000e+00
0.000000000000000000e+00
0.000000000000000000e+00
0.000000000000000000e+00
0.000000000000000000e+00
0.000000000000000000e+00
0.000000000000000000e+00
-3.184776500000000010e-02
-3.959662399999999693e-02
-1.736140300000000095e-02
-2.561422899999999813e-04
1.014939100000000066e-02
2.204363200000000050e-02
2.991153699999999846e-02
2.969938499999999829e-02
2.251525799999999980e-02
6.318467900000000227e-03
0.000000000000000000e+00
0.000000000000000000e+00
0.000000000000000000e+00
0.000000000000000000e+00
0.000000000000000000e+00
-0.000000000000000000e+00
-3.466096300000000296e-02
-2.954090900000000061e-02
-9.341165400000000368e-04
6.098571500000000284e-03
-1.794028000000000029e-03
-2.878855500000000213e-03
6.039597999999999972e-04
-0.000000000000000000e+00
0.000000000000000000e+00
-0.000000000000000000e+00
-0.000000000000000000e+00
0.000000000000000000e+00
0.000000000000000000e+00
0.000000000000000000e+00
0.000000000000000000e+00
0.000000000000000000e+00
0.000000000000000000e+00
0.000000000000000000e+00
0.000000000000000000e+00
0.000000000000000000e+00
-0.000000000000000000e+00
-4.664133100000000115e-02
-3.309525700000000292e-02
-2.610401899999999914e-02
-1.063895800000000044e-02
5.372195800000000021e-03
2.048018899999999934e-02
2.753972799999999943e-02
3.004477200000000084e-02
3.908258399999999660e-02
0.000000000000000000e+00
0.000000000000000000e+00
0.000000000000000000e+00
0.000000000000000000e+00
0.000000000000000000e+00
0.000000000000000000e+00
-0.000000000000000000e+00
-1.212764699999999973e-01
-1.600488099999999858e-02
1.158337899999999955e-02
1.158511500000000000e-02
1.440747099999999982e-02
2.142955300000000049e-02
0.000000000000000000e+00
0.000000000000000000e+00
0.000000000000000000e+00
0.000000000000000000e+00
0.000000000000000000e+00
0.000000000000000000e+00
0.000000000000000000e+00
0.000000000000000000e+00
0.000000000000000000e+00
0.000000000000000000e+00
0.000000000000000000e+00
0.000000000000000000e+00
0.000000000000000000e+00
-0.000000000000000000e+00
-4.268036000000000052e-02
-5.640454599999999985e-02
-6.331897499999999956e-02
-5.179178999999999727e-02
-2.805435800000000146e-02
3.614764700000000150e-03
1.878768499999999841e-02
3.751069499999999668e-02
8.570266099999999942e-02
0.000000000000000000e+00
0.000000000000000000e+00
0.000000000000000000e+00
0.000000000000000000e+00
-0.000000000000000000e+00
0.000000000000000000e+00
-0.000000000000000000e+00
-1.626559800000000056e-01
-4.366123699999999858e-02
1.787365599999999949e-03
1.235884899999999988e-02
5.952367199999999969e-02
-0.000000000000000000e+00
0.000000000000000000e+00
0.000000000000000000e+00
0.000000000000000000e+00
0.000000000000000000e+00
0.000000000000000000e+00
0.000000000000000000e+00
0.000000000000000000e+00
0.000000000000000000e+00
0.000000000000000000e+00
0.000000000000000000e+00
0.000000000000000000e+00
0.000000000000000000e+00
0.000000000000000000e+00
-0.000000000000000000e+00
-0.000000000000000000e+00
0.000000000000000000e+00
-8.018791899999999639e-02
-1.060608900000000049e-01
-7.999109499999999817e-02
-1.651577300000000095e-03
0.000000000000000000e+00
0.000000000000000000e+00
0.000000000000000000e+00
0.000000000000000000e+00
0.000000000000000000e+00
0.000000000000000000e+00
-0.000000000000000000e+00
-0.000000000000000000e+00
0.000000000000000000e+00
-1.418307299999999882e-01
-1.088485700000000056e-01
-1.215981599999999968e-01
-5.039988100000000054e-02
-7.674219700000000158e-03
3.335988100000000095e-02
2.998613099999999920e-02
1.268719700000000075e-02
-0.000000000000000000e+00
0.000000000000000000e+00
0.000000000000000000e+00
0.000000000000000000e+00
0.000000000000000000e+00
0.000000000000000000e+00
0.000000000000000000e+00
0.000000000000000000e+00
0.000000000000000000e+00
0.000000000000000000e+00
0.000000000000000000e+00
0.000000000000000000e+00
0.000000000000000000e+00
0.000000000000000000e+00
-0.000000000000000000e+00
-0.000000000000000000e+00
-0.000000000000000000e+00
-1.162071999999999966e-01
-5.849962999999999691e-02
-0.000000000000000000e+00
-0.000000000000000000e+00
-0.000000000000000000e+00
0.000000000000000000e+00
0.000000000000000000e+00
0.000000000000000000e+00
0.000000000000000000e+00
-0.000000000000000000e+00
-4.869608599999999954e-02
-1.088630099999999962e-01
-5.454482900000000301e-02
-0.000000000000000000e+00
-1.497346499999999969e-01
-1.114786100000000058e-01
-7.271903700000000026e-02
-3.657233499999999748e-02
2.155623300000000103e-02
3.496965099999999743e-02
-0.000000000000000000e+00
-0.000000000000000000e+00
-0.000000000000000000e+00
-0.000000000000000000e+00
0.000000000000000000e+00
0.000000000000000000e+00
0.000000000000000000e+00
0.000000000000000000e+00
-7.509803500000000395e-03
-2.987805200000000130e-03
2.432376400000000119e-03
3.157813499999999936e-03
-1.691410799999999910e-04
-3.872484600000000027e-03
-4.779237999999999889e-03
-7.863411199999999907e-03
-1.665209800000000059e-02
-4.094939399999999834e-03
-4.374628200000000265e-03
-1.610615199999999858e-02
-1.409706500000000064e-02
8.836239500000000677e-03
2.998857900000000132e-02
2.070926299999999859e-02
1.587681300000000004e-02
9.352829199999999205e-03
-1.783666000000000071e-02
-4.866345099999999819e-03
0.000000000000000000e+00
0.000000000000000000e+00
-0.000000000000000000e+00
-0.000000000000000000e+00
-5.235572399999999932e-02
-4.143460000000000198e-02
-5.947079800000000353e-03
4.112706399999999790e-02
5.005081499999999850e-02
-3.141419299999999998e-03
-3.616522300000000328e-02
-4.310113699999999770e-02
-3.509672700000000117e-02
-2.974467700000000062e-02
-1.854395099999999949e-02
-1.326260899999999986e-02
