0.000000000000000000e+00
0.000000000000000000e+00
0.000000000000000000e+00
0.000000000000000000e+00
0.000000000000000000e+00
0.000000000000000000e+00
0.000000000000000000e+00
6.731289329338496904e-04
8.466568659532236821e-03
1.098117884275102984e-02
9.492149194185265162e-03
6.396612306876496741e-03
0.000000000000000000e+00
0.000000000000000000e+00
0.000000000000000000e+00
0.000000000000000000e+00
0.000000000000000000e+00
0.000000000000000000e+00
0.000000000000000000e+00
0.000000000000000000e+00
-1.040134338393606910e-02
-2.586837585823032609e-02
-3.455654005299591686e-02
0.000000000000000000e+00
0.000000000000000000e+00
0.000000000000000000e+00
0.000000000000000000e+00
0.000000000000000000e+00
0.000000000000000000e+00
0.000000000000000000e+00
0.000000000000000000e+00
0.000000000000000000e+00
0.000000000000000000e+00
0.000000000000000000e+00
0.000000000000000000e+00
0.000000000000000000e+00
-4.849922384419497537e-03
-4.138682917075049011e-03
-4.458740495387414349e-03
-1.041321114857181318e-02
-1.828498144263169742e-02
-1.408272565595556497e-02
2.354930765435905935e-03
2.182468051895181463e-02
3.565708746549772767e-02
4.081378901307330248e-02
3.915338838201842808e-02
3.431480299799467143e-02
2.973952146264304680e-02
2.500415702844869040e-02
1.845038905493611575e-02
1.074322646754555070e-02
4.028464681897491427e-03
-1.438108438268249391e-03
-1.786783624460062773e-03
6.013619859395189990e-03
8.147154645810526785e-03
-1.732239402458440178e-05
-6.070565711964485620e-03
-4.873189295229263772e-03
-8.463271806289062935e-03
-1.900638056594449593e-02
-2.860172938857260747e-02
-3.366017230428424573e-02
-3.525161202021525469e-02
-3.702448831155494280e-02
-3.395899190492118053e-02
-2.603390227652431499e-02
-2.959110647016232123e-02
-3.865334646601221308e-02
-3.801894377155751181e-02
-2.435200114375342395e-02
2.389449704925486820e-02
2.467010966452432702e-02
2.559792164366323994e-02
2.469382001796987386e-02
2.540073655530111080e-02
3.594012837956532536e-02
5.417992409504967383e-02
7.284624467027454864e-02
8.643853894149762518e-02
9.271471616773022117e-02
9.264431128121894399e-02
8.890294819114039071e-02
8.417938247216455450e-02
7.886472183389930946e-02
7.230932833164611939e-02
6.507205960434236935e-02
5.875177477650078001e-02
5.406156542482308536e-02
5.090003622618904933e-02
4.864859616055661196e-02
4.595361828154868183e-02
4.452643785564958795e-02
4.548879253798187444e-02
4.648868409978555716e-02
4.370231496804481003e-02
3.786727631149947731e-02
3.271517221652258528e-02
2.977687877694407473e-02
2.791075776650451395e-02
2.439861730617842728e-02
2.299090172286472403e-02
2.605421894477469996e-02
2.415223040027575027e-02
1.776452366695067259e-02
1.416339131352421440e-02
1.846765643380251717e-02
1.051247721458822837e-01
1.032964519733616110e-01
1.007352589943116550e-01
9.861639557180651439e-02
9.871483188635492290e-02
1.027521719515911564e-01
1.093312206071049841e-01
1.159087228643909256e-01
1.222816457350279634e-01
1.273992349737732011e-01
1.299976458805021384e-01
1.302883054035253174e-01
1.290255090351953571e-01
1.268368085436352710e-01
1.237127473061801486e-01
1.195893932041518226e-01
1.153085530366216999e-01
1.124659275490678262e-01
1.070248679893886917e-01
9.459253350794069592e-02
8.665388259718950770e-02
9.013421909707633461e-02
9.876249245079857242e-02
1.065394256765072878e-01
1.118128626179331064e-01
1.154235120242370072e-01
1.182687925804489504e-01
1.202211200924209050e-01
1.208817911807118783e-01
1.198080083661080403e-01
1.189744959487975956e-01
1.210497155014422094e-01
1.233422600990059653e-01
1.217355067913207245e-01
1.166670625014081808e-01
1.135709133630440765e-01
1.747292030453957978e-01
1.689125085917593250e-01
1.594600060014667309e-01
1.495458831901496644e-01
1.392580872381764256e-01
1.280497832989694884e-01
1.194677781517127224e-01
1.145316026375038099e-01
1.149181845943917646e-01
1.198598374038312847e-01
1.259556359965373074e-01
1.312434782330237637e-01
1.351044027838074479e-01
1.377353496618062556e-01
1.389041972457786545e-01
1.378051638063415574e-01
1.341526084297542387e-01
1.287758909847044608e-01
1.193341671118467173e-01
1.054472393793118717e-01
1.003852799537323093e-01
1.094579177495852984e-01
1.249062083011894947e-01
1.398016117381329082e-01
1.515798338825272984e-01
1.603209018415083786e-01
1.662116038648046024e-01
1.689811440970953038e-01
1.694231433920375396e-01
1.693358465005417868e-01
1.711559989938561677e-01
1.772167872192675353e-01
1.859754764107085789e-01
1.907755428225848260e-01
1.891895843172269054e-01
1.864439475095014120e-01
1.857808368849592495e-01
1.771844928570562305e-01
1.635776532020016272e-01
1.499014218818537636e-01
1.335144042756179206e-01
1.110418707510320013e-01
9.301680085068175785e-02
0.000000000000000000e+00
8.153188800909061396e-02
8.627091522124175071e-02
9.413827982531371152e-02
1.022954770788406936e-01
1.095418669823854246e-01
1.157033870553501043e-01
1.203205040019432182e-01
1.220893505113031935e-01
1.192196958958802872e-01
1.105462360302592872e-01
9.738892283297119479e-02
8.574994047901078609e-02
8.466172776466016070e-02
9.592227730040980838e-02
1.146478965459045291e-01
1.343219241839253841e-01
1.498935793027709740e-01
1.595010301390249463e-01
1.629762943809056619e-01
1.610491192785544479e-01
1.563650625150652673e-01
1.530531932094291725e-01
1.548626366103547369e-01
1.637531639635850245e-01
1.785853592452166794e-01
1.914891765957982273e-01
1.964692977898483406e-01
1.969466026471646813e-01
1.503051748469690641e-01
1.413178305590508665e-01
1.279439413167813844e-01
1.145461040113904400e-01
9.752054177307908911e-02
7.420668538013712456e-02
5.682540254961623849e-02
0.000000000000000000e+00
4.669526375686691710e-02
4.928203616003420939e-02
5.549073940413006001e-02
6.308783421168542849e-02
7.082921813549170054e-02
7.830940094034591348e-02
8.497697679876885235e-02
8.921888589320949026e-02
8.814598749157251389e-02
7.938413635753310826e-02
6.605478508262085935e-02
0.000000000000000000e+00
5.821056619232010260e-02
6.713412526780429546e-02
8.365268347261019255e-02
1.036373833299685798e-01
1.198112096230847662e-01
1.280969749839756533e-01
1.276518525550244254e-01
1.204680485726733058e-01
1.106580248151331630e-01
1.032268617788599102e-01
1.034011502567414448e-01
1.122248215443597263e-01
1.282199950845939185e-01
1.449091349721985944e-01
1.553131439503258604e-01
1.594865838695920524e-01
9.350369084027539135e-02
8.735846478175254837e-02
7.799991430404065729e-02
6.545725863227251640e-02
0.000000000000000000e+00
3.350906399090056165e-02
2.424653003971794299e-02
2.019435995259637531e-02
1.744550824171256162e-02
1.721024505792195444e-02
2.046300802406767969e-02
2.606680518472000857e-02
3.293242842518923075e-02
4.050300728537001987e-02
4.807714629351182017e-02
5.365255849051975973e-02
5.394695024368411501e-02
4.676957450245088077e-02
3.559027004101605191e-02
0.000000000000000000e+00
3.162069405257663529e-02
3.692418207937039204e-02
4.837797691261215560e-02
6.475626136362336305e-02
7.831387322063301792e-02
8.418168723821509158e-02
8.150733122059262981e-02
7.386673027183363049e-02
6.399353749764644106e-02
5.313567216131549059e-02
4.948254283919926999e-02
5.563525590806411847e-02
6.849450316194946597e-02
8.308345133007720429e-02
9.425422036496058920e-02
9.994548661321221716e-02
3.646960682877392612e-02
0.000000000000000000e+00
0.000000000000000000e+00
0.000000000000000000e+00
0.000000000000000000e+00
5.322387678225468446e-03
7.637837726035042059e-05
-3.087503836738403947e-03
-6.501748385840763755e-03
-8.423815467227526929e-03
-7.060059329053137642e-03
-2.766922071568062892e-03
3.483148423978357777e-03
1.086706720653733867e-02
1.823759916549051383e-02
2.329482268331099781e-02
2.351996749660877420e-02
1.859795367635535754e-02
1.225097180759399801e-02
0.000000000000000000e+00
0.000000000000000000e+00
1.050635323478320282e-02
1.641606643834945048e-02
2.774557818650091531e-02
3.659921902971736973e-02
3.857632928736055844e-02
3.454373598954559726e-02
3.051968976538815478e-02
0.000000000000000000e+00
1.318292459809675132e-02
5.080331693363702820e-03
7.734123419410716960e-03
1.687758269033598491e-02
2.759097367937181008e-02
3.617009923507329139e-02
4.063855860629825290e-02
-9.140903013075374686e-03
0.000000000000000000e+00
0.000000000000000000e+00
0.000000000000000000e+00
0.000000000000000000e+00
-1.104443966126725067e-02
-1.840851176355222732e-02
-2.296741517649628778e-02
-2.666854030136688730e-02
-2.852356731008160243e-02
-2.708078116933389234e-02
-2.250346059185729872e-02
-1.601790109746928717e-02
-9.146358483296045810e-03
-3.625269021686334560e-03
-1.238561774615298773e-03
-2.235202841315603491e-03
-3.902615823135493697e-03
-2.995561626287476624e-03
0.000000000000000000e+00
0.000000000000000000e+00
-8.316485050344948893e-03
-7.745407437072924020e-03
-1.838256557453151049e-03
1.338926687174222738e-03
-1.362994369126645884e-03
-6.387804134443766414e-03
-5.946989562571456181e-03
0.000000000000000000e+00
-1.559981483429039896e-02
-2.571558799561896383e-02
-2.630330506929092274e-02
-2.105256354627390442e-02
-1.465280422481161395e-02
-1.010041170821493993e-02
-8.221216188560065072e-03
-3.738085724172474783e-02
0.000000000000000000e+00
0.000000000000000000e+00
0.000000000000000000e+00
0.000000000000000000e+00
-2.381604269608978558e-02
-3.499575727261136637e-02
-4.072222374328023781e-02
-4.371222584392989857e-02
-4.391125708613929923e-02
-4.061228597257750955e-02
-3.448139107882159521e-02
-2.761032366111767361e-02
-2.245275956864001277e-02
-2.072176708101975198e-02
-2.245330075075504736e-02
-2.483173090011207840e-02
-2.242871437873150339e-02
-1.359328127245391232e-02
0.000000000000000000e+00
0.000000000000000000e+00
-1.808702587399419262e-02
-2.312890518913444590e-02
-2.349717169854221438e-02
-2.584990170786675978e-02
-3.139942997090813120e-02
-3.449158190566840865e-02
0.000000000000000000e+00
0.000000000000000000e+00
-2.850408123287332188e-02
-3.968320877403697794e-02
-4.499002505887428338e-02
-4.601009539647171048e-02
-4.559354124302719691e-02
-4.560777904860459364e-02
-4.604845051615097384e-02
-4.896119776299860671e-02
-3.327624264343839039e-02
0.000000000000000000e+00
0.000000000000000000e+00
0.000000000000000000e+00
-3.497186008831595222e-02
-4.843724118670566375e-02
-5.409143111912535773e-02
-5.554345661800028783e-02
-5.327134451469545118e-02
-4.756472831915925514e-02
-4.031550408530450852e-02
-3.467279107248859987e-02
-3.321811195360397512e-02
-3.633168846687593462e-02
-4.174029892854858731e-02
-4.455633163130111318e-02
-3.841505265526802548e-02
-2.293802487755478015e-02
0.000000000000000000e+00
0.000000000000000000e+00
0.000000000000000000e+00
-3.213756179007940667e-02
-4.007498795815161302e-02
-4.634404989589781254e-02
-5.053282650664794873e-02
-4.742966997606966328e-02
0.000000000000000000e+00
0.000000000000000000e+00
0.000000000000000000e+00
-4.021307351568675914e-02
-5.179900994751105575e-02
-6.119986761932712238e-02
-6.781523481329602976e-02
-7.162748254302603312e-02
-7.288821841259414402e-02
-4.958674590175681657e-02
-3.354217016873389107e-02
0.000000000000000000e+00
0.000000000000000000e+00
-2.670842181017370892e-02
-4.436763742956126300e-02
-5.506173626553383799e-02
-5.893306545646702366e-02
-5.855189781965419032e-02
-5.424282388433651625e-02
-4.771606482234267560e-02
-4.233905000535867491e-02
-4.123174535109393191e-02
-4.524292155903005680e-02
-5.238970827859597279e-02
-5.886658510627596624e-02
-5.997640694660968941e-02
-5.077843579916947042e-02
-3.118654233120048136e-02
0.000000000000000000e+00
0.000000000000000000e+00
0.000000000000000000e+00
-3.835719196241033080e-02
-5.365925968578740685e-02
-6.075357628709385227e-02
-5.914983971618322650e-02
-4.734391605169097766e-02
0.000000000000000000e+00
0.000000000000000000e+00
0.000000000000000000e+00
-3.434771297568520176e-02
-5.176561817972639978e-02
-6.859934453020187506e-02
-8.084152646059898639e-02
-8.663143278020589422e-02
-8.729905646934871255e-02
-4.444000371130361893e-02
-3.134750319004772634e-02
-2.277414623365152380e-02
0.000000000000000000e+00
-4.303056900564328907e-02
-5.072850335345789607e-02
-5.271194509488107832e-02
-5.311740515887485720e-02
-5.116919512023578726e-02
-4.668155582496715666e-02
-4.279216749158454985e-02
-4.340434160558880733e-02
-4.968678717599971789e-02
-5.937452926118202273e-02
-6.832965620548814289e-02
-7.252778979823017169e-02
-6.890708735803191543e-02
-5.560642937181198286e-02
0.000000000000000000e+00
0.000000000000000000e+00
0.000000000000000000e+00
0.000000000000000000e+00
-4.448034624672340259e-02
-6.384214630598199214e-02
-6.833391481949208091e-02
-5.909645305159538786e-02
-4.006814876995318936e-02
0.000000000000000000e+00
0.000000000000000000e+00
0.000000000000000000e+00
-2.729724009753223615e-02
-4.825521872302362958e-02
-6.913246868614687790e-02
-8.399984548602783263e-02
-8.992431811329193447e-02
-8.948309120827054042e-02
-3.620957530504832073e-02
-2.742023053729641599e-02
-2.834299580503562080e-02
-4.355899254515681329e-02
-5.445554699384483333e-02
-5.006356369208484619e-02
-4.299274843289389164e-02
-3.998182679946322982e-02
-3.771142896081983859e-02
-3.566372789837610191e-02
-3.722260476097872389e-02
-4.519696153919543907e-02
-5.808503185356746201e-02
-7.118036579483463799e-02
-7.942968880339805471e-02
-7.930221055099721805e-02
-6.936471169329873343e-02
-5.104998355301495344e-02
0.000000000000000000e+00
0.000000000000000000e+00
0.000000000000000000e+00
0.000000000000000000e+00
-4.828886002783110837e-02
-6.758830423622252948e-02
-6.768494500580021778e-02
-5.240136017038513755e-02
-3.040959514154343429e-02
0.000000000000000000e+00
0.000000000000000000e+00
0.000000000000000000e+00
-2.265392922361025158e-02
-4.309431339799808802e-02
-6.360159319171089509e-02
-7.785308813830575658e-02
-8.233998979269144258e-02
-8.064636086279997063e-02
-2.618356699290298392e-02
-2.069772714409500933e-02
-2.479449901903984371e-02
-4.063426786163402277e-02
0.000000000000000000e+00
-4.107631765579911054e-02
-3.190048296750071927e-02
-2.857725998750446431e-02
-2.810697604255095461e-02
-2.985819737502955901e-02
-3.612687051433297047e-02
-4.805977846040137419e-02
-6.276331135323512389e-02
-7.507444482721258028e-02
-8.033044644432867087e-02
-7.573240322795606050e-02
-6.112630089956368890e-02
-4.030682707716831681e-02
0.000000000000000000e+00
0.000000000000000000e+00
0.000000000000000000e+00
0.000000000000000000e+00
-4.710388741103770788e-02
-6.277996390953415051e-02
-5.878514654582861487e-02
-4.084638111015913980e-02
-1.991528858247916534e-02
0.000000000000000000e+00
0.000000000000000000e+00
0.000000000000000000e+00
-1.988422278619937991e-02
-3.611482513838105979e-02
-5.224733596210812819e-02
-6.332079435224338693e-02
-6.560179547531247435e-02
-6.287972171890958417e-02
-1.486027043924314020e-02
-1.195320408611214719e-02
-1.450397923413480200e-02
-2.471366665135231108e-02
-3.176058508325321772e-02
-2.960865959689425175e-02
-2.631849537896884320e-02
-2.671119940184208882e-02
-2.948380484744361069e-02
-3.412678489693377754e-02
-4.161708609835049200e-02
-5.199918576786644736e-02
-6.262118335025163018e-02
-6.959364936752814035e-02
-6.978577951020457915e-02
-6.153253205925991731e-02
-4.546224336405773475e-02
-2.627441579040554545e-02
0.000000000000000000e+00
0.000000000000000000e+00
0.000000000000000000e+00
0.000000000000000000e+00
-4.296211859878008854e-02
-5.061013511353754102e-02
-4.338867811733847224e-02
-2.628666923294913776e-02
-9.500949031996618749e-03
0.000000000000000000e+00
0.000000000000000000e+00
0.000000000000000000e+00
-1.665701677982961773e-02
-2.676079725100274573e-02
-3.600564440316434550e-02
-4.238044916178243526e-02
-4.271401434373470196e-02
-3.983358338231558771e-02
-2.652590141314048813e-03
0.000000000000000000e+00
-6.075318494528868934e-03
-1.310609865371312188e-02
-2.089505437654275155e-02
-2.504850134456108532e-02
-2.809920721413999151e-02
-3.242066069373846643e-02
-3.748070369890710990e-02
-4.294422802862885719e-02
-4.899166757648490411e-02
-5.506115212279953652e-02
-5.916024919030149487e-02
-5.905372023505873341e-02
-5.358126065229076862e-02
-4.268540347190927925e-02
-2.767370729925653153e-02
-1.304922633186427622e-02
0.000000000000000000e+00
0.000000000000000000e+00
0.000000000000000000e+00
-3.111045581957650949e-02
-3.887872187345080971e-02
-3.533054628667893493e-02
-2.521467161613874172e-02
-1.108833562125912178e-02
-3.122433847722050088e-04
0.000000000000000000e+00
0.000000000000000000e+00
0.000000000000000000e+00
-1.350555510111097271e-02
-1.764343834288508925e-02
-1.944529887799665430e-02
-2.036254160608979430e-02
-1.878397217123676036e-02
-1.618452170232454260e-02
6.573449877955016285e-03
0.000000000000000000e+00
-3.227299776772793536e-03
-1.117484040068726474e-02
-2.041118973799255915e-02
-2.751833633636020099e-02
-3.337764782123609636e-02
-3.900725826300820848e-02
-4.400659564745713209e-02
-4.842130680499502626e-02
-5.231091772322610939e-02
-5.490186424686049199e-02
-5.451505526487782777e-02
-4.977455922120202492e-02
-4.077719685830474144e-02
-2.875890976430828597e-02
-1.561264978484787173e-02
-5.045186680478138362e-03
0.000000000000000000e+00
0.000000000000000000e+00
0.000000000000000000e+00
-3.597307302822417424e-02
-3.488187581255741687e-02
-2.222655227261600627e-02
-9.575572798228222313e-03
1.525672228419395647e-03
6.944946185012589035e-03
0.000000000000000000e+00
0.000000000000000000e+00
0.000000000000000000e+00
-1.198629323024095507e-02
-1.219453397037151623e-02
-7.899797461014769831e-03
-3.301334455342514081e-03
8.412494867818347526e-04
3.664014353199949049e-03
1.088457581307773411e-02
4.766880573609693847e-03
-4.090132940369063663e-03
-1.482011020565284984e-02
-2.610750862301055783e-02
-3.572560335914014285e-02
-4.366265674193515328e-02
-4.979476870398428373e-02
-5.383884893734412758e-02
-5.615593991670607410e-02
-5.692628899420883182e-02
-5.559663618557527526e-02
-5.107566819118034701e-02
-4.301563292428110807e-02
-3.280652260968119904e-02
-2.226722406303028451e-02
-1.222552262702884807e-02
-4.083398991058230509e-03
0.000000000000000000e+00
0.000000000000000000e+00
0.000000000000000000e+00
-4.388892856278054505e-02
-3.554694548156182160e-02
-1.604066819160432714e-02
-5.521949095255091530e-04
0.000000000000000000e+00
0.000000000000000000e+00
0.000000000000000000e+00
0.000000000000000000e+00
0.000000000000000000e+00
0.000000000000000000e+00
-9.853922138192684060e-03
-1.469599206269397431e-03
8.280674271880819962e-03
1.559562385857226480e-02
1.917655449498985309e-02
1.188022032131931180e-02
4.982222313612299017e-03
-6.986254093026473579e-03
-2.116610132506346539e-02
-3.596090761488929949e-02
-5.001093034573631663e-02
-6.187590446060404342e-02
-7.036796069125024478e-02
-7.511005970497099116e-02
-7.622319851319439565e-02
-7.356298128965776950e-02
-6.659375373475523441e-02
-5.516408885222071762e-02
-4.118087521570948373e-02
-2.906343400014757897e-02
-2.163024543350050219e-02
-1.687260181555680361e-02
-1.212105096845590702e-02
0.000000000000000000e+00
0.000000000000000000e+00
-5.068814554809294992e-02
-6.136560309590979867e-02
-4.665832986930438381e-02
-2.050261246642277879e-02
-4.642338662425167756e-04
0.000000000000000000e+00
0.000000000000000000e+00
0.000000000000000000e+00
0.000000000000000000e+00
0.000000000000000000e+00
0.000000000000000000e+00
-7.063950581665569273e-03
3.284523056169612928e-03
1.720667996730656721e-02
2.763570671498088299e-02
3.217017765319629685e-02
0.000000000000000000e+00
5.136264634496134213e-04
-1.245425766175061941e-02
-2.812628922151132888e-02
-4.536243191899860111e-02
-6.321392213488866152e-02
-7.900628997215396188e-02
-9.090097559696479201e-02
-9.835249275896240650e-02
-1.010117764269833629e-01
-9.800041401137808694e-02
-8.797527171245513034e-02
-7.065612395648954158e-02
-4.945215582414545785e-02
-3.254495072507474634e-02
-2.631356954220287828e-02
-2.867876847782538027e-02
-3.327557252787348430e-02
0.000000000000000000e+00
-5.100282272806946210e-02
-7.365850928263462105e-02
-8.126359461932819439e-02
-6.523514089796153548e-02
-3.614510409156031223e-02
-1.096190928589253245e-02
0.000000000000000000e+00
0.000000000000000000e+00
0.000000000000000000e+00
0.000000000000000000e+00
0.000000000000000000e+00
0.000000000000000000e+00
-2.335643928839592574e-03
8.218826097286519375e-03
2.406690876907275831e-02
3.641897854569998982e-02
4.199551924347837834e-02
0.000000000000000000e+00
-1.222309302643491066e-02
-2.180044284712696900e-02
-3.460515244754266279e-02
-5.000755020916355237e-02
-6.744950919453995830e-02
-8.399192433570641658e-02
-9.751181881293358167e-02
-1.072338074236162397e-01
-1.125758660382730897e-01
-1.123016876573000172e-01
-1.041895539937345988e-01
-8.653245248234610332e-02
-6.152529422043136881e-02
-3.901077503027586962e-02
-3.101678146293116584e-02
-4.019304248385566908e-02
0.000000000000000000e+00
-7.183525875856078269e-02
-8.158170918130772109e-02
-9.261619482929658864e-02
-9.589366822025319204e-02
-8.363398822765792662e-02
-5.822345256267923153e-02
0.000000000000000000e+00
0.000000000000000000e+00
0.000000000000000000e+00
0.000000000000000000e+00
0.000000000000000000e+00
0.000000000000000000e+00
0.000000000000000000e+00
2.656216078465943684e-03
1.284122661763632822e-02
0.000000000000000000e+00
3.857299102738503960e-02
4.388613900771421578e-02
0.000000000000000000e+00
-3.131693485019425988e-02
-3.547584264639128127e-02
-4.145107432080323562e-02
-5.063064863203006749e-02
-6.335494312798728433e-02
-7.725451580353341619e-02
-8.995660335392566265e-02
-1.000706107170122316e-01
-1.068015338353293930e-01
-1.091297509494414675e-01
-1.046448973812033612e-01
-9.010529250307823534e-02
-6.515976558273565977e-02
-3.910240382019189442e-02
-2.807514715763164206e-02
0.000000000000000000e+00
-6.160202297893701412e-02
-7.962432196859320355e-02
-8.896125853978181786e-02
-9.553799422558412191e-02
-9.942563106432701636e-02
-9.465949701880152500e-02
-7.715080456705575296e-02
0.000000000000000000e+00
0.000000000000000000e+00
0.000000000000000000e+00
0.000000000000000000e+00
0.000000000000000000e+00
0.000000000000000000e+00
0.000000000000000000e+00
6.494490199505550433e-03
1.634198506730606335e-02
0.000000000000000000e+00
3.217553586211644584e-02
3.372797626889477429e-02
0.000000000000000000e+00
-4.554953295540058178e-02
-4.828573608059229944e-02
-4.691815618776819935e-02
-4.818405982571083435e-02
-5.431939621749764385e-02
-6.374283717794126947e-02
-7.398581909000732926e-02
-8.296805899454962052e-02
-8.951572040175344303e-02
-9.288119600307247203e-02
-9.083972160663689177e-02
-7.915274535796153199e-02
-5.578337123738064118e-02
-2.972728759992558645e-02
0.000000000000000000e+00
-2.919836142637055251e-02
-4.754416289769206050e-02
-6.084115179175448446e-02
-7.035735134683109016e-02
-7.996308454287724687e-02
-8.931355985502760497e-02
-9.338661009451924844e-02
-8.494838493079169550e-02
0.000000000000000000e+00
0.000000000000000000e+00
0.000000000000000000e+00
0.000000000000000000e+00
0.000000000000000000e+00
0.000000000000000000e+00
0.000000000000000000e+00
0.000000000000000000e+00
0.000000000000000000e+00
0.000000000000000000e+00
0.000000000000000000e+00
0.000000000000000000e+00
0.000000000000000000e+00
0.000000000000000000e+00
-5.020484433313945893e-02
-4.555524810411976100e-02
-4.037660776704413840e-02
-4.028202466397798331e-02
-4.459451155443295428e-02
-5.123405572784749118e-02
-5.812969254062096830e-02
-6.382001211294539844e-02
-6.745777355138127263e-02
-6.686790775790767138e-02
-5.734441684444556431e-02
-3.662424893110548252e-02
-1.473309674184461980e-02
0.000000000000000000e+00
-2.258608182720808419e-02
-3.416955580475090209e-02
-3.819194603684647471e-02
-4.382379374044851478e-02
-5.464955379245801936e-02
-6.801327786377826812e-02
-7.841701584897085853e-02
-7.743228795423921784e-02
-5.620668911644035454e-02
0.000000000000000000e+00
0.000000000000000000e+00
0.000000000000000000e+00
0.000000000000000000e+00
0.000000000000000000e+00
0.000000000000000000e+00
0.000000000000000000e+00
0.000000000000000000e+00
0.000000000000000000e+00
0.000000000000000000e+00
0.000000000000000000e+00
0.000000000000000000e+00
0.000000000000000000e+00
-3.877520199944104601e-02
-3.537645103043483147e-02
-2.620895652448622729e-02
-2.075939874600970375e-02
-1.977099085878824061e-02
-2.194961316774723947e-02
-2.605952846063661066e-02
-3.075642753931487339e-02
-3.475062657151182371e-02
-3.568355325017125851e-02
-2.900663802138614411e-02
-1.351804574429052962e-02
1.483971228253762082e-04
0.000000000000000000e+00
0.000000000000000000e+00
-1.946204890202890211e-02
-1.602276142039031626e-02
-1.689030331243475402e-02
-2.611504564278493284e-02
-4.009066767306643242e-02
-5.266749533588513388e-02
-5.577009835077946509e-02
-4.164928467582830474e-02
0.000000000000000000e+00
0.000000000000000000e+00
0.000000000000000000e+00
0.000000000000000000e+00
0.000000000000000000e+00
0.000000000000000000e+00
0.000000000000000000e+00
0.000000000000000000e+00
0.000000000000000000e+00
0.000000000000000000e+00
0.000000000000000000e+00
0.000000000000000000e+00
0.000000000000000000e+00
-2.484480398329523207e-02
-2.190022703954018143e-02
-9.799311832697783775e-03
8.315885935886486871e-04
7.468251441428927669e-03
1.037804963020710208e-02
9.776041790284916572e-03
6.499135147778473988e-03
2.181384052725979586e-03
-8.024996428162128317e-04
9.643410612652007731e-04
6.977908354747716126e-03
0.000000000000000000e+00
0.000000000000000000e+00
0.000000000000000000e+00
0.000000000000000000e+00
4.257804160358498631e-03
7.221038694842922719e-03
1.441954464096986167e-03
-1.002112912067025866e-02
-2.123831678565159947e-02
-2.585482267899413128e-02
-1.981731779259542775e-02
0.000000000000000000e+00
0.000000000000000000e+00
5.685106359525585185e-03
6.867555295559493560e-03
0.000000000000000000e+00
0.000000000000000000e+00
0.000000000000000000e+00
0.000000000000000000e+00
0.000000000000000000e+00
0.000000000000000000e+00
0.000000000000000000e+00
0.000000000000000000e+00
0.000000000000000000e+00
0.000000000000000000e+00
0.000000000000000000e+00
5.179129309701076614e-03
2.021521854889539102e-02
3.229346152155055522e-02
4.024427864652077580e-02
4.355917643654313304e-02
4.248876198964026546e-02
3.841200912149944635e-02
3.297017040275969368e-02
2.763773527661187238e-02
2.109386371927700690e-02
0.000000000000000000e+00
0.000000000000000000e+00
0.000000000000000000e+00
0.000000000000000000e+00
1.355725288419645791e-02
2.055374179914772753e-02
2.192196797814142950e-02
1.783059555657030143e-02
1.175952151996517009e-02
7.439669703403514571e-03
5.329181893827991331e-03
5.697006294442611037e-03
1.000929581844970002e-02
1.458402796965534674e-02
1.463992414359231546e-02
0.000000000000000000e+00
0.000000000000000000e+00
0.000000000000000000e+00
0.000000000000000000e+00
0.000000000000000000e+00
0.000000000000000000e+00
0.000000000000000000e+00
0.000000000000000000e+00
0.000000000000000000e+00
0.000000000000000000e+00
4.161698188240075570e-03
1.858815590001996684e-02
3.499903275859114760e-02
4.986987835504580469e-02
6.117735729646894827e-02
6.778450361100572807e-02
6.925672199928836759e-02
6.596960091379909519e-02
5.792763181567767150e-02
4.492002226552451599e-02
2.767781409653871302e-02
0.000000000000000000e+00
0.000000000000000000e+00
0.000000000000000000e+00
0.000000000000000000e+00
0.000000000000000000e+00
1.737410561337345352e-02
2.808102471493704663e-02
3.676998021266261740e-02
4.111347098867219885e-02
4.028819078411242233e-02
3.210353815609189726e-02
0.000000000000000000e+00
0.000000000000000000e+00
0.000000000000000000e+00
0.000000000000000000e+00
0.000000000000000000e+00
0.000000000000000000e+00
0.000000000000000000e+00
0.000000000000000000e+00
0.000000000000000000e+00
0.000000000000000000e+00
0.000000000000000000e+00
0.000000000000000000e+00
0.000000000000000000e+00
0.000000000000000000e+00
1.158832064048733422e-02
2.515147410678526471e-02
3.898474082525606177e-02
5.218350259216445602e-02
6.423013869807986387e-02
7.327033116249893896e-02
7.737426473879026323e-02
7.511533521245686296e-02
6.413923354462765236e-02
4.351282742434437606e-02
0.000000000000000000e+00
0.000000000000000000e+00
0.000000000000000000e+00
0.000000000000000000e+00
0.000000000000000000e+00
0.000000000000000000e+00
7.374685764714627306e-03
2.391567853107413877e-02
4.471551411924441777e-02
6.165947086503941604e-02
6.807105064666250926e-02
5.920222690643565933e-02
3.907547617453720201e-02
0.000000000000000000e+00
0.000000000000000000e+00
0.000000000000000000e+00
0.000000000000000000e+00
0.000000000000000000e+00
0.000000000000000000e+00
0.000000000000000000e+00
0.000000000000000000e+00
0.000000000000000000e+00
0.000000000000000000e+00
0.000000000000000000e+00
0.000000000000000000e+00
0.000000000000000000e+00
0.000000000000000000e+00
1.863120653180111441e-02
2.604563284011320035e-02
3.304938803439980144e-02
4.276203282343836454e-02
5.322738871097316971e-02
5.994685906781219847e-02
5.908852884616685314e-02
4.577169775681473596e-02
1.944177532295269725e-02
0.000000000000000000e+00
0.000000000000000000e+00
0.000000000000000000e+00
0.000000000000000000e+00
0.000000000000000000e+00
0.000000000000000000e+00
0.000000000000000000e+00
2.423517775566084304e-02
4.826980185218700953e-02
7.071541929558848583e-02
8.339176622124770677e-02
7.839142872947031659e-02
5.314090655576433203e-02
0.000000000000000000e+00
0.000000000000000000e+00
0.000000000000000000e+00
0.000000000000000000e+00
0.000000000000000000e+00
0.000000000000000000e+00
0.000000000000000000e+00
0.000000000000000000e+00
0.000000000000000000e+00
0.000000000000000000e+00
0.000000000000000000e+00
0.000000000000000000e+00
0.000000000000000000e+00
0.000000000000000000e+00
5.322561646898241530e-03
3.275676685130735934e-03
4.003779150094959662e-05
3.421953788516342645e-03
1.285347120733824032e-02
2.129580699360172566e-02
2.284946590637198724e-02
1.166860184969765665e-02
-1.036156158097199798e-02
0.000000000000000000e+00
0.000000000000000000e+00
0.000000000000000000e+00
0.000000000000000000e+00
0.000000000000000000e+00
0.000000000000000000e+00
0.000000000000000000e+00
2.880179236165228418e-02
4.363069192155552556e-02
5.950478572291589829e-02
7.194822598225629473e-02
6.908433562215869628e-02
0.000000000000000000e+00
0.000000000000000000e+00
0.000000000000000000e+00
0.000000000000000000e+00
0.000000000000000000e+00
0.000000000000000000e+00
0.000000000000000000e+00
0.000000000000000000e+00
0.000000000000000000e+00
0.000000000000000000e+00
0.000000000000000000e+00
0.000000000000000000e+00
0.000000000000000000e+00
0.000000000000000000e+00
0.000000000000000000e+00
0.000000000000000000e+00
-1.531495076855236143e-02
-2.929910328205582656e-02
-3.412369930442598481e-02
-2.787808500705452747e-02
-1.806751802732016465e-02
0.000000000000000000e+00
0.000000000000000000e+00
0.000000000000000000e+00
0.000000000000000000e+00
0.000000000000000000e+00
0.000000000000000000e+00
0.000000000000000000e+00
0.000000000000000000e+00
1.749157527423836345e-02
2.110356005028421467e-02
2.277929341016129983e-02
1.800353082772782401e-02
1.798778073390311025e-02
2.328183857521232830e-02
2.297532214389017002e-02
1.030956387794505075e-02
-4.576236072110824275e-03
0.000000000000000000e+00
0.000000000000000000e+00
0.000000000000000000e+00
0.000000000000000000e+00
0.000000000000000000e+00
0.000000000000000000e+00
0.000000000000000000e+00
0.000000000000000000e+00
0.000000000000000000e+00
0.000000000000000000e+00
0.000000000000000000e+00
0.000000000000000000e+00
0.000000000000000000e+00
0.000000000000000000e+00
0.000000000000000000e+00
0.000000000000000000e+00
0.000000000000000000e+00
-4.934057801259643383e-02
-4.134821352018083068e-02
0.000000000000000000e+00
0.000000000000000000e+00
0.000000000000000000e+00
0.000000000000000000e+00
0.000000000000000000e+00
0.000000000000000000e+00
0.000000000000000000e+00
0.000000000000000000e+00
2.350299133491592918e-02
2.312217729406942229e-02
1.126028820509113529e-02
0.000000000000000000e+00
-2.783565243539196446e-02
-3.602467530018842873e-02
-3.067738420942132949e-02
-2.165962497307614629e-02
-1.436871140176391309e-02
-9.190447479495671493e-03
0.000000000000000000e+00
0.000000000000000000e+00
0.000000000000000000e+00
0.000000000000000000e+00
0.000000000000000000e+00
0.000000000000000000e+00
0.000000000000000000e+00
0.000000000000000000e+00
-1.782904260687595728e-03
-4.823455778641095974e-03
-9.662776589171060554e-03
-1.415020628454816999e-02
-1.792266857331729565e-02
-2.584386294180443522e-02
-3.842272438102042192e-02
-4.793837116237464890e-02
-5.310283049706506636e-02
-5.222831331833399648e-02
-4.216333705958713596e-02
-2.902288459027612191e-02
-1.746823984212239958e-02
-7.898309830475793228e-03
-7.121352723618287804e-05
6.427359243418356329e-03
1.117078469115777122e-02
1.605501972494693952e-02
2.249305930628392458e-02
2.184026192382395107e-02
0.000000000000000000e+00
0.000000000000000000e+00
0.000000000000000000e+00
0.000000000000000000e+00
-5.525577150001883403e-02
-3.329347294005546160e-02
-1.638178358604915758e-02
-1.131271664402949163e-02
-1.375931238966402771e-02
-1.257184946238293181e-02
-1.224409896072556694e-02
-1.674016029052199928e-02
-2.269313063289244217e-02
-2.694247654608692213e-02
-2.391900883732066621e-02
-1.355524532539733283e-02
