3.259352199999999922e+00
3.673716499999999829e+00
3.902510200000000040e+00
4.280445600000000184e+00
4.139305600000000140e+00
4.103372099999999634e+00
5.147340800000000272e+00
4.780426000000000286e+00
3.405427200000000099e+00
1.822838699999999923e+00
8.927987200000000456e-01
3.928595799999999860e-01
8.887141299999999910e-01
2.074940699999999971e+00
2.244782900000000136e+00
1.840865699999999938e+00
2.782953700000000197e+00
3.297690600000000138e+00
1.576550399999999907e+00
2.101017699999999877e+00
3.219151300000000049e+00
1.982558400000000054e+00
2.647821899999999729e-01
-9.669685999999999559e-01
-1.008627299999999893e+00
-1.711303700000000039e-01
1.688086799999999887e-01
1.164769399999999955e+00
2.867377999999999982e+00
2.613743499999999997e+00
1.784540999999999933e+00
2.254729499999999831e+00
2.560918800000000051e+00
-2.609125400000000261e-01
-8.632172900000000260e-01
1.846786100000000097e+00
4.345004600000000217e+00
4.187619699999999945e+00
3.464219299999999890e+00
3.985212600000000105e+00
4.202839400000000225e+00
2.345811400000000102e+00
1.431156199999999989e+00
7.455139200000000521e-01
2.097172300000000114e-02
-1.040677599999999953e-01
8.691620100000000196e-03
1.682252399999999981e-01
2.903793800000000203e-01
3.529450000000000087e-01
2.134583600000000136e-01
-1.329970500000000055e-01
-4.140494200000000014e-01
-1.076821800000000051e+00
-1.889541399999999927e+00
3.445889899999999839e-01
1.175308100000000078e+00
2.855657300000000176e-01
4.744181000000000092e-01
5.660587000000000257e-01
7.826477299999999859e-01
1.114449699999999988e+00
1.452214799999999917e+00
1.876441000000000026e+00
1.512268299999999899e+00
8.368714999999999904e-01
1.637559500000000112e-01
3.019879299999999933e+00
4.669430300000000145e+00
1.632346499999999923e+00
1.549825699999999973e+00
3.903533200000000036e+00
1.700925199999999970e-01
-2.277788400000000102e-01
-9.652168199999999754e-01
-1.593896999999999897e+00
-1.995992200000000105e+00
-2.242850100000000069e+00
-2.137069499999999955e+00
-1.947680199999999973e+00
-1.544753899999999902e+00
-1.038814700000000091e+00
-5.558610000000000495e-01
-1.800974300000000028e-01
-1.008367200000000047e-01
-2.108641599999999949e-01
-5.710614299999999810e-01
-9.921790400000000121e-01
-1.449220299999999906e+00
-1.882808800000000060e+00
-2.126123900000000067e+00
-1.492181500000000050e+00
-7.860665300000000411e-01
-4.687187999999999910e-01
-1.516774399999999967e-01
2.064721300000000037e-01
3.106528800000000201e-01
2.410380400000000090e-01
3.852724999999999986e-03
-3.153273799999999905e-01
-7.220253300000000207e-01
-1.046958599999999961e+00
-1.041634100000000007e+00
-5.451057599999999947e-01
-8.900681100000000512e-02
-9.115622199999999509e-02
4.755368799999999674e-02
2.322463999999999917e-01
-7.794613799999999815e-01
-1.339242800000000067e+00
-2.102973500000000051e+00
-2.902183799999999980e+00
-3.246153800000000089e+00
-3.043016399999999955e+00
-2.468929300000000104e+00
-2.075372199999999889e+00
-1.371535100000000007e+00
-6.573163899999999726e-01
-1.769868099999999944e-01
1.696653399999999978e-01
5.133388199999999735e-02
-2.714031299999999924e-01
-8.261559600000000225e-01
-1.319314600000000004e+00
-1.765957500000000069e+00
-2.247932699999999784e+00
-3.523898099999999811e+00
-1.160803000000000029e+00
-8.865144299999999644e-01
-6.893526300000000218e-01
-4.342693699999999879e-01
-1.180227799999999938e-01
-2.905778600000000211e-01
-5.744680199999999681e-01
-8.244550800000000068e-01
-1.230368700000000093e+00
-1.653424500000000075e+00
-1.878722800000000026e+00
-1.828455799999999964e+00
-1.618072399999999966e+00
-9.862502800000000347e-01
-7.249373199999999962e-01
-6.288527800000000001e-01
-4.639936700000000247e-01
-9.026254999999999695e-01
-1.515705899999999939e+00
-2.335359099999999799e+00
-2.816078399999999871e+00
-2.602791799999999878e+00
-2.260925100000000132e+00
-1.925994500000000054e+00
-1.313140200000000091e+00
-5.003062499999999524e-01
5.176088200000000111e-02
4.345807700000000051e-01
5.179455899999999557e-01
1.209709300000000043e-01
-4.979292799999999741e-01
-1.071581799999999918e+00
-1.496545100000000073e+00
-1.756787799999999899e+00
-2.064798600000000040e+00
-3.272309299999999865e+00
-6.552349899999999616e-01
-1.188198700000000052e+00
-8.351383199999999896e-01
-5.006028999999999618e-01
-3.681360799999999767e-01
-4.271463200000000238e-01
-5.989660599999999668e-01
-9.210069199999999512e-01
-1.368827699999999981e+00
-1.706937699999999891e+00
-1.782514799999999955e+00
-1.742492799999999953e+00
-1.703812799999999905e+00
-1.047311399999999892e+00
-4.864251900000000073e-01
-2.505164699999999911e-01
-4.108722799999999786e-01
-1.051201599999999958e+00
-1.424553799999999981e+00
-1.835618200000000089e+00
-1.873138200000000086e+00
-1.376200300000000043e+00
-1.015698599999999896e+00
-7.474357799999999941e-01
-5.033517199999999470e-01
-1.431456000000000117e-01
1.989966300000000077e-01
4.157881399999999728e-01
2.859317499999999845e-01
-1.576137400000000022e-01
-6.642786099999999916e-01
-1.071806299999999990e+00
-1.350980000000000070e+00
-1.452490800000000082e+00
-1.289170799999999950e+00
-1.509962000000000026e+00
-2.775652000000000119e-01
-6.845663600000000404e-01
-6.629734200000000355e-01
-3.499160900000000129e-01
-2.541025399999999879e-01
-3.553070799999999974e-01
-6.371294600000000363e-01
-8.106360299999999519e-01
-8.319212599999999957e-01
-7.244585599999999737e-01
-9.354324299999999814e-01
-1.046541500000000013e+00
-1.156307399999999985e+00
-7.990248699999999982e-01
-3.508972000000000202e-01
-6.262403500000000012e-01
-8.330087600000000148e-01
-3.702036400000000005e-01
-2.899098999999999982e-01
-6.925593599999999572e-01
-4.916999300000000073e-01
-5.859216499999999606e-01
2.729257900000000014e-01
2.988980299999999951e-02
-3.187760099999999985e-01
-7.069001799999999891e-01
-8.415778699999999779e-02
2.524770199999999964e-01
2.389510900000000049e-01
-5.480543899999999746e-02
-4.385865899999999984e-01
-7.587880500000000472e-01
-9.835165700000000344e-01
-9.625111200000000533e-01
-1.712973399999999924e-01
6.707362799999999625e-02
-1.385027500000000078e-01
-5.438512599999999475e-01
-4.654575000000000240e-01
-2.576013500000000067e-01
-4.809187100000000270e-01
-7.567180999999999491e-01
-6.719108799999999881e-01
1.130460100000000023e-01
8.415423600000000448e-01
1.035537600000000058e+00
-7.992893500000000651e-03
-6.291335799999999701e-01
-6.971913600000000377e-01
-4.268207600000000213e-01
-5.433790099999999956e-01
-7.365753099999999831e-01
-5.884007199999999882e-01
1.426311399999999896e+00
1.462048299999999967e+00
4.000041500000000028e-01
5.296739299999999595e-01
8.840087100000000586e-02
1.346394300000000044e-01
1.311679199999999934e-01
8.826764700000000463e-02
-2.059705099999999955e-01
3.059249199999999891e-01
6.049007199999999473e-01
5.502772900000000300e-01
2.631415999999999755e-01
-1.134154899999999938e-01
-4.789322300000000143e-01
-7.100146800000000091e-01
-4.076552700000000140e-01
1.232101200000000008e+00
1.697217100000000034e+00
8.780327400000000060e-02
-4.373427300000000129e-01
-8.686126600000000364e-01
-8.623425999999999592e-01
-8.964161899999999461e-01
-8.047554700000000283e-01
-2.827802300000000213e-01
1.052590700000000101e+00
1.786079699999999937e+00
5.433991000000000238e-01
-5.687794099999999853e-01
-8.979014899999999688e-01
-7.943460900000000047e-01
-7.156824499999999700e-01
-6.840759899999999671e-01
-3.400487300000000213e-01
3.606310799999999928e-01
3.255833400000000211e+00
2.159859200000000090e+00
6.029392500000000377e-01
6.777826500000000420e-01
5.059266100000000543e-01
1.068993000000000027e-01
2.434653499999999970e-01
3.886900500000000092e-01
3.662243199999999921e-01
6.840519900000000542e-01
8.926481000000000554e-01
7.770268299999999462e-01
4.020817600000000103e-01
-7.180044100000000651e-02
-5.664915999999999840e-01
-7.182828199999999885e-01
-4.517358900000000010e-02
2.352341899999999875e+00
2.617255699999999852e+00
1.354391000000000067e-01
-1.126535699999999945e-01
-6.712352600000000002e-01
-1.038920599999999972e+00
-9.459598700000000360e-01
-5.739322900000000116e-01
4.353391799999999923e-01
2.597111899999999807e+00
3.261854200000000148e+00
8.000706100000000431e-02
-3.927666200000000107e-01
-2.662188099999999724e-01
-4.259181599999999901e-01
-5.831104499999999469e-01
-4.528655400000000109e-01
1.853072000000000052e-01
1.413850199999999946e+00
5.025160800000000094e+00
2.522693900000000156e+00
6.900590699999999966e-01
1.181259300000000012e+00
6.816790099999999741e-01
4.908079200000000086e-01
8.585610399999999975e-01
9.595912699999999962e-01
1.011949999999999905e+00
1.161194999999999977e+00
1.196848399999999923e+00
8.817712699999999959e-01
2.491831899999999989e-01
-4.126659300000000141e-01
-9.400097099999999983e-01
-7.087032800000000465e-01
5.966607299999999725e-01
3.431717900000000210e+00
3.000451800000000002e+00
1.118901100000000044e-02
9.049609999999999599e-02
-6.192002300000000181e-01
-1.566241400000000006e+00
-9.921960800000000358e-01
-1.007609700000000053e-01
1.591674199999999928e+00
4.578201800000000432e+00
3.298151299999999786e+00
-2.692299799999999799e-01
1.553960000000000063e-01
2.335951300000000119e-01
-3.639595500000000206e-01
-5.535484600000000199e-01
-1.538407499999999983e-01
9.937099799999999927e-01
2.842204999999999870e+00
5.566427700000000200e+00
2.527395700000000023e+00
8.055275100000000021e-01
1.220865599999999995e+00
7.830987000000000364e-01
1.236127900000000057e+00
1.491697800000000074e+00
1.445320699999999903e+00
1.446705099999999966e+00
1.497246000000000077e+00
1.347857000000000083e+00
7.320131699999999908e-01
-1.302578899999999873e-01
-8.474715400000000232e-01
-1.116300099999999906e+00
-3.649832299999999918e-01
1.358060800000000068e+00
3.956067099999999837e+00
3.421086999999999989e+00
-2.264381599999999994e-01
-4.626397000000000148e-02
-4.611734200000000006e-01
-1.955328100000000013e+00
-8.232377800000000301e-01
4.929107999999999823e-01
2.565683799999999959e+00
5.881094000000000044e+00
2.788624299999999945e+00
-3.451938299999999793e-01
5.647786299999999482e-01
1.325023899999999977e-01
-3.979128000000000109e-01
-2.755072700000000263e-01
5.086768900000000482e-01
2.016719300000000104e+00
3.914416800000000141e+00
5.579069600000000406e+00
2.631460899999999992e+00
7.119073900000000288e-01
1.173583400000000054e+00
8.291471599999999942e-01
2.061086400000000207e+00
1.999342100000000011e+00
1.842519199999999913e+00
1.812830799999999964e+00
1.762883999999999896e+00
1.281837200000000010e+00
2.242321100000000123e-01
-7.786922499999999747e-01
-1.295201100000000105e+00
-9.648074500000000109e-01
3.122350300000000245e-01
2.192795999999999967e+00
4.419644400000000140e+00
3.169150399999999923e+00
-6.187142700000000106e-01
-2.272018600000000055e-01
-4.979107700000000025e-01
-1.638743899999999920e+00
-1.976862100000000011e-01
1.407403200000000076e+00
3.595480400000000021e+00
6.385967299999999902e+00
1.658686499999999953e+00
-2.142452300000000087e-01
5.111004700000000289e-01
3.678814200000000145e-01
-2.073093100000000105e-02
2.979907099999999920e-01
1.439715499999999926e+00
3.011079300000000014e+00
4.581730399999999648e+00
5.181361700000000070e+00
2.745634100000000188e+00
7.006769200000000364e-01
8.682239699999999560e-01
9.322121700000000066e-01
2.502110000000000056e+00
2.223731799999999925e+00
2.015552299999999963e+00
1.892325899999999894e+00
1.569845099999999993e+00
6.653292200000000545e-01
-5.677700599999999653e-01
-1.206465200000000015e+00
-1.094572399999999890e+00
-1.783911699999999878e-01
1.260900700000000096e+00
2.996721299999999921e+00
5.006578400000000428e+00
2.820722299999999905e+00
-5.318661300000000480e-01
-5.234314799999999490e-01
-3.782893999999999979e-01
-7.519934200000000235e-01
8.187659400000000254e-01
2.463556800000000102e+00
4.410739900000000269e+00
6.043536200000000136e+00
1.000425200000000014e+00
-2.149126100000000039e-01
2.905411099999999913e-01
2.149401200000000123e-01
6.069859300000000069e-01
9.010316099999999828e-01
2.222363000000000088e+00
3.697570799999999824e+00
4.814902299999999968e+00
4.906073600000000035e+00
3.057189900000000016e+00
6.408774299999999702e-01
6.966027000000000191e-01
1.349665399999999904e+00
2.535339599999999916e+00
2.009685999999999861e+00
1.549156100000000036e+00
1.168712100000000031e+00
6.199289000000000049e-01
-2.619907899999999734e-01
-8.981528899999999815e-01
-7.144879699999999723e-01
-9.752550199999999656e-03
1.136174999999999935e+00
2.452126999999999946e+00
3.938394499999999798e+00
5.600980800000000315e+00
1.517164699999999922e+00
-6.663575200000000365e-01
-3.979323799999999745e-01
-1.126698599999999967e-01
3.987260499999999985e-01
1.904093100000000094e+00
3.362835899999999878e+00
4.895231199999999561e+00
5.617797900000000233e+00
7.829981400000000091e-01
-2.293928399999999868e-01
7.411936700000000544e-02
1.766668399999999847e-02
1.124935199999999913e+00
1.496882000000000046e+00
2.858514800000000022e+00
4.222514600000000229e+00
5.087496800000000263e+00
3.731884700000000166e+00
2.631340499999999860e+00
8.076451399999999836e-01
5.717789500000000080e-01
1.222710799999999987e+00
1.682226699999999964e+00
9.290103299999999953e-01
7.431424400000000152e-02
-4.172956899999999969e-01
-7.682271000000000516e-01
-1.038177099999999964e+00
-8.089428499999999911e-01
2.703149200000000071e-02
1.124372099999999985e+00
2.367183900000000119e+00
3.529605200000000220e+00
4.756444499999999742e+00
5.059573699999999619e+00
1.169845000000000051e-01
-2.365693199999999996e-01
-2.360670699999999900e-01
3.179953699999999994e-01
1.424970300000000023e+00
2.824891099999999877e+00
4.054989800000000422e+00
5.096785500000000191e+00
4.934243200000000051e+00
6.539108799999999722e-01
-1.296526000000000067e-01
1.425232300000000008e-01
4.216300199999999943e-01
1.710082799999999903e+00
2.082123999999999864e+00
3.252003399999999989e+00
4.300989600000000301e+00
4.495215899999999820e+00
2.167417799999999950e+00
1.348354100000000111e+00
1.012261000000000077e+00
3.803801199999999882e-01
4.910159399999999841e-01
5.893698299999999834e-01
-9.600174399999999997e-01
-1.795498000000000038e+00
-2.136126500000000039e+00
-2.190159799999999990e+00
-1.876861799999999914e+00
-9.831097699999999939e-01
3.592570700000000117e-01
1.858868799999999988e+00
3.265309999999999935e+00
4.291663599999999690e+00
5.054091900000000415e+00
4.078097299999999592e+00
2.442445199999999927e-01
-9.041696000000000455e-02
-2.308227999999999946e-01
3.387295900000000248e-01
2.020748100000000047e+00
3.452777399999999997e+00
4.510833700000000057e+00
5.082575300000000240e+00
4.020875000000000199e+00
3.757094699999999898e-01
-7.652971100000000026e-02
3.554293800000000170e-01
6.904228900000000113e-01
1.661148499999999917e+00
2.363574499999999912e+00
3.253682599999999869e+00
3.950546699999999856e+00
3.395974199999999943e+00
8.206397300000000117e-01
4.507990800000000187e-01
8.796361700000000505e-01
2.727892100000000042e-01
1.330073499999999964e-01
-5.325485500000000094e-01
-2.144651200000000202e+00
-2.679305100000000106e+00
-2.992674399999999846e+00
-3.066168499999999852e+00
-2.752013700000000007e+00
-1.790186000000000055e+00
-3.059600900000000179e-01
1.328932000000000002e+00
2.826163499999999829e+00
3.866974799999999934e+00
4.353227600000000308e+00
2.744806800000000102e+00
1.019448000000000021e-01
-5.975153300000000250e-02
-3.709848800000000169e-01
-9.228365900000000399e-02
2.080296300000000098e+00
3.289615400000000189e+00
4.338737000000000066e+00
4.680734600000000079e+00
2.796843099999999804e+00
2.480579900000000060e-01
-5.270343300000000092e-02
6.223258999999999874e-01
5.054050700000000118e-01
7.814884800000000409e-01
1.954118400000000033e+00
2.696636699999999998e+00
3.102603199999999894e+00
2.176538700000000048e+00
2.515369900000000158e-01
2.292552800000000057e-01
2.561823699999999926e-01
-9.143276899999999707e-02
6.805140200000000528e-01
-2.307492700000000063e-01
-9.798554800000000009e-01
-1.289665300000000014e+00
-1.554201900000000025e+00
-1.705144900000000074e+00
-1.655948999999999893e+00
-1.156210500000000030e+00
-2.465783699999999912e-01
8.298862200000000078e-01
1.841554799999999936e+00
2.642690800000000007e+00
3.170403100000000141e+00
1.904717500000000063e+00
5.449685499999999683e-02
-1.511552700000000082e-01
-8.137301999999999591e-01
-5.474382599999999544e-01
1.590063999999999922e+00
2.555505399999999927e+00
3.591329399999999783e+00
3.776422800000000191e+00
1.521349400000000074e+00
1.192658600000000013e-01
6.986381799999999420e-02
7.471590900000000257e-01
4.587941799999999959e-01
-3.432713299999999856e-01
1.147779099999999941e+00
1.936422000000000088e+00
2.183194900000000160e+00
1.176565099999999919e+00
1.089719100000000052e-02
5.593821499999999947e-02
3.322044899999999999e-03
1.066125700000000037e-01
1.269037799999999994e+00
8.380092000000000096e-01
8.193421600000000415e-01
7.375872999999999458e-01
6.444395600000000224e-01
5.409864100000000287e-01
5.977528600000000525e-01
1.128066999999999931e+00
2.080246400000000051e+00
3.187493900000000213e+00
4.205360899999999624e+00
4.491756900000000385e+00
3.346275200000000005e+00
8.935865899999999584e-01
-1.569766800000000073e-01
-6.909100799999999820e-01
-1.858840400000000059e+00
-1.391474199999999994e+00
2.986942799999999787e-01
1.976838099999999931e+00
2.982002399999999831e+00
2.603279500000000191e+00
8.506382900000000191e-01
1.884891800000000062e-01
1.274634299999999887e-01
6.532062699999999777e-01
7.562558299999999623e-01
-1.162783399999999912e+00
4.371266299999999883e-02
8.587105999999999906e-01
1.073693299999999962e+00
3.228843100000000077e-01
-1.340553800000000018e-01
-8.840666699999999434e-02
-9.013764600000000182e-02
2.928858699999999926e-01
2.824065399999999837e-01
-3.736977000000000215e-01
-6.344671800000000195e-01
-7.645484799999999748e-01
-7.011016599999999599e-01
-5.439059099999999924e-01
-2.134108799999999972e-01
5.358440300000000267e-01
1.648131999999999930e+00
2.907779500000000183e+00
3.843775299999999895e+00
3.310436499999999782e+00
1.281858699999999907e+00
-5.277886999999999995e-01
-5.135841399999999668e-01
-1.393356700000000004e+00
-2.320823199999999975e+00
-2.863035399999999786e+00
-2.214162799999999987e+00
-5.427274699999999896e-01
1.368395599999999934e+00
1.201632999999999951e+00
8.392669000000000379e-01
1.176101400000000019e-01
6.309471999999999997e-03
4.225185499999999927e-01
8.504484900000000014e-01
-1.617713100000000015e+00
-1.150519400000000081e+00
6.629824599999999644e-03
4.481773399999999796e-01
-1.666112499999999885e-01
-1.467251599999999934e-01
-3.308661600000000202e-01
-1.105993400000000043e-01
2.340199400000000096e-01
-4.899984000000000006e-01
-1.409653800000000068e+00
-2.166713000000000111e+00
-2.811774699999999960e+00
-3.259443800000000113e+00
-3.429334900000000186e+00
-3.368303300000000000e+00
-2.999590400000000212e+00
-2.177362000000000020e+00
-8.957058199999999859e-01
6.542347099999999971e-01
1.045494399999999935e+00
-1.270214000000000065e-01
-1.240770499999999998e+00
-1.025839799999999968e+00
-1.654432799999999926e+00
-2.731739500000000209e+00
-3.894754600000000178e+00
-4.003422699999999779e+00
-2.907100900000000099e+00
3.845048500000000091e-01
6.081379099999999482e-01
3.647265399999999880e-01
-5.936046700000000009e-02
-1.918094599999999872e-01
-1.337456700000000040e-02
7.741764199999999763e-01
-1.281024600000000069e+00
-2.235996200000000211e+00
-1.823747799999999863e-01
1.118171199999999921e+00
-5.209127399999999991e-02
-1.315200199999999875e-01
-3.189002000000000225e-01
-7.241243899999999512e-02
2.014952600000000094e-01
-3.424195300000000275e-01
-1.086817600000000050e+00
-1.823367799999999983e+00
-2.501542600000000061e+00
-3.120016099999999959e+00
-3.626220700000000186e+00
-4.046670400000000001e+00
-4.373734999999999928e+00
-4.427642800000000101e+00
-3.988787900000000164e+00
-2.399675100000000061e+00
-2.789475900000000230e-01
-2.675948100000000163e-01
-1.355840699999999899e+00
-2.205233600000000127e+00
-1.617367500000000069e+00
-2.910870599999999975e+00
-3.917332599999999942e+00
-4.609467500000000051e+00
-4.748621499999999607e+00
-7.952344399999999869e-01
2.190992499999999954e-01
6.867055599999999371e-02
-5.264554000000000178e-01
-8.971403199999999911e-01
-3.997768199999999772e-01
-1.647502899999999937e-01
-5.199356099999999925e-01
-2.734403599999999823e+00
-6.519163799999999620e-01
1.739544900000000061e+00
3.008602300000000063e-01
-8.284407100000000523e-02
-5.646445199999999831e-01
-1.331717099999999987e-01
-1.536850600000000122e-01
-1.798641199999999885e-01
-4.687510100000000235e-01
-8.499431600000000309e-01
-1.252454799999999979e+00
-1.673600800000000000e+00
-2.146271899999999899e+00
-2.715599500000000166e+00
-3.418628200000000117e+00
-4.164379099999999667e+00
-4.710194099999999828e+00
-4.036535699999999949e+00
-7.773684299999999991e-01
-9.247492300000000054e-02
-3.653639900000000273e-01
-6.764867200000000691e-02
-6.010246900000000281e-01
-2.233707400000000121e+00
-3.367849300000000046e+00
-4.528138600000000125e+00
-5.811706499999999664e+00
-2.664811600000000169e+00
-6.823953400000000169e-01
-3.944838900000000037e-01
-1.145633700000000088e+00
-1.698189699999999913e+00
-1.506165900000000057e+00
-8.037415100000000479e-02
4.091121999999999814e-02
-2.723123999999999878e+00
-1.245720500000000008e+00
2.185419099999999837e+00
6.495284399999999847e-01
5.748807599999999907e-02
-1.027341199999999954e+00
-6.079446099999999964e-01
-6.598631700000000544e-01
-4.844256900000000199e-01
-5.314632099999999637e-01
-7.215531499999999765e-01
-9.523888799999999932e-01
-1.150311599999999990e+00
-1.374150399999999994e+00
-1.783451399999999909e+00
-2.558892499999999792e+00
-3.614558499999999786e+00
-4.671126400000000345e+00
-4.781181300000000078e+00
-6.307805800000000351e-01
-1.249234300000000020e-01
1.172793900000000056e+00
1.176678399999999902e+00
1.326953899999999964e-01
-1.274727299999999897e+00
-2.704004799999999875e+00
-4.236057299999999692e+00
-6.125457800000000397e+00
-3.834033699999999989e+00
-1.706929399999999930e+00
-8.140371400000000479e-01
-1.430411000000000099e+00
-2.284800100000000000e+00
-2.328664299999999798e+00
-2.158550499999999928e-01
5.733955499999999761e-01
-1.823102999999999918e+00
-1.557704100000000036e+00
1.676632899999999982e+00
7.464079900000000212e-01
2.652498500000000092e-01
-1.167658700000000049e+00
-1.286565200000000075e+00
-8.374081899999999967e-01
-6.467649899999999841e-01
-5.176684299999999572e-01
-5.814979099999999512e-01
-7.424206700000000048e-01
-9.103495499999999518e-01
-1.015280799999999983e+00
-1.233053699999999919e+00
-1.956410399999999994e+00
-3.212043299999999935e+00
-4.611798799999999865e+00
-4.993475899999999967e+00
-4.434794799999999815e-01
7.451455599999999846e-01
1.982364199999999910e+00
9.121516299999999910e-01
1.348727599999999915e+00
4.549035399999999674e-02
-1.512651699999999932e+00
-3.367651899999999809e+00
-5.767496600000000306e+00
-4.230258899999999933e+00
-1.960525999999999991e+00
-8.499283199999999594e-01
-1.360910700000000029e+00
-2.127913700000000130e+00
-2.275611399999999840e+00
-1.115633000000000097e+00
-6.089907900000000041e-01
-7.934280599999999906e-01
-1.400051399999999946e+00
3.180800100000000241e-01
9.549009800000000103e-01
7.901248300000000002e-01
-6.065140399999999765e-01
-1.615023300000000051e+00
-8.985637400000000552e-01
-5.656275699999999684e-01
-2.540589300000000161e-01
-1.371061100000000033e-01
-1.787913399999999930e-01
-3.229432999999999887e-01
-4.517690500000000053e-01
-6.475246000000000057e-01
-1.349215000000000053e+00
-2.834988099999999900e+00
-4.640814299999999726e+00
-4.347930899999999710e+00
4.462105900000000180e-01
1.288164700000000051e+00
1.159024499999999902e+00
1.552277700000000094e+00
2.248879399999999862e+00
1.186410500000000035e+00
-1.884988400000000008e-01
-2.037161600000000128e+00
-4.576985800000000104e+00
-4.311987399999999582e+00
-1.735803200000000102e+00
-3.911941299999999733e-01
-6.764394000000000240e-01
-1.616630900000000093e+00
-2.058523399999999892e+00
-1.376635300000000006e+00
-1.275729300000000066e+00
-5.064518500000000367e-01
-5.581798599999999722e-01
-3.582313100000000250e-01
7.621815199999999457e-01
6.609118000000000492e-01
-3.989870799999999940e-01
-1.649520600000000004e+00
-1.349940799999999941e+00
-4.633581299999999792e-01
-7.226460399999999618e-02
2.436961800000000122e-01
3.297325099999999787e-01
2.534800799999999965e-01
9.092321200000000325e-02
-1.542967899999999892e-01
-8.281385900000000078e-01
-2.439627900000000071e+00
-4.558434499999999723e+00
-3.130737499999999951e+00
8.721176999999999957e-01
1.419267199999999951e+00
6.404883900000000185e-01
1.336325800000000008e+00
2.085504300000000200e+00
1.593661900000000076e+00
5.444277499999999881e-01
-1.123426599999999942e+00
-3.331413299999999911e+00
-4.298637900000000123e+00
-1.038697999999999899e+00
-1.179190700000000008e-01
-1.483395999999999881e-01
-1.305632700000000090e+00
-1.587915200000000082e+00
-1.695885899999999946e+00
-1.269864399999999893e+00
-1.171557200000000076e+00
1.110930799999999968e-01
-2.092035500000000159e+00
2.065166500000000127e+00
-8.258946200000000237e-02
-1.625043200000000077e-01
-1.196230200000000021e+00
-2.033154999999999824e+00
-1.322362500000000107e+00
-6.544081600000000165e-01
9.700739399999999679e-02
6.027872600000000469e-01
7.673823199999999511e-01
7.456362800000000401e-01
4.803274900000000236e-01
-2.026231099999999952e-01
-1.900466900000000070e+00
-3.929949300000000090e+00
-4.210092100000000226e-01
8.581279499999999727e-01
1.003619800000000062e+00
2.203135800000000089e-01
-1.885313700000000037e-01
7.253440599999999572e-01
1.040432699999999988e+00
6.012372400000000061e-01
-7.291110800000000225e-01
-2.503907900000000186e+00
-3.652512600000000109e+00
-4.596952499999999997e-01
-2.412005700000000030e-01
-1.553931500000000077e-01
-1.260734999999999939e+00
-5.895593199999999978e-01
-8.919646700000000150e-01
-7.120332700000000514e-01
-2.263251100000000182e+00
-1.088040099999999955e+00
1.929341399999999984e+00
1.899773799999999957e+00
-7.927361700000000455e-02
5.322091999999999795e-02
-4.773025799999999763e-01
-1.078653800000000107e+00
-1.772741799999999923e+00
-1.313068600000000030e+00
-3.613992200000000210e-01
5.317156299999999947e-01
1.051867700000000072e+00
1.208506000000000080e+00
1.046476600000000090e+00
4.013024600000000275e-01
-1.325307100000000071e+00
-2.668410100000000007e+00
7.474195999999999618e-02
6.757349200000000167e-01
3.027620300000000153e-01
-1.450022500000000027e-02
-1.528790899999999953e+00
-1.056308199999999919e+00
1.827334300000000022e-01
4.368613100000000027e-01
-2.617235199999999873e-01
-1.722889099999999951e+00
-2.955306400000000000e+00
-2.690888000000000169e-01
-2.807056600000000235e-01
-6.215070299999999603e-01
-6.285498099999999866e-01
-3.668627099999999808e-01
-2.066854100000000138e-01
-7.565391099999999591e-01
-1.330377799999999944e+00
2.008219500000000046e+00
1.291909100000000032e+00
-7.808767599999999476e-01
-4.470593600000000167e-01
-4.214156299999999855e-01
-3.383682399999999868e-01
-1.338482100000000008e+00
-1.249789500000000109e+00
-1.090026299999999893e+00
-3.910768600000000261e-01
4.109873499999999735e-01
1.158155100000000104e+00
1.591262100000000013e+00
1.601155399999999895e+00
1.109328899999999951e+00
-3.857400999999999747e-01
-7.086877799999999894e-01
6.249802100000000360e-01
1.997086100000000086e-01
-6.858903200000000533e-01
-1.272574700000000059e+00
-2.037512299999999943e+00
-1.877108500000000069e+00
-4.485603899999999755e-01
2.107053700000000029e-01
1.991555399999999920e-01
-6.094664300000000035e-01
-1.861299400000000048e+00
-1.277430800000000088e-01
-6.004378799999999794e-01
-2.779457000000000177e-01
-3.478244799999999914e-01
-9.019298900000000119e-02
2.081021700000000030e-01
-6.394446499999999478e-01
-6.848474100000000453e-01
6.072138500000000549e-01
-1.302809499999999954e+00
-5.013642299999999663e-01
-7.612424800000000547e-01
-6.559654499999999500e-01
-4.698199599999999809e-01
-1.201266100000000003e+00
-1.024147399999999930e+00
-1.084406299999999934e+00
-6.092977099999999924e-01
3.879903299999999666e-02
8.652998800000000212e-01
1.575073299999999898e+00
1.833693500000000087e+00
1.630433599999999927e+00
6.562594400000000272e-01
3.431869399999999959e-01
1.219408800000000015e-01
-5.906496199999999863e-01
-2.672095500000000179e+00
-1.317212300000000003e+00
-2.572460500000000039e+00
-3.139812699999999790e+00
-1.225636699999999912e+00
-3.320954500000000142e-01
5.158127000000000129e-01
2.144960200000000095e-01
-5.502778400000000181e-01
4.196956800000000154e-01
-4.624461799999999845e-01
-2.549999099999999963e-01
-1.639949199999999885e-01
-5.921441299999999908e-01
1.991749300000000000e-01
-5.423315199999999559e-01
-1.037066199999999938e+00
3.863283599999999818e-01
-1.079239000000000059e+00
-8.481286199999999997e-01
-8.143481599999999876e-01
-9.581183800000000472e-01
-9.568395699999999726e-01
-7.493355900000000513e-01
-1.836012600000000106e+00
-1.484756200000000081e+00
-1.518586500000000061e+00
-1.057173600000000047e+00
-1.086079100000000019e-01
9.500548199999999666e-01
1.611038399999999982e+00
1.856321899999999969e+00
1.607798899999999920e+00
-7.851605099999999782e-01
-2.108849800000000219e+00
-3.103419500000000220e+00
-3.773591500000000210e+00
-4.285165300000000066e+00
-2.349380500000000094e+00
-2.830490499999999798e+00
-3.393498999999999821e+00
-1.687550700000000070e+00
3.671588800000000208e-01
6.325069500000000122e-01
4.173725799999999930e-01
3.321839500000000056e-01
2.734949300000000250e-01
-1.366515199999999985e-01
-2.183918699999999880e-01
-5.837091699999999994e-01
-2.218024399999999896e-01
4.985320699999999661e-02
-3.133515900000000132e-01
-1.152022300000000027e-01
4.008998400000000073e-01
6.461083900000000324e-02
-2.468551700000000126e-01
-7.925606400000000384e-01
-1.155910999999999911e+00
-1.361745800000000006e+00
-1.928160799999999897e+00
-1.283726799999999946e+00
-2.429724100000000053e+00
-2.452155100000000143e+00
-1.680591699999999911e+00
-3.048419199999999885e-01
7.768813399999999758e-01
1.817465200000000003e+00
1.461589299999999980e+00
1.143460399999999932e+00
7.941777999999999338e-02
-1.850872000000000073e+00
-1.944039300000000026e+00
-2.037243399999999927e+00
-1.340848999999999958e+00
-1.758531800000000089e+00
-4.378918600000000438e+00
-2.918972000000000122e+00
-4.519083500000000142e-01
4.640313699999999986e-01
1.031354399999999893e+00
3.979560100000000267e-01
-3.686592599999999886e-01
-6.270318400000000070e-01
-8.273315399999999764e-01
-5.410555599999999909e-01
-3.149918199999999779e-01
1.616994999999999960e-01
-7.161468699999999632e-03
2.667444500000000218e-01
1.057838400000000068e+00
6.396071899999999921e-01
4.018430100000000005e-01
1.954534500000000008e-01
-3.020313099999999973e-01
-6.318753999999999760e-01
-1.703722399999999970e+00
-1.959484199999999898e+00
-1.956055799999999900e+00
-3.328125500000000070e+00
-2.849755500000000108e+00
-9.996074999999999822e-01
-4.599525899999999945e-01
1.126657799999999932e-01
1.255455900000000069e+00
1.247316700000000056e+00
9.722714399999999868e-01
-1.190416200000000035e+00
-1.262652499999999955e+00
-7.466449099999999950e-01
3.740910299999999911e-01
-1.334818499999999908e+00
-4.109100800000000220e+00
-3.910715600000000070e+00
-2.758590499999999945e+00
-8.126486499999999724e-01
5.938105000000000189e-01
1.625840500000000022e+00
9.114247599999999450e-01
-1.537393000000000010e+00
-1.617259500000000072e+00
-1.947038300000000000e+00
-1.456504900000000102e+00
-5.289686300000000507e-01
-4.746127099999999932e-01
-1.480936799999999984e-02
4.283171000000000062e-01
5.973787900000000484e-01
2.737339999999999773e-01
-2.778630300000000108e-01
-9.039137500000000427e-04
1.582794700000000054e-01
-1.138249000000000066e-01
-5.271099200000000096e-01
-6.542692599999999636e-01
-1.310139200000000059e+00
-2.812719799999999992e+00
-2.073438400000000126e+00
-2.307933299999999910e-01
3.893076200000000209e-01
2.124681700000000006e+00
5.050884700000000116e+00
4.297973200000000382e+00
1.436483799999999977e+00
6.078822000000000392e-01
-6.343783399999999850e-02
-1.327977500000000033e+00
-3.091546099999999964e+00
-1.442418699999999943e+00
1.585826399999999969e+00
-4.353939099999999840e+00
-3.703444499999999806e+00
-1.937729000000000035e+00
-2.329942700000000144e+00
7.331579900000000372e-01
1.948172599999999921e+00
3.180592700000000050e-01
-1.240557700000000096e+00
-2.044264800000000104e+00
-1.431300500000000087e+00
-1.291985799999999962e+00
-7.532711300000000110e-01
3.939006600000000136e-01
6.710395200000000004e-01
-6.429721099999999856e-01
-2.860064199999999834e-01
2.116789300000000099e-03
1.322284300000000079e-01
6.704717899999999842e-02
-1.035940899999999998e-01
-1.835231300000000065e-01
-1.700319899999999940e-01
-4.190068200000000020e-01
-4.625178600000000029e-01
-2.999007699999999832e-01
-7.985553699999999866e-01
-1.179971000000000103e+00
-3.270612999999999992e-01
1.249728100000000008e+00
1.540191099999999924e+00
9.850274300000000371e-01
4.572162000000000170e-01
-3.875872200000000101e-01
-2.536702200000000018e-01
2.734023300000000045e+00
3.595993500000000065e+00
5.953004400000000418e-01
-2.075174599999999980e+00
-2.317507299999999937e+00
-2.037345600000000090e+00
-1.247438100000000105e+00
9.373962900000000209e-01
1.694310399999999994e+00
1.467558999999999947e-01
-8.879265800000000208e-01
-1.665634599999999965e+00
-1.874411700000000014e+00
-1.323699200000000076e+00
-8.185374100000000208e-01
-6.310618500000000353e-01
