0.000000000000000000e+00
0.000000000000000000e+00
0.000000000000000000e+00
0.000000000000000000e+00
0.000000000000000000e+00
0.000000000000000000e+00
0.000000000000000000e+00
0.000000000000000000e+00
0.000000000000000000e+00
0.000000000000000000e+00
0.000000000000000000e+00
0.000000000000000000e+00
0.000000000000000000e+00
0.000000000000000000e+00
0.000000000000000000e+00
0.000000000000000000e+00
0.000000000000000000e+00
0.000000000000000000e+00
0.000000000000000000e+00
0.000000000000000000e+00
5.364562600000000181e-02
2.188629099999999869e-02
-7.780727799999999708e-03
0.000000000000000000e+00
0.000000000000000000e+00
0.000000000000000000e+00
0.000000000000000000e+00
0.000000000000000000e+00
0.000000000000000000e+00
0.000000000000000000e+00
0.000000000000000000e+00
0.000000000000000000e+00
0.000000000000000000e+00
0.000000000000000000e+00
0.000000000000000000e+00
0.000000000000000000e+00
0.000000000000000000e+00
0.000000000000000000e+00
0.000000000000000000e+00
0.000000000000000000e+00
6.904504699999999828e-02
3.874091899999999866e-02
6.698185600000000628e-02
7.186736300000000355e-02
2.616119000000000083e-02
1.037201700000000074e-02
5.503563599999999716e-03
-3.229512900000000119e-04
7.781830600000000202e-03
1.346377699999999969e-02
1.131040200000000065e-02
-2.247203599999999905e-03
-4.068927899999999834e-03
-3.040856499999999851e-02
-6.519959899999999697e-02
0.000000000000000000e+00
5.070824499999999901e-02
1.807243899999999917e-02
7.740324600000000020e-03
4.839985899999999647e-03
7.249990399999999696e-03
2.039596299999999959e-02
2.904866399999999835e-02
3.958807699999999929e-02
2.835939399999999957e-02
-1.189490799999999918e-02
-5.021188399999999830e-02
0.000000000000000000e+00
8.293872800000000323e-02
1.712945600000000124e-02
-1.728646199999999897e-02
0.000000000000000000e+00
3.033746600000000043e-02
2.329827199999999834e-02
4.125486200000000325e-03
-5.802404199999999790e-03
-6.996711000000000076e-03
-2.647965999999999862e-02
-3.296015000000000056e-02
-3.461196300000000253e-02
-3.034512899999999846e-02
-1.820564800000000136e-02
-4.521095200000000217e-03
4.408291499999999682e-03
6.001123399999999837e-03
2.960024400000000038e-03
-6.218785899999999985e-03
-1.755610599999999841e-02
-2.837526400000000074e-02
-4.027834899999999801e-02
-4.987729700000000099e-02
-3.808001899999999967e-02
-1.721597700000000080e-03
-4.193110400000000029e-03
5.505398400000000025e-03
1.197748700000000020e-02
1.660491899999999924e-02
1.636140000000000164e-02
1.278891799999999981e-02
8.992661600000000088e-03
-1.366809899999999953e-03
-1.481727400000000007e-02
-2.095387500000000028e-02
1.237726800000000030e-02
3.563269200000000053e-02
1.268691100000000037e-02
9.730685700000000007e-03
2.401309800000000008e-02
-9.023750999999999994e-03
-2.294985600000000112e-02
-4.171891900000000014e-02
-6.071171899999999733e-02
-7.350481300000000218e-02
-7.223790900000000292e-02
-6.097305199999999981e-02
-5.358083899999999816e-02
-3.720257400000000214e-02
-1.819695099999999940e-02
-3.049664899999999981e-03
7.490862200000000110e-03
5.387051799999999745e-03
-1.805156800000000091e-03
-1.486348900000000056e-02
-2.706212399999999990e-02
-3.882203299999999885e-02
-4.966228500000000046e-02
-6.467535600000000329e-02
-2.238153500000000101e-02
-1.382487999999999946e-02
-1.062113400000000082e-02
-4.925825600000000200e-03
2.333857099999999980e-03
-5.587195000000000095e-04
-6.908633699999999767e-03
-1.263461199999999993e-02
-2.114665300000000137e-02
-2.964191700000000027e-02
-3.475327000000000277e-02
-3.364765599999999801e-02
-2.667633800000000083e-02
-1.486947599999999953e-02
-1.194415400000000023e-02
-7.439078800000000283e-03
-2.544263100000000201e-03
-1.090748499999999975e-02
-2.685486499999999860e-02
-4.649078100000000185e-02
-6.118615699999999796e-02
-6.016533799999999876e-02
-5.121580500000000313e-02
-4.044708600000000015e-02
-2.753754500000000008e-02
-1.224618400000000024e-02
2.155918599999999928e-03
1.359048199999999922e-02
1.931619099999999992e-02
1.222329999999999944e-02
-1.279887400000000088e-03
-1.672144000000000061e-02
-2.897372800000000068e-02
-3.730367500000000142e-02
-4.732127500000000292e-02
-8.493789300000000042e-02
-3.900137599999999906e-03
-1.447674300000000025e-02
-1.310975999999999982e-02
-7.553185799999999860e-03
-3.099757199999999928e-03
-8.026109999999999495e-03
-1.527873599999999936e-02
-2.146181299999999972e-02
-3.110767500000000130e-02
-3.900699700000000159e-02
-4.134973100000000068e-02
-3.966415300000000060e-02
-3.680205000000000282e-02
-1.863867799999999880e-02
-8.876513699999999743e-03
-1.841442499999999946e-03
1.168651699999999957e-03
-1.508040400000000038e-02
-2.705151100000000031e-02
-4.120288300000000264e-02
-4.551113999999999854e-02
-3.470201400000000325e-02
-2.541665800000000169e-02
-2.526063599999999951e-02
-0.000000000000000000e+00
3.403845999999999868e-03
1.070847400000000081e-02
1.635419800000000035e-02
1.464008600000000007e-02
3.311561299999999861e-03
-9.883965099999999365e-03
-2.106328799999999946e-02
-2.935387799999999991e-02
-3.298949100000000273e-02
-3.494926899999999809e-02
-7.102300100000000227e-02
-2.920200200000000034e-03
-1.071202500000000002e-02
-9.720657699999999540e-03
-6.068851999999999580e-03
-4.559204399999999997e-03
-6.051642099999999906e-03
-1.110380300000000063e-02
-1.724785399999999996e-02
-2.175048300000000101e-02
-2.242945999999999829e-02
-2.350635400000000014e-02
-2.498943400000000134e-02
-2.657400500000000124e-02
-1.721347800000000081e-02
-4.624977599999999939e-03
-3.104276600000000202e-03
-7.089800299999999937e-03
-1.219763999999999918e-02
-1.567311999999999872e-02
-2.137496700000000166e-02
-2.154536500000000035e-02
-1.782760300000000089e-02
-3.879942899999999813e-03
-3.527342000000000151e-03
0.000000000000000000e+00
-5.565089199999999695e-03
1.683077199999999905e-03
6.907979499999999592e-03
5.450964899999999856e-03
-2.262902199999999864e-03
-1.062329199999999946e-02
-1.780702199999999874e-02
-2.265117499999999909e-02
-2.316637200000000105e-02
-1.562565200000000029e-02
-2.162782099999999846e-02
0.000000000000000000e+00
-4.723287500000000229e-03
-2.797822000000000156e-03
1.512793800000000125e-04
-3.392535999999999816e-03
-1.046683999999999982e-02
-1.408434700000000053e-02
-6.725830500000000087e-03
2.518691600000000190e-03
9.651590099999999423e-03
3.636795999999999866e-04
-9.098135900000000123e-03
-1.285438300000000048e-02
-6.754598100000000147e-03
-4.408584000000000114e-03
-1.175190199999999983e-02
-1.159082799999999920e-02
7.506332400000000245e-03
1.072895199999999993e-02
6.479510300000000059e-04
9.673746200000000279e-04
0.000000000000000000e+00
1.067671799999999997e-02
2.091875500000000155e-03
-1.691294199999999939e-03
-5.639166099999999744e-03
2.804672499999999978e-03
7.125574200000000039e-03
6.192316300000000329e-03
1.036163799999999940e-03
-4.953482700000000176e-03
-1.037242799999999951e-02
-1.401638900000000063e-02
-1.205135700000000039e-02
4.163584700000000360e-03
1.907351800000000111e-02
0.000000000000000000e+00
-5.361915000000000084e-03
-8.438800399999999910e-03
-9.470226199999999192e-03
-1.423695699999999974e-02
-1.537287799999999954e-02
-8.902901799999999796e-03
8.325596299999999880e-03
1.837478500000000112e-02
1.757827799999999926e-02
-6.547572000000000201e-04
-1.251692100000000030e-02
-1.307177200000000060e-02
-1.210722000000000013e-02
-1.291700399999999929e-02
-8.752634699999999393e-03
-9.373149400000000027e-04
3.303148599999999879e-02
0.000000000000000000e+00
0.000000000000000000e+00
0.000000000000000000e+00
0.000000000000000000e+00
4.358486100000000425e-03
3.598912599999999889e-03
2.393280199999999868e-03
2.708234800000000175e-03
8.301255299999999240e-03
1.142943100000000031e-02
1.004204000000000034e-02
5.340018799999999601e-03
-6.240123199999999832e-04
-6.736961199999999712e-03
-1.016338299999999979e-02
-4.791930800000000074e-03
2.103794399999999939e-02
4.482438400000000184e-02
0.000000000000000000e+00
-0.000000000000000000e+00
-7.508931100000000407e-03
-1.153966900000000066e-02
-1.213292399999999979e-02
-8.720565600000000639e-03
1.182743999999999896e-03
2.207719500000000085e-02
3.570483499999999727e-02
0.000000000000000000e+00
-3.322719200000000088e-03
-5.298288499999999693e-03
-6.560711700000000125e-03
-8.173854100000000830e-03
-6.220584700000000161e-03
1.440803899999999922e-03
1.349031200000000083e-02
6.094701599999999969e-02
0.000000000000000000e+00
0.000000000000000000e+00
0.000000000000000000e+00
0.000000000000000000e+00
6.037086199999999736e-03
8.362417999999999935e-03
8.689319699999999841e-03
1.056376399999999979e-02
1.404336500000000036e-02
1.582860800000000095e-02
1.349412300000000023e-02
6.978003299999999652e-03
-5.586923799999999555e-04
-7.836595199999999220e-03
-8.847005700000000472e-03
1.897718799999999900e-03
3.562448199999999898e-02
6.074584300000000076e-02
0.000000000000000000e+00
0.000000000000000000e+00
-7.571899800000000264e-03
-1.368174299999999968e-02
-8.893062400000000325e-03
-1.435295799999999899e-03
1.289506300000000001e-02
4.584044200000000208e-02
6.314996600000000182e-02
0.000000000000000000e+00
6.781829100000000103e-03
6.328688899999999722e-03
-4.148129400000000102e-04
-3.663165999999999818e-03
-2.687338599999999824e-04
9.785013299999999192e-03
2.783140900000000140e-02
7.845610899999999610e-02
0.000000000000000000e+00
0.000000000000000000e+00
0.000000000000000000e+00
0.000000000000000000e+00
1.484708600000000066e-02
1.688990900000000156e-02
1.618753200000000100e-02
1.739263500000000004e-02
1.948685199999999895e-02
1.967055900000000065e-02
1.450396099999999924e-02
5.117942900000000198e-03
-3.757935000000000008e-03
-9.611344900000000704e-03
-5.206962400000000012e-03
1.147585599999999956e-02
4.525868999999999726e-02
4.300969899999999846e-02
0.000000000000000000e+00
0.000000000000000000e+00
-1.418833199999999968e-02
-1.946134100000000006e-02
-6.735920400000000412e-03
4.528196499999999694e-03
2.456670799999999960e-02
6.935427299999999406e-02
0.000000000000000000e+00
0.000000000000000000e+00
1.434163700000000083e-02
8.322768700000000158e-03
6.751335500000000406e-04
-1.036572500000000098e-03
5.453414600000000383e-03
2.007043000000000021e-02
4.475456099999999826e-02
7.984473599999999949e-02
7.299238399999999349e-02
0.000000000000000000e+00
0.000000000000000000e+00
0.000000000000000000e+00
2.639903099999999989e-02
2.413179400000000155e-02
2.254129399999999991e-02
2.320834199999999986e-02
2.458028500000000033e-02
2.190362699999999843e-02
1.174562999999999996e-02
-2.385266100000000015e-04
-8.632721399999999587e-03
-9.334006299999999395e-03
1.636628300000000100e-03
2.219405199999999884e-02
5.074772999999999784e-02
3.929129700000000280e-02
0.000000000000000000e+00
0.000000000000000000e+00
-0.000000000000000000e+00
-2.308482400000000032e-02
-2.628001400000000171e-03
1.228462299999999972e-02
3.745575599999999977e-02
8.512279400000000162e-02
0.000000000000000000e+00
0.000000000000000000e+00
0.000000000000000000e+00
8.539882500000000112e-03
2.367964499999999917e-03
4.445885299999999783e-03
1.618445500000000037e-02
3.564313799999999782e-02
5.990107699999999702e-02
7.257046600000000014e-02
4.160910899999999829e-02
0.000000000000000000e+00
0.000000000000000000e+00
0.000000000000000000e+00
3.478287000000000045e-02
2.737566099999999905e-02
2.622576999999999894e-02
2.714278499999999913e-02
2.681034200000000089e-02
1.943235800000000027e-02
4.615931799999999606e-03
-6.962509799999999811e-03
-1.117014799999999954e-02
-5.383683400000000355e-03
9.448621399999999199e-03
3.074370499999999964e-02
5.581804399999999722e-02
3.910620199999999963e-02
0.000000000000000000e+00
0.000000000000000000e+00
0.000000000000000000e+00
-1.381723999999999973e-02
4.233161899999999915e-03
2.195225099999999901e-02
4.878609999999999891e-02
8.034899099999999461e-02
0.000000000000000000e+00
0.000000000000000000e+00
0.000000000000000000e+00
1.381060300000000029e-03
6.816503300000000334e-03
1.019411700000000080e-02
2.644559399999999935e-02
4.733629200000000203e-02
6.559476999999999669e-02
6.337706699999999527e-02
3.219379099999999938e-02
1.726231300000000135e-02
0.000000000000000000e+00
3.335576600000000197e-02
3.301863000000000020e-02
2.762631100000000062e-02
2.570920399999999939e-02
2.400138400000000061e-02
1.919724800000000009e-02
8.064335199999999801e-03
-3.949706899999999750e-03
-7.775857599999999939e-03
-4.043983800000000399e-03
7.192506500000000157e-03
2.278219299999999919e-02
4.214522999999999880e-02
6.695181899999999575e-02
0.000000000000000000e+00
0.000000000000000000e+00
0.000000000000000000e+00
0.000000000000000000e+00
-4.508526400000000033e-04
1.731440100000000010e-02
3.593782000000000226e-02
5.781731799999999949e-02
6.729377100000000222e-02
0.000000000000000000e+00
0.000000000000000000e+00
0.000000000000000000e+00
-2.671051799999999972e-04
1.352363200000000071e-02
1.729624000000000092e-02
3.652263099999999985e-02
5.701842499999999758e-02
6.811831100000000083e-02
5.405112000000000111e-02
3.110579000000000122e-02
1.449606399999999948e-02
2.880004200000000139e-02
3.978913399999999684e-02
3.043841200000000149e-02
2.099867199999999948e-02
1.379374400000000014e-02
8.737324700000000111e-03
3.634569700000000059e-03
-2.811664000000000177e-03
-5.375799300000000218e-03
-4.857254399999999788e-04
9.515906699999999996e-03
2.391422699999999971e-02
3.908553000000000027e-02
5.531799800000000017e-02
6.104161599999999993e-02
0.000000000000000000e+00
0.000000000000000000e+00
0.000000000000000000e+00
0.000000000000000000e+00
1.255638400000000029e-02
3.010608999999999855e-02
4.590916600000000125e-02
5.905240800000000068e-02
5.494038400000000183e-02
0.000000000000000000e+00
0.000000000000000000e+00
0.000000000000000000e+00
-3.607054799999999894e-04
1.829790400000000025e-02
2.454362400000000000e-02
4.272471399999999697e-02
5.955845900000000109e-02
6.524407100000000070e-02
4.243153300000000044e-02
3.382156000000000051e-02
1.242058600000000082e-02
2.296498900000000162e-02
0.000000000000000000e+00
2.698495100000000008e-02
5.857432299999999759e-03
-3.337121599999999955e-03
-7.504697900000000151e-03
-9.376757799999999726e-03
-9.396149799999999747e-03
-5.222433200000000351e-03
4.820455799999999805e-03
1.957163400000000095e-02
3.619540499999999994e-02
4.910132999999999859e-02
5.907411099999999859e-02
5.477542900000000048e-02
0.000000000000000000e+00
0.000000000000000000e+00
0.000000000000000000e+00
0.000000000000000000e+00
2.705620699999999879e-02
3.778934099999999713e-02
4.998272699999999763e-02
5.525231399999999682e-02
4.286695299999999931e-02
0.000000000000000000e+00
0.000000000000000000e+00
0.000000000000000000e+00
5.669138300000000318e-03
2.113147599999999973e-02
2.913743300000000078e-02
4.271005499999999677e-02
5.273789899999999781e-02
4.829753900000000044e-02
3.712763499999999911e-02
3.085481899999999861e-02
1.109585199999999980e-02
1.631781800000000129e-02
7.003220099999999705e-03
5.595411199999999856e-03
-1.237849599999999925e-02
-1.926428800000000094e-02
-2.288600799999999935e-02
-2.379589699999999988e-02
-2.068663399999999888e-02
-1.147486500000000076e-02
3.625085599999999884e-03
2.201861700000000074e-02
3.993219900000000155e-02
5.079269399999999934e-02
5.211090300000000008e-02
3.918362200000000128e-02
0.000000000000000000e+00
0.000000000000000000e+00
0.000000000000000000e+00
0.000000000000000000e+00
3.374619300000000072e-02
3.914944100000000010e-02
4.850656899999999938e-02
4.824817599999999679e-02
2.949259200000000150e-02
0.000000000000000000e+00
0.000000000000000000e+00
0.000000000000000000e+00
4.608699299999999624e-03
1.647543500000000008e-02
2.696456800000000126e-02
3.565141599999999827e-02
4.038982499999999726e-02
3.078869399999999840e-02
0.000000000000000000e+00
0.000000000000000000e+00
9.662055200000000191e-03
8.025024999999999867e-03
8.245287000000000449e-03
-2.479178399999999987e-03
-1.301620600000000065e-02
-1.726450399999999996e-02
-2.116727599999999876e-02
-2.332909500000000108e-02
-2.238426199999999852e-02
-1.544434199999999979e-02
-3.468276000000000171e-03
9.854656599999999170e-03
2.154083000000000039e-02
2.944101400000000146e-02
3.108758099999999955e-02
1.990050499999999889e-02
0.000000000000000000e+00
0.000000000000000000e+00
0.000000000000000000e+00
7.275410100000000201e-04
2.207831000000000030e-02
2.669619000000000159e-02
3.490622499999999906e-02
3.527829100000000329e-02
1.886286100000000160e-02
0.000000000000000000e+00
0.000000000000000000e+00
0.000000000000000000e+00
-2.752920700000000085e-03
1.494414199999999967e-04
1.487129400000000018e-02
2.121657799999999983e-02
2.370800600000000022e-02
1.680207400000000018e-02
-3.344911199999999959e-03
0.000000000000000000e+00
3.790246199999999788e-03
-4.268654000000000313e-06
1.000892599999999959e-02
3.608383199999999798e-03
1.116419000000000005e-03
-4.714810600000000256e-04
-2.339552600000000156e-03
-3.886004699999999999e-03
-3.764470800000000068e-03
5.399549800000000288e-04
8.418181900000000148e-03
1.730247799999999961e-02
2.508793399999999923e-02
2.931731900000000141e-02
2.554566399999999918e-02
1.298399599999999939e-02
0.000000000000000000e+00
0.000000000000000000e+00
0.000000000000000000e+00
-3.487901799999999775e-02
1.072099600000000000e-02
1.955613100000000090e-02
2.576977899999999960e-02
2.404022800000000029e-02
9.643003299999999486e-03
0.000000000000000000e+00
0.000000000000000000e+00
0.000000000000000000e+00
-1.492082500000000041e-02
-1.262144200000000008e-02
5.506175599999999642e-03
1.137921000000000071e-02
1.352732000000000066e-02
7.361584000000000010e-03
-9.247737100000000265e-03
0.000000000000000000e+00
-1.598265900000000116e-04
2.817365600000000265e-04
5.009089700000000228e-03
9.335549499999999581e-04
6.136921899999999916e-04
1.358864300000000094e-03
2.734046300000000061e-03
3.597066500000000062e-03
5.613252299999999667e-03
1.192032200000000056e-02
2.157682899999999876e-02
3.187343100000000068e-02
3.942733699999999980e-02
3.588632299999999775e-02
1.884756500000000015e-02
2.691996800000000158e-03
-0.000000000000000000e+00
0.000000000000000000e+00
0.000000000000000000e+00
-4.179944599999999705e-02
-8.850207699999999497e-03
7.202642900000000292e-03
1.667784799999999859e-02
0.000000000000000000e+00
0.000000000000000000e+00
0.000000000000000000e+00
0.000000000000000000e+00
0.000000000000000000e+00
-0.000000000000000000e+00
-2.228443000000000090e-02
-4.359636499999999804e-03
3.135223600000000121e-03
6.100333599999999655e-03
1.704753499999999940e-04
-2.148763000000000062e-02
-1.768697199999999872e-02
-2.600293499999999786e-03
-1.584993200000000104e-03
-6.861878099999999675e-03
-1.592720900000000120e-02
-2.286624199999999843e-02
-2.833841399999999927e-02
-3.131303199999999759e-02
-3.100219699999999870e-02
-2.736741999999999994e-02
-1.986192200000000060e-02
-8.755458500000000421e-03
5.521337000000000293e-03
1.806374100000000121e-02
1.597231299999999840e-02
2.453791900000000178e-03
-6.081893599999999879e-03
-0.000000000000000000e+00
0.000000000000000000e+00
-5.852298899999999748e-02
-4.859559100000000048e-02
-3.925437500000000107e-02
-1.932133499999999851e-02
2.325162300000000078e-03
0.000000000000000000e+00
0.000000000000000000e+00
0.000000000000000000e+00
0.000000000000000000e+00
0.000000000000000000e+00
-0.000000000000000000e+00
-2.939413299999999937e-02
-1.825413700000000014e-02
-2.231310499999999974e-03
8.777059699999999187e-03
-1.744046200000000033e-03
-0.000000000000000000e+00
-1.002661099999999951e-02
-5.296735599999999669e-03
-3.846589699999999890e-03
-1.036569600000000063e-02
-2.060976399999999917e-02
-3.121334099999999862e-02
-4.206208100000000116e-02
-5.226746599999999854e-02
-5.916939699999999858e-02
-6.228456300000000112e-02
-6.060523200000000194e-02
-5.254562599999999806e-02
-3.729896600000000284e-02
-1.317460800000000085e-02
2.273390100000000167e-03
-2.202690599999999974e-03
-7.767289999999999611e-03
0.000000000000000000e+00
0.000000000000000000e+00
-4.079374999999999668e-02
-5.217845399999999911e-02
-5.460241400000000189e-02
-4.419101799999999858e-02
-1.037749500000000047e-02
0.000000000000000000e+00
0.000000000000000000e+00
0.000000000000000000e+00
0.000000000000000000e+00
0.000000000000000000e+00
0.000000000000000000e+00
-1.450076200000000037e-02
-2.686660399999999879e-02
-1.448809900000000081e-02
2.512801699999999902e-02
1.089262799999999969e-02
0.000000000000000000e+00
-1.379189599999999967e-02
-1.026595100000000059e-02
-7.811814099999999858e-03
-7.919135500000000494e-03
-1.285428500000000002e-02
-1.936970299999999853e-02
-2.677366299999999963e-02
-3.517230200000000251e-02
-4.375114299999999928e-02
-5.190759899999999871e-02
-5.849802500000000210e-02
-6.090890999999999667e-02
-5.670168999999999904e-02
-3.564617400000000269e-02
-4.080528400000000069e-03
-3.373966200000000012e-03
-0.000000000000000000e+00
-4.592208399999999670e-03
-9.646946999999999467e-03
-3.573881500000000017e-02
-4.931104599999999727e-02
-5.955492700000000056e-02
-6.634189199999999953e-02
-0.000000000000000000e+00
0.000000000000000000e+00
0.000000000000000000e+00
0.000000000000000000e+00
0.000000000000000000e+00
0.000000000000000000e+00
0.000000000000000000e+00
-3.070441100000000176e-03
-2.722086400000000087e-02
-0.000000000000000000e+00
3.075083099999999930e-02
1.869029100000000124e-02
-0.000000000000000000e+00
-3.088374300000000169e-02
-2.063945099999999963e-02
-1.811872000000000135e-02
-1.290166499999999966e-02
-1.235015700000000050e-02
-1.425745399999999927e-02
-1.718176500000000162e-02
-2.064031900000000072e-02
-2.540030999999999886e-02
-3.240654200000000346e-02
-4.196963499999999819e-02
-5.230902300000000310e-02
-5.898774799999999957e-02
-4.868839700000000131e-02
-1.316760600000000010e-02
-0.000000000000000000e+00
-9.682219700000000394e-04
3.071704000000000188e-03
-6.047492100000000266e-03
-2.366359000000000171e-02
-4.079956099999999808e-02
-5.928040700000000024e-02
-8.188512200000000463e-02
-0.000000000000000000e+00
0.000000000000000000e+00
0.000000000000000000e+00
0.000000000000000000e+00
0.000000000000000000e+00
0.000000000000000000e+00
0.000000000000000000e+00
7.018233399999999726e-03
-2.072720800000000044e-02
-0.000000000000000000e+00
3.459527700000000067e-02
2.342217200000000152e-02
-0.000000000000000000e+00
-5.320455600000000007e-02
-3.049994300000000158e-02
-2.435832300000000117e-02
-1.845834400000000153e-02
-1.578274400000000133e-02
-1.602492999999999973e-02
-1.754499799999999915e-02
-1.880034100000000166e-02
-1.937652600000000155e-02
-2.194951100000000141e-02
-3.015389300000000106e-02
-4.335708199999999818e-02
-5.555900899999999948e-02
-5.348451399999999689e-02
-0.000000000000000000e+00
0.000000000000000000e+00
1.569328799999999968e-02
1.172404399999999944e-02
6.654759199999999743e-03
-7.377420099999999585e-03
-2.611620499999999997e-02
-5.086000599999999927e-02
-8.708687099999999626e-02
-0.000000000000000000e+00
0.000000000000000000e+00
0.000000000000000000e+00
0.000000000000000000e+00
0.000000000000000000e+00
0.000000000000000000e+00
0.000000000000000000e+00
0.000000000000000000e+00
-0.000000000000000000e+00
-0.000000000000000000e+00
0.000000000000000000e+00
0.000000000000000000e+00
0.000000000000000000e+00
-0.000000000000000000e+00
-4.833032899999999826e-02
-2.447251599999999971e-02
-1.861102099999999843e-02
-1.452876999999999988e-02
-1.341287000000000035e-02
-1.402383199999999996e-02
-1.513578099999999919e-02
-1.505879899999999945e-02
-1.592323199999999897e-02
-2.327266899999999930e-02
-3.855138999999999788e-02
-5.407546500000000311e-02
-5.058314299999999708e-02
-0.000000000000000000e+00
1.042771299999999991e-02
1.635390499999999844e-02
1.853850099999999890e-02
1.794755300000000151e-02
5.173189600000000117e-03
-1.116940800000000046e-02
-3.536166999999999783e-02
-7.684393200000000368e-02
-0.000000000000000000e+00
0.000000000000000000e+00
0.000000000000000000e+00
0.000000000000000000e+00
0.000000000000000000e+00
0.000000000000000000e+00
0.000000000000000000e+00
0.000000000000000000e+00
-0.000000000000000000e+00
0.000000000000000000e+00
0.000000000000000000e+00
0.000000000000000000e+00
0.000000000000000000e+00
0.000000000000000000e+00
-7.105746699999999916e-02
-2.822097599999999831e-02
-1.558691799999999995e-02
-9.862667599999999646e-03
-6.487844700000000228e-03
-5.962549499999999884e-03
-6.580365000000000346e-03
-6.558295999999999917e-03
-7.357247699999999724e-03
-1.442875499999999971e-02
-3.282415500000000069e-02
-5.521670800000000323e-02
-5.020153799999999694e-02
-0.000000000000000000e+00
0.000000000000000000e+00
5.719721900000000400e-03
1.448681800000000026e-02
2.263716199999999887e-02
1.407282399999999940e-02
6.336243100000000118e-04
-2.045077400000000142e-02
-5.618424400000000124e-02
-0.000000000000000000e+00
0.000000000000000000e+00
0.000000000000000000e+00
0.000000000000000000e+00
0.000000000000000000e+00
0.000000000000000000e+00
0.000000000000000000e+00
0.000000000000000000e+00
-0.000000000000000000e+00
0.000000000000000000e+00
0.000000000000000000e+00
0.000000000000000000e+00
0.000000000000000000e+00
0.000000000000000000e+00
-8.206645799999999491e-02
-5.164764100000000108e-02
-1.988103199999999987e-02
-9.978342799999999693e-03
-1.250353799999999894e-03
2.384070500000000023e-03
2.976177300000000091e-03
3.390104000000000121e-03
1.518815100000000000e-03
-6.291534300000000204e-03
-2.758401400000000045e-02
-5.607316300000000225e-02
-0.000000000000000000e+00
0.000000000000000000e+00
0.000000000000000000e+00
0.000000000000000000e+00
7.923721700000000345e-04
1.743159999999999848e-02
1.455298600000000039e-02
3.652704399999999810e-03
-1.537519700000000017e-02
-4.306672899999999804e-02
-6.688045900000000321e-02
0.000000000000000000e+00
0.000000000000000000e+00
0.000000000000000000e+00
0.000000000000000000e+00
0.000000000000000000e+00
0.000000000000000000e+00
0.000000000000000000e+00
0.000000000000000000e+00
0.000000000000000000e+00
0.000000000000000000e+00
0.000000000000000000e+00
0.000000000000000000e+00
0.000000000000000000e+00
-0.000000000000000000e+00
-0.000000000000000000e+00
-3.649829100000000215e-02
-2.393047099999999830e-02
-5.026118799999999831e-03
7.235005000000000082e-03
1.223618299999999944e-02
1.477176200000000078e-02
1.270034700000000072e-02
3.387688900000000117e-03
-2.093349200000000146e-02
-5.375624400000000164e-02
0.000000000000000000e+00
0.000000000000000000e+00
0.000000000000000000e+00
0.000000000000000000e+00
-2.340635199999999833e-02
-3.773427099999999805e-03
5.111698999999999930e-03
1.526753299999999937e-03
-1.244813600000000027e-02
-3.462732200000000204e-02
-5.535849899999999851e-02
0.000000000000000000e+00
0.000000000000000000e+00
-9.476988800000000698e-03
-1.184565299999999939e-02
-0.000000000000000000e+00
0.000000000000000000e+00
0.000000000000000000e+00
0.000000000000000000e+00
0.000000000000000000e+00
0.000000000000000000e+00
0.000000000000000000e+00
0.000000000000000000e+00
0.000000000000000000e+00
-0.000000000000000000e+00
-4.823211200000000060e-02
-5.360015900000000139e-02
-3.433289800000000058e-02
-8.618804500000000479e-03
8.008160599999999615e-03
1.863744900000000038e-02
2.369381799999999844e-02
2.308805699999999864e-02
1.384632700000000029e-02
-1.048026200000000061e-02
-4.065631499999999843e-02
0.000000000000000000e+00
0.000000000000000000e+00
0.000000000000000000e+00
0.000000000000000000e+00
-0.000000000000000000e+00
-3.400855900000000070e-02
-8.139462199999999287e-03
-3.082095300000000076e-03
-6.739083699999999684e-03
-1.954844199999999921e-02
-4.083624500000000018e-02
0.000000000000000000e+00
-0.000000000000000000e+00
-0.000000000000000000e+00
-0.000000000000000000e+00
0.000000000000000000e+00
0.000000000000000000e+00
0.000000000000000000e+00
0.000000000000000000e+00
0.000000000000000000e+00
0.000000000000000000e+00
0.000000000000000000e+00
0.000000000000000000e+00
0.000000000000000000e+00
0.000000000000000000e+00
-3.358823200000000259e-02
-4.603477799999999842e-02
-2.463762599999999928e-02
-2.982419899999999915e-03
9.370371699999999540e-03
1.983137399999999884e-02
2.863324199999999972e-02
2.998321500000000056e-02
2.377417100000000019e-02
6.114990899999999709e-03
-0.000000000000000000e+00
0.000000000000000000e+00
0.000000000000000000e+00
0.000000000000000000e+00
0.000000000000000000e+00
-0.000000000000000000e+00
-4.451928299999999977e-02
-1.801347899999999891e-02
-7.050141200000000288e-03
1.471654200000000043e-03
-3.391059100000000121e-03
-1.877766599999999841e-02
0.000000000000000000e+00
-0.000000000000000000e+00
-0.000000000000000000e+00
0.000000000000000000e+00
-0.000000000000000000e+00
0.000000000000000000e+00
0.000000000000000000e+00
0.000000000000000000e+00
0.000000000000000000e+00
0.000000000000000000e+00
0.000000000000000000e+00
0.000000000000000000e+00
0.000000000000000000e+00
0.000000000000000000e+00
0.000000000000000000e+00
-5.363648299999999869e-02
-3.156227999999999811e-02
-1.848709899999999989e-02
-4.081775000000000160e-03
8.822150500000000561e-03
2.203100800000000123e-02
2.887687499999999977e-02
2.911231900000000108e-02
2.214346600000000054e-02
0.000000000000000000e+00
0.000000000000000000e+00
0.000000000000000000e+00
0.000000000000000000e+00
0.000000000000000000e+00
0.000000000000000000e+00
-0.000000000000000000e+00
-6.361747700000000560e-02
-3.768102400000000046e-02
6.232003199999999916e-03
9.288229000000000277e-03
4.660804600000000367e-03
1.506830200000000043e-02
0.000000000000000000e+00
0.000000000000000000e+00
0.000000000000000000e+00
-0.000000000000000000e+00
0.000000000000000000e+00
0.000000000000000000e+00
0.000000000000000000e+00
0.000000000000000000e+00
0.000000000000000000e+00
0.000000000000000000e+00
0.000000000000000000e+00
0.000000000000000000e+00
0.000000000000000000e+00
0.000000000000000000e+00
-5.963420900000000052e-02
-3.361626699999999829e-02
-5.009210900000000272e-02
-3.674272399999999744e-02
-1.840583800000000075e-02
2.627543200000000048e-03
1.903297899999999848e-02
2.870687499999999975e-02
4.709109100000000159e-02
0.000000000000000000e+00
0.000000000000000000e+00
0.000000000000000000e+00
0.000000000000000000e+00
0.000000000000000000e+00
0.000000000000000000e+00
0.000000000000000000e+00
-2.117576300000000022e-01
-8.975505100000000236e-02
-3.580647100000000204e-03
1.319556799999999953e-02
1.807985100000000095e-02
0.000000000000000000e+00
0.000000000000000000e+00
0.000000000000000000e+00
0.000000000000000000e+00
0.000000000000000000e+00
0.000000000000000000e+00
0.000000000000000000e+00
0.000000000000000000e+00
0.000000000000000000e+00
0.000000000000000000e+00
0.000000000000000000e+00
0.000000000000000000e+00
0.000000000000000000e+00
0.000000000000000000e+00
0.000000000000000000e+00
-0.000000000000000000e+00
-3.521429100000000173e-02
-7.696584500000000495e-02
-7.802087800000000184e-02
-6.962566800000000167e-02
-2.613321099999999994e-02
0.000000000000000000e+00
0.000000000000000000e+00
0.000000000000000000e+00
0.000000000000000000e+00
0.000000000000000000e+00
0.000000000000000000e+00
0.000000000000000000e+00
-0.000000000000000000e+00
-1.133461000000000017e-02
0.000000000000000000e+00
-1.627972099999999978e-01
-9.567717800000000161e-02
-4.294316799999999684e-02
-1.902161899999999959e-03
3.432788700000000137e-02
1.055064799999999997e-01
-5.914039000000000275e-03
-0.000000000000000000e+00
-0.000000000000000000e+00
0.000000000000000000e+00
0.000000000000000000e+00
0.000000000000000000e+00
0.000000000000000000e+00
0.000000000000000000e+00
0.000000000000000000e+00
0.000000000000000000e+00
0.000000000000000000e+00
0.000000000000000000e+00
0.000000000000000000e+00
0.000000000000000000e+00
0.000000000000000000e+00
0.000000000000000000e+00
-0.000000000000000000e+00
-0.000000000000000000e+00
-1.300308500000000034e-01
-9.108946099999999657e-02
0.000000000000000000e+00
0.000000000000000000e+00
0.000000000000000000e+00
0.000000000000000000e+00
0.000000000000000000e+00
0.000000000000000000e+00
0.000000000000000000e+00
-0.000000000000000000e+00
-4.524715099999999934e-02
-1.184376000000000040e-01
-1.226609000000000033e-01
-0.000000000000000000e+00
-1.498580999999999941e-01
-6.639366500000000448e-02
-1.834650599999999854e-02
-2.965635399999999935e-02
4.736305500000000113e-02
1.351190199999999925e-02
-0.000000000000000000e+00
0.000000000000000000e+00
0.000000000000000000e+00
0.000000000000000000e+00
0.000000000000000000e+00
0.000000000000000000e+00
0.000000000000000000e+00
0.000000000000000000e+00
0.000000000000000000e+00
-1.312312600000000058e-02
-3.415393799999999914e-03
1.204966800000000079e-03
-7.260602200000000400e-04
-7.112316900000000344e-03
-1.311829699999999925e-02
-1.417042299999999970e-02
-3.423374800000000134e-02
-5.585153799999999918e-02
-5.437545600000000430e-03
-1.952011999999999844e-02
-2.109051199999999876e-02
5.752839200000000111e-04
5.650356200000000023e-02
2.615715500000000138e-02
5.996488900000000212e-03
0.000000000000000000e+00
-2.088862999999999831e-02
-4.731801900000000283e-02
-0.000000000000000000e+00
0.000000000000000000e+00
0.000000000000000000e+00
-0.000000000000000000e+00
-7.894158900000000645e-02
-5.965634400000000004e-02
-2.723171200000000167e-02
2.798949599999999913e-02
7.287593900000000069e-02
-1.097402700000000078e-02
-4.921164299999999936e-02
-7.389623500000000456e-02
-7.924483799999999800e-02
-6.404759799999999725e-02
-3.716429300000000102e-02
0.000000000000000000e+00
