  5.853526e-01
  5.369505e-01
  5.283290e-01
  4.936034e-01
  4.593213e-01
  4.186645e-01
  3.721502e-01
  3.431800e-01
  3.246166e-01
  3.041540e-01
  2.714854e-01
  2.539371e-01
  2.412002e-01
  2.255230e-01
  2.319644e-01
  2.555052e-01
  2.604033e-01
  2.383371e-01
  2.319649e-01
  2.419283e-01
  2.433434e-01
  2.430429e-01
  2.441889e-01
  2.503460e-01
  2.539110e-01
  2.559227e-01
  2.667949e-01
  2.808037e-01
  3.017380e-01
  3.303894e-01
  3.598169e-01
  3.893390e-01
  4.356744e-01
  4.673227e-01
  5.620465e-01
  6.862019e-01
