1.055694799999999933e+00
1.112446199999999941e+00
1.647379600000000055e+00
2.048420199999999802e+00
1.999552699999999961e+00
2.807199499999999848e+00
3.007369999999999877e+00
4.654334199999999866e-01
-1.348201900000000064e+00
-2.040287999999999879e+00
-2.328248299999999826e+00
-2.882716700000000021e+00
-3.346868000000000176e+00
-2.923517200000000038e+00
-2.616735499999999881e+00
-2.960407500000000081e+00
-2.493098999999999954e+00
-1.447816100000000050e+00
-8.408317600000000391e-01
7.449305099999999902e-01
-4.653898200000000096e-01
-1.498205900000000090e+00
-2.188406699999999816e+00
-3.612495700000000198e+00
-4.144206999999999752e+00
-3.498608100000000221e+00
-2.690224900000000030e+00
-2.150462600000000002e+00
-1.747899400000000103e+00
-1.856829599999999969e+00
-1.297938500000000106e+00
2.525924099999999894e-01
-5.170914500000000080e-01
-2.915570999999999913e+00
-1.331916799999999901e+00
7.245956099999999456e-01
-3.902983700000000056e+00
-3.576953200000000166e+00
-4.127081900000000303e+00
-3.366688700000000090e+00
-1.888110299999999908e+00
-1.339405699999999921e+00
-2.796003799999999817e-01
6.535591499999999776e-01
1.624428599999999889e+00
2.051346300000000067e+00
2.234692100000000181e+00
2.022149100000000033e+00
1.672636900000000093e+00
1.312345000000000095e+00
1.094332899999999942e+00
8.802757900000000024e-01
7.471607900000000191e-01
7.893288699999999602e-01
-5.998594800000000005e-01
-1.333756100000000056e-01
6.073313999999999657e-01
5.689912999999999776e-01
7.107390199999999991e-01
6.136797699999999578e-01
-2.870924399999999835e-02
-8.141803100000000182e-01
-1.561064100000000066e+00
-1.750042899999999957e+00
-1.862605099999999902e+00
-2.573574499999999876e+00
-3.854206099999999857e+00
-3.021096200000000120e+00
-1.205570500000000100e+00
-2.422121499999999816e+00
-4.771927800000000275e+00
-4.429144400000000203e+00
2.292096900000000215e+00
2.435263899999999815e+00
2.595259899999999842e+00
2.737419099999999883e+00
3.066659200000000141e+00
3.667025100000000037e+00
4.219950700000000055e+00
4.448903999999999748e+00
4.647696999999999967e+00
4.758332300000000181e+00
4.854892699999999728e+00
4.889083900000000149e+00
4.709341499999999847e+00
4.563426500000000274e+00
4.446914699999999776e+00
4.339334499999999650e+00
4.241743099999999878e+00
4.185263199999999628e+00
4.368365800000000299e+00
3.999303600000000181e+00
3.262463299999999844e+00
3.326912399999999881e+00
3.431954100000000007e+00
3.441864699999999999e+00
3.452618100000000023e+00
3.519775200000000215e+00
3.608681900000000109e+00
3.671835399999999971e+00
3.796092699999999986e+00
3.787183999999999884e+00
3.385577200000000175e+00
2.893650500000000125e+00
2.774668899999999994e+00
2.516417000000000126e+00
2.622673999999999950e+00
2.444849500000000120e+00
6.289898899999999848e+00
6.335822099999999679e+00
6.312478099999999870e+00
6.212005600000000349e+00
6.138832999999999984e+00
6.118993800000000149e+00
6.286034100000000180e+00
5.497833700000000157e+00
5.574291200000000224e+00
5.576374099999999778e+00
5.578703899999999827e+00
5.827589500000000200e+00
5.893010600000000210e+00
6.039810199999999796e+00
6.184391999999999889e+00
6.246808099999999975e+00
6.220649700000000060e+00
6.176919500000000340e+00
5.578083000000000347e+00
5.105950400000000222e+00
4.767321599999999826e+00
4.941651799999999817e+00
5.074060900000000096e+00
5.438430799999999898e+00
5.421790099999999946e+00
5.582900000000000418e+00
5.924958700000000356e+00
6.164721000000000117e+00
6.350459100000000134e+00
6.533711000000000269e+00
6.674529999999999852e+00
6.811758000000000202e+00
7.102889099999999623e+00
6.430383199999999633e+00
6.189025899999999858e+00
6.293436100000000089e+00
8.148181900000000866e+00
8.100402799999999459e+00
7.778506799999999721e+00
7.217314700000000194e+00
6.519914199999999660e+00
5.518348200000000148e+00
4.999065899999999729e+00
4.111070599999999686e+00
4.278901099999999680e+00
4.775843599999999967e+00
5.238027599999999673e+00
5.744759600000000077e+00
6.129603900000000216e+00
6.420445400000000191e+00
6.689139400000000180e+00
6.766195800000000204e+00
6.745320300000000380e+00
6.418911900000000337e+00
4.309803999999999746e+00
5.058040100000000372e+00
4.434224600000000294e+00
5.267270599999999803e+00
5.841293300000000244e+00
6.408271799999999629e+00
6.665108700000000219e+00
6.795181799999999939e+00
7.135551500000000047e+00
7.270789100000000005e+00
7.296926000000000023e+00
7.277791999999999817e+00
7.309928900000000063e+00
7.463410900000000403e+00
8.430039400000000072e+00
8.627721799999999774e+00
8.267675399999999897e+00
8.231417699999999726e+00
8.147472399999999837e+00
7.717725699999999911e+00
6.983019800000000110e+00
6.143999799999999567e+00
5.355465299999999651e+00
3.760041900000000048e+00
2.203150099999999778e+00
1.594358399999999953e+00
2.332437399999999883e+00
3.043884600000000162e+00
3.621891699999999936e+00
4.243918200000000418e+00
4.798362400000000250e+00
5.244662599999999841e+00
5.571074799999999883e+00
5.727585999999999622e+00
5.780578000000000216e+00
5.428096100000000312e+00
2.938274700000000017e+00
3.625731200000000154e+00
3.121824499999999780e+00
3.741651300000000013e+00
4.778856099999999607e+00
5.580436100000000010e+00
6.240634199999999687e+00
6.715036300000000402e+00
6.899810200000000115e+00
6.698722700000000252e+00
6.213589599999999713e+00
5.751053200000000309e+00
5.798036800000000213e+00
5.923230499999999843e+00
6.739033599999999957e+00
7.828538400000000230e+00
8.057611899999999494e+00
8.233415100000000209e+00
6.324753799999999870e+00
5.474713799999999964e+00
4.693348900000000157e+00
3.819601099999999860e+00
2.532699299999999987e+00
1.723687100000000028e+00
1.461234200000000039e+00
9.630028000000000477e-01
1.106553099999999956e+00
1.437979200000000013e+00
1.829036099999999943e+00
2.360965499999999828e+00
2.873569300000000215e+00
3.353371099999999938e+00
3.758016800000000046e+00
4.104906599999999628e+00
4.290679899999999769e+00
3.928339999999999943e+00
2.232530800000000148e+00
2.312419400000000014e+00
1.998614099999999949e+00
2.176360400000000084e+00
3.191764599999999952e+00
4.233613499999999696e+00
5.036417000000000144e+00
5.586981299999999706e+00
5.641435099999999814e+00
4.718220699999999823e+00
3.641848099999999810e+00
2.988757600000000014e+00
3.482374399999999870e+00
3.722548199999999863e+00
4.535223000000000226e+00
5.396927400000000041e+00
6.128726000000000340e+00
6.559046699999999674e+00
3.013364000000000154e+00
1.835363499999999926e+00
1.588274200000000080e+00
1.365333600000000036e+00
6.403433099999999989e-01
4.939207700000000090e-01
-8.718900300000000450e-03
3.080913399999999913e-01
-1.986967299999999881e-01
-3.639881500000000103e-01
-1.191211300000000056e-01
2.993665300000000196e-01
7.394690200000000324e-01
1.213274699999999928e+00
1.726652700000000040e+00
2.176427100000000170e+00
2.327140800000000009e+00
1.914699399999999940e+00
9.254009800000000396e-01
7.684133600000000452e-01
2.241776099999999994e-01
5.360863799999999735e-01
1.354254199999999964e+00
2.333975999999999829e+00
3.090586300000000008e+00
3.555729200000000034e+00
3.417113300000000020e+00
1.989067099999999977e+00
1.959652299999999903e+00
8.104550200000000260e-01
8.063359500000000235e-01
1.055949699999999991e+00
1.718266599999999977e+00
2.481501300000000132e+00
3.191132300000000033e+00
3.507286500000000196e+00
2.923819100000000018e-02
-5.436770899999999740e-01
-1.212850699999999948e-01
1.528346700000000058e-01
5.231138700000000086e-02
-2.465372700000000028e-01
-9.312702999999999953e-01
-9.575474299999999772e-01
-1.404911299999999974e+00
-1.636094099999999996e+00
-1.473229099999999958e+00
-1.111903899999999945e+00
-6.847839999999999483e-01
-2.106130400000000014e-01
2.856133599999999828e-01
5.908887999999999918e-01
5.339431199999999933e-01
1.630120999999999931e-01
2.190643499999999910e-01
-5.597472200000000106e-03
-6.362643199999999943e-01
-1.163433099999999998e+00
-2.791990899999999831e-01
6.773678100000000146e-01
1.104912200000000011e+00
1.064112900000000028e+00
3.639243200000000233e-01
-5.820667099999999872e-01
3.309786599999999801e-01
-9.507199499999999803e-01
-1.703914200000000045e+00
-1.329866200000000109e+00
-6.833689800000000147e-01
1.038979699999999923e-02
4.384198200000000156e-01
4.773285099999999836e-01
-2.725503699999999974e+00
-2.089090099999999950e+00
-1.600306999999999924e+00
-1.058637300000000003e+00
-6.840421599999999547e-01
-1.374188699999999930e+00
-2.348654499999999867e+00
-2.603015699999999821e+00
-2.854120299999999943e+00
-2.920016299999999898e+00
-2.708006399999999925e+00
-2.286637100000000089e+00
-1.795846899999999913e+00
-1.355207100000000109e+00
-1.139288700000000043e+00
-1.360231299999999921e+00
-1.850928099999999965e+00
-1.906716099999999914e+00
-2.916926100000000188e-01
-1.082810200000000056e-01
-8.386659600000000436e-01
-1.618445799999999934e+00
-1.757924000000000042e+00
-1.240511399999999931e+00
-1.480480699999999983e+00
-2.076401199999999836e+00
-2.778572800000000065e+00
-1.280048700000000039e+00
-3.649047599999999947e-01
-1.732211200000000062e+00
-3.388220500000000079e+00
-3.190446600000000021e+00
-2.959855300000000078e+00
-2.847532000000000174e+00
-2.889459599999999906e+00
-2.976759700000000120e+00
-3.859997499999999970e+00
-2.139684899999999779e+00
-2.201475600000000199e+00
-1.673175899999999938e+00
-1.313652400000000053e+00
-2.532834100000000088e+00
-3.517754099999999884e+00
-3.755359200000000008e+00
-3.842489500000000113e+00
-3.756801799999999858e+00
-3.427179300000000151e+00
-2.863741399999999881e+00
-2.354610000000000092e+00
-2.116172600000000070e+00
-2.376897599999999944e+00
-3.069459199999999832e+00
-3.726131399999999871e+00
-3.317586200000000041e+00
-9.299124500000000015e-01
-4.746767899999999873e-02
-9.233267299999999844e-01
-1.341224100000000030e+00
-2.532291400000000081e+00
-2.830628400000000156e+00
-3.461911199999999855e+00
-4.116450799999999965e+00
-4.205851599999999912e+00
-1.057953399999999933e+00
-6.909136200000000061e-01
-1.368333000000000022e+00
-2.334071600000000135e+00
-4.146868200000000115e+00
-4.559785399999999989e+00
-4.994259399999999793e+00
-5.205101499999999604e+00
-4.969388000000000361e+00
-4.327460799999999885e+00
-2.075263300000000033e+00
-2.363014499999999796e+00
-2.113744300000000020e+00
-1.600990200000000030e+00
-3.797773600000000194e+00
-4.407813100000000262e+00
-4.605213199999999674e+00
-4.555556300000000114e+00
-4.328048700000000082e+00
-3.847729000000000177e+00
-3.247340200000000010e+00
-2.957969199999999965e+00
-3.174308100000000188e+00
-3.988617200000000196e+00
-4.859259100000000053e+00
-5.274494200000000355e+00
-4.555312200000000367e+00
-1.706821200000000038e+00
-4.155181299999999647e-03
-7.084221200000000440e-01
-8.057585999999999915e-01
-3.308482600000000051e+00
-4.639469100000000346e+00
-5.285451400000000355e+00
-5.508876800000000351e+00
-4.239984999999999893e+00
-5.189745399999999842e-01
-9.953570400000000262e-01
-1.245166900000000076e+00
-1.653498300000000087e+00
-3.960936499999999860e+00
-5.847317199999999993e+00
-6.603318200000000360e+00
-6.731220699999999724e+00
-6.081827200000000211e+00
-4.144124500000000211e+00
-1.896000499999999978e+00
-1.666803500000000104e+00
-2.085389900000000019e+00
-2.514529000000000014e+00
-4.405123699999999864e+00
-4.544768799999999942e+00
-4.663576599999999850e+00
-4.477408399999999844e+00
-4.099511099999999963e+00
-3.700608499999999967e+00
-3.622435600000000200e+00
-4.042084199999999683e+00
-4.814538500000000276e+00
-5.721895700000000140e+00
-6.235255200000000109e+00
-6.156812200000000068e+00
-5.312443700000000213e+00
-1.322593899999999989e+00
1.563359599999999960e-01
-2.871339600000000214e-01
-1.094818099999999905e+00
-4.357819600000000015e+00
-6.094981200000000321e+00
-6.366706800000000221e+00
-5.858795599999999659e+00
-3.321422099999999933e+00
-1.745816599999999996e-01
-9.652413100000000190e-01
-6.875205599999999473e-01
-1.535081099999999976e+00
-4.109556699999999729e+00
-6.390695599999999921e+00
-7.241240000000000343e+00
-7.241619100000000309e+00
-6.295708199999999977e+00
-3.733799199999999985e+00
-1.474706999999999990e+00
-8.479987399999999731e-01
-1.717961300000000024e+00
-3.596130800000000072e+00
-4.021206900000000140e+00
-3.698814599999999952e+00
-3.596997500000000070e+00
-3.311897800000000114e+00
-3.031166300000000202e+00
-3.277086000000000165e+00
-4.328678100000000306e+00
-5.492470700000000150e+00
-6.410306000000000282e+00
-6.983772300000000044e+00
-7.005185100000000276e+00
-6.415857299999999874e+00
-4.819866199999999878e+00
-5.900611000000000050e-02
1.603364800000000104e-02
-2.706127199999999733e-01
-1.282404199999999994e+00
-5.191240299999999586e+00
-6.843825800000000292e+00
-6.643836000000000297e+00
-5.446441199999999760e+00
-2.528855099999999911e+00
-1.820434599999999972e-02
-7.388072599999999657e-01
-6.823578500000000435e-01
-1.251840700000000028e+00
-4.053739499999999829e+00
-6.355755799999999844e+00
-7.222263299999999830e+00
-7.129782699999999807e+00
-6.103728799999999843e+00
-2.753001699999999996e+00
-9.183630299999999691e-01
-2.822844999999999938e-01
-1.158690199999999892e+00
-2.558095699999999972e+00
-2.430548899999999790e+00
-2.273563900000000082e+00
-1.955419699999999983e+00
-1.852950000000000097e+00
-2.121958999999999929e+00
-3.169302500000000133e+00
-4.993638999999999939e+00
-6.425071700000000163e+00
-7.214158099999999685e+00
-7.408284700000000278e+00
-7.016555300000000273e+00
-5.997705500000000356e+00
-3.969052800000000047e+00
-2.263142499999999946e-01
-2.663025900000000057e-01
-5.395725399999999894e-01
-1.383077700000000076e+00
-4.733358899999999814e+00
-6.830086200000000218e+00
-6.204952699999999766e+00
-4.450476600000000005e+00
-1.536189400000000038e+00
3.636828699999999914e-01
-4.248953500000000050e-01
-8.604552100000000259e-01
-2.432088600000000156e+00
-3.895363999999999827e+00
-5.567555399999999821e+00
-6.418364500000000028e+00
-6.161657299999999893e+00
-5.005273800000000328e+00
-1.165467100000000089e+00
-4.172398999999999969e-01
-2.029201900000000142e-02
-5.017739500000000241e-01
-8.241254099999999472e-01
-1.999846900000000094e+00
-1.884499300000000099e+00
-1.906962800000000069e+00
-2.270014000000000198e+00
-2.839356899999999850e+00
-3.849838000000000093e+00
-5.406272399999999756e+00
-6.709903200000000290e+00
-7.354214200000000368e+00
-7.295824999999999783e+00
-6.627147700000000086e+00
-5.328858900000000176e+00
-2.847662000000000138e+00
-3.432763200000000237e-01
-7.334172700000000100e-01
-8.186592499999999495e-01
-1.211271500000000056e+00
-3.877588300000000210e+00
-6.206644500000000342e+00
-5.335288499999999878e+00
-3.249050599999999900e+00
-4.311622099999999902e-01
8.544743099999999592e-01
-1.111966300000000046e-01
-1.002164400000000066e+00
-2.481152999999999942e+00
-2.883024900000000112e+00
-3.946787800000000068e+00
-4.753785099999999986e+00
-4.444588699999999726e+00
-3.304070199999999957e+00
-3.326252799999999954e-02
-3.567340199999999989e-02
7.248422600000000229e-03
-5.955356700000000170e-02
-1.321328400000000070e+00
-2.919158200000000036e+00
-3.353671799999999870e+00
-4.011239999999999917e+00
-4.595367900000000283e+00
-5.028612599999999766e+00
-5.469953099999999679e+00
-6.061292199999999575e+00
-6.573267900000000274e+00
-6.752737999999999907e+00
-6.450541499999999928e+00
-5.668384600000000439e+00
-4.116468399999999583e+00
-1.325403899999999968e+00
-3.591615300000000066e-01
-9.757862099999999872e-01
-1.061507900000000060e+00
-1.104629400000000095e+00
-3.609216700000000166e+00
-4.923700300000000141e+00
-4.115590100000000362e+00
-1.950605399999999934e+00
6.517947899999999573e-01
1.018180800000000108e+00
6.595771000000000273e-02
-1.270110599999999978e+00
-2.224810100000000013e+00
-1.841704400000000019e+00
-2.123236700000000088e+00
-2.571389899999999784e+00
-2.220229900000000089e+00
-1.338736900000000007e+00
3.253124900000000097e-01
1.991042600000000051e-01
9.666143700000000283e-02
-4.650778500000000149e-01
-3.207739399999999907e+00
-4.049732699999999852e+00
-4.967118100000000425e+00
-5.746170799999999801e+00
-6.283814200000000127e+00
-6.585639600000000371e+00
-6.717041599999999946e+00
-6.659269499999999731e+00
-6.365941199999999967e+00
-5.816102299999999836e+00
-4.938538900000000176e+00
-3.933206300000000155e+00
-2.274534000000000056e+00
1.502054499999999904e-01
-2.358734899999999912e-01
-9.793060999999999572e-01
-1.298375800000000080e+00
-1.668324600000000046e+00
-3.631484299999999887e+00
-2.953257400000000032e+00
-2.352179500000000090e+00
-3.049765799999999971e-01
1.696090700000000062e+00
9.112571600000000105e-01
2.735233000000000247e-01
-1.339789700000000083e+00
-1.995093500000000075e+00
-1.274558700000000044e+00
-7.872961400000000332e-01
-6.285918200000000233e-01
-1.544170500000000001e-01
3.456663700000000006e-01
4.310123399999999938e-01
3.118837400000000204e-01
-1.956870900000000080e-01
-2.170282799999999845e+00
-3.570756499999999889e+00
-3.777704299999999904e+00
-4.605019999999999669e+00
-5.226740200000000058e+00
-5.706817899999999888e+00
-6.047387800000000091e+00
-6.270686800000000005e+00
-6.338522199999999884e+00
-6.194433400000000312e+00
-5.562623300000000270e+00
-4.344535300000000433e+00
-2.803114299999999837e+00
-8.067814899999999900e-01
9.389515000000000500e-01
-9.635678300000000140e-02
-1.149733899999999975e+00
-1.879548999999999914e+00
-3.298689400000000216e+00
-3.131856799999999996e+00
-9.560040899999999731e-01
2.488232900000000025e-01
1.924603400000000075e+00
2.954389200000000049e+00
9.042633300000000318e-01
4.432447299999999757e-01
-1.321588800000000008e+00
-1.808399599999999996e+00
-1.040239200000000030e+00
-4.177376499999999743e-02
8.226477100000000320e-01
1.379365500000000022e+00
1.434155300000000022e+00
3.162380200000000086e-01
2.201480899999999907e-01
-4.076719899999999841e-01
-2.233201999999999909e+00
-3.295259000000000160e+00
-4.085795899999999925e+00
-4.958886599999999589e+00
-5.442554499999999962e+00
-5.686079499999999953e+00
-5.737183100000000202e+00
-5.578578900000000118e+00
-5.190612299999999735e+00
-4.603093099999999716e+00
-3.546998299999999826e+00
-2.095328299999999810e+00
-1.093618900000000060e+00
-5.393452600000000485e-01
2.576592600000000011e-01
-1.597788300000000106e-01
-1.903773399999999949e+00
-2.817410199999999865e+00
-4.941787699999999894e+00
-3.130811500000000080e+00
-5.092512099999999681e-02
2.004510199999999909e+00
1.466766999999999932e+00
1.977674200000000049e+00
4.818555700000000108e-01
2.830047600000000219e-01
-8.746536400000000100e-01
-1.578731700000000071e+00
-7.871239199999999769e-01
1.934489199999999964e-01
1.784976499999999966e+00
2.091270900000000044e+00
1.418791300000000088e+00
3.817207200000000133e-01
1.974656599999999873e-01
-5.936369299999999516e-01
-2.682778799999999908e+00
-4.221659700000000015e+00
-5.763721900000000176e+00
-6.873358699999999821e+00
-7.490402200000000121e+00
-7.740103200000000072e+00
-7.639712300000000234e+00
-7.230319500000000232e+00
-6.380116899999999980e+00
-5.001267399999999697e+00
-2.992025400000000168e+00
-8.521417399999999809e-01
-4.774175299999999789e-01
-1.345464200000000110e+00
-1.108254300000000026e+00
-8.577591199999999860e-01
-3.723697399999999824e+00
-5.612497799999999870e+00
-6.351136200000000009e+00
-4.445227100000000320e+00
-6.428955800000000220e-01
2.102068699999999790e+00
6.867854599999999587e-01
4.648858000000000157e-01
5.947503099999999765e-02
2.382248600000000036e-02
-3.965551600000000176e-01
-8.755198100000000094e-01
-4.220667200000000063e-01
3.863906300000000127e-01
2.801104800000000061e+00
2.337718199999999857e+00
1.642816099999999890e+00
3.539890099999999928e-01
5.346561200000000263e-02
-9.888409400000000016e-01
-3.290884500000000212e+00
-4.970813299999999657e+00
-6.550892799999999738e+00
-7.549247699999999561e+00
-8.168318700000000376e+00
-8.541681300000000476e+00
-8.648100899999999314e+00
-8.521399499999999350e+00
-7.999529400000000123e+00
-6.809745799999999960e+00
-4.657064000000000092e+00
-1.875220300000000062e+00
-1.107167500000000082e+00
-1.814567599999999947e+00
-2.557506099999999893e+00
-3.817534199999999878e+00
-6.160786599999999780e+00
-7.722425000000000317e+00
-7.225134800000000190e+00
-5.848955199999999799e+00
-2.385464199999999924e+00
9.079590400000000505e-01
-9.938145399999999408e-02
-3.699644799999999845e-01
-5.707058299999999695e-01
-6.258711200000000030e-01
-5.347877100000000272e-01
-1.440848399999999918e+00
-5.850051600000000240e-01
8.088715100000000158e-01
2.742421199999999892e+00
1.833450999999999942e+00
1.509663699999999942e+00
1.353762099999999968e-01
-6.374548100000000384e-01
-1.857182700000000075e+00
-3.675278699999999787e+00
-4.835657600000000222e+00
-5.911885299999999788e+00
-6.655803699999999878e+00
-7.255302900000000221e+00
-7.762965200000000010e+00
-8.068796199999999530e+00
-8.155701600000000440e+00
-7.880746799999999830e+00
-7.025939499999999782e+00
-5.321865100000000126e+00
-2.601893399999999801e+00
-1.100198000000000009e+00
-7.788367299999999771e-01
-4.760873300000000086e+00
-9.245051399999999475e+00
-8.412406000000000716e+00
-7.754297700000000404e+00
-7.378882899999999800e+00
-6.502536799999999673e+00
-4.073855400000000238e+00
-1.134134500000000045e+00
-1.609708399999999928e+00
-1.334701899999999997e+00
-1.942132799999999992e+00
-2.232724399999999942e+00
-1.328627299999999956e+00
-1.143214200000000069e+00
-1.533783200000000124e-01
1.385186199999999923e+00
2.012899399999999783e+00
1.789199399999999995e+00
1.427201699999999907e+00
-1.326298399999999988e-01
-2.164607800000000193e+00
-3.305322400000000105e+00
-3.992469100000000104e+00
-4.561687899999999907e+00
-5.200433300000000258e+00
-5.783784400000000048e+00
-6.321754000000000318e+00
-6.827866099999999605e+00
-7.213590599999999853e+00
-7.448222600000000249e+00
-7.366067900000000002e+00
-6.673291200000000423e+00
-5.058296699999999646e+00
-2.298966599999999971e+00
-3.494352800000000148e-02
-1.103636099999999898e+00
-5.575473299999999632e+00
-6.096862299999999735e+00
-7.101075599999999710e+00
-7.119669899999999885e+00
-7.085220800000000096e+00
-6.642184300000000263e+00
-5.050074600000000302e+00
-3.011070699999999878e+00
-2.857655999999999974e+00
-2.129410500000000095e+00
-2.669476500000000030e+00
-3.328751099999999852e+00
-1.811309099999999894e+00
-6.303062400000000176e-01
6.706906599999999941e-01
2.380518700000000099e+00
2.257502600000000026e+00
1.777564200000000039e+00
8.323987099999999861e-01
-2.205706799999999912e-01
-1.963059899999999969e+00
-3.847701799999999839e+00
-3.794219299999999961e+00
-3.786413899999999888e+00
-4.080249300000000190e+00
-4.570344900000000266e+00
-5.059364300000000370e+00
-5.495941199999999860e+00
-5.857859099999999763e+00
-6.158027599999999602e+00
-6.250735800000000175e+00
-5.707204800000000411e+00
-3.955134600000000056e+00
-6.456493100000000318e-01
3.548296699999999859e-01
-2.123278399999999788e+00
-4.506785400000000053e+00
-3.514423400000000086e+00
-4.821785000000000210e+00
-5.374927500000000080e+00
-5.860823199999999567e+00
-5.977420799999999979e+00
-5.300534700000000043e+00
-3.516131199999999790e+00
-2.566649899999999818e+00
-2.100296000000000163e+00
-2.361792799999999914e+00
-2.350953099999999907e+00
-9.541250500000000301e-01
-8.664138300000000514e-01
7.153322100000000239e-01
2.935693000000000108e+00
2.775677200000000067e+00
1.616219999999999990e+00
3.859809299999999999e-01
5.495270000000000016e-02
-1.007107500000000044e+00
-2.643439299999999825e+00
-2.796284399999999781e+00
-2.260268700000000131e+00
-2.237710700000000053e+00
-2.544365899999999847e+00
-2.950457999999999803e+00
-3.329430599999999796e+00
-3.686316500000000218e+00
-4.064095000000000013e+00
-4.301993399999999745e+00
-3.877663899999999941e+00
-1.844811100000000037e+00
1.607368899999999989e+00
6.838127400000000300e-01
-2.787209700000000012e+00
-2.667649700000000124e+00
-2.127047800000000155e+00
-1.999769600000000036e+00
-2.609460100000000171e+00
-3.578637800000000091e+00
-4.275491200000000269e+00
-4.344336499999999823e+00
-2.768779499999999949e+00
-1.447486300000000004e+00
-1.381391599999999942e+00
-1.811614199999999952e+00
-1.253561600000000054e+00
-2.087841599999999964e-01
3.712047299999999828e-01
1.107326299999999986e+00
2.376232100000000180e+00
3.136452400000000029e+00
1.180290199999999956e+00
5.658771400000000007e-01
-4.107770000000000032e-01
-9.212747199999999914e-01
-1.494223499999999927e+00
-1.448601599999999934e+00
-6.425705000000000444e-01
-4.162349100000000135e-01
-4.584392899999999993e-01
-6.980106200000000261e-01
-1.021991000000000094e+00
-1.386164299999999905e+00
-1.792125500000000038e+00
-2.083159699999999948e+00
-1.707734099999999922e+00
5.133250400000000102e-01
2.250272299999999781e+00
7.690836800000000473e-01
-1.701816800000000018e+00
-6.141648299999999949e-01
4.005875600000000092e-01
4.266379499999999880e-01
-2.046964799999999862e-01
-1.265388100000000016e+00
-2.194202900000000067e+00
-2.617532699999999934e+00
-1.831377500000000103e+00
-4.070807399999999965e-01
-8.067612600000000356e-01
-6.811336300000000454e-01
-3.008015199999999889e-01
3.890502499999999864e-01
1.370921400000000068e+00
9.246333799999999492e-01
1.739095099999999894e+00
2.136798100000000034e+00
7.593695499999999488e-01
1.335631100000000071e+00
-8.495658000000000376e-01
-7.782269099999999939e-01
-1.030384500000000036e+00
-5.277730200000000371e-01
1.594068999999999903e-01
8.838666699999999654e-01
1.480973199999999990e+00
1.697856699999999996e+00
1.674740099999999954e+00
1.424748399999999915e+00
1.106020100000000062e+00
7.848362300000000236e-01
1.012277099999999930e+00
2.648951100000000114e+00
1.750672599999999912e+00
1.294415700000000058e+00
-3.166720599999999775e-01
5.487193199999999826e-02
9.161926500000000528e-01
1.595592700000000086e+00
1.458384899999999984e+00
6.315888800000000192e-01
-2.792343499999999819e-03
-2.748128499999999974e-01
-2.791048899999999944e-01
5.457552700000000145e-01
2.544849499999999876e-01
5.218392600000000270e-01
1.378652999999999906e+00
1.812170899999999918e+00
1.112789299999999981e+00
3.561767900000000209e-01
9.850799999999999557e-01
-1.589826900000000043e+00
3.440092299999999881e+00
2.233232999999999802e+00
-2.708395399999999897e-01
-2.267743500000000134e-01
-4.691958399999999751e-01
2.182206399999999935e-01
2.850296500000000233e-01
1.125327200000000083e+00
2.265781099999999881e+00
3.008793400000000062e+00
3.386522100000000091e+00
3.328849400000000180e+00
3.116769099999999959e+00
2.803355199999999936e+00
2.757397999999999794e+00
2.550126800000000138e+00
9.091432699999999478e-01
1.316591199999999962e+00
-2.782208899999999985e-01
-4.959644700000000184e-02
2.044170999999999905e-01
1.062551299999999976e+00
1.983324199999999982e+00
1.698563999999999963e+00
1.560936099999999938e+00
1.436914999999999942e+00
1.467979600000000051e+00
1.114679699999999940e+00
1.237897900000000107e+00
9.726031499999999719e-01
1.573166400000000076e+00
1.068840000000000012e+00
4.128863199999999872e-02
-5.215682099999999904e-02
2.769700600000000179e-01
-3.628811399999999909e-01
2.035403699999999816e+00
9.411547799999999686e-01
1.210545800000000005e+00
9.197096200000000055e-01
1.578110500000000083e-01
6.132900100000000521e-01
8.277411500000000366e-01
1.685698399999999930e+00
2.665571900000000216e+00
3.598172400000000160e+00
4.316767200000000138e+00
4.571402100000000246e+00
4.530580999999999747e+00
4.276879300000000050e+00
3.759965900000000083e+00
1.314831899999999942e+00
1.349431000000000047e+00
1.022573699999999919e+00
-7.507536999999999683e-01
-9.708151799999999998e-01
-3.271474200000000221e-01
6.863848899999999698e-02
1.404062499999999991e+00
2.052812799999999882e+00
2.969843599999999917e+00
2.996796600000000144e+00
2.640306199999999937e+00
7.610411599999999943e-01
1.422682199999999897e+00
8.778039800000000392e-01
-9.356717000000000506e-02
2.273713199999999879e-01
-3.949153400000000175e-02
-9.022529700000000430e-01
-5.836320499999999578e-01
7.791787999999999492e-01
-1.832474900000000129e-01
1.176391500000000034e+00
1.998028499999999985e+00
1.514274099999999956e+00
4.997275800000000046e-01
6.730881499999999962e-01
1.150919400000000037e+00
1.663034099999999960e+00
2.071878700000000073e+00
2.898190500000000114e+00
3.785103599999999791e+00
4.310459200000000379e+00
4.469348400000000332e+00
4.251966499999999982e+00
3.374987500000000029e+00
7.832363799999999543e-01
6.629954000000000125e-01
4.600173799999999757e-01
-8.088904000000000094e-01
-2.337814400000000070e-01
2.623060700000000023e-01
-6.794253000000000098e-02
-5.284761799999999621e-01
1.981766099999999975e+00
3.414045799999999797e+00
3.607866000000000017e+00
3.130748899999999946e+00
1.240318899999999891e+00
3.315968499999999985e-01
-4.510320899999999827e-02
-1.316621899999999897e-03
-2.233079300000000156e-02
-4.357122099999999887e-01
-1.491863399999999951e+00
-1.008218499999999906e+00
6.900200300000000619e-02
5.307046800000000397e-01
1.480693599999999943e+00
1.520742100000000097e+00
8.503700100000000095e-01
4.779793600000000198e-01
4.030449400000000182e-01
6.717498699999999712e-01
3.317680299999999916e-01
2.760574800000000217e-01
9.539243600000000267e-01
1.881006600000000084e+00
2.506317099999999964e+00
2.812897599999999887e+00
2.586274099999999798e+00
1.150257700000000050e+00
-2.583445999999999909e+00
-8.603433499999999512e-01
-2.083212399999999853e+00
1.463644299999999898e+00
-6.803545100000000234e-01
8.534788500000000111e-01
2.153053799999999907e-01
-3.299228799999999739e-01
2.053450100000000056e+00
2.958789200000000008e+00
3.271352100000000096e+00
2.849734999999999907e+00
6.815692599999999546e-01
1.677006600000000014e-01
7.235597100000000503e-02
-8.127458199999999799e-02
-7.382861099999999954e-01
-7.807567699999999888e-01
-5.944667300000000543e-01
-2.996655300000000133e-01
2.563659300000000196e-01
5.624427699999999808e-01
2.250137500000000124e+00
9.938990500000000061e-01
6.794918800000000481e-01
9.309549599999999980e-02
3.403431100000000042e-01
1.496103099999999964e-01
-8.121529800000000243e-01
-1.163694800000000029e+00
-1.607050300000000043e+00
-1.098585399999999934e+00
-5.927377700000000527e-01
-7.136312700000000397e-01
-6.876221900000000220e-01
-3.000870200000000043e+00
-1.622197399999999901e+00
-1.060169499999999987e+00
-1.389797500000000019e+00
3.859782000000000046e+00
2.396884899999999874e+00
1.345415199999999922e+00
2.123864199999999869e+00
4.132969899999999974e+00
1.774187799999999982e+00
1.444512599999999924e+00
1.612369699999999906e+00
5.775144399999999623e-01
-1.105375299999999950e+00
-7.719409499999999591e-01
-1.130107500000000043e+00
-6.497212599999999671e-01
-3.576416099999999987e-01
-2.151648700000000081e-01
2.131563399999999997e-01
7.342633600000000316e-01
1.041512699999999958e+00
1.136717800000000000e+00
1.721351700000000040e+00
6.646201600000000154e-01
1.038553599999999966e+00
8.956219600000000503e-01
3.917763200000000112e-01
-1.014823000000000031e+00
-1.399415400000000087e+00
-1.806678199999999901e+00
-2.687596600000000002e+00
-2.056738399999999967e+00
-1.448696299999999937e+00
-2.313568800000000092e+00
-3.524371599999999827e+00
-2.757010900000000042e+00
-1.073308600000000057e+00
-2.361316700000000157e+00
2.245887000000000189e+00
4.843505900000000253e+00
3.358608700000000002e+00
3.856917399999999940e+00
5.085268000000000121e+00
3.205021599999999804e+00
-1.774158200000000019e+00
-1.633932500000000010e+00
-1.947911699999999913e+00
-2.907238700000000176e+00
-1.218886700000000101e+00
-1.852812099999999962e+00
-1.628557599999999883e-01
-2.178545699999999974e-01
-1.003003699999999998e-01
-1.269159199999999876e-01
2.068830600000000075e-01
3.741070300000000071e-01
3.230718699999999832e-01
4.761518200000000034e-01
6.006728399999999857e-01
3.974507299999999882e-02
3.458518499999999746e-02
-4.581596600000000241e-01
-4.403545899999999902e-01
6.326154300000000168e-03
-2.049721200000000076e-01
-5.776463099999999962e-01
-6.018693999999999988e-01
-9.096866300000000516e-01
-1.233874499999999985e+00
-1.891367400000000032e+00
-8.516765800000000164e-01
-4.691766800000000126e-01
-1.110688300000000073e+00
1.803572200000000070e+00
4.954182999999999559e+00
4.275776399999999811e+00
2.214271800000000123e+00
2.530676500000000217e+00
3.198648200000000053e+00
-2.967979299999999876e-01
-1.605777500000000080e+00
-8.565655399999999586e-01
-2.632762699999999789e+00
-2.277429999999999843e+00
-2.192729499999999998e+00
-8.491194199999999581e-01
9.083151900000000500e-01
1.979891999999999985e+00
2.539686000000000110e+00
9.103849600000000208e-01
-2.690107199999999810e-01
1.586347800000000030e-01
6.340118499999999879e-02
-3.710938699999999923e-01
-2.887884399999999796e-01
-2.370918999999999943e-01
-4.770733400000000124e-01
-6.043410299999999458e-01
-6.083362700000000123e-01
-6.248302500000000315e-01
-6.480744499999999686e-01
-7.140799799999999475e-01
-7.340359699999999821e-01
-8.862199200000000499e-01
-1.162610300000000096e+00
-1.299223199999999911e+00
-9.104568400000000450e-01
-5.993098599999999720e-01
-6.502814300000000491e-01
-5.955994100000000296e-04
3.863683600000000218e-01
3.084560900000000161e-01
1.225085299999999933e+00
1.506415499999999907e+00
-1.058742599999999978e-01
-1.222788299999999939e+00
1.264142499999999947e+00
3.870625500000000052e+00
3.941284899999999869e+00
1.187814200000000042e+00
7.135485900000000659e-02
-2.954112600000000088e-01
-1.338813800000000054e+00
-7.453852300000000097e-01
-1.295918799999999926e-01
2.184466599999999870e-01
6.915073999999999943e-01
9.173470699999999867e-02
-5.043320100000000528e-01
-5.500048400000000504e-01
-4.401000400000000257e-01
