  4.066635e-01
  3.306524e-01
  3.161527e-01
  3.093508e-01
  3.059992e-01
  2.996390e-01
  2.886355e-01
  2.778550e-01
  2.734641e-01
  2.669238e-01
  2.588726e-01
  2.502787e-01
  2.447352e-01
  2.363628e-01
  2.305765e-01
  2.441951e-01
  2.507429e-01
  2.321050e-01
  2.291565e-01
  2.439184e-01
  2.439976e-01
  2.366719e-01
  2.332089e-01
  2.299168e-01
  2.270104e-01
  2.247474e-01
  2.303132e-01
  2.383360e-01
  2.548482e-01
  2.742822e-01
  3.002098e-01
  3.296440e-01
  3.544872e-01
  3.726916e-01
  4.181580e-01
  5.652028e-01
