  0.2371  0.2886  0.3140  0.2956  0.3761  0.3794  0.4050  0.3912  0.4298  0.4175  0.4002  0.4250  0.4357  0.4144  0.2940  0.2538  0.2258  0.1966  0.2038  0.3231  0.3274  0.2368  0.1967  0.1824  0.2521  0.4205  0.3923  0.3175  0.4208  0.4334  0.3977  0.3383  0.3649  0.2676  0.2679  0.2104
  0.1529  0.1796  0.1793  0.1652  0.1493  0.1288  0.1316  0.1289  0.2025  0.1736  0.1219  0.1216  0.1203  0.1212  0.1250  0.1272  0.1303  0.1325  0.1313  0.1541  0.3060  0.1917  0.1495  0.1753  0.2556  0.2396  0.2155  0.1421  0.1450  0.1819  0.1872  0.1812  0.1350  0.1318  0.1309  0.1443
  0.1581  0.1496  0.1554  0.1485  0.1439  0.1493  0.0964  0.0755  0.0822  0.0998  0.0945  0.0838  0.0893  0.1099  0.1130  0.1178  0.1277  0.1323  0.1353  0.1574  0.2169  0.1240  0.0986  0.0763  0.0718  0.0843  0.1102  0.1182  0.1211  0.1237  0.1265  0.1278  0.1294  0.1396  0.1620  0.1656
  0.1375  0.1590  0.1592  0.1324  0.0735  0.0777  0.0751  0.0677  0.0682  0.0682  0.0678  0.0670  0.0664  0.0889  0.1059  0.1075  0.1154  0.1240  0.1265  0.1247  0.1079  0.0668  0.0660  0.0663  0.0720  0.1111  0.1168  0.1144  0.1148  0.1162  0.1217  0.1353  0.1800  0.2325  0.1495  0.1410
  0.1431  0.1512  0.1422  0.1149  0.0625  0.0642  0.0652  0.0655  0.0656  0.0656  0.0651  0.0640  0.0629  0.0663  0.1009  0.1086  0.1116  0.1158  0.1176  0.1158  0.0804  0.0628  0.0634  0.0636  0.0626  0.0963  0.1133  0.1199  0.1278  0.1416  0.1948  0.2470  0.2964  0.3291  0.2537  0.2230
  0.1843  0.1239  0.1243  0.1130  0.0619  0.0620  0.0624  0.0622  0.0621  0.0619  0.0612  0.0601  0.0594  0.0595  0.0997  0.1168  0.1155  0.1167  0.1148  0.0981  0.0650  0.0601  0.0602  0.0603  0.0595  0.0920  0.0921  0.1155  0.1397  0.1712  0.2590  0.3563  0.3441  0.2090  0.2816  0.3360
  0.1628  0.1132  0.0957  0.0774  0.0590  0.0590  0.0591  0.0589  0.0587  0.0584  0.0578  0.0572  0.0569  0.0573  0.0943  0.1299  0.1127  0.1134  0.1053  0.0623  0.0574  0.0574  0.0574  0.0575  0.0574  0.0939  0.0588  0.0853  0.1077  0.1380  0.3307  0.3580  0.3583  0.2728  0.3477  0.3492
  0.1164  0.1055  0.0717  0.0623  0.0560  0.0558  0.0560  0.0561  0.0560  0.0557  0.0553  0.0553  0.0553  0.0558  0.0787  0.1487  0.1127  0.1066  0.0894  0.0548  0.0549  0.0550  0.0551  0.0552  0.0557  0.0895  0.2019  0.0555  0.0602  0.2295  0.3438  0.3566  0.2953  0.3290  0.3560  0.3408
  0.1151  0.1038  0.0572  0.0538  0.0537  0.0534  0.0537  0.0540  0.0540  0.0535  0.0531  0.0536  0.0538  0.0542  0.0630  0.1421  0.1109  0.0973  0.0684  0.0523  0.0527  0.0530  0.0531  0.0529  0.0538  0.3075  0.3397  0.1557  0.1171  0.3177  0.3550  0.3552  0.3569  0.3569  0.3542  0.3402
  0.1076  0.0980  0.0560  0.0528  0.0525  0.0519  0.0522  0.0528  0.0526  0.0519  0.0515  0.0522  0.0527  0.0528  0.0568  0.1312  0.1087  0.0629  0.0566  0.0507  0.0515  0.0518  0.0517  0.0514  0.1148  0.3470  0.3550  0.3550  0.3161  0.3550  0.3550  0.3550  0.3420  0.2527  0.2061  0.1881
  0.1034  0.0879  0.0508  0.0512  0.0506  0.0498  0.0502  0.0511  0.0510  0.0500  0.0497  0.0508  0.0515  0.0512  0.0505  0.1152  0.0806  0.0502  0.0495  0.0493  0.0502  0.0506  0.0503  0.0497  0.2552  0.3550  0.3550  0.3550  0.3550  0.3550  0.3550  0.3549  0.2713  0.1280  0.1353  0.1062
  0.1066  0.0627  0.0493  0.0498  0.0492  0.0483  0.0487  0.0498  0.0497  0.0487  0.0485  0.0496  0.0505  0.0499  0.0488  0.0588  0.0900  0.1091  0.0483  0.0481  0.0492  0.0498  0.0492  0.0485  0.2592  0.3550  0.3550  0.3550  0.3550  0.3550  0.3550  0.2648  0.1469  0.1241  0.1244  0.1066
  0.1106  0.0514  0.0488  0.0488  0.0481  0.0472  0.0475  0.0488  0.0488  0.0476  0.0473  0.0485  0.0495  0.0486  0.0473  0.0474  0.1421  0.1978  0.0474  0.0472  0.0483  0.0493  0.0485  0.0477  0.2586  0.3536  0.3479  0.3501  0.3547  0.3548  0.3550  0.1825  0.0838  0.1240  0.1078  0.1058
  0.1132  0.0503  0.0636  0.0482  0.0471  0.0461  0.0465  0.0480  0.0480  0.0465  0.0462  0.0473  0.0485  0.0472  0.0460  0.0462  0.0831  0.1957  0.0465  0.0462  0.0476  0.0490  0.0480  0.0469  0.2194  0.2654  0.2170  0.3060  0.3218  0.3075  0.3155  0.1443  0.0528  0.1318  0.1005  0.1051
  0.1112  0.0495  0.0466  0.0478  0.0464  0.0454  0.0457  0.0473  0.0473  0.0458  0.0455  0.0465  0.0478  0.0464  0.0453  0.0455  0.0474  0.1488  0.0458  0.1940  0.0766  0.0487  0.0473  0.0462  0.1127  0.1228  0.1408  0.1932  0.2640  0.1705  0.1968  0.0466  0.0519  0.1524  0.0649  0.0997
  0.1103  0.0576  0.0547  0.0474  0.0459  0.0449  0.0452  0.0469  0.0468  0.0452  0.0449  0.0460  0.0475  0.0460  0.0449  0.0451  0.0469  0.0702  0.0842  0.2389  0.1899  0.0480  0.0465  0.0453  0.0720  0.1129  0.1193  0.2035  0.2926  0.1589  0.2170  0.0460  0.0469  0.1028  0.0486  0.0639
  0.1079  0.1053  0.0574  0.0473  0.0456  0.0445  0.0448  0.0465  0.0465  0.0448  0.0446  0.0457  0.0474  0.0457  0.0447  0.0449  0.0466  0.0470  0.0667  0.1235  0.2114  0.0511  0.0458  0.0447  0.0456  0.0860  0.0916  0.1809  0.3430  0.3156  0.1470  0.0457  0.0448  0.0745  0.0466  0.0509
  0.0968  0.1049  0.0570  0.0473  0.0455  0.0444  0.0446  0.0464  0.0464  0.0446  0.0443  0.0454  0.0471  0.0454  0.0444  0.0446  0.0465  0.0468  0.0634  0.1099  0.1314  0.0711  0.0455  0.0445  0.0446  0.0464  0.0602  0.1866  0.3473  0.3474  0.1057  0.0455  0.0445  0.0610  0.0465  0.0489
  0.0870  0.1058  0.0573  0.0473  0.0456  0.0444  0.0446  0.0464  0.0464  0.0445  0.0442  0.0452  0.0470  0.0453  0.0443  0.0447  0.0466  0.0469  0.0774  0.1101  0.1135  0.0976  0.0479  0.0444  0.0446  0.0465  0.0737  0.1913  0.3483  0.3357  0.0472  0.0455  0.0445  0.0448  0.0466  0.0466
  0.0677  0.1074  0.0570  0.0473  0.0457  0.0446  0.0449  0.0466  0.0465  0.0448  0.0444  0.0455  0.0471  0.0455  0.0446  0.0451  0.0470  0.0470  0.0852  0.1121  0.1121  0.1103  0.0913  0.0445  0.0449  0.0468  0.0546  0.2165  0.3531  0.2405  0.0473  0.0458  0.0447  0.0450  0.0467  0.0467
  0.0451  0.0811  0.0462  0.0476  0.0462  0.0451  0.0455  0.0470  0.0470  0.0452  0.0449  0.0459  0.0473  0.0459  0.0451  0.0456  0.0475  0.0475  0.0812  0.1124  0.1129  0.1098  0.1028  0.0449  0.0455  0.0473  0.0507  0.1677  0.2974  0.2088  0.0478  0.0462  0.0451  0.0454  0.0470  0.0470
  0.0458  0.0454  0.0466  0.0480  0.0467  0.0457  0.0461  0.0476  0.0475  0.0458  0.0454  0.0464  0.0477  0.0464  0.0455  0.0460  0.0478  0.0479  0.0647  0.1100  0.1124  0.1105  0.0898  0.0455  0.0462  0.0478  0.0480  0.1114  0.1406  0.1512  0.0482  0.0466  0.0455  0.0458  0.0474  0.0474
  0.0464  0.0461  0.0473  0.0671  0.0474  0.0463  0.0468  0.0483  0.0483  0.0466  0.0461  0.0471  0.0482  0.0470  0.0461  0.0465  0.0482  0.0483  0.0513  0.1016  0.1116  0.1095  0.0751  0.0463  0.0467  0.0482  0.0554  0.1295  0.1157  0.1141  0.0489  0.0473  0.0461  0.0464  0.0479  0.0479
  0.0476  0.0472  0.0483  0.0811  0.0560  0.0472  0.0476  0.0490  0.0491  0.0478  0.0473  0.0482  0.0489  0.0479  0.0470  0.0474  0.0488  0.0489  0.0481  0.0947  0.1096  0.1089  0.0745  0.0475  0.0477  0.0490  0.0560  0.1320  0.1177  0.0811  0.0716  0.0483  0.0471  0.0474  0.0487  0.0489
  0.0488  0.0482  0.0493  0.0499  0.0623  0.0482  0.0486  0.0497  0.0499  0.0489  0.0485  0.0494  0.0498  0.0489  0.0480  0.0484  0.0495  0.0496  0.0489  0.0825  0.1091  0.1068  0.0646  0.0489  0.0490  0.0500  0.0561  0.1280  0.1144  0.0620  0.0716  0.0495  0.0483  0.0486  0.0497  0.0499
  0.0501  0.0502  0.0817  0.0907  0.0543  0.0495  0.0499  0.0507  0.0508  0.0501  0.0498  0.0506  0.0508  0.0501  0.0492  0.0495  0.0504  0.0506  0.0503  0.0836  0.1103  0.0928  0.0525  0.0506  0.0505  0.0511  0.0511  0.1070  0.1103  0.0627  0.0573  0.0509  0.0498  0.0501  0.0510  0.0511
  0.0517  0.0937  0.1528  0.1141  0.0638  0.0514  0.0517  0.0522  0.0522  0.0516  0.0514  0.0519  0.0521  0.0516  0.0509  0.0511  0.0517  0.0519  0.0518  0.0840  0.1113  0.0826  0.0533  0.0526  0.0525  0.0527  0.0524  0.1250  0.0971  0.0526  0.0531  0.0529  0.0520  0.0522  0.0527  0.0527
  0.0532  0.1352  0.1400  0.1289  0.0911  0.0530  0.0533  0.0537  0.0537  0.0533  0.0531  0.0534  0.0534  0.0531  0.0526  0.0527  0.0530  0.0532  0.0533  0.0958  0.1298  0.0711  0.0544  0.0542  0.0541  0.0540  0.0538  0.1003  0.0941  0.0542  0.0546  0.0546  0.0541  0.0542  0.0543  0.0541
  0.0723  0.1206  0.1187  0.1510  0.1003  0.0588  0.0557  0.0558  0.0560  0.0559  0.0557  0.0557  0.0555  0.0554  0.0553  0.0552  0.0551  0.0552  0.0554  0.1101  0.1698  0.0557  0.0560  0.0563  0.0563  0.0560  0.0558  0.1105  0.1244  0.0561  0.0564  0.0567  0.0567  0.0567  0.0566  0.0563
  0.0715  0.1133  0.1268  0.1517  0.1081  0.0668  0.0587  0.0584  0.0583  0.0586  0.0586  0.0583  0.0580  0.0581  0.0582  0.0580  0.0577  0.0575  0.0578  0.1322  0.1557  0.0577  0.0581  0.0585  0.0584  0.0581  0.0580  0.0582  0.0584  0.0582  0.0583  0.0587  0.0588  0.0587  0.0586  0.0583
  0.0731  0.1035  0.0921  0.1054  0.0984  0.0652  0.0619  0.0617  0.0615  0.0618  0.0621  0.0617  0.0614  0.0614  0.0617  0.0614  0.0609  0.0608  0.0610  0.1181  0.0880  0.0604  0.0612  0.0617  0.0615  0.0609  0.0608  0.0612  0.0614  0.0611  0.0608  0.0610  0.0613  0.0610  0.0607  0.0607
  0.0642  0.0644  0.0642  0.0703  0.0810  0.0654  0.0650  0.0680  0.0680  0.0652  0.0656  0.0654  0.0650  0.0649  0.0652  0.0650  0.0646  0.0646  0.0650  0.0992  0.0645  0.0637  0.0648  0.0653  0.0652  0.0645  0.0644  0.0647  0.0647  0.0643  0.0639  0.0641  0.0646  0.0644  0.0639  0.0640
  0.0678  0.0678  0.0677  0.0677  0.0680  0.0680  0.0679  0.0682  0.0680  0.0681  0.0686  0.0688  0.0685  0.0685  0.0686  0.0685  0.0682  0.0683  0.0686  0.0878  0.0685  0.0677  0.0681  0.0686  0.0685  0.0681  0.0679  0.0681  0.0681  0.0677  0.0675  0.0677  0.0680  0.0679  0.0677  0.0678
  0.0705  0.0705  0.0705  0.0706  0.0706  0.0706  0.0710  0.0714  0.0715  0.0716  0.0720  0.0724  0.0726  0.0723  0.0721  0.0720  0.0720  0.0720  0.0720  0.0720  0.0719  0.0715  0.0713  0.0714  0.0714  0.0712  0.0713  0.0713  0.0712  0.0712  0.0713  0.0713  0.0712  0.0709  0.0708  0.0707
  0.4534  0.4532  0.4530  0.2932  0.1362  0.1658  0.0770  0.0760  0.0763  0.0766  0.0768  0.0771  0.0768  0.0763  0.0758  0.0755  0.0754  0.0763  0.1252  0.2880  0.0789  0.0744  0.0747  0.0752  0.0752  0.1330  0.1751  0.2308  0.2323  0.2501  0.4349  0.4572  0.3521  0.3027  0.4489  0.4534
  0.7999  0.7999  0.7998  0.7534  0.6411  0.7779  0.4716  0.2703  0.2583  0.2501  0.2954  0.4267  0.4746  0.5753  0.5364  0.3902  0.4241  0.3413  0.5718  0.6150  0.3729  0.3169  0.3098  0.5154  0.7105  0.7780  0.7870  0.7983  0.7988  0.7997  0.7998  0.7998  0.7998  0.7998  0.7999  0.7999
