  -2.5502744e+00
  -1.6981540e+00
  -6.6645014e-01
  -4.1649222e-01
  -2.5957322e+00
  -2.7302670e+00
  -1.8749015e+00
  -3.0295818e+00
  -3.8196509e+00
  -4.1891809e+00
  -4.5321612e+00
  -4.6485476e+00
  -4.1890507e+00
  -3.8049905e+00
  -3.7379167e+00
  -4.0666862e+00
  -4.6020961e+00
  -4.7544360e+00
  -3.9205875e+00
  -3.5568218e+00
  -3.6673813e+00
  -4.0704203e+00
  -5.4670868e+00
  -7.1819139e+00
  -8.0661459e+00
  -7.5880671e+00
  -6.9104195e+00
  -6.4047422e+00
  -6.0157065e+00
  -5.7475076e+00
  -5.3080068e+00
  -4.7109890e+00
  -4.6542721e+00
  -5.3174744e+00
  -4.9270377e+00
  -3.7220094e+00
  -7.6323361e+00
  -6.6831408e+00
  -5.2216721e+00
  -2.2390847e+00
  -7.2511971e-01
  -1.8900424e-01
   3.3791047e-01
   6.2435257e-01
   8.6895764e-01
   1.1612580e+00
   1.3228809e+00
   1.2376804e+00
   1.0729182e+00
   9.8528856e-01
   8.4127933e-01
   7.4945492e-01
   6.1882985e-01
   4.2882684e-01
   2.3309080e-01
   3.0448657e-01
   5.0274074e-01
   4.5464081e-01
   2.0137076e-01
  -3.7705797e-01
  -1.4576255e+00
  -2.6119666e+00
  -3.8088307e+00
  -4.5391998e+00
  -4.7247939e+00
  -5.7180967e+00
  -6.3425274e+00
  -6.1730504e+00
  -5.3164835e+00
  -6.6620560e+00
  -7.9620914e+00
  -7.9738088e+00
   4.9525923e-01
   7.5611770e-01
   1.1508195e+00
   1.6933911e+00
   2.1814897e+00
   2.8060584e+00
   3.0984528e+00
   3.1198504e+00
   3.1154675e+00
   3.4000163e+00
   3.8069081e+00
   3.8551104e+00
   3.6404231e+00
   3.5567102e+00
   3.5351551e+00
   3.5171428e+00
   3.4676402e+00
   3.3955722e+00
   3.3728852e+00
   3.1826062e+00
   3.1086471e+00
   2.8180201e+00
   2.8824971e+00
   2.6672666e+00
   2.3981216e+00
   2.2787917e+00
   2.3309293e+00
   2.4269919e+00
   2.5397460e+00
   2.4448891e+00
   2.0070348e+00
   1.5981979e+00
   1.2119126e+00
   9.7458470e-01
   6.7698121e-01
   3.9386725e-01
   4.6703439e+00
   4.8298130e+00
   4.9692621e+00
   5.0463028e+00
   4.8802857e+00
   4.4876304e+00
   4.4712968e+00
   4.1852903e+00
   3.9451015e+00
   4.2476969e+00
   4.5606728e+00
   4.9340758e+00
   4.9647417e+00
   5.0366440e+00
   5.1655388e+00
   5.2723970e+00
   5.3140063e+00
   5.2846904e+00
   5.0543976e+00
   2.9105372e+00
   4.5737271e+00
   4.4531283e+00
   4.5998406e+00
   4.4553142e+00
   4.2999177e+00
   4.3642831e+00
   4.6963844e+00
   5.0901194e+00
   5.4489708e+00
   5.6983242e+00
   5.7260699e+00
   5.6237030e+00
   5.1870065e+00
   4.9131365e+00
   4.7283587e+00
   4.5149107e+00
   6.1175065e+00
   5.4884758e+00
   5.4098516e+00
   4.2184649e+00
   3.0418203e+00
   4.1419196e+00
   4.2621331e+00
   3.9100599e+00
   3.7126622e+00
   4.0879526e+00
   4.2922392e+00
   4.6134858e+00
   4.8256025e+00
   5.0715647e+00
   5.3544621e+00
   5.5837355e+00
   5.7206964e+00
   5.7404118e+00
   5.0640645e+00
   2.3910837e+00
   4.3216543e+00
   4.8036580e+00
   5.1910176e+00
   5.1761179e+00
   5.1428390e+00
   5.3002458e+00
   5.6351857e+00
   6.0422974e+00
   6.3692584e+00
   6.5811076e+00
   6.8593645e+00
   7.0659990e+00
   6.9245887e+00
   6.9182291e+00
   6.6794324e+00
   6.4616475e+00
   4.5475317e+00
   2.1458439e+00
   2.6014396e+00
   1.5497608e+00
   1.4526120e+00
   2.8026251e+00
   3.2805611e+00
   3.5495536e+00
   3.6728332e+00
   3.5319905e+00
   3.5378887e+00
   3.7025232e+00
   3.8821647e+00
   4.1640313e+00
   4.5224393e+00
   4.8578249e+00
   5.1603020e+00
   5.2320464e+00
   4.6845928e+00
   2.1962365e+00
   3.2785880e+00
   4.0994983e+00
   4.6248324e+00
   4.8854726e+00
   5.0422961e+00
   5.2785824e+00
   5.4336480e+00
   5.4740121e+00
   5.4407838e+00
   5.3740996e+00
   5.8919098e+00
   6.4409336e+00
   6.7723984e+00
   7.0255407e+00
   6.8577394e+00
   6.6146001e+00
   3.2338443e+00
   1.1958395e+00
   1.0707705e+00
   1.0001999e+00
   9.2899328e-01
   1.8159211e+00
   2.2324231e+00
   2.5562119e+00
   2.7707918e+00
   2.6340747e+00
   2.4800947e+00
   2.4412529e+00
   2.5619400e+00
   2.8050022e+00
   3.1689591e+00
   3.5971165e+00
   3.9827151e+00
   4.1055546e+00
   3.6161339e+00
   1.6993549e+00
   1.5511193e+00
   2.5270805e+00
   3.1745598e+00
   3.8286133e+00
   4.2302413e+00
   4.4227777e+00
   4.1672626e+00
   3.4114463e+00
   3.0210466e+00
   3.2818763e+00
   3.8623643e+00
   4.6057806e+00
   5.2383499e+00
   5.5884533e+00
   5.5781541e+00
   5.2210073e+00
   1.8236048e+00
   4.5623875e-01
   2.9924944e-01
   5.1003325e-01
   5.3006929e-01
   1.2915305e+00
   1.3494311e+00
   1.5219404e+00
   1.4830900e+00
   1.2697055e+00
   1.0710393e+00
   9.7079712e-01
   1.0103769e+00
   1.1672711e+00
   1.4868548e+00
   1.8931395e+00
   2.2257018e+00
   2.3008120e+00
   1.8887220e+00
   9.4255257e-01
   3.1993184e-02
   3.2737552e-01
   1.2153245e+00
   2.1621046e+00
   2.6355173e+00
   2.6016755e+00
   1.6623936e+00
   2.5600991e-01
   3.7771714e-01
   1.1999568e+00
   1.4775062e+00
   2.0888278e+00
   2.6985762e+00
   3.0719258e+00
   3.1594574e+00
   2.7781730e+00
   1.0142472e+00
   4.0565953e-01
  -1.8016985e-01
  -9.9072810e-03
   2.4894044e-01
   7.3539466e-01
   4.7109249e-01
   2.9265660e-01
   9.1918245e-02
  -8.8337116e-02
  -1.9489497e-01
  -2.5070542e-01
  -2.7337229e-01
  -1.8187520e-01
   4.5946918e-02
   3.4600222e-01
   5.5110937e-01
   4.7779790e-01
   1.7425942e-01
   3.1903046e-01
  -6.0824633e-01
  -1.1163268e+00
  -2.7359438e-01
   6.6335672e-01
   9.5921397e-01
   6.3836390e-01
  -6.3845259e-01
  -8.2303238e-01
  -2.2592184e-01
  -9.4950080e-01
  -9.1942924e-01
  -3.0280545e-01
   2.8215665e-01
   6.4603770e-01
   7.2273868e-01
   5.0901020e-01
  -7.6523334e-01
   4.1540855e-01
  -3.3028507e-01
  -7.0227623e-01
  -9.4238269e-01
  -9.8806334e-01
  -1.2723252e+00
  -1.5613432e+00
  -1.7172116e+00
  -1.7263119e+00
  -1.6753987e+00
  -1.6311642e+00
  -1.6072459e+00
  -1.5976795e+00
  -1.5616177e+00
  -1.5307908e+00
  -1.6123689e+00
  -1.8676900e+00
  -1.7640756e+00
  -2.8833437e-01
  -8.8896155e-01
  -1.1852285e+00
  -1.8341001e+00
  -1.0975677e+00
  -1.1443584e+00
  -1.7314183e+00
  -2.4989882e+00
  -8.8470191e-01
  -8.2275623e-01
  -2.8781197e+00
  -3.2480266e+00
  -2.6479199e+00
  -2.3195131e+00
  -2.1066802e+00
  -2.1360977e+00
  -2.0641260e+00
  -2.2649403e+00
  -7.3284799e-01
  -5.9461808e-01
  -1.5711263e+00
  -2.5591304e+00
  -2.5040734e+00
  -2.6652453e+00
  -2.8649113e+00
  -2.9049380e+00
  -2.8090045e+00
  -2.6796322e+00
  -2.5505841e+00
  -2.4737091e+00
  -2.5179574e+00
  -2.6641607e+00
  -2.9167459e+00
  -3.2365470e+00
  -3.5220003e+00
  -2.7567644e+00
  -1.7015681e-01
  -8.2484776e-01
  -1.1886022e+00
  -2.5790963e+00
  -2.3498812e+00
  -2.7078490e+00
  -3.2593002e+00
  -3.0013862e+00
  -6.7601329e-01
  -1.1787335e+00
  -3.1189847e+00
  -2.9884939e+00
  -3.6955957e+00
  -3.8414431e+00
  -3.8262815e+00
  -3.9510365e+00
  -3.6745653e+00
  -3.3911786e+00
  -2.0630739e+00
  -2.3022101e+00
  -3.5812500e+00
  -2.9517407e+00
  -3.5142729e+00
  -3.5420496e+00
  -3.6662145e+00
  -3.6911628e+00
  -3.6006994e+00
  -3.4441285e+00
  -3.2449865e+00
  -3.1716707e+00
  -3.3289046e+00
  -3.7483931e+00
  -4.2549815e+00
  -4.6982908e+00
  -4.8307805e+00
  -3.7135603e+00
  -3.7420216e-01
  -4.8633868e-01
  -8.7868005e-01
  -2.1153424e+00
  -3.5900893e+00
  -4.0960536e+00
  -4.2213159e+00
  -2.8720596e+00
  -6.0286063e-01
  -1.3535682e+00
  -2.5369515e+00
  -1.7168634e+00
  -4.2147603e+00
  -4.7244129e+00
  -4.9156113e+00
  -5.0961499e+00
  -4.7006159e+00
  -3.7966754e+00
  -2.6205523e+00
  -2.3917954e+00
  -1.3110387e+00
  -2.6752734e+00
  -3.5516453e+00
  -3.5499425e+00
  -3.6568303e+00
  -3.7507930e+00
  -3.7418094e+00
  -3.6458330e+00
  -3.5558119e+00
  -3.6649806e+00
  -4.0522213e+00
  -4.6614327e+00
  -5.2142677e+00
  -5.5642586e+00
  -5.3905220e+00
  -3.5522444e+00
   5.7593439e-02
  -1.1239439e-01
  -7.3358965e-01
  -2.2640591e+00
  -4.5757241e+00
  -4.9131670e+00
  -4.4233088e+00
  -2.0756230e+00
  -5.0307810e-01
  -1.2723074e+00
  -1.5802630e+00
  -1.9489940e+00
  -4.1060009e+00
  -4.6876664e+00
  -4.9967556e+00
  -5.1932449e+00
  -4.8726325e+00
  -3.5188124e+00
  -2.3730838e+00
  -1.6543943e+00
  -1.1851932e+00
  -2.8511279e+00
  -2.8723941e+00
  -2.8870952e+00
  -2.9965878e+00
  -3.1961508e+00
  -3.3333654e+00
  -3.4400499e+00
  -3.6857305e+00
  -4.1083870e+00
  -4.6595411e+00
  -5.2466145e+00
  -5.6652985e+00
  -5.7529864e+00
  -5.1368799e+00
  -2.3802671e+00
   2.4979401e-01
  -1.8407834e-01
  -8.0681700e-01
  -2.9463291e+00
  -5.0494709e+00
  -5.1676216e+00
  -4.1440988e+00
  -1.0148985e+00
  -7.1707979e-02
  -1.0403008e+00
  -1.2591559e+00
  -2.8588855e+00
  -3.5499957e+00
  -4.1043816e+00
  -4.4334903e+00
  -4.6292815e+00
  -4.4160566e+00
  -2.6807907e+00
  -1.6766285e+00
  -1.2742077e+00
  -1.9117583e+00
  -1.9973460e+00
  -1.7283596e+00
  -1.8111135e+00
  -2.0707388e+00
  -2.4422798e+00
  -2.7600374e+00
  -3.1790011e+00
  -3.8662276e+00
  -4.5594482e+00
  -5.1162148e+00
  -5.4790053e+00
  -5.5643158e+00
  -5.1928687e+00
  -3.9464602e+00
  -8.9923894e-01
  -5.6503646e-02
  -4.3078005e-01
  -8.3662045e-01
  -2.2929373e+00
  -5.0562449e+00
  -5.0119863e+00
  -3.5913110e+00
  -1.5815967e-01
   3.2435024e-01
  -1.0934623e+00
  -2.1657255e+00
  -3.1005270e+00
  -2.8703408e+00
  -3.2156413e+00
  -3.4778605e+00
  -3.6162271e+00
  -3.3628659e+00
  -1.4651417e+00
  -4.2812508e-01
  -9.6479148e-01
  -1.2870152e+00
  -9.0640938e-01
  -9.4814414e-01
  -1.3836926e+00
  -1.9010787e+00
  -2.3485038e+00
  -2.7325068e+00
  -3.2861922e+00
  -4.1147847e+00
  -4.8320312e+00
  -5.2698221e+00
  -5.3304176e+00
  -4.9846830e+00
  -4.1260872e+00
  -2.5050211e+00
  -1.0419989e-01
  -3.8332874e-01
  -7.3076475e-01
  -8.1543994e-01
  -1.6620823e+00
  -4.5880780e+00
  -4.5081820e+00
  -2.9749079e+00
   1.3463931e-01
   1.1976191e-01
  -2.2621024e+00
  -4.0315933e+00
  -2.9854896e+00
  -2.1157665e+00
  -2.2051036e+00
  -2.2849205e+00
  -2.3359814e+00
  -2.1953142e+00
  -1.8301179e-01
  -4.9437534e-02
  -3.6911923e-01
  -5.2242863e-01
  -5.3620887e-01
  -1.1778977e+00
  -2.0495281e+00
  -2.7788897e+00
  -3.3144643e+00
  -3.7308054e+00
  -4.1927357e+00
  -4.7408543e+00
  -5.1592116e+00
  -5.3595586e+00
  -5.1864748e+00
  -4.5436969e+00
  -3.3318708e+00
  -1.1458517e+00
  -1.6217306e-02
  -4.9962974e-01
  -9.8405707e-01
  -9.9061233e-01
  -1.8292865e+00
  -3.5685182e+00
  -3.5766754e+00
  -2.1368449e+00
   7.3174578e-01
   1.4415780e-01
  -3.6411593e+00
  -5.0965900e+00
  -2.9030268e+00
  -1.4654200e+00
  -1.2345587e+00
  -1.0935878e+00
  -1.0958594e+00
  -1.0954387e+00
   5.1533931e-01
   6.1485648e-02
  -1.2042247e-01
  -4.0261368e-01
  -1.0191914e+00
  -2.1831677e+00
  -3.3015786e+00
  -4.1641683e+00
  -4.8001245e+00
  -5.2162078e+00
  -5.4986570e+00
  -5.6452096e+00
  -5.6182588e+00
  -5.4789994e+00
  -5.1112088e+00
  -4.3768920e+00
  -3.1132375e+00
  -7.2494772e-01
   2.8745207e-01
  -5.5783831e-01
  -1.2322337e+00
  -1.8807663e+00
  -2.8790883e+00
  -2.1534478e+00
  -2.1171043e+00
  -8.0612906e-01
   1.1668113e+00
   2.0526791e-01
  -3.9548872e+00
  -5.0537590e+00
  -2.9757112e+00
  -1.0006648e+00
  -3.9314393e-01
   8.1444835e-02
  -5.7302848e-02
  -1.8965739e-02
   4.1203163e-01
   1.5146394e-01
  -3.0737116e-01
  -9.6899534e-01
  -2.0275235e+00
  -3.1884271e+00
  -3.9948602e+00
  -4.5521664e+00
  -5.0089763e+00
  -5.3489135e+00
  -5.5643213e+00
  -5.5918272e+00
  -5.3962959e+00
  -5.0927724e+00
  -4.6512517e+00
  -3.9935191e+00
  -3.0999168e+00
  -1.7389396e+00
   7.5528207e-01
  -6.6265575e-01
  -1.7654774e+00
  -3.5492428e+00
  -2.7872058e+00
  -5.1209402e-01
   2.8550440e-01
   1.1112947e+00
   2.0929053e+00
  -1.4645290e-02
  -3.4683901e+00
  -3.9571068e+00
  -2.7906088e+00
  -5.5884253e-01
   5.7805960e-01
   9.9003750e-01
   7.9180076e-01
   7.4723348e-01
   2.3027527e-01
   8.0841564e-02
  -7.2801220e-01
  -1.6490643e+00
  -2.8392062e+00
  -3.8617530e+00
  -4.4263258e+00
  -4.7006869e+00
  -4.8698792e+00
  -4.9922638e+00
  -5.0386152e+00
  -4.9071059e+00
  -4.5206981e+00
  -4.0150557e+00
  -3.6079512e+00
  -3.3624778e+00
  -3.0589147e+00
  -3.0123167e+00
  -2.7592981e-01
  -1.2586370e+00
  -3.5702353e+00
  -4.3796868e+00
  -2.7534244e+00
   9.6813880e-02
   1.9049779e+00
   1.0167805e+00
   8.3850038e-01
  -6.4998287e-01
  -2.5772557e+00
  -1.9623226e+00
  -1.9088544e+00
  -1.4674418e-01
   1.3688636e+00
   1.5121118e+00
   1.3712419e+00
   1.2445470e+00
   1.0895811e-01
  -4.9807101e-01
  -1.4254581e+00
  -2.3620872e+00
  -3.6261959e+00
  -4.6435509e+00
  -5.2024503e+00
  -5.5011406e+00
  -5.6545329e+00
  -5.6803598e+00
  -5.5683193e+00
  -5.2256846e+00
  -4.6236992e+00
  -3.8842647e+00
  -3.3521044e+00
  -3.4434636e+00
  -3.7012608e+00
  -3.2812848e+00
  -2.9850802e+00
  -3.3290422e+00
  -6.5463715e+00
  -5.4260054e+00
  -3.4463744e+00
  -2.4901082e-01
   1.7264019e+00
   4.2221621e-01
  -8.6947456e-02
  -9.4861162e-01
  -1.4534855e+00
  -4.0450853e-01
  -4.8612052e-01
   2.9749158e-01
   1.8553095e+00
   1.9217733e+00
   2.0401554e+00
   1.2832016e+00
  -4.4114552e-02
  -1.3068445e+00
  -2.1558452e+00
  -3.0718458e+00
  -4.3322625e+00
  -5.3141036e+00
  -5.8893719e+00
  -6.2818918e+00
  -6.5812197e+00
  -6.7806635e+00
  -6.8556886e+00
  -6.6666408e+00
  -6.1266236e+00
  -5.2609801e+00
  -4.2296128e+00
  -3.8105798e+00
  -4.5485992e+00
  -4.4222741e+00
  -6.8316703e+00
  -7.8096590e+00
  -6.9497166e+00
  -5.9990926e+00
  -4.6445928e+00
  -1.6608062e+00
   6.3666546e-01
  -1.8466921e-01
  -7.5861079e-01
  -1.1866817e+00
  -7.9800040e-01
  -3.9984724e-01
  -1.7944622e-01
   8.8140273e-01
   2.3435812e+00
   1.6297691e+00
   1.8761725e+00
   7.8898907e-01
  -1.4341386e-01
  -1.7744650e+00
  -1.9174776e+00
  -3.6794727e+00
  -4.7725239e+00
  -5.6552157e+00
  -6.1956072e+00
  -6.5422153e+00
  -6.8006930e+00
  -7.0716372e+00
  -7.3509727e+00
  -7.4214969e+00
  -7.0726318e+00
  -6.1939583e+00
  -4.6328235e+00
  -3.2053134e+00
  -1.7344558e+00
  -5.1763573e+00
  -6.5030684e+00
  -6.6739550e+00
  -6.3206806e+00
  -6.0752134e+00
  -5.5101204e+00
  -3.3801684e+00
  -8.9552605e-01
  -1.2468212e+00
  -1.6124163e+00
  -2.3813877e+00
  -1.4257270e+00
  -1.1609610e+00
  -6.2721038e-01
   1.2256240e+00
   3.3990314e+00
   1.5556000e+00
   4.1377151e-01
   3.1151631e-01
  -1.8393071e-01
  -2.5365870e+00
  -3.1347117e+00
  -4.0507421e+00
  -4.8489757e+00
  -5.5608521e+00
  -6.0012984e+00
  -6.2302165e+00
  -6.3297429e+00
  -6.4949551e+00
  -6.8149576e+00
  -7.0577774e+00
  -6.8559203e+00
  -5.9520459e+00
  -3.9348376e+00
  -1.8735886e+00
  -9.3743259e-01
  -4.4096909e+00
  -5.1505589e+00
  -5.4286609e+00
  -5.4175091e+00
  -5.5336547e+00
  -5.5959754e+00
  -4.4095044e+00
  -2.8309557e+00
  -2.5186486e+00
  -1.8849514e+00
  -2.4504628e+00
  -2.4274633e+00
  -1.6770678e+00
  -9.6441251e-01
   1.1198527e+00
   3.1886649e+00
   1.2946655e+00
   5.1301271e-01
  -7.4674428e-02
  -2.1279038e-01
  -2.3038535e+00
  -3.5178461e+00
  -3.9683506e+00
  -4.3597636e+00
  -4.7569137e+00
  -5.0056190e+00
  -5.1165643e+00
  -5.1286879e+00
  -5.2234445e+00
  -5.5327182e+00
  -5.9056954e+00
  -5.8310003e+00
  -4.8676667e+00
  -2.3586297e+00
   1.4531345e-02
  -1.4485410e+00
  -3.9465189e+00
  -3.4704912e+00
  -3.7374995e+00
  -3.9790394e+00
  -4.3559823e+00
  -4.8500843e+00
  -4.6790485e+00
  -3.6595049e+00
  -2.9461737e+00
  -2.4658926e+00
  -2.2711513e+00
  -2.2593110e+00
  -1.7354698e+00
  -6.5320754e-01
   4.8465905e-01
   1.9067390e+00
   5.9007746e-01
   1.9366657e+00
  -7.9521000e-01
  -2.8186694e-01
  -9.5992619e-01
  -2.8093598e+00
  -2.8896880e+00
  -2.9102669e+00
  -3.0230892e+00
  -3.0690000e+00
  -3.0591717e+00
  -3.0824130e+00
  -3.2606301e+00
  -3.6303124e+00
  -4.0964322e+00
  -4.1469178e+00
  -3.1652961e+00
  -4.3248492e-01
   8.8106674e-01
  -1.3324379e+00
  -1.6876594e+00
  -1.2120456e+00
  -1.7967435e+00
  -2.2310207e+00
  -2.6888874e+00
  -3.3376515e+00
  -3.9574583e+00
  -3.0966659e+00
  -2.3573718e+00
  -2.4225569e+00
  -2.7940462e+00
  -1.8800416e+00
  -1.5161211e+00
  -3.8290980e-01
  -6.7251891e-01
   7.4918222e-01
   2.4008815e-01
   1.4096050e+00
  -8.7968576e-01
  -3.7560868e-01
  -3.7148944e-01
  -1.2405854e+00
  -1.0125701e+00
  -8.8961667e-01
  -9.5366681e-01
  -8.9100581e-01
  -7.8533757e-01
  -8.1256568e-01
  -1.0907505e+00
  -1.5909431e+00
  -2.1755004e+00
  -2.3605824e+00
  -1.4631810e+00
   9.0795559e-01
   8.1279278e-01
  -9.2877567e-02
   4.7758839e-01
   6.5954840e-01
  -3.3484295e-02
  -7.1699643e-01
  -1.1789285e+00
  -1.7447176e+00
  -2.5195351e+00
  -2.0732257e+00
  -1.2403159e+00
  -1.9195709e+00
  -1.7627150e+00
  -1.3416259e+00
  -7.2914672e-01
  -4.2313108e-01
  -6.0450053e-01
   6.3059413e-01
   1.0022864e+00
  -1.4316894e-01
  -6.8507981e-01
  -3.4763190e-01
  -2.1867181e-01
   4.2258698e-01
   1.1464576e+00
   1.3687645e+00
   1.4206852e+00
   1.5916104e+00
   1.7860351e+00
   1.7901132e+00
   1.4816107e+00
   9.2307460e-01
   2.4866271e-01
  -8.6492024e-02
   5.6603694e-01
   1.8738070e+00
   7.2649646e-01
   3.5393450e-01
   7.8136349e-01
   1.6716456e+00
   1.8335469e+00
   9.5440930e-01
   4.8577523e-01
   5.9447978e-02
  -5.9929717e-01
  -7.2271746e-01
   7.1630836e-02
  -8.3525997e-01
  -4.7042385e-01
   2.0345885e-01
   1.1442695e+00
   2.8955121e-02
  -3.6936191e-01
   5.3784907e-01
   5.9358113e-02
  -1.8674387e+00
  -2.2505889e+00
   3.6896367e-01
  -1.1881342e-02
   8.2373500e-01
   1.7159492e+00
   2.2230051e+00
   2.5877178e+00
   2.9398724e+00
   3.1927857e+00
   3.2008152e+00
   2.9242400e+00
   2.4588242e+00
   1.9082094e+00
   1.5558761e+00
   1.8648043e+00
   1.6244125e+00
   8.5479160e-01
   5.6558686e-01
   8.4852135e-01
   1.3492367e+00
   2.5533769e+00
   2.0112190e+00
   1.6265532e+00
   1.2790779e+00
   7.1850181e-01
   5.2385521e-01
   5.8781594e-01
   4.7637296e-01
   1.2921102e+00
   1.5522709e+00
   6.9746155e-01
   3.3191346e-01
   3.9360207e-01
   7.4140197e-01
   1.2030488e-01
  -1.0338180e+00
  -6.0535330e-01
   1.1325670e+00
   3.5164228e-01
   6.0273683e-01
   1.2237613e+00
   2.4851375e+00
   3.2748451e+00
   3.7453380e+00
   3.9506369e+00
   3.8865814e+00
   3.6595068e+00
   3.3695145e+00
   3.0962753e+00
   2.8825502e+00
   2.6405523e+00
   9.7242820e-01
   7.6240349e-01
   5.7619894e-01
   6.6299516e-01
   1.0177559e+00
   2.3176265e+00
   2.6238170e+00
   2.3731482e+00
   2.1476469e+00
   1.7000875e+00
   1.2362986e+00
   3.8153297e-01
   1.0738436e+00
   9.9205154e-01
   5.7807785e-01
   4.0889364e-01
   1.9530287e-01
  -9.5816290e-01
  -4.2443544e-01
   4.7026560e-01
  -2.2280002e-01
   9.3568480e-01
   9.3760347e-01
   6.5214628e-01
   5.4885447e-01
   1.1336154e+00
   2.2522025e+00
   2.7757177e+00
   3.1295313e+00
   3.3284400e+00
   3.3275220e+00
   3.2803718e+00
   3.2446499e+00
   3.2317600e+00
   3.1847621e+00
   2.9306779e+00
   8.5625899e-01
   7.5859538e-01
   5.8252966e-01
   4.8155168e-01
   7.1437403e-01
   9.6143705e-01
   2.0206048e+00
   2.2169392e+00
   2.1389062e+00
   1.9816686e+00
   1.6289563e+00
   9.5447963e-01
   4.9201521e-01
   3.9578466e-01
   3.4189111e-01
   2.0991179e-01
   1.1360526e-01
  -2.1314359e-01
  -1.3507882e-01
   1.2180476e-01
   4.3653432e-01
   8.7725174e-01
   5.3315210e-01
   4.9621856e-01
   3.3460473e-01
   5.7173735e-01
   9.0688230e-01
   1.0434827e+00
   1.2682104e+00
   1.5612298e+00
   1.7160975e+00
   1.8988345e+00
   2.1882791e+00
   2.4768218e+00
   2.6335073e+00
   2.1064784e+00
   5.6349736e-01
   7.2757488e-01
   4.2744876e-01
   3.4462510e-01
   4.3017006e-01
   4.9127177e-01
   7.9519715e-01
   1.4231384e+00
   1.6979806e+00
   1.7986295e+00
   1.8909810e+00
   7.9753461e-01
   4.4043390e-01
   4.0904066e-01
   3.5267623e-01
   1.4655652e-01
   2.1113947e-01
   2.0369539e-01
  -1.9413868e-01
  -5.3956427e-02
   2.7909079e-01
   7.0690838e-01
   4.5919901e-01
   3.8535121e-01
   7.4693955e-02
   2.4726929e-01
  -2.6236922e-01
  -5.6874520e-01
  -6.1252306e-01
  -7.1702200e-01
  -4.9008864e-01
  -7.0181031e-02
   5.1370347e-01
   1.1418203e+00
   1.4144863e+00
   2.3325127e-01
   4.0609193e-01
   3.5612776e-01
   2.4832909e-01
   1.9770184e-01
   1.0738361e-01
   1.4441380e-01
   2.2880580e-01
   5.3994879e-01
   9.4169199e-01
   1.1112839e+00
   8.9429062e-01
   2.8291190e-01
   3.5092854e-01
   3.8048797e-01
   3.3210787e-01
   2.6842225e-01
   2.5840183e-01
   3.2765076e-01
   4.4262865e-01
   5.8260879e-01
   5.2241528e-01
   6.3430631e-01
   4.4206557e-01
   6.3144016e-01
   5.4678309e-01
   1.5811776e-01
  -6.9944179e-01
  -8.1514829e-01
  -1.1301506e+00
  -1.9863131e+00
  -2.1109579e+00
  -1.3339300e+00
  -5.0831085e-01
  -3.7978572e-01
  -4.9539474e-01
  -4.0546122e-01
   5.6309052e-02
   1.7143421e-02
   1.0037924e-01
   6.5713465e-02
   3.5796318e-02
   2.1925654e-02
   2.6007032e-02
  -2.0585099e-01
  -8.8603050e-02
  -1.5597098e-02
  -7.8921959e-02
   1.9794413e-01
   1.9420817e-02
   3.4538269e-01
   2.4599813e-01
   2.2241588e-01
   1.9983760e-01
   3.0552900e-01
   2.7273667e-01
   3.0587780e-01
   4.0801609e-01
   4.2788503e-01
   2.2404461e-01
   2.3907483e-01
  -1.6332455e-01
  -2.0388197e-01
   2.4366163e-01
   7.0392504e-02
  -3.3889251e-01
  -2.9061455e-01
  -7.6038444e-01
  -5.6458520e-01
  -5.2804047e-01
  -5.5252904e-01
  -3.5593526e-01
  -1.0616609e-01
  -1.9917890e-01
  -4.1476923e-02
   9.3210056e-02
   1.6866639e-01
  -5.5793489e-03
   3.4682560e-03
   1.7630890e-01
  -3.9941521e-01
  -6.1030399e-02
  -5.6009603e-01
  -3.9731987e-01
  -2.5198454e-01
   1.4471425e-02
   2.1111660e-01
   8.9203626e-02
   7.5743668e-02
   2.5225780e-02
   1.1309610e-01
   8.3394229e-02
   1.6210204e-01
   9.6713891e-04
   1.2988104e-01
  -2.2741503e-01
  -2.0567539e-01
  -2.2503015e-01
  -2.1026003e-01
  -2.2861879e-01
  -3.0545175e-01
  -4.6762130e-01
  -4.2613980e-01
  -6.6626644e-01
  -8.2484967e-01
  -7.2918534e-01
  -7.3935431e-01
  -5.6807691e-01
  -4.3612128e-01
  -1.1056418e-01
   5.8018025e-02
   6.5265059e-02
   8.4310845e-03
  -1.2956122e-02
  -2.7917003e-02
  -4.2065698e-01
  -3.4876594e-01
  -2.2968385e-01
  -5.9342727e-02
   8.8053428e-02
  -3.3196050e-01
  -5.3404886e-01
  -3.6556104e-01
  -3.1512710e-01
  -3.9626890e-01
  -4.2396423e-01
  -3.8852242e-01
  -4.2494243e-01
  -4.2348552e-01
  -4.6152872e-01
  -3.4040359e-01
