   0.0000000e+00
   0.0000000e+00
   0.0000000e+00
   0.0000000e+00
   0.0000000e+00
   0.0000000e+00
  -4.4859592e-02
  -6.0225260e-02
  -8.5033513e-02
  -1.0220103e-01
  -8.9514030e-02
   0.0000000e+00
   0.0000000e+00
   0.0000000e+00
  -1.1857212e-01
  -1.3387236e-01
  -1.7233276e-01
  -7.3959097e-02
  -0.0000000e+00
  -0.0000000e+00
  -8.2818513e-02
  -1.2287522e-01
  -1.3430248e-01
   0.0000000e+00
   0.0000000e+00
   0.0000000e+00
   0.0000000e+00
   0.0000000e+00
   0.0000000e+00
   0.0000000e+00
   0.0000000e+00
   0.0000000e+00
   0.0000000e+00
   0.0000000e+00
   0.0000000e+00
   0.0000000e+00
   0.0000000e+00
   0.0000000e+00
   0.0000000e+00
  -3.8912581e-02
  -2.6733545e-02
  -1.1283644e-03
  -1.0734469e-02
  -9.9559762e-03
  -5.9448821e-03
  -4.2911936e-03
  -5.4378631e-03
  -4.7447402e-05
   3.3679682e-04
   5.4005976e-03
   3.6815915e-03
  -3.4922995e-03
   1.4614599e-03
  -1.5673532e-02
   1.5080282e-03
   1.0067800e-02
  -1.3010525e-02
  -6.8994619e-03
  -2.7736750e-02
  -3.1004470e-02
  -4.1871442e-02
  -4.1591374e-02
  -4.8530091e-02
  -6.6907860e-02
  -7.3480821e-02
  -9.6729634e-02
   0.0000000e+00
   0.0000000e+00
  -9.7108554e-02
  -1.1895446e-01
   0.0000000e+00
   0.0000000e+00
  -5.6168203e-02
  -5.0068332e-02
  -3.7273674e-02
  -1.0730671e-02
   1.3309405e-02
   3.1201331e-02
   3.8302350e-02
   3.9685089e-02
   3.9771091e-02
   4.6142256e-02
   5.3818081e-02
   5.3338807e-02
   4.9018601e-02
   4.6970479e-02
   4.5321479e-02
   4.3543248e-02
   4.0876374e-02
   3.7950061e-02
   3.5375956e-02
   3.9085972e-02
   3.4106109e-02
   3.1645212e-02
   2.9963307e-02
   2.3614228e-02
   1.5878066e-02
   9.9694710e-03
   4.2581344e-03
  -6.1996157e-05
  -2.0025368e-03
  -7.7899434e-03
   7.2355927e-05
  -1.8162779e-02
  -2.3974643e-02
  -3.1829651e-02
  -4.3438238e-02
  -5.5846039e-02
   5.6921349e-02
   6.1953202e-02
   6.7575850e-02
   7.1614585e-02
   7.0095241e-02
   7.1513213e-02
   7.5508168e-02
   7.4351005e-02
   7.1018435e-02
   7.6411007e-02
   8.7188832e-02
   9.4293401e-02
   9.0588387e-02
   8.8751249e-02
   8.8539548e-02
   8.9044277e-02
   8.8845953e-02
   8.7600067e-02
   8.7173574e-02
   0.0000000e+00
   7.2327569e-02
   6.4129099e-02
   6.7674220e-02
   6.5950774e-02
   6.2472276e-02
   6.3410506e-02
   6.9554694e-02
   7.6435371e-02
   8.3080262e-02
   8.6985916e-02
   8.5026485e-02
   8.0118448e-02
   6.8920903e-02
   6.0678628e-02
   5.7347368e-02
   5.3467117e-02
   1.1307883e-01
   1.1067774e-01
   1.0407901e-01
   1.0323389e-01
   9.8682035e-02
   7.7443235e-02
   8.0748968e-02
   8.0921931e-02
   7.3035181e-02
   7.8637011e-02
   8.6836718e-02
   9.7075894e-02
   1.0008612e-01
   1.0276628e-01
   1.0673202e-01
   1.0975675e-01
   1.1111870e-01
   1.0948618e-01
   1.0116234e-01
   0.0000000e+00
   6.9659077e-02
   7.9066195e-02
   8.9191191e-02
   8.9997575e-02
   8.9202516e-02
   9.2534922e-02
   1.0151955e-01
   1.1229910e-01
   1.2131109e-01
   1.2816058e-01
   1.3335496e-01
   1.3650842e-01
   1.2781748e-01
   1.2374272e-01
   1.1885674e-01
   1.1189891e-01
   1.2607793e-01
   0.0000000e+00
   0.0000000e+00
   0.0000000e+00
   0.0000000e+00
   5.3367800e-02
   6.1584164e-02
   6.6625489e-02
   6.7479913e-02
   6.7151233e-02
   7.0622451e-02
   7.5976527e-02
   7.9638121e-02
   8.5485940e-02
   9.2596959e-02
   9.8720040e-02
   1.0299345e-01
   1.0204909e-01
   9.1045044e-02
   0.0000000e+00
   5.8236164e-02
   7.2084120e-02
   8.6184640e-02
   9.2041474e-02
   9.5076974e-02
   1.0044594e-01
   1.0594686e-01
   1.1127721e-01
   1.1538133e-01
   1.1669479e-01
   1.2702604e-01
   1.3852246e-01
   1.4139552e-01
   1.4637939e-01
   1.3992859e-01
   1.3181214e-01
   9.7477198e-02
   0.0000000e+00
   0.0000000e+00
   0.0000000e+00
   0.0000000e+00
   3.3005464e-02
   4.0852785e-02
   4.8177730e-02
   5.2700438e-02
   5.0952479e-02
   4.9100906e-02
   4.9109392e-02
   5.0703853e-02
   5.5844255e-02
   6.3307174e-02
   7.1509592e-02
   7.8344308e-02
   7.8763574e-02
   6.9965328e-02
   0.0000000e+00
   0.0000000e+00
   5.1289801e-02
   6.4615510e-02
   7.6495595e-02
   8.3531365e-02
   8.8302270e-02
   8.6262099e-02
   8.1129156e-02
   7.9661235e-02
   7.6962784e-02
   8.8591360e-02
   1.0505044e-01
   1.1809365e-01
   1.2694997e-01
   1.2179171e-01
   1.1191513e-01
   5.5055801e-02
   0.0000000e+00
   0.0000000e+00
   0.0000000e+00
   0.0000000e+00
   2.2203434e-02
   2.5516511e-02
   3.1910617e-02
   3.4479998e-02
   3.1120284e-02
   2.7364871e-02
   2.4451477e-02
   2.4419899e-02
   2.7152026e-02
   3.2940559e-02
   4.0382541e-02
   4.6880867e-02
   4.8132032e-02
   3.9626888e-02
   0.0000000e+00
   0.0000000e+00
   2.3986817e-02
   3.4104388e-02
   4.9676489e-02
   5.8311396e-02
   5.8995098e-02
   4.8061401e-02
   3.6930594e-02
   3.9683813e-02
   4.0670604e-02
   4.7055861e-02
   6.0485952e-02
   7.3818259e-02
   8.0495728e-02
   7.8444593e-02
   6.8266906e-02
   2.1608026e-02
   0.0000000e+00
   0.0000000e+00
   0.0000000e+00
   0.0000000e+00
   1.3398458e-02
   1.4543501e-02
   1.6317584e-02
   1.4832150e-02
   1.1641181e-02
   9.1573047e-03
   7.1562696e-03
   6.2845792e-03
   7.0224847e-03
   1.0505210e-02
   1.5754633e-02
   2.0111704e-02
   2.0199640e-02
   1.2427191e-02
   0.0000000e+00
   0.0000000e+00
   1.5380341e-03
   8.3037158e-03
   2.2821983e-02
   2.8840696e-02
   2.5908152e-02
   9.4575062e-03
  -2.3400232e-03
   0.0000000e+00
   5.6984033e-03
   7.6975119e-03
   1.7377026e-02
   2.7278041e-02
   3.2569312e-02
   3.2853536e-02
   2.6104625e-02
   1.4865989e-03
   5.3034979e-03
   0.0000000e+00
   0.0000000e+00
  -8.2114668e-03
   5.5981800e-06
  -1.9129280e-03
  -4.8633292e-03
  -7.3872693e-03
  -8.6935302e-03
  -8.8439081e-03
  -9.2076780e-03
  -9.5903371e-03
  -9.5805973e-03
  -8.3620287e-03
  -5.5778692e-03
  -3.9866511e-03
  -5.9587797e-03
  -1.0276216e-02
  -0.0000000e+00
   0.0000000e+00
  -0.0000000e+00
  -1.1931061e-02
  -5.2034052e-04
   1.8130871e-03
  -4.0557608e-03
  -2.1067504e-02
  -0.0000000e+00
   0.0000000e+00
  -2.3030134e-02
  -2.6828701e-02
  -1.9743985e-02
  -1.3122810e-02
  -8.5741458e-03
  -7.2720372e-03
  -8.7169241e-03
  -1.7672274e-02
  -6.8716271e-03
  -1.4958649e-02
   0.0000000e+00
  -2.3100026e-02
  -1.9263742e-02
  -2.1435610e-02
  -2.5029566e-02
  -2.6583955e-02
  -2.6004961e-02
  -2.4767939e-02
  -2.3385180e-02
  -2.2420456e-02
  -2.2373287e-02
  -2.2423415e-02
  -2.2723693e-02
  -2.4395766e-02
  -2.7981004e-02
  -2.5579161e-02
  -0.0000000e+00
   0.0000000e+00
  -0.0000000e+00
  -2.4744540e-02
  -1.7531954e-02
  -1.8883297e-02
  -2.6696686e-02
  -3.5443392e-02
  -0.0000000e+00
   0.0000000e+00
  -3.7428466e-02
  -4.2009184e-02
  -3.9824378e-02
  -3.9043538e-02
  -3.6174103e-02
  -3.5344519e-02
  -3.2618355e-02
  -3.3401337e-02
  -1.9476796e-02
  -2.5445296e-02
  -4.6116335e-02
  -3.5519817e-02
  -3.4393929e-02
  -3.5928570e-02
  -3.8692817e-02
  -3.9541513e-02
  -3.8428582e-02
  -3.6487177e-02
  -3.3459071e-02
  -3.1173961e-02
  -3.0967040e-02
  -3.3201493e-02
  -3.7423145e-02
  -4.2423774e-02
  -4.6212703e-02
  -3.5375260e-02
  -0.0000000e+00
   0.0000000e+00
   0.0000000e+00
  -2.9501497e-02
  -3.1296913e-02
  -3.6097106e-02
  -4.2480577e-02
  -3.7896105e-02
  -0.0000000e+00
   0.0000000e+00
  -3.3249295e-02
  -3.4722183e-02
  -4.6653856e-02
  -5.2561667e-02
  -5.2659679e-02
  -5.3400829e-02
  -4.8473388e-02
  -4.1381601e-02
  -2.7972452e-02
  -3.0901145e-02
  -0.0000000e+00
  -4.0253321e-02
  -3.9618943e-02
  -4.0325459e-02
  -4.2164389e-02
  -4.2774938e-02
  -4.1623596e-02
  -3.9420854e-02
  -3.6205553e-02
  -3.4264226e-02
  -3.5927963e-02
  -4.1503657e-02
  -4.8437156e-02
  -5.4689154e-02
  -5.7125486e-02
  -4.3255606e-02
  -0.0000000e+00
   0.0000000e+00
   0.0000000e+00
  -3.1566774e-02
  -4.2082127e-02
  -4.7703732e-02
  -4.8881244e-02
  -3.7698244e-02
   0.0000000e+00
   0.0000000e+00
  -2.1679968e-02
  -2.7749486e-02
  -4.6540797e-02
  -5.4499436e-02
  -5.6761310e-02
  -5.8505688e-02
  -5.4147881e-02
  -4.2903714e-02
  -2.8454617e-02
  -1.9018894e-02
  -1.5317034e-02
  -3.4184176e-02
  -3.5147365e-02
  -3.5614599e-02
  -3.6872447e-02
  -3.7648641e-02
  -3.6933538e-02
  -3.5556879e-02
  -3.4859743e-02
  -3.7071824e-02
  -4.2766586e-02
  -5.0884798e-02
  -5.7975512e-02
  -6.2054958e-02
  -5.9142705e-02
  -3.7599592e-02
   0.0000000e+00
   0.0000000e+00
   0.0000000e+00
  -3.7822631e-02
  -5.1467046e-02
  -5.5589043e-02
  -4.8630267e-02
  -2.6530847e-02
   0.0000000e+00
   0.0000000e+00
  -0.0000000e+00
  -3.6108773e-02
  -4.1477546e-02
  -4.8705034e-02
  -5.1894806e-02
  -5.4054465e-02
  -5.2328493e-02
  -3.6450949e-02
  -2.0788455e-02
  -9.7958175e-03
  -1.7976980e-02
  -2.6880505e-02
  -2.3395762e-02
  -2.4113517e-02
  -2.5939763e-02
  -2.8148077e-02
  -2.9237822e-02
  -3.0693403e-02
  -3.5243440e-02
  -4.2531468e-02
  -5.0869670e-02
  -5.8345258e-02
  -6.2256720e-02
  -6.0566351e-02
  -4.9164567e-02
  -2.9564787e-02
   0.0000000e+00
   0.0000000e+00
   0.0000000e+00
  -0.0000000e+00
  -5.3305142e-02
  -5.6248255e-02
  -4.2985782e-02
  -1.0721837e-02
   0.0000000e+00
   0.0000000e+00
   0.0000000e+00
  -3.6244516e-02
  -3.5778023e-02
  -4.0067855e-02
  -4.2939734e-02
  -4.4868175e-02
  -4.3972339e-02
  -2.7585092e-02
  -0.0000000e+00
  -8.7245805e-03
  -1.6121395e-02
  -1.5058735e-02
  -1.1376002e-02
  -1.3325429e-02
  -1.6740959e-02
  -2.0215200e-02
  -2.3030091e-02
  -2.7674243e-02
  -3.6864363e-02
  -4.7387488e-02
  -5.6320690e-02
  -6.1216280e-02
  -6.0347714e-02
  -5.2027684e-02
  -3.3068642e-02
  -0.0000000e+00
   0.0000000e+00
   0.0000000e+00
   0.0000000e+00
   0.0000000e+00
  -4.9040083e-02
  -5.0495081e-02
  -3.4538765e-02
  -4.9968078e-03
   0.0000000e+00
   0.0000000e+00
  -0.0000000e+00
  -3.4842327e-02
  -2.8823365e-02
  -3.0969005e-02
  -3.2779563e-02
  -3.3934027e-02
  -3.2740302e-02
  -1.7120876e-02
   0.0000000e+00
  -5.2452524e-03
  -7.6490305e-03
  -4.5798258e-03
  -5.5866186e-03
  -1.0325460e-02
  -1.5281755e-02
  -1.9415075e-02
  -2.3286946e-02
  -2.9041924e-02
  -3.8065817e-02
  -4.7148027e-02
  -5.3926181e-02
  -5.5361453e-02
  -5.0020237e-02
  -3.7403356e-02
  -1.6173773e-02
  -0.0000000e+00
   0.0000000e+00
   0.0000000e+00
   0.0000000e+00
   0.0000000e+00
  -3.8446032e-02
  -3.8129795e-02
  -2.2972770e-02
  -7.0403406e-04
   0.0000000e+00
   0.0000000e+00
  -0.0000000e+00
  -3.0775698e-02
  -1.9192221e-02
  -1.8794786e-02
  -1.8866953e-02
  -1.9842222e-02
  -1.9967465e-02
  -0.0000000e+00
   0.0000000e+00
   9.2580484e-05
  -1.4059603e-03
  -3.6666426e-03
  -1.0437381e-02
  -1.8390163e-02
  -2.5324516e-02
  -3.1093057e-02
  -3.5675569e-02
  -3.9782085e-02
  -4.3218665e-02
  -4.4888015e-02
  -4.5410614e-02
  -4.2826012e-02
  -3.5274653e-02
  -2.2620028e-02
  -4.8401318e-03
   0.0000000e+00
   0.0000000e+00
   0.0000000e+00
   0.0000000e+00
  -2.4101972e-02
  -2.1283191e-02
  -2.0118906e-02
  -9.5588723e-03
   2.0872985e-03
   0.0000000e+00
   0.0000000e+00
   0.0000000e+00
  -2.6818303e-02
  -1.0138240e-02
  -5.6003672e-03
  -2.7263308e-03
  -4.6703052e-03
  -5.8477446e-03
   0.0000000e+00
   0.0000000e+00
   7.1288552e-04
  -2.7190212e-03
  -9.6525066e-03
  -1.8740375e-02
  -2.6118422e-02
  -3.1965155e-02
  -3.7049145e-02
  -4.0929370e-02
  -4.3455549e-02
  -4.3885775e-02
  -4.2089589e-02
  -3.9714672e-02
  -3.5703991e-02
  -2.8760815e-02
  -1.9015623e-02
  -6.2485919e-03
   4.7596537e-03
   0.0000000e+00
   0.0000000e+00
  -3.4637403e-02
  -2.2456254e-02
  -8.0009624e-03
  -5.5696103e-03
   1.2971561e-03
   9.8695885e-03
   0.0000000e+00
   0.0000000e+00
   0.0000000e+00
  -2.6083529e-02
  -6.5470599e-03
   1.9061248e-03
   5.6356966e-03
   5.1711784e-03
   2.0262076e-03
   0.0000000e+00
   0.0000000e+00
  -2.5871240e-03
  -9.1132350e-03
  -1.9320555e-02
  -2.8628364e-02
  -3.3643199e-02
  -3.6227149e-02
  -3.8630777e-02
  -4.1176146e-02
  -4.3120442e-02
  -4.2928410e-02
  -3.9764772e-02
  -3.5659046e-02
  -3.1448834e-02
  -2.6339912e-02
  -2.0131754e-02
  -1.5239031e-02
   1.4221600e-04
   0.0000000e+00
   0.0000000e+00
  -3.7690059e-02
  -2.2792478e-02
  -8.7328685e-04
   6.8467429e-03
   0.0000000e+00
   0.0000000e+00
   0.0000000e+00
   0.0000000e+00
   0.0000000e+00
  -2.4473949e-02
  -4.6108506e-03
   7.1305362e-03
   1.2162669e-02
   1.1400194e-02
   6.3290502e-03
   0.0000000e+00
  -1.4169870e-02
  -1.2400526e-02
  -2.1659261e-02
  -3.5288621e-02
  -4.6499614e-02
  -5.1949486e-02
  -5.3419206e-02
  -5.3403575e-02
  -5.3315043e-02
  -5.2706003e-02
  -4.9715847e-02
  -4.3075278e-02
  -3.4722272e-02
  -2.8850559e-02
  -2.8231733e-02
  -2.7792789e-02
  -2.8455594e-02
  -2.1170686e-02
   0.0000000e+00
  -6.8348288e-02
  -5.3407684e-02
  -3.3797357e-02
  -2.1231980e-03
   1.5033723e-02
   0.0000000e+00
   0.0000000e+00
   0.0000000e+00
   0.0000000e+00
   0.0000000e+00
  -0.0000000e+00
  -8.1302226e-04
   1.1903777e-02
   0.0000000e+00
   2.1062545e-02
   1.2167255e-02
   0.0000000e+00
  -1.9281681e-02
  -2.5220175e-02
  -3.4810103e-02
  -5.0433856e-02
  -6.3388705e-02
  -7.0280932e-02
  -7.3253170e-02
  -7.4640416e-02
  -7.5719155e-02
  -7.6228224e-02
  -7.3724024e-02
  -6.6134706e-02
  -5.3368852e-02
  -3.8827870e-02
  -3.4082480e-02
  -3.9916813e-02
  -3.6800730e-02
  -7.1899019e-02
   0.0000000e+00
  -7.2723223e-02
  -6.6251703e-02
  -4.9191404e-02
  -1.3174514e-02
   0.0000000e+00
   0.0000000e+00
   0.0000000e+00
   0.0000000e+00
   0.0000000e+00
   0.0000000e+00
   0.0000000e+00
   9.1408910e-03
   1.6047493e-02
   0.0000000e+00
   0.0000000e+00
   0.0000000e+00
   0.0000000e+00
  -2.7110249e-02
  -3.1898172e-02
  -4.4501379e-02
  -5.9343681e-02
  -7.1952812e-02
  -7.8990929e-02
  -8.2219236e-02
  -8.4344007e-02
  -8.7500215e-02
  -9.1459706e-02
  -9.2853732e-02
  -8.7542586e-02
  -7.2968945e-02
  -4.8447557e-02
  -3.1897027e-02
  -3.2974894e-02
  -0.0000000e+00
  -8.5656289e-02
  -8.1816152e-02
  -7.3938334e-02
  -7.1582340e-02
  -6.1383251e-02
  -3.0894514e-02
  -0.0000000e+00
   0.0000000e+00
   0.0000000e+00
   0.0000000e+00
   0.0000000e+00
   0.0000000e+00
   0.0000000e+00
   2.2752252e-02
   3.4615849e-02
   0.0000000e+00
   0.0000000e+00
   0.0000000e+00
   0.0000000e+00
  -4.0567924e-02
  -5.0322250e-02
  -5.2545698e-02
  -6.2386461e-02
  -7.2693877e-02
  -7.9208238e-02
  -8.1691250e-02
  -8.2121484e-02
  -8.4272978e-02
  -8.9468054e-02
  -9.4359532e-02
  -9.1974717e-02
  -7.7285685e-02
  -4.6797022e-02
  -2.3268541e-02
  -0.0000000e+00
  -0.0000000e+00
  -6.4417327e-02
  -6.8601817e-02
  -6.5695435e-02
  -6.7523307e-02
  -6.7561820e-02
  -4.9385633e-02
  -0.0000000e+00
   0.0000000e+00
   0.0000000e+00
   0.0000000e+00
   0.0000000e+00
   0.0000000e+00
   0.0000000e+00
   3.8295740e-02
   5.2671723e-02
   0.0000000e+00
   0.0000000e+00
   0.0000000e+00
   0.0000000e+00
  -5.1727503e-02
  -5.4617602e-02
  -5.6368906e-02
  -5.9879895e-02
  -6.5173306e-02
  -6.9298618e-02
  -7.0669763e-02
  -6.9473378e-02
  -6.9397196e-02
  -7.3257148e-02
  -7.9138443e-02
  -7.8697748e-02
  -6.5127887e-02
  -3.3325758e-02
  -1.1443147e-02
   0.0000000e+00
  -3.8467757e-02
  -4.2318612e-02
  -4.6629295e-02
  -4.9749624e-02
  -5.5240098e-02
  -6.2885329e-02
  -6.0091574e-02
  -0.0000000e+00
   0.0000000e+00
   0.0000000e+00
   0.0000000e+00
   0.0000000e+00
   0.0000000e+00
   0.0000000e+00
   0.0000000e+00
   0.0000000e+00
   0.0000000e+00
   0.0000000e+00
   0.0000000e+00
   0.0000000e+00
  -0.0000000e+00
  -4.8581850e-02
  -4.8888631e-02
  -4.9245939e-02
  -5.0612886e-02
  -5.1433843e-02
  -5.1002808e-02
  -4.9594998e-02
  -4.9765304e-02
  -5.3077247e-02
  -5.8471870e-02
  -5.8812562e-02
  -4.7126066e-02
  -1.6904954e-02
  -0.0000000e+00
  -0.0000000e+00
  -2.5052315e-02
  -2.5268864e-02
  -2.9640302e-02
  -3.3718880e-02
  -3.9764270e-02
  -4.9228035e-02
  -5.6845218e-02
  -0.0000000e+00
   0.0000000e+00
   0.0000000e+00
   0.0000000e+00
   0.0000000e+00
   0.0000000e+00
   0.0000000e+00
   0.0000000e+00
   0.0000000e+00
   0.0000000e+00
   0.0000000e+00
   0.0000000e+00
   0.0000000e+00
   0.0000000e+00
  -2.8500420e-02
  -2.4190624e-02
  -2.2622948e-02
  -2.3021446e-02
  -2.1312046e-02
  -1.8658075e-02
  -1.7232254e-02
  -1.9490629e-02
  -2.5022578e-02
  -3.1862993e-02
  -3.4153539e-02
  -2.4911779e-02
   5.9721760e-04
   0.0000000e+00
  -0.0000000e+00
  -7.2048841e-03
  -3.2451360e-03
  -8.8401883e-03
  -1.4929620e-02
  -2.0352555e-02
  -2.8321421e-02
  -3.9801287e-02
  -3.6788255e-02
   0.0000000e+00
   0.0000000e+00
   0.0000000e+00
   0.0000000e+00
   0.0000000e+00
   0.0000000e+00
   0.0000000e+00
   0.0000000e+00
   0.0000000e+00
   0.0000000e+00
   0.0000000e+00
   0.0000000e+00
   0.0000000e+00
   4.9771223e-03
   1.1049664e-02
   1.4769826e-02
   1.4145988e-02
   1.7044714e-02
   2.1052906e-02
   2.1847270e-02
   1.6773148e-02
   7.3756222e-03
  -3.1721750e-03
  -8.9553772e-03
  -2.9692082e-03
   1.4990615e-02
   0.0000000e+00
   0.0000000e+00
   0.0000000e+00
   2.1363983e-02
   1.4120199e-02
   4.3020216e-03
  -1.5620138e-03
  -7.9937708e-03
  -1.7925510e-02
  -1.8103555e-02
   0.0000000e+00
   0.0000000e+00
   0.0000000e+00
   0.0000000e+00
   0.0000000e+00
   0.0000000e+00
   0.0000000e+00
   0.0000000e+00
   0.0000000e+00
   0.0000000e+00
   0.0000000e+00
   0.0000000e+00
   0.0000000e+00
   2.1030863e-02
   3.5626934e-02
   4.4383988e-02
   5.0315425e-02
   5.6604616e-02
   6.1784364e-02
   6.1584920e-02
   5.4135285e-02
   4.2536274e-02
   2.9371886e-02
   1.9658381e-02
   1.9782137e-02
   2.4302192e-02
   0.0000000e+00
   0.0000000e+00
   0.0000000e+00
   0.0000000e+00
   3.4076814e-02
   2.5246972e-02
   1.9315364e-02
   1.3038501e-02
   3.6576164e-03
  -1.5084763e-03
   0.0000000e+00
   0.0000000e+00
   0.0000000e+00
   0.0000000e+00
   0.0000000e+00
   0.0000000e+00
   0.0000000e+00
   0.0000000e+00
   0.0000000e+00
   0.0000000e+00
   0.0000000e+00
   0.0000000e+00
   0.0000000e+00
   0.0000000e+00
   4.6085549e-02
   5.6006670e-02
   7.1882084e-02
   8.2804581e-02
   8.7910794e-02
   8.5680060e-02
   7.7807805e-02
   6.7772485e-02
   5.6844469e-02
   4.6242843e-02
   3.7421443e-02
   0.0000000e+00
   0.0000000e+00
   0.0000000e+00
   0.0000000e+00
   0.0000000e+00
   4.5603679e-02
   4.2568546e-02
   3.8041803e-02
   3.2381114e-02
   2.2946723e-02
   1.5243009e-02
   0.0000000e+00
   0.0000000e+00
   0.0000000e+00
   0.0000000e+00
   0.0000000e+00
   0.0000000e+00
   0.0000000e+00
   0.0000000e+00
   0.0000000e+00
   0.0000000e+00
   0.0000000e+00
   0.0000000e+00
   0.0000000e+00
   0.0000000e+00
   4.8095145e-02
   5.9954606e-02
   7.3091760e-02
   8.2069427e-02
   8.5146032e-02
   8.1948154e-02
   7.6691896e-02
   7.2186440e-02
   6.7363441e-02
   6.0158391e-02
   4.6348896e-02
   0.0000000e+00
   0.0000000e+00
   0.0000000e+00
   0.0000000e+00
   0.0000000e+00
   0.0000000e+00
   4.6566462e-02
   4.5758568e-02
   4.3103363e-02
   3.6701214e-02
   2.7305013e-02
   0.0000000e+00
   0.0000000e+00
   0.0000000e+00
   0.0000000e+00
   0.0000000e+00
   0.0000000e+00
   0.0000000e+00
   0.0000000e+00
   0.0000000e+00
   0.0000000e+00
   0.0000000e+00
   0.0000000e+00
   0.0000000e+00
   0.0000000e+00
   0.0000000e+00
   3.2708875e-02
   4.1009858e-02
   4.7273790e-02
   5.1359549e-02
   5.1452536e-02
   5.1448823e-02
   5.3685367e-02
   5.5629775e-02
   5.4239669e-02
   4.6347708e-02
   0.0000000e+00
   0.0000000e+00
   0.0000000e+00
   0.0000000e+00
   0.0000000e+00
   0.0000000e+00
   3.5201708e-02
   3.8435186e-02
   4.0998660e-02
   3.9954368e-02
   3.5900217e-02
   0.0000000e+00
   0.0000000e+00
   0.0000000e+00
   0.0000000e+00
   0.0000000e+00
   0.0000000e+00
   0.0000000e+00
   0.0000000e+00
   0.0000000e+00
   0.0000000e+00
   0.0000000e+00
   0.0000000e+00
   0.0000000e+00
   0.0000000e+00
   0.0000000e+00
   2.1974730e-03
  -2.4517422e-04
   7.9632745e-04
   3.3375726e-03
   6.0551332e-03
   1.1622270e-02
   2.0434919e-02
   2.9022521e-02
   3.2745168e-02
   0.0000000e+00
   0.0000000e+00
   0.0000000e+00
   0.0000000e+00
   0.0000000e+00
   0.0000000e+00
   0.0000000e+00
   0.0000000e+00
   2.1646722e-02
   2.9415917e-02
   3.2516911e-02
   3.3190066e-02
   0.0000000e+00
   0.0000000e+00
   0.0000000e+00
   0.0000000e+00
   0.0000000e+00
   0.0000000e+00
   0.0000000e+00
   0.0000000e+00
   0.0000000e+00
   0.0000000e+00
   0.0000000e+00
   0.0000000e+00
   0.0000000e+00
   0.0000000e+00
   0.0000000e+00
  -0.0000000e+00
  -2.4672042e-02
  -3.6606185e-02
  -4.1404206e-02
  -3.5833906e-02
  -2.4994471e-02
  -0.0000000e+00
   4.1219412e-04
   8.8754188e-03
   0.0000000e+00
   0.0000000e+00
   0.0000000e+00
   0.0000000e+00
   0.0000000e+00
   0.0000000e+00
   0.0000000e+00
   4.4502872e-03
   6.2975608e-03
   8.1602319e-03
   1.1828218e-02
   9.7000252e-03
   0.0000000e+00
   0.0000000e+00
   0.0000000e+00
   0.0000000e+00
   0.0000000e+00
   0.0000000e+00
   0.0000000e+00
   0.0000000e+00
   0.0000000e+00
   0.0000000e+00
   0.0000000e+00
   0.0000000e+00
   0.0000000e+00
   0.0000000e+00
   0.0000000e+00
   0.0000000e+00
   0.0000000e+00
  -0.0000000e+00
  -0.0000000e+00
  -5.4293500e-02
  -0.0000000e+00
   0.0000000e+00
  -0.0000000e+00
  -0.0000000e+00
   0.0000000e+00
   0.0000000e+00
   0.0000000e+00
   0.0000000e+00
   0.0000000e+00
   0.0000000e+00
   0.0000000e+00
   1.6786482e-03
  -0.0000000e+00
  -0.0000000e+00
  -0.0000000e+00
  -1.1030833e-02
  -1.3292963e-03
   3.4418234e-03
   0.0000000e+00
   0.0000000e+00
   0.0000000e+00
   0.0000000e+00
   0.0000000e+00
   0.0000000e+00
   0.0000000e+00
   0.0000000e+00
   0.0000000e+00
   0.0000000e+00
   0.0000000e+00
  -4.0612796e-03
  -4.0612796e-03
  -5.9815208e-03
  -1.0875607e-02
  -1.5496730e-02
  -1.8923071e-02
  -2.5675982e-02
  -3.2537121e-02
  -3.5647811e-02
  -3.5708854e-02
  -2.6838736e-02
  -1.9168563e-02
   0.0000000e+00
   0.0000000e+00
   0.0000000e+00
   0.0000000e+00
   0.0000000e+00
   1.1672259e-03
  -1.0983104e-03
  -0.0000000e+00
   0.0000000e+00
   0.0000000e+00
  -0.0000000e+00
  -1.1892707e-02
  -9.8110684e-03
  -1.1691705e-02
  -1.3951762e-02
  -7.3391833e-03
  -5.8091253e-03
   0.0000000e+00
  -7.8244731e-03
   0.0000000e+00
   0.0000000e+00
   0.0000000e+00
