  0.3736  0.3893  0.3967  0.3866  0.4258  0.4243  0.4369  0.4316  0.4501  0.4447  0.4351  0.4468  0.4496  0.4386  0.3835  0.3681  0.3631  0.3541  0.3558  0.4045  0.4072  0.3808  0.3627  0.3646  0.3803  0.4451  0.4354  0.4049  0.4501  0.4554  0.4413  0.4104  0.4249  0.3790  0.3788  0.3605
  0.3091  0.3098  0.3157  0.3305  0.3277  0.3111  0.3293  0.3344  0.3526  0.3326  0.3257  0.3286  0.3201  0.3018  0.2932  0.3002  0.3070  0.3121  0.3122  0.3279  0.3863  0.3582  0.3528  0.3645  0.3791  0.3710  0.3678  0.3473  0.3298  0.3387  0.3396  0.3374  0.3151  0.3104  0.3045  0.3193
  0.2886  0.3082  0.3145  0.3245  0.3396  0.3347  0.3366  0.3472  0.3470  0.3410  0.3334  0.3181  0.3100  0.3304  0.2933  0.2860  0.2943  0.3044  0.3143  0.3241  0.3540  0.3423  0.3453  0.3418  0.3279  0.3094  0.3126  0.3004  0.2979  0.3005  0.3006  0.3022  0.2933  0.2921  0.2856  0.2854
  0.2841  0.3037  0.3133  0.3298  0.3170  0.3278  0.3500  0.3556  0.3592  0.3529  0.3395  0.3231  0.2985  0.3327  0.3035  0.2784  0.2743  0.2860  0.2982  0.3274  0.3301  0.3350  0.3519  0.3473  0.3155  0.3039  0.2728  0.2729  0.2729  0.2735  0.2732  0.2810  0.2817  0.2942  0.2788  0.2967
  0.2786  0.2835  0.2947  0.3237  0.3346  0.3479  0.3550  0.3558  0.3540  0.3486  0.3373  0.3229  0.3023  0.2851  0.3018  0.2746  0.2649  0.2705  0.2853  0.3080  0.3074  0.3380  0.3450  0.3327  0.2892  0.2753  0.2754  0.2694  0.2650  0.2597  0.2759  0.2950  0.3116  0.3293  0.3118  0.3061
  0.2662  0.2815  0.2925  0.3107  0.3299  0.3509  0.3516  0.3462  0.3414  0.3341  0.3234  0.3109  0.2932  0.2694  0.2943  0.2705  0.2583  0.2576  0.2754  0.2957  0.3073  0.3251  0.3241  0.3116  0.2748  0.2788  0.2525  0.2559  0.2564  0.2607  0.2991  0.3297  0.3274  0.2985  0.3076  0.3241
  0.2571  0.2623  0.2760  0.3077  0.3275  0.3380  0.3351  0.3321  0.3275  0.3213  0.3119  0.3004  0.2823  0.2602  0.2736  0.2589  0.2487  0.2523  0.2694  0.2688  0.3005  0.3058  0.2997  0.2869  0.2578  0.2526  0.2002  0.2280  0.2396  0.2543  0.3217  0.3213  0.3507  0.3125  0.3238  0.3244
  0.2374  0.2459  0.2698  0.3048  0.3293  0.3304  0.3257  0.3229  0.3181  0.3100  0.3003  0.2885  0.2690  0.2424  0.2480  0.2495  0.2412  0.2559  0.2523  0.2551  0.2789  0.2771  0.2714  0.2604  0.2367  0.2452  0.2650  0.1942  0.1965  0.2731  0.3220  0.3187  0.3027  0.3171  0.3263  0.3209
  0.2426  0.2527  0.2773  0.3216  0.3258  0.3169  0.3090  0.3026  0.2942  0.2836  0.2747  0.2665  0.2515  0.2338  0.2257  0.2422  0.2351  0.2411  0.2294  0.2504  0.2501  0.2455  0.2426  0.2315  0.2122  0.3103  0.3146  0.2312  0.2059  0.2964  0.3159  0.3178  0.3246  0.3291  0.3228  0.3175
  0.2843  0.2881  0.2930  0.3077  0.3004  0.2899  0.2800  0.2709  0.2625  0.2551  0.2522  0.2498  0.2419  0.2273  0.2067  0.2361  0.2279  0.2068  0.2199  0.2314  0.2272  0.2264  0.2246  0.2086  0.2313  0.3169  0.3173  0.3168  0.2907  0.3140  0.3147  0.3170  0.3147  0.2814  0.2898  0.2859
  0.3248  0.3172  0.3050  0.2872  0.2732  0.2591  0.2487  0.2406  0.2360  0.2336  0.2357  0.2386  0.2372  0.2285  0.1989  0.2167  0.2166  0.1899  0.2164  0.2093  0.2077  0.2095  0.2064  0.1735  0.2571  0.3156  0.3183  0.3162  0.3113  0.3134  0.3129  0.3153  0.2816  0.2587  0.2781  0.3305
  0.3011  0.2834  0.2903  0.2720  0.2554  0.2410  0.2330  0.2284  0.2258  0.2243  0.2262  0.2309  0.2355  0.2302  0.2081  0.1913  0.2209  0.2060  0.1985  0.1965  0.1983  0.2012  0.1944  0.1537  0.2540  0.3125  0.3163  0.3162  0.3106  0.3127  0.3130  0.2677  0.2443  0.2779  0.3091  0.3294
  0.2855  0.2581  0.2768  0.2636  0.2422  0.2291  0.2234  0.2207  0.2167  0.2132  0.2159  0.2250  0.2346  0.2309  0.2119  0.1883  0.2262  0.2545  0.1858  0.1884  0.1948  0.2004  0.1921  0.1534  0.2517  0.3082  0.3084  0.3087  0.3098  0.3125  0.3131  0.2197  0.2180  0.2696  0.3292  0.3298
  0.2758  0.2527  0.2785  0.2572  0.2341  0.2227  0.2174  0.2150  0.2118  0.2120  0.2192  0.2316  0.2427  0.2374  0.2168  0.1968  0.1907  0.2479  0.1717  0.1662  0.1972  0.2121  0.2038  0.1698  0.2409  0.2672  0.2415  0.2856  0.2953  0.2928  0.2954  0.2053  0.1924  0.2604  0.3215  0.3298
  0.2740  0.2626  0.2746  0.2578  0.2366  0.2275  0.2233  0.2231  0.2260  0.2338  0.2461  0.2598  0.2681  0.2575  0.2310  0.2008  0.1779  0.2068  0.1567  0.2222  0.2104  0.2251  0.2165  0.1866  0.2219  0.2201  0.2206  0.2332  0.2718  0.2366  0.2390  0.1633  0.1883  0.2582  0.2643  0.2785
  0.2704  0.2709  0.2799  0.2622  0.2490  0.2440  0.2429  0.2452  0.2508  0.2605  0.2740  0.2868  0.2935  0.2825  0.2545  0.2244  0.2070  0.1950  0.1970  0.2739  0.2550  0.2287  0.2289  0.2036  0.2384  0.2455  0.2339  0.2431  0.2966  0.2563  0.2578  0.1804  0.1913  0.2227  0.2211  0.2232
  0.2867  0.3106  0.2758  0.2622  0.2545  0.2495  0.2470  0.2460  0.2451  0.2465  0.2514  0.2586  0.2671  0.2670  0.2600  0.2530  0.2417  0.2374  0.2636  0.2655  0.2798  0.2281  0.2398  0.2362  0.2302  0.2471  0.2350  0.2423  0.3220  0.3087  0.2217  0.2023  0.2067  0.2195  0.1997  0.2185
  0.2926  0.3100  0.2580  0.2544  0.2434  0.2272  0.2109  0.1970  0.1861  0.1796  0.1785  0.1810  0.1856  0.1886  0.1989  0.2168  0.2407  0.2636  0.2850  0.2797  0.2649  0.2336  0.2370  0.2491  0.2273  0.2002  0.2142  0.2520  0.3127  0.3060  0.2012  0.2043  0.2132  0.2221  0.2104  0.2301
  0.2860  0.3109  0.2541  0.2506  0.2408  0.2211  0.1979  0.1799  0.1684  0.1623  0.1611  0.1632  0.1693  0.1761  0.1920  0.2145  0.2487  0.2870  0.3005  0.2756  0.2702  0.2489  0.2302  0.2426  0.2241  0.2091  0.2357  0.2568  0.3057  0.2983  0.1846  0.2076  0.2144  0.2113  0.2170  0.2332
  0.2518  0.3032  0.2661  0.2583  0.2543  0.2471  0.2387  0.2311  0.2250  0.2191  0.2130  0.2072  0.2071  0.2115  0.2300  0.2523  0.2712  0.2826  0.2998  0.2643  0.2687  0.2764  0.2563  0.2431  0.2315  0.2185  0.2081  0.2633  0.3076  0.2588  0.1975  0.2215  0.2248  0.2185  0.2248  0.2280
  0.2097  0.2584  0.2616  0.2669  0.2734  0.2697  0.2685  0.2688  0.2664  0.2586  0.2434  0.2248  0.2123  0.2093  0.2212  0.2400  0.2572  0.2503  0.2735  0.2757  0.2638  0.2786  0.2549  0.2272  0.2257  0.2120  0.1808  0.2389  0.2960  0.2615  0.2108  0.2249  0.2245  0.2201  0.2258  0.2286
  0.2196  0.2270  0.2534  0.2586  0.2734  0.2798  0.2779  0.2745  0.2686  0.2574  0.2390  0.2184  0.2022  0.1949  0.1994  0.2135  0.2331  0.2351  0.2455  0.3002  0.2725  0.2724  0.2509  0.2167  0.2192  0.2044  0.1688  0.2193  0.2507  0.2512  0.2196  0.2220  0.2189  0.2153  0.2200  0.2268
  0.2160  0.2229  0.2382  0.2502  0.2578  0.2704  0.2741  0.2711  0.2651  0.2540  0.2388  0.2223  0.2054  0.1943  0.1937  0.2020  0.2161  0.2179  0.2054  0.3243  0.2897  0.2879  0.2537  0.2095  0.2088  0.1944  0.1691  0.2347  0.2525  0.2546  0.2209  0.2199  0.2152  0.2127  0.2151  0.2162
  0.2061  0.2066  0.2186  0.2420  0.2394  0.2454  0.2576  0.2604  0.2579  0.2527  0.2462  0.2376  0.2230  0.2067  0.1998  0.2019  0.2084  0.2058  0.1869  0.2957  0.3007  0.3016  0.2672  0.2132  0.2066  0.1930  0.1732  0.2358  0.2514  0.2344  0.2368  0.2164  0.2114  0.2106  0.2134  0.2126
  0.2026  0.1930  0.1981  0.2073  0.2212  0.2283  0.2411  0.2495  0.2510  0.2501  0.2500  0.2482  0.2407  0.2244  0.2106  0.2061  0.2076  0.2046  0.1862  0.2691  0.2883  0.3017  0.2602  0.2268  0.2130  0.1983  0.1773  0.2376  0.2554  0.2252  0.2446  0.2127  0.2090  0.2087  0.2118  0.2122
  0.1954  0.1786  0.1881  0.2009  0.2103  0.2186  0.2288  0.2387  0.2443  0.2468  0.2500  0.2528  0.2529  0.2425  0.2265  0.2148  0.2110  0.2072  0.1901  0.2576  0.2689  0.2820  0.2598  0.2425  0.2237  0.2063  0.1734  0.2133  0.2604  0.2273  0.2113  0.2186  0.2123  0.2108  0.2126  0.2118
  0.1869  0.1866  0.2276  0.2088  0.2117  0.2252  0.2272  0.2329  0.2393  0.2432  0.2466  0.2522  0.2574  0.2555  0.2450  0.2318  0.2232  0.2172  0.1947  0.2469  0.2621  0.2638  0.2658  0.2604  0.2404  0.2200  0.1819  0.2094  0.2663  0.2344  0.2251  0.2263  0.2228  0.2199  0.2198  0.2133
  0.1865  0.2159  0.2301  0.2296  0.2249  0.2355  0.2416  0.2405  0.2435  0.2468  0.2486  0.2525  0.2567  0.2597  0.2563  0.2488  0.2404  0.2320  0.2047  0.2314  0.2510  0.2438  0.2693  0.2720  0.2579  0.2372  0.2031  0.2150  0.2668  0.2418  0.2358  0.2367  0.2365  0.2341  0.2321  0.2211
  0.2297  0.2389  0.2416  0.2481  0.2406  0.2413  0.2643  0.2648  0.2607  0.2586  0.2587  0.2603  0.2620  0.2651  0.2677  0.2676  0.2632  0.2553  0.2271  0.2499  0.2542  0.2328  0.2697  0.2804  0.2776  0.2652  0.2411  0.2302  0.2479  0.2601  0.2599  0.2616  0.2623  0.2606  0.2591  0.2466
  0.2680  0.2657  0.2598  0.2616  0.2608  0.2452  0.2776  0.2853  0.2839  0.2778  0.2761  0.2760  0.2759  0.2781  0.2814  0.2851  0.2837  0.2779  0.2584  0.2859  0.2491  0.2442  0.2796  0.2927  0.2949  0.2914  0.2796  0.2570  0.2518  0.2737  0.2786  0.2834  0.2862  0.2866  0.2841  0.2773
  0.3160  0.2987  0.2675  0.2821  0.2767  0.2574  0.2956  0.3059  0.3061  0.3053  0.3037  0.3025  0.3007  0.3020  0.3042  0.3079  0.3086  0.3050  0.2990  0.3289  0.2320  0.2667  0.3050  0.3158  0.3182  0.3204  0.3175  0.3083  0.2981  0.2936  0.3026  0.3075  0.3108  0.3167  0.3106  0.3098
  0.3392  0.3230  0.3053  0.3099  0.3246  0.2929  0.3209  0.3392  0.3155  0.3296  0.3319  0.3306  0.3262  0.3262  0.3276  0.3297  0.3303  0.3302  0.3431  0.3410  0.2522  0.3064  0.3386  0.3424  0.3430  0.3474  0.3482  0.3469  0.3428  0.3378  0.3386  0.3396  0.3377  0.3459  0.3414  0.3414
  0.3660  0.3600  0.3548  0.3490  0.3400  0.3446  0.3538  0.3561  0.3455  0.3541  0.3558  0.3526  0.3453  0.3445  0.3457  0.3459  0.3462  0.3461  0.3552  0.3572  0.3131  0.3380  0.3617  0.3627  0.3629  0.3663  0.3679  0.3658  0.3628  0.3614  0.3599  0.3611  0.3588  0.3663  0.3677  0.3668
  0.3832  0.3834  0.3837  0.3833  0.3795  0.3776  0.3761  0.3721  0.3678  0.3690  0.3705  0.3670  0.3616  0.3607  0.3614  0.3621  0.3621  0.3625  0.3630  0.3658  0.3640  0.3703  0.3785  0.3793  0.3784  0.3790  0.3779  0.3748  0.3728  0.3709  0.3695  0.3738  0.3745  0.3764  0.3815  0.3830
  0.5100  0.5088  0.5023  0.4447  0.3860  0.4071  0.3871  0.3885  0.3866  0.3849  0.3853  0.3850  0.3854  0.3871  0.3886  0.3872  0.3847  0.3830  0.3938  0.4415  0.3833  0.3837  0.3861  0.3805  0.3722  0.3802  0.3953  0.4174  0.4126  0.4057  0.4829  0.5071  0.4581  0.4327  0.5143  0.5136
  0.6624  0.6608  0.6570  0.6238  0.5579  0.6308  0.5137  0.4480  0.4462  0.4429  0.4552  0.5095  0.5201  0.5499  0.5306  0.4777  0.4855  0.4593  0.5308  0.5368  0.4601  0.4296  0.4349  0.5155  0.6024  0.6373  0.6442  0.6530  0.6552  0.6570  0.6586  0.6592  0.6586  0.6590  0.6612  0.6625
