   0.0000000e+00
   0.0000000e+00
   0.0000000e+00
  -0.0000000e+00
  -0.0000000e+00
  -0.0000000e+00
  -3.1978497e-02
  -3.7954005e-02
  -4.2461494e-02
  -4.4682689e-02
  -2.5611417e-02
  -2.2011184e-02
  -8.7898639e-03
  -0.0000000e+00
  -5.1407712e-02
  -7.3148899e-02
  -3.4064580e-02
  -4.1407029e-02
  -0.0000000e+00
  -0.0000000e+00
  -4.3065575e-02
  -6.1162945e-02
  -6.2774694e-02
  -0.0000000e+00
   0.0000000e+00
   0.0000000e+00
   0.0000000e+00
   0.0000000e+00
   0.0000000e+00
   0.0000000e+00
   0.0000000e+00
   0.0000000e+00
   0.0000000e+00
   0.0000000e+00
   0.0000000e+00
   0.0000000e+00
  -0.0000000e+00
  -0.0000000e+00
  -0.0000000e+00
  -2.3053387e-02
   6.2243122e-03
   1.1806068e-02
   1.3764301e-02
   1.6817691e-02
   2.0610737e-02
   2.6423994e-02
   2.7441183e-02
   2.5392538e-02
   2.2888336e-02
   2.1672912e-02
   1.9297265e-02
   1.7284364e-02
   1.4307545e-02
   1.1375518e-02
   1.9458287e-02
   2.1120003e-02
   1.1556846e-02
   8.6026685e-03
   1.1444541e-03
  -1.1437445e-02
  -2.1439634e-02
  -1.7953372e-02
  -3.1451370e-02
  -4.0955940e-02
  -4.7434538e-02
  -5.2192596e-02
  -0.0000000e+00
  -0.0000000e+00
  -7.2621311e-02
  -6.9262930e-02
  -0.0000000e+00
  -0.0000000e+00
   1.0178877e-02
   1.6875951e-02
   2.6795721e-02
   3.8990635e-02
   4.7900707e-02
   5.7848226e-02
   6.1232507e-02
   5.9267044e-02
   6.0420625e-02
   7.0617266e-02
   7.8070253e-02
   7.5215064e-02
   7.0889406e-02
   6.9424048e-02
   6.8782754e-02
   6.7919716e-02
   6.5827638e-02
   6.4274862e-02
   6.2809073e-02
   5.7054805e-02
   5.0872866e-02
   4.9590256e-02
   4.9621753e-02
   4.4421151e-02
   4.0741801e-02
   4.1618504e-02
   4.4574499e-02
   4.7915254e-02
   4.9529243e-02
   4.4631056e-02
   3.7652410e-02
   2.8085254e-02
   2.1085702e-02
   1.5376994e-02
   7.2169211e-03
   5.8334284e-03
   9.1614783e-02
   9.3632258e-02
   9.4619304e-02
   9.5088519e-02
   8.2957909e-02
   8.2125314e-02
   8.1885524e-02
   7.7602453e-02
   7.5726748e-02
   8.5287213e-02
   9.5776722e-02
   1.0103350e-01
   9.9706940e-02
   1.0098167e-01
   1.0277320e-01
   1.0415908e-01
   1.0367132e-01
   1.0163280e-01
   9.6126467e-02
   0.0000000e+00
   7.4762970e-02
   7.8430697e-02
   8.2155801e-02
   7.9223700e-02
   7.8614831e-02
   8.4117278e-02
   9.3841709e-02
   1.0327618e-01
   1.1155062e-01
   1.1524530e-01
   1.1598084e-01
   1.1059331e-01
   9.8102182e-02
   9.5962688e-02
   8.8505335e-02
   8.8653013e-02
   1.2112644e-01
   1.0666460e-01
   9.9979269e-02
   1.0602662e-01
   7.0153594e-02
   6.8708442e-02
   7.4430391e-02
   7.1984353e-02
   7.0892148e-02
   7.7438824e-02
   8.4068887e-02
   9.0375774e-02
   9.4498247e-02
   1.0013003e-01
   1.0539551e-01
   1.0938898e-01
   1.1030162e-01
   1.0672364e-01
   8.5062971e-02
   0.0000000e+00
   6.8755105e-02
   8.6337745e-02
   9.2678472e-02
   9.4237536e-02
   9.6538007e-02
   1.0274209e-01
   1.1182953e-01
   1.2018070e-01
   1.2622008e-01
   1.3141133e-01
   1.4107658e-01
   1.4337358e-01
   1.3917729e-01
   1.3941136e-01
   1.2980716e-01
   1.2655795e-01
   0.0000000e+00
   0.0000000e+00
   0.0000000e+00
   0.0000000e+00
   0.0000000e+00
   4.4823366e-02
   5.4726317e-02
   6.0674291e-02
   5.9766453e-02
   5.9561651e-02
   6.1273232e-02
   6.3545141e-02
   6.7737665e-02
   7.4691856e-02
   8.2002980e-02
   8.9518940e-02
   9.2617024e-02
   8.8433174e-02
   7.5532575e-02
   0.0000000e+00
   5.2566399e-02
   7.1704064e-02
   8.1786918e-02
   8.8466009e-02
   9.4031317e-02
   9.7860966e-02
   9.8822033e-02
   9.9232270e-02
   9.8688420e-02
   1.0119697e-01
   1.1805027e-01
   1.2922140e-01
   1.3807931e-01
   1.3907572e-01
   1.3046993e-01
   1.1921342e-01
   0.0000000e+00
   0.0000000e+00
   0.0000000e+00
   0.0000000e+00
   0.0000000e+00
   2.8732339e-02
   3.6078177e-02
   4.2936709e-02
   4.3302350e-02
   3.9733227e-02
   3.7070934e-02
   3.6109753e-02
   3.8797874e-02
   4.4222835e-02
   5.1798373e-02
   6.0345545e-02
   6.4746700e-02
   6.1506301e-02
   5.2440842e-02
   0.0000000e+00
   0.0000000e+00
   4.5295712e-02
   5.7506640e-02
   6.9067553e-02
   7.5613901e-02
   7.3744088e-02
   6.4008608e-02
   5.5276558e-02
   5.8549777e-02
   5.9740521e-02
   7.6617390e-02
   9.0995610e-02
   1.0396656e-01
   1.0530749e-01
   9.8768368e-02
   8.2683548e-02
   0.0000000e+00
   0.0000000e+00
   0.0000000e+00
   0.0000000e+00
   0.0000000e+00
   1.8444471e-02
   2.2520801e-02
   2.5259177e-02
   2.2840835e-02
   1.9106962e-02
   1.6113326e-02
   1.4365344e-02
   1.4776894e-02
   1.7784370e-02
   2.3338808e-02
   2.9858187e-02
   3.3481396e-02
   3.0171286e-02
   1.9283024e-02
   0.0000000e+00
   0.0000000e+00
   1.5121983e-02
   2.7476827e-02
   3.9839469e-02
   4.3324728e-02
   3.5960461e-02
   1.6161786e-02
   4.1609966e-02
   2.5815583e-02
   2.2527970e-02
   3.2131318e-02
   4.3652589e-02
   5.2716114e-02
   5.4989252e-02
   5.0713243e-02
   3.9226141e-02
   1.4963735e-02
   0.0000000e+00
   0.0000000e+00
   0.0000000e+00
   0.0000000e+00
   9.1957413e-03
   8.0035059e-03
   6.3889339e-03
   3.7103705e-03
   1.7346099e-03
   4.3832388e-04
  -6.9711258e-04
  -1.0816047e-03
   1.1396685e-04
   3.5188096e-03
   7.8230891e-03
   9.3461238e-03
   5.2704280e-03
  -7.6529089e-04
   0.0000000e+00
   0.0000000e+00
  -6.4272904e-03
   5.0916979e-03
   1.5034982e-02
   1.5005618e-02
   4.5476691e-03
  -1.2000329e-02
   0.0000000e+00
  -0.0000000e+00
  -1.1175632e-02
  -5.7277894e-03
   3.7236684e-03
   1.0533917e-02
   1.3787277e-02
   1.1758155e-02
   9.1993343e-03
  -2.3142078e-03
  -4.2003381e-03
   0.0000000e+00
  -0.0000000e+00
  -1.2457256e-02
  -1.1672879e-02
  -1.5315901e-02
  -1.8253613e-02
  -1.9217309e-02
  -1.8747030e-02
  -1.7975854e-02
  -1.7477676e-02
  -1.7315328e-02
  -1.7401123e-02
  -1.6374588e-02
  -1.5687650e-02
  -1.7192246e-02
  -2.0885719e-02
  -1.7011151e-02
   0.0000000e+00
   0.0000000e+00
  -0.0000000e+00
  -1.5420699e-02
  -9.7254161e-03
  -1.3353033e-02
  -2.5189310e-02
  -3.2284990e-02
   0.0000000e+00
  -0.0000000e+00
  -3.7998427e-02
  -3.5955116e-02
  -3.1567350e-02
  -2.7592124e-02
  -2.4982156e-02
  -2.4741421e-02
  -1.8851802e-02
  -1.6935552e-02
  -1.3581862e-02
   0.0000000e+00
  -3.1448059e-02
  -2.8198559e-02
  -2.7913110e-02
  -3.1206686e-02
  -3.3654731e-02
  -3.3484060e-02
  -3.2047801e-02
  -3.0099217e-02
  -2.7982922e-02
  -2.7029091e-02
  -2.7289703e-02
  -2.8633412e-02
  -3.1548493e-02
  -3.5401843e-02
  -3.7169218e-02
  -1.9749820e-02
   0.0000000e+00
   0.0000000e+00
  -0.0000000e+00
  -2.5524270e-02
  -2.5045658e-02
  -3.0950682e-02
  -3.9180078e-02
  -3.1373951e-02
   0.0000000e+00
  -0.0000000e+00
  -4.0812460e-02
  -4.2040316e-02
  -4.6898760e-02
  -4.6107732e-02
  -4.5409750e-02
  -4.4421740e-02
  -3.5280369e-02
  -2.9795859e-02
  -2.4600612e-02
  -4.0472985e-02
  -4.3922141e-02
  -3.8691165e-02
  -3.8109079e-02
  -4.0394746e-02
  -4.2010419e-02
  -4.1734163e-02
  -4.0005017e-02
  -3.7355635e-02
  -3.4079958e-02
  -3.2959271e-02
  -3.5120055e-02
  -4.0111881e-02
  -4.6476528e-02
  -5.1543266e-02
  -5.0268669e-02
  -2.7347645e-02
   0.0000000e+00
   0.0000000e+00
  -0.0000000e+00
  -3.3248810e-02
  -3.9541468e-02
  -4.4995274e-02
  -4.4817012e-02
  -3.3995995e-02
   0.0000000e+00
  -0.0000000e+00
  -2.5271255e-02
  -4.1907351e-02
  -5.2498579e-02
  -5.5008322e-02
  -5.6822322e-02
  -5.5880472e-02
  -4.6462789e-02
  -3.5515178e-02
  -2.6645351e-02
  -2.5480095e-02
  -0.0000000e+00
  -3.8609951e-02
  -3.8384169e-02
  -3.9790768e-02
  -4.0938202e-02
  -4.0710129e-02
  -3.8962133e-02
  -3.6760829e-02
  -3.5154767e-02
  -3.6985155e-02
  -4.2678773e-02
  -5.0237257e-02
  -5.7308994e-02
  -6.0788933e-02
  -5.4166406e-02
  -3.0847107e-02
   0.0000000e+00
   0.0000000e+00
   0.0000000e+00
  -4.0978879e-02
  -5.0933402e-02
  -5.2448191e-02
  -4.1516643e-02
  -2.6207164e-02
   0.0000000e+00
   0.0000000e+00
  -1.5570984e-02
  -4.1270363e-02
  -4.9056713e-02
  -5.3708572e-02
  -5.6436226e-02
  -5.6555815e-02
  -4.9972787e-02
  -3.2957759e-02
  -1.9753249e-02
  -9.2370585e-03
  -3.1596200e-02
  -3.1127295e-02
  -3.0585945e-02
  -3.1659216e-02
  -3.3077698e-02
  -3.3754826e-02
  -3.3312816e-02
  -3.3586845e-02
  -3.6369942e-02
  -4.2668637e-02
  -5.0473101e-02
  -5.7821617e-02
  -6.2311683e-02
  -6.0903974e-02
  -4.6634849e-02
  -2.4666595e-02
   0.0000000e+00
   0.0000000e+00
   0.0000000e+00
  -4.6523826e-02
  -5.6810301e-02
  -5.3479031e-02
  -3.3271149e-02
  -1.2247039e-02
   0.0000000e+00
   0.0000000e+00
  -0.0000000e+00
  -3.8816928e-02
  -4.1982431e-02
  -4.6746954e-02
  -4.9430329e-02
  -5.0567716e-02
  -4.6498746e-02
  -2.5571690e-02
  -1.1653708e-02
  -8.8989406e-03
  -2.4189702e-02
  -1.7905368e-02
  -1.7235139e-02
  -1.9287359e-02
  -2.2274261e-02
  -2.4743078e-02
  -2.7125260e-02
  -3.2134324e-02
  -4.0511817e-02
  -5.0303474e-02
  -5.7906277e-02
  -6.1978769e-02
  -6.0484156e-02
  -5.0566662e-02
  -2.8224601e-02
   0.0000000e+00
   0.0000000e+00
   0.0000000e+00
   0.0000000e+00
  -0.0000000e+00
  -5.5641200e-02
  -4.8351936e-02
  -2.3242254e-02
   4.7016786e-03
   0.0000000e+00
   0.0000000e+00
  -0.0000000e+00
  -3.4632519e-02
  -3.3622898e-02
  -3.7036393e-02
  -3.8943846e-02
  -3.9574467e-02
  -3.5950776e-02
  -2.1156616e-02
  -0.0000000e+00
  -8.6294226e-03
  -1.1987578e-02
  -6.5595480e-03
  -8.2985247e-03
  -1.2526508e-02
  -1.6614353e-02
  -1.9940047e-02
  -2.4383752e-02
  -3.2074891e-02
  -4.2565826e-02
  -5.2722536e-02
  -5.8408655e-02
  -5.8343902e-02
  -5.0920345e-02
  -3.4808505e-02
  -1.7322661e-02
   0.0000000e+00
   0.0000000e+00
   0.0000000e+00
   0.0000000e+00
  -0.0000000e+00
  -4.6593580e-02
  -3.7967946e-02
  -1.4604069e-02
   1.9863434e-03
   0.0000000e+00
   0.0000000e+00
  -0.0000000e+00
  -2.6295280e-02
  -2.3548232e-02
  -2.5165867e-02
  -2.5764983e-02
  -2.6397016e-02
  -2.4067601e-02
   0.0000000e+00
  -0.0000000e+00
  -2.8760713e-03
  -3.4503257e-03
  -4.2566885e-03
  -9.9347495e-03
  -1.6710160e-02
  -2.2100426e-02
  -2.6514215e-02
  -3.1446829e-02
  -3.7320893e-02
  -4.3531880e-02
  -4.8675478e-02
  -5.0495781e-02
  -4.7004353e-02
  -3.6507264e-02
  -1.9708728e-02
  -4.1564330e-03
   0.0000000e+00
   0.0000000e+00
   0.0000000e+00
   0.0000000e+00
  -0.0000000e+00
  -3.1592257e-02
  -2.4343066e-02
  -7.0311547e-03
   5.6742859e-03
   0.0000000e+00
   0.0000000e+00
  -0.0000000e+00
  -1.9082338e-02
  -1.2596563e-02
  -1.1625880e-02
  -1.1257874e-02
  -1.3328556e-02
  -1.2518050e-02
   0.0000000e+00
   0.0000000e+00
   3.4633883e-04
  -3.1162934e-03
  -9.5306419e-03
  -1.8074438e-02
  -2.6193947e-02
  -3.2459959e-02
  -3.7385239e-02
  -4.1262361e-02
  -4.3452720e-02
  -4.3776295e-02
  -4.2778301e-02
  -4.0794751e-02
  -3.5825695e-02
  -2.6105729e-02
  -1.2583545e-02
   5.9036407e-04
   0.0000000e+00
   0.0000000e+00
   0.0000000e+00
  -0.0000000e+00
  -1.8451579e-02
  -1.4765325e-02
  -1.0329717e-02
   1.0767585e-03
   0.0000000e+00
   0.0000000e+00
   0.0000000e+00
  -0.0000000e+00
  -1.5342196e-02
  -4.2866878e-03
   6.8566195e-04
   2.0320793e-03
  -1.9132930e-03
   5.1574870e-05
   0.0000000e+00
  -0.0000000e+00
  -2.1051385e-03
  -1.0233168e-02
  -1.9696746e-02
  -2.7114055e-02
  -3.2105606e-02
  -3.5717464e-02
  -3.9212569e-02
  -4.2285475e-02
  -4.3621315e-02
  -4.2466721e-02
  -3.9375997e-02
  -3.5907451e-02
  -3.0860158e-02
  -2.3163228e-02
  -1.5384477e-02
  -2.1603957e-03
   0.0000000e+00
   0.0000000e+00
   0.0000000e+00
  -3.1384420e-02
  -1.0475578e-02
  -1.5931618e-04
   3.6006200e-03
   9.7609742e-03
   0.0000000e+00
   0.0000000e+00
   0.0000000e+00
   0.0000000e+00
  -1.5608037e-02
   8.1138268e-06
   7.7678926e-03
   1.0289215e-02
   6.4408236e-03
   4.7783972e-03
   0.0000000e+00
  -0.0000000e+00
  -9.5571363e-03
  -2.1434296e-02
  -3.2831214e-02
  -4.0187512e-02
  -4.3257419e-02
  -4.4057760e-02
  -4.4988301e-02
  -4.6031147e-02
  -4.5802154e-02
  -4.2623445e-02
  -3.6478952e-02
  -3.1024167e-02
  -2.7772829e-02
  -2.5104597e-02
  -2.1987906e-02
  -1.6343594e-02
   0.0000000e+00
   0.0000000e+00
  -0.0000000e+00
  -3.8521558e-02
  -1.3045356e-02
   8.0684992e-03
   1.2581735e-02
   0.0000000e+00
   0.0000000e+00
   0.0000000e+00
   0.0000000e+00
   0.0000000e+00
  -1.1370969e-02
   2.0948378e-03
   1.4949939e-02
   1.6135314e-02
   1.2539096e-02
   8.7259179e-03
  -0.0000000e+00
  -1.6064879e-02
  -2.1191603e-02
  -3.5352148e-02
  -4.9213000e-02
  -5.8317937e-02
  -6.2468510e-02
  -6.3408539e-02
  -6.3581228e-02
  -6.3356243e-02
  -6.1646767e-02
  -5.6398846e-02
  -4.6598911e-02
  -3.6131669e-02
  -3.0934403e-02
  -3.2962333e-02
  -3.0926204e-02
  -3.5938797e-02
   0.0000000e+00
   0.0000000e+00
  -6.4906709e-02
  -5.1660094e-02
  -2.4182200e-02
   6.6534309e-03
   0.0000000e+00
   0.0000000e+00
   0.0000000e+00
   0.0000000e+00
   0.0000000e+00
   0.0000000e+00
   0.0000000e+00
   5.7254918e-03
   1.7486857e-02
   0.0000000e+00
   2.4815191e-02
   1.1292979e-02
  -0.0000000e+00
  -2.4883688e-02
  -3.3010656e-02
  -4.8103239e-02
  -6.2852696e-02
  -7.2696924e-02
  -7.7802144e-02
  -8.0103204e-02
  -8.2193539e-02
  -8.4813543e-02
  -8.5999168e-02
  -8.2712673e-02
  -7.2072767e-02
  -5.4382194e-02
  -3.7741758e-02
  -3.5171293e-02
  -4.6716725e-02
  -8.0023691e-02
  -9.2573572e-02
  -7.5349143e-02
  -7.3493058e-02
  -6.4555675e-02
  -4.1166767e-02
  -9.0728559e-03
   0.0000000e+00
   0.0000000e+00
   0.0000000e+00
   0.0000000e+00
   0.0000000e+00
   0.0000000e+00
   0.0000000e+00
   1.9175518e-02
   2.5618389e-02
   0.0000000e+00
   0.0000000e+00
   0.0000000e+00
  -0.0000000e+00
  -3.2827359e-02
  -4.5540174e-02
  -5.5454142e-02
  -6.7978069e-02
  -7.7276349e-02
  -8.2145371e-02
  -8.3777249e-02
  -8.5626937e-02
  -9.0109639e-02
  -9.5052116e-02
  -9.5795430e-02
  -8.6701363e-02
  -6.4620078e-02
  -3.6218401e-02
  -2.3168478e-02
  -1.8297627e-02
  -0.0000000e+00
  -8.3061621e-02
  -7.0891127e-02
  -7.1021922e-02
  -6.9237784e-02
  -5.7377353e-02
  -3.0340630e-02
   0.0000000e+00
   0.0000000e+00
   0.0000000e+00
   0.0000000e+00
   0.0000000e+00
   0.0000000e+00
   0.0000000e+00
   4.1519093e-02
   4.5142264e-02
   0.0000000e+00
   0.0000000e+00
   0.0000000e+00
  -0.0000000e+00
  -5.0569727e-02
  -5.4196683e-02
  -5.8448415e-02
  -6.6197336e-02
  -7.3463194e-02
  -7.7470273e-02
  -7.7814750e-02
  -7.7439085e-02
  -8.0380470e-02
  -8.6246789e-02
  -8.9519039e-02
  -8.2066894e-02
  -5.8873273e-02
  -2.6301218e-02
  -1.6184401e-02
   0.0000000e+00
  -0.0000000e+00
  -5.7904497e-02
  -5.7909340e-02
  -6.0271155e-02
  -6.5267593e-02
  -6.5253839e-02
  -4.7127724e-02
   0.0000000e+00
   0.0000000e+00
   0.0000000e+00
   0.0000000e+00
   0.0000000e+00
   0.0000000e+00
   0.0000000e+00
   4.5327192e-02
   0.0000000e+00
   0.0000000e+00
   0.0000000e+00
   0.0000000e+00
  -0.0000000e+00
  -5.2708931e-02
  -5.3721018e-02
  -5.4968018e-02
  -5.7372887e-02
  -6.0420815e-02
  -6.2173195e-02
  -6.1570950e-02
  -6.0336795e-02
  -6.1794862e-02
  -6.6817641e-02
  -7.0726566e-02
  -6.4836293e-02
  -4.3003149e-02
  -1.1669388e-02
  -1.1126149e-02
  -0.0000000e+00
  -3.2664275e-02
  -3.6350869e-02
  -4.0197384e-02
  -4.4417180e-02
  -5.2561309e-02
  -6.1252814e-02
  -5.5725134e-02
   0.0000000e+00
   0.0000000e+00
   0.0000000e+00
   0.0000000e+00
   0.0000000e+00
   0.0000000e+00
   0.0000000e+00
   0.0000000e+00
   0.0000000e+00
   0.0000000e+00
   0.0000000e+00
   0.0000000e+00
   0.0000000e+00
  -0.0000000e+00
  -3.8832653e-02
  -3.7254728e-02
  -3.7314896e-02
  -3.7355240e-02
  -3.5964243e-02
  -3.4144118e-02
  -3.3761077e-02
  -3.6555447e-02
  -4.1855559e-02
  -4.6255022e-02
  -4.2299762e-02
  -2.2835445e-02
   2.4790701e-03
   0.0000000e+00
  -0.0000000e+00
  -1.3028514e-02
  -1.6021794e-02
  -2.1460390e-02
  -2.6118957e-02
  -3.3666864e-02
  -4.4604469e-02
  -4.9954498e-02
   0.0000000e+00
   0.0000000e+00
   0.0000000e+00
   0.0000000e+00
   0.0000000e+00
   0.0000000e+00
   0.0000000e+00
   0.0000000e+00
   0.0000000e+00
   0.0000000e+00
   0.0000000e+00
   0.0000000e+00
   0.0000000e+00
  -0.0000000e+00
  -1.2213701e-02
  -7.7825896e-03
  -8.1267320e-03
  -7.5214095e-03
  -4.1241702e-03
  -1.5271585e-03
  -2.2898992e-03
  -8.0981115e-03
  -1.6128141e-02
  -2.2749322e-02
  -2.1570388e-02
  -4.3074731e-03
   1.0725008e-02
   0.0000000e+00
  -0.0000000e+00
  -1.6460672e-03
   4.9668243e-03
  -3.5914090e-03
  -9.5121134e-03
  -1.5723158e-02
  -2.4818392e-02
  -3.1152542e-02
   0.0000000e+00
   0.0000000e+00
   0.0000000e+00
   0.0000000e+00
   0.0000000e+00
   0.0000000e+00
   0.0000000e+00
   0.0000000e+00
   0.0000000e+00
   0.0000000e+00
   0.0000000e+00
   0.0000000e+00
   0.0000000e+00
   0.0000000e+00
   2.2303922e-02
   3.3121437e-02
   3.5173725e-02
   3.7691150e-02
   4.3186475e-02
   4.5879610e-02
   4.2862140e-02
   3.3158205e-02
   2.0962099e-02
   1.0150963e-02
   6.0382695e-03
   1.6625560e-02
   2.4466299e-02
   0.0000000e+00
   0.0000000e+00
   0.0000000e+00
   3.0248801e-02
   2.0635415e-02
   1.2882283e-02
   6.8422258e-03
  -8.1179739e-04
  -9.2530670e-03
  -7.7266557e-03
   0.0000000e+00
   0.0000000e+00
   0.0000000e+00
   0.0000000e+00
   0.0000000e+00
   0.0000000e+00
   0.0000000e+00
   0.0000000e+00
   0.0000000e+00
   0.0000000e+00
   0.0000000e+00
   0.0000000e+00
   0.0000000e+00
   3.0453365e-02
   4.7439566e-02
   5.7176836e-02
   6.6567682e-02
   7.4502006e-02
   7.6876423e-02
   7.2497092e-02
   6.1979894e-02
   4.9952512e-02
   3.8189560e-02
   2.9237706e-02
   2.9805570e-02
   0.0000000e+00
   0.0000000e+00
   0.0000000e+00
   0.0000000e+00
   0.0000000e+00
   3.8242175e-02
   3.1619571e-02
   2.5858240e-02
   1.8211355e-02
   8.9904591e-03
   7.0943932e-03
   0.0000000e+00
   0.0000000e+00
   0.0000000e+00
   0.0000000e+00
   0.0000000e+00
   0.0000000e+00
   0.0000000e+00
   0.0000000e+00
   0.0000000e+00
   0.0000000e+00
   0.0000000e+00
   0.0000000e+00
   0.0000000e+00
   0.0000000e+00
   5.2738440e-02
   6.7451589e-02
   8.2881019e-02
   9.0668790e-02
   9.0637311e-02
   8.5008107e-02
   7.7086292e-02
   6.9508195e-02
   6.1429925e-02
   5.0527476e-02
   3.8332239e-02
   0.0000000e+00
   0.0000000e+00
   0.0000000e+00
   0.0000000e+00
   0.0000000e+00
   4.8061784e-02
   4.5723040e-02
   4.2249370e-02
   3.6156330e-02
   2.6550338e-02
   1.9121710e-02
   0.0000000e+00
   0.0000000e+00
   0.0000000e+00
   0.0000000e+00
   0.0000000e+00
   0.0000000e+00
   0.0000000e+00
   0.0000000e+00
   0.0000000e+00
   0.0000000e+00
   0.0000000e+00
   0.0000000e+00
   0.0000000e+00
   0.0000000e+00
   4.4199510e-02
   5.5789626e-02
   6.4566039e-02
   7.0236512e-02
   7.0781731e-02
   6.7877747e-02
   6.5797143e-02
   6.4850524e-02
   6.2145900e-02
   5.5482227e-02
   4.2003836e-02
   0.0000000e+00
   0.0000000e+00
   0.0000000e+00
   0.0000000e+00
   0.0000000e+00
   0.0000000e+00
   4.2417552e-02
   4.3850873e-02
   4.1825229e-02
   3.6062796e-02
   3.0751566e-02
   0.0000000e+00
   0.0000000e+00
   0.0000000e+00
   0.0000000e+00
   0.0000000e+00
   0.0000000e+00
   0.0000000e+00
   0.0000000e+00
   0.0000000e+00
   0.0000000e+00
   0.0000000e+00
   0.0000000e+00
   0.0000000e+00
   0.0000000e+00
   0.0000000e+00
   1.7185515e-02
   1.9308144e-02
   2.5909376e-02
   2.9009750e-02
   3.0469978e-02
   3.5133890e-02
   4.1095901e-02
   4.4880541e-02
   4.3884774e-02
   4.1328630e-02
   0.0000000e+00
   0.0000000e+00
   0.0000000e+00
   0.0000000e+00
   0.0000000e+00
   0.0000000e+00
   2.7961156e-02
   3.4360833e-02
   3.7658840e-02
   3.6931890e-02
   3.7089042e-02
   0.0000000e+00
   0.0000000e+00
   0.0000000e+00
   0.0000000e+00
   0.0000000e+00
   0.0000000e+00
   0.0000000e+00
   0.0000000e+00
   0.0000000e+00
   0.0000000e+00
   0.0000000e+00
   0.0000000e+00
   0.0000000e+00
   0.0000000e+00
  -0.0000000e+00
  -1.4532885e-02
  -8.6444725e-03
  -2.1050123e-02
  -1.8670724e-02
  -1.3118958e-02
  -2.9606340e-03
   8.6552664e-03
   1.6978472e-02
   2.0512019e-02
   0.0000000e+00
   0.0000000e+00
   0.0000000e+00
   0.0000000e+00
   0.0000000e+00
   0.0000000e+00
   0.0000000e+00
   0.0000000e+00
   1.6681269e-02
   2.2384168e-02
   2.3852820e-02
   8.3990989e-03
   0.0000000e+00
   0.0000000e+00
   0.0000000e+00
   0.0000000e+00
   0.0000000e+00
   0.0000000e+00
   0.0000000e+00
   0.0000000e+00
   0.0000000e+00
   0.0000000e+00
   0.0000000e+00
   0.0000000e+00
   0.0000000e+00
   0.0000000e+00
  -0.0000000e+00
  -0.0000000e+00
   0.0000000e+00
  -4.8616173e-02
  -5.2436979e-02
  -4.3174189e-02
  -2.5658255e-02
  -0.0000000e+00
  -7.0248854e-03
   2.7276610e-03
   0.0000000e+00
   0.0000000e+00
   0.0000000e+00
   0.0000000e+00
   0.0000000e+00
   0.0000000e+00
  -0.0000000e+00
   1.8694611e-03
   1.1633981e-03
  -2.3849692e-03
  -1.2029575e-03
  -1.4359840e-03
   3.6541029e-03
   0.0000000e+00
   0.0000000e+00
   0.0000000e+00
   0.0000000e+00
   0.0000000e+00
   0.0000000e+00
   0.0000000e+00
   0.0000000e+00
   0.0000000e+00
   0.0000000e+00
   0.0000000e+00
   0.0000000e+00
   0.0000000e+00
   0.0000000e+00
   0.0000000e+00
   0.0000000e+00
   0.0000000e+00
  -0.0000000e+00
  -4.4115535e-02
   0.0000000e+00
   0.0000000e+00
   0.0000000e+00
   0.0000000e+00
   0.0000000e+00
   0.0000000e+00
   0.0000000e+00
   0.0000000e+00
   0.0000000e+00
   0.0000000e+00
   0.0000000e+00
  -7.5299798e-04
   0.0000000e+00
  -0.0000000e+00
  -0.0000000e+00
  -1.3364504e-02
  -3.5579783e-03
  -4.2780266e-03
   0.0000000e+00
  -0.0000000e+00
  -0.0000000e+00
  -0.0000000e+00
   0.0000000e+00
   0.0000000e+00
   0.0000000e+00
   0.0000000e+00
   0.0000000e+00
  -0.0000000e+00
  -4.6420232e-03
  -5.1643524e-03
  -4.7876069e-03
  -4.9359760e-03
  -8.0799967e-03
  -9.8628317e-03
  -1.3252903e-02
  -1.8739859e-02
  -1.7249437e-02
  -2.0198714e-02
  -1.7357356e-02
  -1.2007884e-02
  -6.3394059e-03
   1.1340260e-04
   0.0000000e+00
  -0.0000000e+00
  -0.0000000e+00
  -0.0000000e+00
  -1.5422795e-03
  -6.0898336e-03
  -0.0000000e+00
  -0.0000000e+00
  -0.0000000e+00
  -0.0000000e+00
  -1.1582438e-02
  -1.1526499e-02
  -1.2662022e-02
  -9.7336704e-03
  -9.4493062e-03
  -9.2009423e-03
  -1.0106057e-02
  -1.1352737e-02
  -0.0000000e+00
  -0.0000000e+00
  -0.0000000e+00
