  3.259312e-01
  1.608185e-01
  1.226667e-01
  1.090234e-01
  1.206753e-01
  1.255946e-01
  1.232381e-01
  1.232812e-01
  1.395080e-01
  1.403451e-01
  1.326762e-01
  1.254788e-01
  1.234209e-01
  1.080300e-01
  8.559187e-02
  8.537879e-02
  8.257136e-02
  7.757756e-02
  7.610763e-02
  7.519261e-02
  7.014469e-02
  6.103237e-02
  5.993286e-02
  6.066907e-02
  5.927605e-02
  6.005249e-02
  6.475779e-02
  6.763972e-02
  7.194411e-02
  7.105071e-02
  6.830439e-02
  6.642063e-02
  6.865405e-02
  7.139588e-02
  1.981368e-01
  5.960961e-01
