   0.0000000e+00
   0.0000000e+00
   0.0000000e+00
   0.0000000e+00
   0.0000000e+00
   0.0000000e+00
   9.0091906e-02
   3.6618600e-02
   1.9204304e-02
   1.2277704e-02
   8.7464362e-03
   5.2302406e-03
   7.5248404e-03
   0.0000000e+00
   1.4908199e-02
   8.1871086e-03
   5.6467612e-03
   4.9425924e-03
   0.0000000e+00
   0.0000000e+00
   1.4600403e-03
  -3.5346725e-02
  -4.3791234e-02
  -0.0000000e+00
   0.0000000e+00
   0.0000000e+00
   0.0000000e+00
   0.0000000e+00
   0.0000000e+00
   0.0000000e+00
   0.0000000e+00
   0.0000000e+00
   0.0000000e+00
   0.0000000e+00
   0.0000000e+00
   0.0000000e+00
   0.0000000e+00
   0.0000000e+00
   0.0000000e+00
   6.5857675e-02
   3.1328310e-02
   2.2695472e-02
   1.7501010e-02
   7.8384262e-03
   4.6562540e-04
  -2.1474212e-04
   1.0930166e-03
   2.9612591e-03
   4.9675596e-03
   7.2320057e-03
   8.8889580e-03
   9.0012103e-03
   6.1371326e-03
   5.0536585e-04
  -5.5471779e-03
  -6.8879246e-03
  -4.6200645e-03
  -5.5122380e-03
  -6.1511723e-03
  -6.6889283e-03
  -5.1324784e-04
   6.1411767e-03
   1.1691544e-02
   1.6560646e-02
   1.3228561e-02
   1.3082094e-03
   0.0000000e+00
   0.0000000e+00
   1.9424060e-02
   1.8584315e-03
   0.0000000e+00
   0.0000000e+00
  -1.1507768e-02
  -8.6663747e-03
  -8.1916514e-04
   5.3283218e-03
   4.6803206e-03
   4.6696016e-03
  -4.1775609e-04
  -1.0218922e-02
  -1.5981002e-02
  -1.3697763e-02
  -7.7524721e-03
  -4.6858960e-03
  -3.7673377e-03
  -1.5167841e-03
   5.4260157e-04
   4.9801986e-04
  -3.2728766e-03
  -1.0006774e-02
  -1.5427161e-02
  -8.9562052e-03
  -7.5806729e-03
  -7.8670653e-03
  -3.9440170e-03
  -9.0934685e-04
   3.7439205e-04
   1.5713033e-03
   3.1184519e-03
   3.8938648e-03
   4.9398514e-03
   6.9576274e-03
   1.1800447e-02
   1.5089721e-02
   9.7824400e-03
   3.8517057e-03
  -1.9925763e-03
  -7.7866213e-03
  -3.2127719e-02
  -2.6489412e-02
  -1.8621322e-02
  -1.2264138e-02
  -6.5560993e-03
  -2.4539162e-03
  -9.1750240e-03
  -1.6554084e-02
  -1.8917203e-02
  -1.6707100e-02
  -1.2108712e-02
  -1.0548563e-02
  -1.2011316e-02
  -1.0816649e-02
  -9.8774955e-03
  -1.0452693e-02
  -1.4433827e-02
  -2.2004377e-02
  -3.3522917e-02
  -0.0000000e+00
  -1.4304488e-02
  -1.4256597e-02
  -6.4429147e-03
  -5.5748876e-03
  -8.3207479e-03
  -1.0733969e-02
  -1.2928626e-02
  -1.3609025e-02
  -9.6599665e-03
  -4.6169078e-03
   1.4876893e-03
   2.9147204e-03
  -3.4536498e-03
  -4.5749485e-03
  -1.6650595e-02
  -2.8031925e-02
  -4.0789363e-02
  -2.3227027e-02
  -1.8442045e-02
  -1.7119502e-02
   9.1591284e-04
  -1.4487444e-04
  -9.1595436e-03
  -1.3122212e-02
  -1.7181160e-02
  -1.6425686e-02
  -1.4032342e-02
  -1.4232699e-02
  -1.5783736e-02
  -1.5222074e-02
  -1.4563544e-02
  -1.4757083e-02
  -1.7777612e-02
  -2.1958737e-02
  -2.9661566e-02
  -0.0000000e+00
  -1.8349458e-02
  -1.2876587e-02
  -7.1046907e-03
  -9.7652609e-03
  -1.4597385e-02
  -1.9779809e-02
  -2.3745771e-02
  -2.2219259e-02
  -1.6483063e-02
  -1.1586077e-02
  -4.6753753e-03
  -3.7730485e-03
  -6.8187024e-03
  -1.0124232e-02
  -2.9211333e-02
  -3.8967866e-02
   0.0000000e+00
  -0.0000000e+00
  -0.0000000e+00
   0.0000000e+00
   0.0000000e+00
   1.1086218e-03
  -5.4753501e-03
  -7.6594492e-03
  -1.4238607e-02
  -1.5911390e-02
  -1.3342750e-02
  -1.3372785e-02
  -1.3492855e-02
  -1.3469991e-02
  -1.2758363e-02
  -1.3035789e-02
  -1.4785508e-02
  -1.5120462e-02
  -8.6719835e-03
  -0.0000000e+00
  -1.6047197e-02
  -7.3327012e-03
  -5.8625231e-03
  -1.1231941e-02
  -1.7557633e-02
  -2.2814888e-02
  -2.3183139e-02
  -1.7865085e-02
  -1.0394496e-02
  -7.8226845e-03
  -4.0687181e-03
  -4.1056299e-03
  -5.5561334e-03
  -1.7974147e-02
  -3.1868000e-02
  -3.3067828e-02
   0.0000000e+00
   0.0000000e+00
   0.0000000e+00
   0.0000000e+00
   0.0000000e+00
   2.8630742e-03
  -1.9885420e-03
  -6.8896678e-03
  -1.3413482e-02
  -1.1117853e-02
  -8.6668683e-03
  -7.9215495e-03
  -8.7625114e-03
  -9.5461756e-03
  -9.4169555e-03
  -1.0062531e-02
  -9.7049726e-03
  -6.0139163e-03
   8.2665856e-03
   0.0000000e+00
  -0.0000000e+00
  -2.2751275e-03
  -5.6818072e-03
  -1.2188548e-02
  -1.7276630e-02
  -1.7610833e-02
  -1.1814091e-02
  -4.4013145e-03
  -3.3658958e-04
  -4.0931697e-03
  -2.9422087e-03
  -3.2729304e-03
  -6.6936552e-03
  -1.7987266e-02
  -2.1990210e-02
  -1.2992700e-02
   0.0000000e+00
   0.0000000e+00
   0.0000000e+00
   0.0000000e+00
   0.0000000e+00
   2.5947427e-03
  -4.3669366e-03
  -7.9871630e-03
  -7.5006192e-03
  -3.7352853e-03
  -2.5251332e-03
  -2.8879575e-03
  -4.7310204e-03
  -6.3707867e-03
  -6.8608634e-03
  -6.9284295e-03
  -4.1471510e-03
   4.8717288e-03
   2.3818704e-02
   0.0000000e+00
  -0.0000000e+00
  -2.8408808e-03
  -8.3188498e-03
  -1.1210530e-02
  -1.0862044e-02
  -3.7744374e-03
   1.1407460e-02
  -1.6500474e-04
  -2.2169778e-03
  -7.3786746e-03
  -5.1813298e-03
  -3.8122507e-03
  -5.0226226e-03
  -8.4671555e-03
  -6.5363903e-03
   1.2343929e-02
   3.1842398e-02
   0.0000000e+00
   0.0000000e+00
   0.0000000e+00
   0.0000000e+00
   8.7266264e-04
  -3.6376172e-03
  -3.4793578e-03
  -8.0781040e-04
   1.8060009e-03
   2.1731344e-03
   9.0616348e-04
  -1.6694595e-03
  -4.0187631e-03
  -4.7692568e-03
  -3.9607305e-03
   7.7868550e-04
   1.4502049e-02
   3.6945805e-02
   0.0000000e+00
   0.0000000e+00
  -7.2851363e-03
  -1.0160651e-02
  -7.9779895e-03
  -2.6675425e-03
   1.0637463e-02
   3.1416462e-02
   0.0000000e+00
  -0.0000000e+00
  -1.7478843e-03
  -7.0837449e-04
   1.6006426e-03
   2.6114066e-03
   1.6983289e-03
   5.9234044e-03
   2.6178803e-02
   2.8476297e-02
   1.9560090e-02
   0.0000000e+00
   0.0000000e+00
   1.0263538e-02
   5.5226935e-03
   3.4876564e-03
   4.1438439e-03
   6.1221714e-03
   7.2625251e-03
   7.2545581e-03
   5.3566894e-03
   1.7946349e-03
  -1.0199782e-03
  -2.0106242e-03
   4.3792345e-04
   7.6223267e-03
   2.5403095e-02
   4.7095905e-02
   0.0000000e+00
   0.0000000e+00
  -0.0000000e+00
  -1.1023687e-02
  -2.6446965e-03
   7.2151981e-03
   2.8555835e-02
   5.5583739e-02
   0.0000000e+00
   0.0000000e+00
   5.1220823e-03
   3.4276219e-03
   9.5002027e-03
   1.1226324e-02
   1.1044210e-02
   1.6881900e-02
   3.1005960e-02
   2.7217193e-02
   1.5476477e-02
   0.0000000e+00
   1.1090553e-02
   1.3241025e-02
   1.0937047e-02
   8.7896734e-03
   8.7313801e-03
   9.9411299e-03
   1.0800044e-02
   1.0392789e-02
   7.7491468e-03
   3.4679614e-03
   3.1913625e-04
   7.9336323e-06
   4.1707903e-03
   1.3579712e-02
   3.2688126e-02
   4.5966009e-02
   0.0000000e+00
   0.0000000e+00
  -0.0000000e+00
  -1.2017472e-02
   1.9308541e-03
   1.4678029e-02
   3.9928529e-02
   5.6517023e-02
   0.0000000e+00
   0.0000000e+00
   8.8946762e-03
   5.7960073e-03
   1.3844222e-02
   1.5521447e-02
   1.6456265e-02
   2.2597503e-02
   3.1066708e-02
   2.7125569e-02
   2.0302679e-02
   1.7293019e-02
   1.0208169e-02
   1.7510082e-02
   1.4476687e-02
   1.2443356e-02
   1.1707319e-02
   1.2598824e-02
   1.3167216e-02
   1.1593462e-02
   7.6380540e-03
   2.6985328e-03
   5.9524726e-04
   2.5121463e-03
   9.1733746e-03
   2.0876117e-02
   4.0297657e-02
   3.8255108e-02
   0.0000000e+00
   0.0000000e+00
  -0.0000000e+00
  -7.8283510e-03
   8.1540644e-03
   2.3007208e-02
   4.8329182e-02
   5.9722675e-02
   0.0000000e+00
   0.0000000e+00
   5.0031654e-03
   1.5048206e-02
   1.6811963e-02
   1.8512636e-02
   2.1234440e-02
   2.6223166e-02
   3.0062608e-02
   2.7433982e-02
   2.5413584e-02
   2.3710534e-02
   0.0000000e+00
   1.9598160e-02
   1.5105229e-02
   1.2943096e-02
   1.1937004e-02
   1.2528941e-02
   1.1952639e-02
   8.7925931e-03
   3.9976360e-03
   5.9122045e-04
   1.5904329e-03
   6.3523590e-03
   1.5151681e-02
   2.8342370e-02
   4.5882180e-02
   4.1683684e-02
   0.0000000e+00
   0.0000000e+00
   0.0000000e+00
   1.3698614e-03
   1.5443447e-02
   3.0837059e-02
   5.2475337e-02
   5.7487004e-02
   0.0000000e+00
   0.0000000e+00
  -4.7058104e-03
   2.2178432e-02
   1.7999664e-02
   1.9695025e-02
   2.3176640e-02
   2.6823340e-02
   2.8794080e-02
   2.6726209e-02
   2.5892295e-02
   1.5666635e-02
   2.3480141e-02
   1.8579299e-02
   1.1865487e-02
   9.3277916e-03
   8.7006763e-03
   9.2810392e-03
   7.9595456e-03
   4.2584012e-03
   7.9687289e-04
   6.8696321e-04
   4.5750435e-03
   1.1213619e-02
   2.0994663e-02
   3.3835523e-02
   4.5377240e-02
   2.9779865e-02
   0.0000000e+00
   0.0000000e+00
   0.0000000e+00
   1.0593129e-02
   2.2014549e-02
   3.6173843e-02
   5.1054806e-02
   4.8137523e-02
   0.0000000e+00
   0.0000000e+00
   0.0000000e+00
   2.1124430e-02
   1.8454537e-02
   1.9490713e-02
   2.2993011e-02
   2.5889754e-02
   2.7671006e-02
   2.0711905e-02
   2.0431683e-02
   7.1669257e-03
   1.7705275e-02
   1.0602394e-02
   3.9606560e-03
   2.2627839e-03
   2.7817257e-03
   3.6980277e-03
   2.7281530e-03
   7.5037096e-04
   5.8903685e-04
   3.8892585e-03
   9.9267969e-03
   1.7467847e-02
   2.6221691e-02
   3.4730267e-02
   3.3292747e-02
   0.0000000e+00
   0.0000000e+00
   0.0000000e+00
   0.0000000e+00
   0.0000000e+00
   2.6645435e-02
   3.7204269e-02
   4.2583253e-02
   2.5577665e-02
   0.0000000e+00
   0.0000000e+00
   0.0000000e+00
   1.9340996e-02
   1.8114220e-02
   1.8924750e-02
   2.2359688e-02
   2.3998877e-02
   2.2809045e-02
   2.2981463e-02
   0.0000000e+00
   7.7176727e-03
   1.0525766e-02
   1.2624142e-03
  -2.9124331e-03
  -4.0298328e-03
  -4.1085458e-03
  -4.0329769e-03
  -4.4827806e-03
  -4.0848730e-03
  -9.7977289e-04
   5.6437207e-03
   1.3463381e-02
   2.0847511e-02
   2.7163226e-02
   2.9693697e-02
   2.5796440e-02
   0.0000000e+00
   0.0000000e+00
   0.0000000e+00
   0.0000000e+00
   0.0000000e+00
   2.7143586e-02
   3.2951765e-02
   3.0196385e-02
   2.3029583e-02
   0.0000000e+00
   0.0000000e+00
   0.0000000e+00
   1.2167343e-02
   1.5288620e-02
   1.6794613e-02
   2.0391155e-02
   2.0575603e-02
   1.8857058e-02
   0.0000000e+00
   0.0000000e+00
   5.4158918e-03
   2.8282558e-03
  -3.5479355e-03
  -6.6709821e-03
  -9.0660527e-03
  -1.1165732e-02
  -1.2894074e-02
  -1.3680907e-02
  -1.2118628e-02
  -7.0535494e-03
   1.2899761e-03
   9.3839243e-03
   1.5509066e-02
   1.9117979e-02
   1.8536625e-02
   1.4268664e-02
   0.0000000e+00
   0.0000000e+00
   0.0000000e+00
   0.0000000e+00
   0.0000000e+00
   2.1081436e-02
   2.3533877e-02
   1.8991289e-02
   1.6624653e-02
   0.0000000e+00
   0.0000000e+00
  -0.0000000e+00
   2.6244514e-03
   9.3830992e-03
   1.1665679e-02
   1.6547946e-02
   1.6323242e-02
   1.5009772e-02
   0.0000000e+00
   0.0000000e+00
   3.0835249e-03
  -1.2468067e-03
  -5.4332822e-03
  -7.5028115e-03
  -9.0003645e-03
  -1.0489043e-02
  -1.1802761e-02
  -1.2105445e-02
  -1.0401086e-02
  -6.2707865e-03
  -3.1606552e-04
   5.0526185e-03
   8.3788614e-03
   8.8919400e-03
   6.4608945e-03
   3.1591569e-03
   0.0000000e+00
   0.0000000e+00
   0.0000000e+00
   0.0000000e+00
   1.2929756e-02
   1.2129964e-02
   1.3504604e-02
   1.0562390e-02
   0.0000000e+00
   0.0000000e+00
   0.0000000e+00
  -0.0000000e+00
  -6.5540445e-03
   3.2995169e-03
   6.2701234e-03
   1.4880471e-02
   1.3295046e-02
   8.7307735e-03
   0.0000000e+00
   0.0000000e+00
   2.0373708e-03
  -3.8103964e-03
  -6.0519657e-03
  -5.4946135e-03
  -3.5671276e-03
  -1.7876688e-03
  -7.8023117e-04
  -6.3570391e-05
   1.5034905e-03
   4.7528333e-03
   9.7941484e-03
   1.4374635e-02
   1.5752906e-02
   1.1758159e-02
   2.1416873e-03
  -8.9501439e-03
   0.0000000e+00
   0.0000000e+00
   0.0000000e+00
  -1.2965677e-02
   2.7617318e-03
   6.6013398e-03
   9.8365952e-03
   8.2186233e-03
   0.0000000e+00
   0.0000000e+00
   0.0000000e+00
   0.0000000e+00
  -1.3083672e-02
   5.5047467e-04
   1.6985392e-03
   2.1970033e-02
   1.3431878e-02
   5.4986703e-03
   0.0000000e+00
   0.0000000e+00
  -4.5928621e-04
  -7.7492739e-03
  -1.1540472e-02
  -1.3050320e-02
  -1.2341389e-02
  -1.0292675e-02
  -8.3815297e-03
  -6.9655590e-03
  -5.1500080e-03
  -1.8946958e-03
   3.4560068e-03
   8.6847786e-03
   9.5552802e-03
   3.5581526e-03
  -4.8269928e-03
  -2.0482339e-02
   0.0000000e+00
   0.0000000e+00
  -0.0000000e+00
  -2.3823014e-02
  -1.2452928e-02
   7.4700650e-04
   7.2862244e-03
   0.0000000e+00
   0.0000000e+00
   0.0000000e+00
   0.0000000e+00
   0.0000000e+00
  -1.6651019e-02
  -4.3515824e-03
  -1.2733751e-03
   2.7101287e-02
   1.5509782e-02
   4.3071592e-03
  -0.0000000e+00
  -9.0438684e-03
  -5.3903330e-03
  -1.2030326e-02
  -1.7874911e-02
  -2.2561027e-02
  -2.4808045e-02
  -2.4676900e-02
  -2.3801377e-02
  -2.3531612e-02
  -2.3461411e-02
  -2.2266319e-02
  -1.8310715e-02
  -1.1312846e-02
  -5.0786184e-03
  -6.2672826e-03
  -1.1865031e-02
  -3.5637259e-02
   0.0000000e+00
   0.0000000e+00
  -3.0863178e-02
  -3.4314834e-02
  -2.7753187e-02
  -9.6236153e-03
   0.0000000e+00
   0.0000000e+00
   0.0000000e+00
   0.0000000e+00
   0.0000000e+00
   0.0000000e+00
  -0.0000000e+00
  -7.9387045e-03
  -5.3041583e-03
   0.0000000e+00
   2.5956885e-02
   5.5466712e-03
  -0.0000000e+00
  -1.4565361e-02
  -1.1057646e-02
  -1.3657529e-02
  -2.0004818e-02
  -2.6355682e-02
  -3.0131401e-02
  -3.1083914e-02
  -3.0929729e-02
  -3.1840436e-02
  -3.4554023e-02
  -3.7572961e-02
  -3.8053658e-02
  -3.0972054e-02
  -1.6513422e-02
  -7.5300946e-03
  -2.0230747e-02
  -3.8873824e-02
  -3.7041928e-02
  -1.6458799e-02
  -2.7468026e-02
  -3.8696583e-02
  -4.2450953e-02
  -3.3220688e-02
   0.0000000e+00
   0.0000000e+00
   0.0000000e+00
   0.0000000e+00
   0.0000000e+00
   0.0000000e+00
   0.0000000e+00
  -5.2053706e-03
  -1.0635773e-02
   0.0000000e+00
   0.0000000e+00
   0.0000000e+00
  -0.0000000e+00
  -2.2601072e-02
  -1.5332098e-02
  -1.3593677e-02
  -1.8080281e-02
  -2.4721276e-02
  -2.9269686e-02
  -2.9957885e-02
  -2.8628273e-02
  -2.8480839e-02
  -3.2212660e-02
  -3.8592465e-02
  -4.4381566e-02
  -4.2026747e-02
  -2.5068311e-02
  -7.5072348e-03
  -4.0590921e-03
  -0.0000000e+00
  -8.5727405e-03
  -1.0108471e-02
  -2.1014113e-02
  -3.5518244e-02
  -5.1527135e-02
  -5.5201805e-02
   0.0000000e+00
   0.0000000e+00
   0.0000000e+00
   0.0000000e+00
   0.0000000e+00
   0.0000000e+00
   0.0000000e+00
   4.8646063e-03
  -5.4115800e-03
   0.0000000e+00
   0.0000000e+00
   0.0000000e+00
  -0.0000000e+00
  -2.7730243e-02
  -2.1106523e-02
  -1.5044685e-02
  -1.5826613e-02
  -2.1259140e-02
  -2.6455991e-02
  -2.7772807e-02
  -2.5163423e-02
  -2.2017019e-02
  -2.3698669e-02
  -3.0461118e-02
  -3.9142042e-02
  -4.2311195e-02
  -2.8681923e-02
  -8.9462802e-03
   0.0000000e+00
  -0.0000000e+00
  -2.6814078e-03
  -5.3222203e-03
  -1.4258843e-02
  -2.8394822e-02
  -5.0863743e-02
  -6.6972786e-02
   0.0000000e+00
   0.0000000e+00
   0.0000000e+00
   0.0000000e+00
   0.0000000e+00
   0.0000000e+00
   0.0000000e+00
   8.8661412e-03
   0.0000000e+00
   0.0000000e+00
   0.0000000e+00
   0.0000000e+00
  -0.0000000e+00
  -3.0532396e-02
  -2.2080470e-02
  -1.5871027e-02
  -1.3363464e-02
  -1.6122129e-02
  -2.0692902e-02
  -2.3235943e-02
  -2.1592544e-02
  -1.6665710e-02
  -1.4867432e-02
  -2.0182151e-02
  -3.0623848e-02
  -3.9174482e-02
  -3.0888620e-02
  -9.0338134e-03
   0.0000000e+00
  -4.7605781e-03
  -6.2939513e-04
  -1.7893501e-03
  -7.9812547e-03
  -1.9055365e-02
  -4.0614951e-02
  -6.4480525e-02
   0.0000000e+00
   0.0000000e+00
   0.0000000e+00
   0.0000000e+00
   0.0000000e+00
   0.0000000e+00
   0.0000000e+00
   0.0000000e+00
   0.0000000e+00
   0.0000000e+00
   0.0000000e+00
   0.0000000e+00
   0.0000000e+00
  -0.0000000e+00
  -1.6680732e-02
  -1.1610419e-02
  -8.3851060e-03
  -9.7307740e-03
  -1.3027734e-02
  -1.5443426e-02
  -1.5118238e-02
  -1.1488682e-02
  -8.1569161e-03
  -1.1938140e-02
  -2.4388220e-02
  -3.8095273e-02
  -3.7863061e-02
   0.0000000e+00
   0.0000000e+00
  -2.0623654e-03
   2.4369799e-03
   1.4242248e-03
  -2.9464529e-03
  -1.0257117e-02
  -2.5792461e-02
  -4.8185393e-02
   0.0000000e+00
   0.0000000e+00
   0.0000000e+00
   0.0000000e+00
   0.0000000e+00
   0.0000000e+00
   0.0000000e+00
   0.0000000e+00
   0.0000000e+00
   0.0000000e+00
   0.0000000e+00
   0.0000000e+00
   0.0000000e+00
  -0.0000000e+00
  -1.4083938e-02
  -5.8639576e-03
  -1.5218008e-03
  -3.0158740e-03
  -5.9759007e-03
  -7.3461025e-03
  -6.2973127e-03
  -3.8971445e-03
  -1.7614728e-03
  -5.7811770e-03
  -2.1210814e-02
  -3.9489634e-02
  -3.9685448e-02
   0.0000000e+00
   0.0000000e+00
  -6.3081086e-04
   6.3218661e-03
   5.8840131e-03
   1.0033719e-03
  -4.1552773e-03
  -1.4697248e-02
  -3.3767631e-02
   0.0000000e+00
   0.0000000e+00
   0.0000000e+00
   0.0000000e+00
   0.0000000e+00
   0.0000000e+00
   0.0000000e+00
   0.0000000e+00
   0.0000000e+00
   0.0000000e+00
   0.0000000e+00
   0.0000000e+00
   0.0000000e+00
  -0.0000000e+00
  -1.8246276e-02
  -8.1113651e-03
   1.8631436e-03
   2.6800039e-03
   5.8852829e-04
   1.7980612e-03
   6.1347531e-03
   1.0189669e-02
   1.0582277e-02
   4.1161701e-03
  -1.7221438e-02
  -4.1405847e-02
  -3.6489766e-02
   0.0000000e+00
   0.0000000e+00
   0.0000000e+00
   1.3769974e-02
   1.3112041e-02
   7.2804736e-03
   2.4570448e-03
  -4.7214269e-03
  -2.1406924e-02
  -3.2893583e-02
   0.0000000e+00
  -0.0000000e+00
  -0.0000000e+00
  -0.0000000e+00
   0.0000000e+00
   0.0000000e+00
   0.0000000e+00
   0.0000000e+00
   0.0000000e+00
   0.0000000e+00
   0.0000000e+00
   0.0000000e+00
  -0.0000000e+00
  -2.1409301e-02
  -1.6129817e-02
  -3.9526992e-03
   1.3070939e-03
   2.6144800e-03
   6.6169227e-03
   1.4078003e-02
   2.1128023e-02
   2.2357349e-02
   1.4367995e-02
  -1.1466147e-02
  -4.0330946e-02
   0.0000000e+00
   0.0000000e+00
   0.0000000e+00
   0.0000000e+00
   0.0000000e+00
   1.6872227e-02
   1.2425595e-02
   7.9335198e-03
   2.4335586e-03
  -1.2282569e-02
  -2.4086327e-02
  -0.0000000e+00
  -0.0000000e+00
  -0.0000000e+00
  -0.0000000e+00
   0.0000000e+00
   0.0000000e+00
   0.0000000e+00
   0.0000000e+00
   0.0000000e+00
   0.0000000e+00
   0.0000000e+00
   0.0000000e+00
   0.0000000e+00
   0.0000000e+00
  -1.7571506e-02
  -8.3981641e-03
   3.2548264e-03
   7.6026414e-03
   1.2484699e-02
   2.0539293e-02
   2.9200649e-02
   3.1793948e-02
   2.4645984e-02
  -1.2041344e-03
  -3.1410024e-02
   0.0000000e+00
   0.0000000e+00
   0.0000000e+00
   0.0000000e+00
   0.0000000e+00
   1.6181555e-02
   1.5461617e-02
   1.2693500e-02
   9.1388198e-03
  -2.4360784e-03
  -1.3739813e-02
  -0.0000000e+00
  -0.0000000e+00
   0.0000000e+00
   0.0000000e+00
   0.0000000e+00
   0.0000000e+00
   0.0000000e+00
   0.0000000e+00
   0.0000000e+00
   0.0000000e+00
   0.0000000e+00
   0.0000000e+00
   0.0000000e+00
   0.0000000e+00
  -2.1136713e-02
  -1.0795182e-02
   8.3773793e-04
   6.2057441e-03
   1.1560016e-02
   1.9761423e-02
   2.8561231e-02
   3.2234538e-02
   2.7084416e-02
   6.2334086e-03
  -9.8157329e-03
   0.0000000e+00
   0.0000000e+00
   0.0000000e+00
   0.0000000e+00
   0.0000000e+00
   0.0000000e+00
   1.3914484e-02
   1.3011576e-02
   1.1031303e-02
   4.3972577e-03
  -3.4919465e-04
  -0.0000000e+00
  -0.0000000e+00
   0.0000000e+00
   0.0000000e+00
   0.0000000e+00
   0.0000000e+00
   0.0000000e+00
   0.0000000e+00
   0.0000000e+00
   0.0000000e+00
   0.0000000e+00
   0.0000000e+00
   0.0000000e+00
   0.0000000e+00
  -0.0000000e+00
  -2.0311022e-02
  -1.0043472e-02
  -4.2469306e-03
   2.2976489e-03
   1.0132400e-02
   1.8107557e-02
   2.3150548e-02
   2.1418927e-02
   9.0169167e-03
   6.9581905e-04
   0.0000000e+00
   0.0000000e+00
   0.0000000e+00
   0.0000000e+00
   0.0000000e+00
   0.0000000e+00
   7.5280767e-03
   9.3121946e-03
   9.0192314e-03
   6.5315507e-03
   3.2598224e-03
   0.0000000e+00
   0.0000000e+00
   0.0000000e+00
   0.0000000e+00
   0.0000000e+00
   0.0000000e+00
   0.0000000e+00
   0.0000000e+00
   0.0000000e+00
   0.0000000e+00
   0.0000000e+00
   0.0000000e+00
   0.0000000e+00
   0.0000000e+00
  -0.0000000e+00
  -2.9767737e-02
  -1.7233499e-02
  -2.2348046e-02
  -1.4164065e-02
  -8.4065050e-03
  -1.3880434e-03
   5.4498476e-03
   1.0010394e-02
   1.0380276e-02
   0.0000000e+00
   0.0000000e+00
   0.0000000e+00
   0.0000000e+00
   0.0000000e+00
   0.0000000e+00
   0.0000000e+00
  -0.0000000e+00
   1.2888790e-03
   3.6780166e-03
   3.4954145e-03
   1.0164236e-02
   0.0000000e+00
   0.0000000e+00
   0.0000000e+00
   0.0000000e+00
   0.0000000e+00
   0.0000000e+00
   0.0000000e+00
   0.0000000e+00
   0.0000000e+00
   0.0000000e+00
   0.0000000e+00
   0.0000000e+00
   0.0000000e+00
   0.0000000e+00
  -0.0000000e+00
  -0.0000000e+00
   0.0000000e+00
  -3.3513698e-02
  -3.7625541e-02
  -3.2666535e-02
  -1.7332702e-02
  -0.0000000e+00
   1.6753752e-03
   8.0446877e-03
   0.0000000e+00
   0.0000000e+00
   0.0000000e+00
   0.0000000e+00
   0.0000000e+00
   0.0000000e+00
  -0.0000000e+00
  -1.1653910e-02
  -3.9967447e-03
  -4.8943665e-03
  -1.8862311e-03
   2.3598907e-03
   5.3510124e-03
   0.0000000e+00
   0.0000000e+00
   0.0000000e+00
   0.0000000e+00
   0.0000000e+00
   0.0000000e+00
   0.0000000e+00
   0.0000000e+00
   0.0000000e+00
   0.0000000e+00
   0.0000000e+00
   0.0000000e+00
   0.0000000e+00
   0.0000000e+00
   0.0000000e+00
   0.0000000e+00
   0.0000000e+00
  -0.0000000e+00
  -4.7966172e-02
   0.0000000e+00
   0.0000000e+00
   0.0000000e+00
   0.0000000e+00
   0.0000000e+00
   0.0000000e+00
   0.0000000e+00
   0.0000000e+00
   0.0000000e+00
   0.0000000e+00
  -0.0000000e+00
  -1.2486598e-02
   0.0000000e+00
  -0.0000000e+00
  -0.0000000e+00
  -1.2142381e-02
  -7.7816503e-03
   1.9176866e-03
   0.0000000e+00
  -0.0000000e+00
  -0.0000000e+00
  -0.0000000e+00
   0.0000000e+00
   0.0000000e+00
   0.0000000e+00
   0.0000000e+00
   0.0000000e+00
   0.0000000e+00
   8.3770230e-03
   8.3783617e-03
   6.6266776e-03
   1.5005412e-03
  -2.2570049e-03
  -3.8184901e-03
  -7.7411962e-03
  -1.4642154e-02
  -9.7402924e-03
  -7.2712205e-03
  -6.9793438e-03
  -7.3009544e-03
  -7.0138585e-03
  -8.7036707e-03
  -0.0000000e+00
  -0.0000000e+00
  -0.0000000e+00
  -0.0000000e+00
  -1.3186262e-02
  -1.9359563e-03
  -0.0000000e+00
  -0.0000000e+00
  -0.0000000e+00
  -0.0000000e+00
  -7.9486136e-03
  -3.2258247e-03
   2.3165654e-04
  -2.5801401e-03
  -1.5224463e-03
  -1.0946425e-03
   3.4256369e-04
   3.2382910e-03
   0.0000000e+00
   0.0000000e+00
   0.0000000e+00
