   0.0000000e+00
   0.0000000e+00
   0.0000000e+00
   0.0000000e+00
   0.0000000e+00
   0.0000000e+00
   1.7991448e-01
   9.0833248e-02
   3.2009363e-02
   1.6185443e-02
   1.0240659e-02
   0.0000000e+00
   0.0000000e+00
   0.0000000e+00
   1.8176066e-02
   9.9276257e-03
   4.7653193e-03
   5.0586192e-03
   0.0000000e+00
   0.0000000e+00
   1.0359745e-02
  -3.9975610e-02
  -9.2799221e-02
   0.0000000e+00
   0.0000000e+00
   0.0000000e+00
   0.0000000e+00
   0.0000000e+00
   0.0000000e+00
   0.0000000e+00
   0.0000000e+00
   0.0000000e+00
   0.0000000e+00
   0.0000000e+00
   0.0000000e+00
   0.0000000e+00
   0.0000000e+00
   0.0000000e+00
   0.0000000e+00
   1.2056634e-01
   9.4779665e-02
   3.0324361e-02
   4.8189829e-02
   3.0060137e-02
   1.5590525e-02
   8.7669073e-03
   7.0729270e-03
   5.2799002e-03
   5.6049447e-03
   8.2759201e-03
   9.9747958e-03
   1.1991119e-02
   9.5647075e-03
   4.3738395e-03
  -1.3995065e-03
  -5.3716536e-03
  -5.4308933e-04
  -4.4093502e-03
  -1.9340646e-02
  -1.6832609e-02
  -1.1518737e-02
  -1.6515110e-03
   5.9479142e-03
   1.4546421e-02
   2.1346068e-02
  -6.4562512e-04
   0.0000000e+00
   0.0000000e+00
   3.4404243e-02
   6.3077039e-03
   0.0000000e+00
   0.0000000e+00
   2.6013533e-03
   2.3028540e-03
   1.2166994e-02
   2.6180141e-02
   2.2503003e-02
   1.5538500e-02
   1.0675997e-02
   2.9294072e-03
  -6.1008357e-03
  -9.0744047e-03
  -5.8072200e-03
  -1.8812421e-03
  -1.5503262e-04
   1.9842491e-03
   4.5084888e-03
   5.8805475e-03
   4.4116052e-03
   5.3305703e-05
  -6.3187370e-03
  -9.7044488e-03
  -6.3892123e-03
  -6.2153844e-03
  -5.3664236e-03
  -1.9415501e-03
   1.2242759e-03
   4.2424467e-03
   7.7440231e-03
   1.1239091e-02
   1.2778574e-02
   7.6222045e-03
   8.6776578e-03
   2.1145282e-02
   2.2436452e-02
   9.3016335e-03
   3.7438786e-03
   3.8803800e-03
  -2.1951544e-02
  -2.3279129e-02
  -1.6772911e-02
  -8.4519656e-03
  -4.9975463e-03
  -1.7731400e-03
  -2.2271687e-03
  -1.1171940e-02
  -1.7632509e-02
  -1.8710091e-02
  -1.3642774e-02
  -8.2561485e-03
  -8.2551622e-03
  -7.5831735e-03
  -5.4695033e-03
  -4.8704263e-03
  -6.8365145e-03
  -1.2846904e-02
  -2.2470640e-02
  -1.7207379e-02
  -9.2629110e-03
  -1.2951966e-02
  -8.3507439e-03
  -3.4986390e-03
  -3.2299560e-03
  -4.4818190e-03
  -4.9830317e-03
  -5.3461271e-03
  -4.5295572e-03
  -6.3006114e-04
   4.1057644e-03
   8.6868964e-03
   5.6027747e-03
   3.2221831e-04
  -3.9454727e-03
  -1.4899619e-02
  -3.8010128e-02
  -3.3116434e-02
  -2.2382706e-02
  -1.7770512e-02
  -1.1459171e-02
  -8.3503139e-04
  -4.9520885e-03
  -1.2797234e-02
  -1.8517506e-02
  -1.7423935e-02
  -1.5233303e-02
  -1.2000586e-02
  -1.4038991e-02
  -1.4345498e-02
  -1.3596919e-02
  -1.3321289e-02
  -1.5245495e-02
  -2.0390995e-02
  -2.9567706e-02
   0.0000000e+00
  -1.1835327e-02
  -1.8059725e-02
  -9.8158168e-03
  -6.6922004e-03
  -9.9606318e-03
  -1.3500968e-02
  -1.8074926e-02
  -2.0214843e-02
  -1.7499790e-02
  -1.1768245e-02
  -6.0345903e-03
  -4.5790680e-04
  -4.5022182e-03
  -5.6645628e-03
  -1.3834654e-02
  -3.1087110e-02
  -3.9481060e-02
  -0.0000000e+00
  -0.0000000e+00
  -0.0000000e+00
   0.0000000e+00
   3.1582397e-03
  -3.8476770e-03
  -8.8790744e-03
  -1.2879125e-02
  -1.6301060e-02
  -1.5530027e-02
  -1.3891122e-02
  -1.5217918e-02
  -1.5035865e-02
  -1.4660497e-02
  -1.3866785e-02
  -1.5429477e-02
  -1.8243191e-02
  -1.8694718e-02
   0.0000000e+00
  -1.6941363e-02
  -1.5407319e-02
  -7.3689949e-03
  -8.1831496e-03
  -1.3727080e-02
  -1.9122779e-02
  -2.4463887e-02
  -2.3909124e-02
  -1.8356196e-02
  -1.2779109e-02
  -7.7484120e-03
  -3.8703773e-03
  -6.1262601e-03
  -7.3485403e-03
  -2.4203540e-02
  -3.7044588e-02
  -2.1655176e-02
   0.0000000e+00
   0.0000000e+00
   0.0000000e+00
   0.0000000e+00
   4.5489356e-03
  -1.3933373e-03
  -4.2359261e-03
  -1.0365451e-02
  -1.5236475e-02
  -1.2632233e-02
  -1.1044775e-02
  -1.0919003e-02
  -1.1432376e-02
  -1.1257824e-02
  -1.1091243e-02
  -1.2011063e-02
  -1.2105349e-02
  -5.8730106e-03
   0.0000000e+00
  -0.0000000e+00
  -8.8653524e-03
  -3.7690846e-03
  -8.3096428e-03
  -1.5066451e-02
  -2.0128660e-02
  -2.0763347e-02
  -1.5749123e-02
  -8.0837635e-03
  -3.5653380e-03
  -3.6904055e-03
  -2.5973171e-03
  -4.2548752e-03
  -1.1176901e-02
  -2.5375791e-02
  -2.7706096e-02
   7.3932190e-03
   0.0000000e+00
   0.0000000e+00
   0.0000000e+00
   0.0000000e+00
   6.0926106e-03
  -4.1349565e-04
  -5.2251490e-03
  -1.0692237e-02
  -9.2115941e-03
  -6.1307661e-03
  -5.0896849e-03
  -5.7000572e-03
  -7.2646034e-03
  -7.9476209e-03
  -8.3318445e-03
  -7.9788305e-03
  -4.5598815e-03
   9.2279353e-03
   0.0000000e+00
   0.0000000e+00
  -4.5966875e-03
  -3.7867904e-03
  -9.7122006e-03
  -1.3982815e-02
  -1.4131028e-02
  -6.3578859e-03
   1.0131640e-03
  -6.0507904e-06
  -3.8409655e-03
  -5.8739514e-03
  -4.3241614e-03
  -4.9667209e-03
  -1.0682729e-02
  -1.5272200e-02
  -9.7023118e-03
   2.8629303e-02
   0.0000000e+00
   0.0000000e+00
   0.0000000e+00
   0.0000000e+00
   5.6765515e-03
  -2.5231163e-03
  -5.7251463e-03
  -5.6575411e-03
  -2.1341967e-03
  -2.8650754e-04
  -2.9942652e-04
  -1.9883991e-03
  -4.3183970e-03
  -5.6206770e-03
  -5.9643206e-03
  -4.1556675e-03
   2.5212511e-03
   2.3076501e-02
   0.0000000e+00
   0.0000000e+00
  -3.7798001e-03
  -7.7972454e-03
  -9.7456351e-03
  -8.8517517e-03
  -3.3029323e-03
   1.3462206e-02
   2.4003795e-02
  -0.0000000e+00
  -4.2555458e-03
  -3.9968374e-03
  -2.4846476e-03
  -1.0714226e-03
  -2.4308518e-03
  -2.8337997e-03
   7.6037808e-03
   3.3382452e-02
   2.4159497e-02
   0.0000000e+00
   0.0000000e+00
   1.0098826e-02
   5.9572472e-03
   2.1816258e-04
  -2.1887470e-04
   1.5701263e-03
   4.1155624e-03
   4.9067056e-03
   4.2510987e-03
   1.8098641e-03
  -1.3042450e-03
  -3.1034029e-03
  -3.0911195e-03
   3.7410413e-04
   1.0293344e-02
   3.5309426e-02
   0.0000000e+00
   0.0000000e+00
  -0.0000000e+00
  -1.1451477e-02
  -8.0571845e-03
  -1.9742744e-03
   8.3903754e-03
   3.6152888e-02
   0.0000000e+00
   0.0000000e+00
   1.2735589e-03
   2.3431554e-03
   3.7693596e-03
   6.9903028e-03
   7.0087058e-03
   7.9478230e-03
   1.9864716e-02
   3.2239456e-02
   2.2578748e-02
   1.0634207e-02
   0.0000000e+00
   1.1662595e-02
   9.8783541e-03
   6.8128469e-03
   6.1647561e-03
   7.2148247e-03
   8.6539498e-03
   9.1151763e-03
   8.0009019e-03
   4.7360974e-03
   1.1470390e-03
  -1.0476154e-03
  -1.0938987e-05
   5.2349707e-03
   1.8132502e-02
   4.2103192e-02
   0.0000000e+00
   0.0000000e+00
  -0.0000000e+00
  -1.4165693e-02
  -5.5163400e-03
   4.5216656e-03
   1.9200642e-02
   5.1474612e-02
   0.0000000e+00
   0.0000000e+00
   6.9097986e-03
   2.7119869e-03
   8.6722784e-03
   1.2888122e-02
   1.3289780e-02
   1.5523080e-02
   2.5778286e-02
   3.0339163e-02
   2.2438407e-02
   1.5132337e-02
   1.2828936e-02
   1.4705784e-02
   1.4820069e-02
   1.1775205e-02
   1.0750979e-02
   1.1012090e-02
   1.2176596e-02
   1.2245612e-02
   1.0074540e-02
   5.7618599e-03
   1.6895409e-03
   3.7844706e-04
   3.4044408e-03
   1.0937338e-02
   2.6286995e-02
   4.3948039e-02
   0.0000000e+00
   0.0000000e+00
   0.0000000e+00
  -1.7154480e-02
  -1.4209616e-03
   1.1340590e-02
   2.9565372e-02
   5.5128338e-02
   0.0000000e+00
   0.0000000e+00
   9.4417572e-03
   9.7821830e-03
   1.3282668e-02
   1.6481807e-02
   1.7923778e-02
   2.1641714e-02
   2.8363539e-02
   2.8983474e-02
   2.5058940e-02
   2.2361264e-02
   0.0000000e+00
   1.8787352e-02
   1.7209783e-02
   1.3976412e-02
   1.2571494e-02
   1.2565030e-02
   1.3375245e-02
   1.2366816e-02
   8.7278346e-03
   3.7331956e-03
   6.8112527e-04
   1.9392164e-03
   7.3423190e-03
   1.6849453e-02
   3.3392601e-02
   4.7888297e-02
   0.0000000e+00
   0.0000000e+00
   0.0000000e+00
  -1.1299763e-02
   4.7437530e-03
   1.8026266e-02
   3.7256546e-02
   5.9133728e-02
   0.0000000e+00
   0.0000000e+00
   1.5647210e-03
   1.0312619e-02
   1.8019676e-02
   1.8195156e-02
   2.0598685e-02
   2.4623187e-02
   2.8601868e-02
   2.8023928e-02
   2.7254485e-02
   2.2956433e-02
   1.7972251e-02
   2.2420575e-02
   1.6017443e-02
   1.2646641e-02
   1.0840382e-02
   1.0897008e-02
   1.0927925e-02
   8.5827447e-03
   3.9412542e-03
   6.0598587e-04
   1.0137899e-03
   5.6079333e-03
   1.3102814e-02
   2.3989450e-02
   4.0456261e-02
   4.1656422e-02
   0.0000000e+00
   0.0000000e+00
   0.0000000e+00
   3.1000705e-03
   1.2891744e-02
   2.5792450e-02
   4.3256197e-02
   5.5418561e-02
   0.0000000e+00
   0.0000000e+00
  -0.0000000e+00
   1.7139695e-02
   2.0012340e-02
   1.8603452e-02
   2.1261107e-02
   2.4891827e-02
   2.7581595e-02
   2.4481475e-02
   2.4589539e-02
   1.6730603e-02
   1.0321584e-02
   2.1093935e-02
   1.0127525e-02
   6.5595731e-03
   5.3784261e-03
   6.1967243e-03
   6.1467914e-03
   3.8257886e-03
   8.6693559e-04
   8.0102967e-04
   4.2654756e-03
   1.0875016e-02
   1.9082673e-02
   2.9096445e-02
   4.0164281e-02
   3.7491586e-02
   0.0000000e+00
   0.0000000e+00
   0.0000000e+00
   0.0000000e+00
   1.9280801e-02
   3.0859990e-02
   4.3606434e-02
   4.2320718e-02
   0.0000000e+00
   0.0000000e+00
   0.0000000e+00
   1.3264347e-02
   2.0290799e-02
   1.8307986e-02
   2.0861585e-02
   2.4066003e-02
   2.5559973e-02
   2.0906341e-02
   0.0000000e+00
   1.2068198e-02
   1.0103913e-02
   1.2426994e-02
   2.0929098e-03
  -3.7921051e-04
  -6.2031322e-04
   3.7958374e-04
   4.6066332e-04
  -5.4951903e-04
  -4.8036766e-04
   2.6180947e-03
   8.5138958e-03
   1.6324425e-02
   2.3888389e-02
   3.0733358e-02
   3.3268664e-02
   0.0000000e+00
   0.0000000e+00
   0.0000000e+00
   0.0000000e+00
   0.0000000e+00
   2.4394434e-02
   3.1894967e-02
   3.8556751e-02
   3.1535302e-02
   0.0000000e+00
   0.0000000e+00
   0.0000000e+00
   1.2361407e-02
   1.7540829e-02
   1.7390611e-02
   2.0043794e-02
   2.2750797e-02
   2.1702619e-02
   1.9353090e-02
   0.0000000e+00
   7.4937796e-03
   7.6353131e-03
   2.4419860e-03
  -3.7014128e-03
  -5.6621134e-03
  -7.0470953e-03
  -7.9492126e-03
  -8.6703552e-03
  -8.6779278e-03
  -6.0452656e-03
   1.1567464e-04
   8.3131678e-03
   1.6409246e-02
   2.2374855e-02
   2.5753593e-02
   2.2763092e-02
   0.0000000e+00
   0.0000000e+00
   0.0000000e+00
   0.0000000e+00
   0.0000000e+00
   2.5605537e-02
   2.7666563e-02
   2.8569734e-02
   2.0374609e-02
   0.0000000e+00
   0.0000000e+00
   0.0000000e+00
   4.1986071e-03
   1.1439833e-02
   1.3606467e-02
   1.6695179e-02
   1.9571386e-02
   1.7048201e-02
   0.0000000e+00
   0.0000000e+00
   4.1635942e-03
   2.5353496e-03
  -2.6941402e-03
  -6.5922914e-03
  -8.9041047e-03
  -1.1223279e-02
  -1.3539515e-02
  -1.4961086e-02
  -1.4677729e-02
  -1.1131592e-02
  -4.6913133e-03
   2.7124884e-03
   8.9942468e-03
   1.2155439e-02
   1.2310325e-02
   8.9454381e-03
   0.0000000e+00
   0.0000000e+00
   0.0000000e+00
   0.0000000e+00
   6.7602796e-03
   1.7539099e-02
   1.6865294e-02
   1.5963381e-02
   1.1643029e-02
   0.0000000e+00
   0.0000000e+00
   0.0000000e+00
  -7.7751678e-03
   2.9354417e-03
   6.7955158e-03
   1.1590929e-02
   1.5931837e-02
   1.1744220e-02
   0.0000000e+00
   0.0000000e+00
   3.8185325e-03
  -4.9527152e-06
  -4.2561437e-03
  -5.9661232e-03
  -5.7448293e-03
  -5.3852620e-03
  -5.4018307e-03
  -5.5434420e-03
  -4.8441608e-03
  -2.2673258e-03
   2.0887279e-03
   7.0732059e-03
   1.0937675e-02
   1.1290601e-02
   7.7758254e-03
  -4.2121235e-04
  -6.1191306e-03
   0.0000000e+00
   0.0000000e+00
  -1.7777111e-02
   2.7260844e-03
   9.4095739e-03
   1.0125301e-02
   1.0836868e-02
   6.7661032e-03
   0.0000000e+00
   0.0000000e+00
   0.0000000e+00
  -1.4492441e-02
  -1.9099680e-03
   2.8447884e-03
   1.0530009e-02
   1.7343804e-02
   8.8726112e-03
   0.0000000e+00
   0.0000000e+00
   3.5601571e-03
  -2.4486214e-03
  -6.8216202e-03
  -8.1875986e-03
  -7.0310523e-03
  -4.8200745e-03
  -2.5411584e-03
  -1.1641621e-03
   3.0796225e-04
   3.0780152e-03
   7.5750719e-03
   1.2941424e-02
   1.6126668e-02
   1.3073386e-02
   5.1817239e-03
  -8.6155572e-03
  -1.4445253e-02
   0.0000000e+00
   0.0000000e+00
  -2.1696972e-02
  -9.1142377e-03
   9.2786893e-04
   6.6586066e-03
   0.0000000e+00
   0.0000000e+00
   0.0000000e+00
   0.0000000e+00
   0.0000000e+00
  -2.0218254e-02
  -6.3604999e-03
  -7.0601299e-06
   1.2284212e-02
   2.1423253e-02
   7.2565072e-03
   0.0000000e+00
  -1.8315734e-02
  -4.5779846e-04
  -6.9365818e-03
  -1.2709404e-02
  -1.7293317e-02
  -1.9325029e-02
  -1.9177977e-02
  -1.7670020e-02
  -1.6556948e-02
  -1.5722459e-02
  -1.4015982e-02
  -1.0498563e-02
  -4.9294145e-03
   5.5393443e-04
   1.0455641e-04
  -5.7741445e-03
  -1.4193754e-02
  -3.3162457e-02
   0.0000000e+00
  -2.9422304e-02
  -3.0555724e-02
  -2.6896745e-02
  -1.2466772e-02
   2.9036112e-03
   0.0000000e+00
   0.0000000e+00
   0.0000000e+00
   0.0000000e+00
   0.0000000e+00
  -0.0000000e+00
  -1.0017487e-02
  -5.1683735e-03
   0.0000000e+00
   2.7832401e-02
   8.9124330e-03
   0.0000000e+00
  -1.8365745e-02
  -8.7739184e-03
  -1.0652834e-02
  -1.6238069e-02
  -2.3094796e-02
  -2.7593285e-02
  -2.9486967e-02
  -2.9425746e-02
  -2.9334366e-02
  -3.0391278e-02
  -3.1890783e-02
  -3.1706303e-02
  -2.7469913e-02
  -1.6815942e-02
  -8.4889401e-03
  -1.1677814e-02
  -2.0127247e-02
  -4.6126006e-02
   0.0000000e+00
  -2.5969871e-02
  -3.4292813e-02
  -3.8446944e-02
  -2.8895130e-02
  -0.0000000e+00
   0.0000000e+00
   0.0000000e+00
   0.0000000e+00
   0.0000000e+00
   0.0000000e+00
   0.0000000e+00
   8.1992801e-04
  -1.0350794e-02
   0.0000000e+00
   0.0000000e+00
   0.0000000e+00
   0.0000000e+00
  -2.1243473e-02
  -1.2636786e-02
  -1.2638006e-02
  -1.5873726e-02
  -2.3036767e-02
  -2.8475285e-02
  -3.0809643e-02
  -3.0718530e-02
  -3.0528970e-02
  -3.2642528e-02
  -3.7405275e-02
  -4.1827708e-02
  -4.1890644e-02
  -2.9945947e-02
  -1.2160112e-02
  -8.2750936e-03
  -0.0000000e+00
  -2.4021698e-02
  -9.2794358e-03
  -1.8979433e-02
  -3.1593923e-02
  -4.3396577e-02
  -4.7119945e-02
  -0.0000000e+00
   0.0000000e+00
   0.0000000e+00
   0.0000000e+00
   0.0000000e+00
   0.0000000e+00
   0.0000000e+00
   9.0732826e-03
  -6.9813716e-03
   0.0000000e+00
   0.0000000e+00
   0.0000000e+00
   0.0000000e+00
  -2.5944720e-02
  -2.0316574e-02
  -1.5762955e-02
  -1.4528671e-02
  -2.0155443e-02
  -2.6155549e-02
  -2.9079594e-02
  -2.8081244e-02
  -2.5723205e-02
  -2.6144702e-02
  -3.1663690e-02
  -3.9172898e-02
  -4.4344470e-02
  -3.7163664e-02
  -1.5476135e-02
  -0.0000000e+00
  -0.0000000e+00
  -6.9094967e-03
  -4.0442622e-03
  -1.2503303e-02
  -2.4500771e-02
  -4.1268505e-02
  -6.0574055e-02
  -0.0000000e+00
   0.0000000e+00
   0.0000000e+00
   0.0000000e+00
   0.0000000e+00
   0.0000000e+00
   0.0000000e+00
   1.5444181e-02
   2.6288563e-03
   0.0000000e+00
   0.0000000e+00
   0.0000000e+00
   0.0000000e+00
  -2.8528692e-02
  -2.5993688e-02
  -1.9498596e-02
  -1.4302207e-02
  -1.6228648e-02
  -2.1292664e-02
  -2.5143463e-02
  -2.5004487e-02
  -2.0950366e-02
  -1.7762745e-02
  -2.1013923e-02
  -2.9405508e-02
  -3.8413037e-02
  -3.8351886e-02
  -1.8933041e-02
   0.0000000e+00
  -6.7501124e-03
  -3.6605415e-03
  -1.4937569e-03
  -6.6205016e-03
  -1.6142590e-02
  -3.2194838e-02
  -6.1326049e-02
  -0.0000000e+00
   0.0000000e+00
   0.0000000e+00
   0.0000000e+00
   0.0000000e+00
   0.0000000e+00
   0.0000000e+00
   0.0000000e+00
   0.0000000e+00
   0.0000000e+00
   0.0000000e+00
   0.0000000e+00
   0.0000000e+00
  -0.0000000e+00
  -2.4668200e-02
  -1.7308066e-02
  -1.2333931e-02
  -1.1932653e-02
  -1.5291986e-02
  -1.8841628e-02
  -2.0051599e-02
  -1.7087013e-02
  -1.2420835e-02
  -1.2838255e-02
  -2.1221168e-02
  -3.3082481e-02
  -3.9205965e-02
  -0.0000000e+00
   0.0000000e+00
  -4.8831344e-04
  -1.7508520e-03
   8.1284042e-04
  -2.6669847e-03
  -9.4606932e-03
  -2.1781327e-02
  -4.9385339e-02
  -0.0000000e+00
   0.0000000e+00
   0.0000000e+00
   0.0000000e+00
   0.0000000e+00
   0.0000000e+00
   0.0000000e+00
   0.0000000e+00
   0.0000000e+00
   0.0000000e+00
   0.0000000e+00
   0.0000000e+00
   0.0000000e+00
   0.0000000e+00
  -2.0049363e-02
  -1.1112220e-02
  -6.0510456e-03
  -5.1160919e-03
  -7.8301029e-03
  -1.0425307e-02
  -1.1290128e-02
  -9.5196085e-03
  -6.1326988e-03
  -5.6551548e-03
  -1.4721114e-02
  -3.0812081e-02
  -4.0713124e-02
  -0.0000000e+00
   0.0000000e+00
   4.6221250e-03
   5.4745871e-04
   5.2401888e-03
   1.2881638e-03
  -3.4316891e-03
  -1.1510789e-02
  -3.1271912e-02
  -4.2733672e-02
   0.0000000e+00
   0.0000000e+00
   0.0000000e+00
   0.0000000e+00
   0.0000000e+00
   0.0000000e+00
   0.0000000e+00
   0.0000000e+00
   0.0000000e+00
   0.0000000e+00
   0.0000000e+00
   0.0000000e+00
   0.0000000e+00
  -1.7431143e-02
  -1.0225142e-02
  -5.5166252e-04
   2.0459779e-03
  -8.6204859e-04
  -2.5511456e-03
  -1.4578947e-03
   1.5624875e-03
   3.6199347e-03
   2.4376584e-03
  -8.8151805e-03
  -3.1133400e-02
  -4.2043601e-02
   0.0000000e+00
   0.0000000e+00
   0.0000000e+00
   8.8849710e-03
   1.1412731e-02
   6.5320465e-03
   1.6391533e-03
  -4.0398343e-03
  -1.7386736e-02
  -3.4011697e-02
   0.0000000e+00
   0.0000000e+00
   0.0000000e+00
   0.0000000e+00
   0.0000000e+00
   0.0000000e+00
   0.0000000e+00
   0.0000000e+00
   0.0000000e+00
   0.0000000e+00
   0.0000000e+00
   0.0000000e+00
   0.0000000e+00
  -1.6422997e-02
  -1.8397823e-02
  -6.4698476e-03
   1.4666291e-03
   1.7187000e-03
   2.3477918e-03
   7.0340098e-03
   1.3535582e-02
   1.6907334e-02
   1.4000601e-02
  -4.9545540e-04
  -3.1367760e-02
  -4.3173350e-02
   0.0000000e+00
   0.0000000e+00
   0.0000000e+00
   0.0000000e+00
   1.6086351e-02
   1.2572083e-02
   7.4540535e-03
   2.7698339e-03
  -7.4523278e-03
  -2.5298406e-02
   0.0000000e+00
   0.0000000e+00
  -0.0000000e+00
  -0.0000000e+00
   0.0000000e+00
   0.0000000e+00
   0.0000000e+00
   0.0000000e+00
   0.0000000e+00
   0.0000000e+00
   0.0000000e+00
   0.0000000e+00
   0.0000000e+00
   0.0000000e+00
  -1.7822788e-02
  -1.3705014e-02
  -1.2622643e-03
   3.6118273e-03
   6.7735557e-03
   1.3537954e-02
   2.2347591e-02
   2.7756721e-02
   2.5460403e-02
   9.6335614e-03
  -2.7414966e-02
  -0.0000000e+00
   0.0000000e+00
   0.0000000e+00
   0.0000000e+00
   0.0000000e+00
   1.6802177e-02
   1.6577631e-02
   1.2595465e-02
   8.8185556e-03
   1.2301308e-03
  -1.5523142e-02
   0.0000000e+00
  -0.0000000e+00
  -0.0000000e+00
  -0.0000000e+00
   0.0000000e+00
   0.0000000e+00
   0.0000000e+00
   0.0000000e+00
   0.0000000e+00
   0.0000000e+00
   0.0000000e+00
   0.0000000e+00
   0.0000000e+00
   0.0000000e+00
  -1.7411957e-02
  -1.4991715e-02
  -1.2560296e-03
   6.1176689e-03
   1.0179875e-02
   1.7074849e-02
   2.5907494e-02
   3.2363657e-02
   3.1382907e-02
   1.7604932e-02
  -1.2432890e-02
   0.0000000e+00
   0.0000000e+00
   0.0000000e+00
   0.0000000e+00
   0.0000000e+00
   0.0000000e+00
   1.5182335e-02
   1.4575132e-02
   1.2041273e-02
   7.7992612e-03
  -4.7331527e-03
   0.0000000e+00
  -0.0000000e+00
  -0.0000000e+00
   0.0000000e+00
   0.0000000e+00
   0.0000000e+00
   0.0000000e+00
   0.0000000e+00
   0.0000000e+00
   0.0000000e+00
   0.0000000e+00
   0.0000000e+00
   0.0000000e+00
   0.0000000e+00
  -0.0000000e+00
  -2.3081700e-02
  -8.0821570e-03
  -5.5771536e-04
   4.5693819e-03
   1.1994179e-02
   2.0638866e-02
   2.7477719e-02
   2.8233264e-02
   1.8541528e-02
  -1.0675261e-04
   0.0000000e+00
   0.0000000e+00
   0.0000000e+00
   0.0000000e+00
   0.0000000e+00
   0.0000000e+00
   1.0261829e-02
   1.2025964e-02
   1.1020574e-02
   9.4087115e-03
   2.9317471e-03
   0.0000000e+00
   0.0000000e+00
   0.0000000e+00
   0.0000000e+00
   0.0000000e+00
   0.0000000e+00
   0.0000000e+00
   0.0000000e+00
   0.0000000e+00
   0.0000000e+00
   0.0000000e+00
   0.0000000e+00
   0.0000000e+00
   0.0000000e+00
  -0.0000000e+00
  -3.2610508e-02
  -1.8002220e-02
  -1.4969584e-02
  -8.8578471e-03
  -1.3242188e-03
   5.4167598e-03
   1.2405614e-02
   1.6283827e-02
   1.3352879e-02
   0.0000000e+00
   0.0000000e+00
   0.0000000e+00
   0.0000000e+00
   0.0000000e+00
   0.0000000e+00
   0.0000000e+00
   0.0000000e+00
   3.7176878e-03
   6.5778318e-03
   6.9262251e-03
   3.6030412e-03
   0.0000000e+00
   0.0000000e+00
   0.0000000e+00
   0.0000000e+00
   0.0000000e+00
   0.0000000e+00
   0.0000000e+00
   0.0000000e+00
   0.0000000e+00
   0.0000000e+00
   0.0000000e+00
   0.0000000e+00
   0.0000000e+00
   0.0000000e+00
   0.0000000e+00
  -0.0000000e+00
  -3.1455955e-02
  -3.2521047e-02
  -2.7523210e-02
  -2.2149760e-02
  -1.6578851e-02
  -0.0000000e+00
   2.1898006e-03
   7.5147782e-03
   0.0000000e+00
   0.0000000e+00
   0.0000000e+00
   0.0000000e+00
   0.0000000e+00
   0.0000000e+00
   0.0000000e+00
  -1.7106296e-02
  -7.7129912e-03
  -1.0221852e-03
   1.2456739e-03
   3.0183767e-03
   0.0000000e+00
   0.0000000e+00
   0.0000000e+00
   0.0000000e+00
   0.0000000e+00
   0.0000000e+00
   0.0000000e+00
   0.0000000e+00
   0.0000000e+00
   0.0000000e+00
   0.0000000e+00
   0.0000000e+00
   0.0000000e+00
   0.0000000e+00
   0.0000000e+00
   0.0000000e+00
   0.0000000e+00
  -0.0000000e+00
  -0.0000000e+00
  -4.5526315e-02
  -0.0000000e+00
   0.0000000e+00
  -0.0000000e+00
   0.0000000e+00
   0.0000000e+00
   0.0000000e+00
   0.0000000e+00
   0.0000000e+00
   0.0000000e+00
   0.0000000e+00
   0.0000000e+00
  -2.0574908e-02
  -0.0000000e+00
  -0.0000000e+00
  -0.0000000e+00
  -5.1150987e-03
  -3.2537384e-03
   2.7720642e-03
   0.0000000e+00
   0.0000000e+00
   0.0000000e+00
   0.0000000e+00
   0.0000000e+00
   0.0000000e+00
   0.0000000e+00
   0.0000000e+00
   0.0000000e+00
   0.0000000e+00
   0.0000000e+00
   3.8773597e-03
   3.8773597e-03
  -4.6283097e-03
  -6.5963613e-03
  -1.1627929e-02
  -1.4261390e-02
  -2.2297206e-02
  -2.7895992e-02
  -1.4973855e-02
  -1.0302283e-02
  -1.0004917e-02
  -3.7530437e-03
   0.0000000e+00
   0.0000000e+00
   0.0000000e+00
   0.0000000e+00
   0.0000000e+00
  -2.2402438e-02
  -7.9169733e-03
   0.0000000e+00
   0.0000000e+00
   0.0000000e+00
  -0.0000000e+00
  -1.6310962e-02
  -3.8242290e-03
  -4.2435954e-04
  -6.0408817e-04
  -3.4769515e-03
  -6.6012630e-04
   0.0000000e+00
  -1.3073181e-03
   0.0000000e+00
   0.0000000e+00
   0.0000000e+00
