   3.7687001e+00
   5.1465993e+00
   8.1731987e+00
   9.3267841e+00
   7.4520984e+00
   7.2673082e+00
   6.5058098e+00
   4.5373993e+00
   3.0128107e+00
   2.2486885e+00
   2.0847332e+00
   2.1441617e+00
   2.3440228e+00
   2.4905972e+00
   2.1098504e+00
   1.6233538e+00
   1.3270019e+00
   1.4638023e+00
   1.4481061e+00
   1.0879500e+00
   6.0551113e-01
  -6.2364781e-01
  -2.6788881e+00
  -4.3177495e+00
  -4.2313852e+00
  -2.9546027e+00
  -1.8994441e+00
  -7.7184439e-01
   3.2616839e-02
   2.8173190e-01
   7.9330349e-01
   1.8976510e+00
   1.8623431e+00
   5.5102754e-01
   5.8520567e-01
   2.1207254e+00
   2.9248409e+00
   3.1188679e+00
   4.7398190e+00
   5.6474285e+00
   3.0400987e+00
   1.9671565e+00
   1.5092257e+00
   9.1695172e-01
   4.0400815e-01
   2.0436449e-01
   2.3881480e-01
   3.1174642e-01
   3.4863907e-01
   4.5378786e-01
   4.9257404e-01
   5.6058770e-01
   4.4564611e-01
   1.2105595e-01
  -1.9843708e-01
  -4.1631410e-01
  -3.7498274e-01
  -3.1450960e-01
  -2.4397333e-01
  -2.4486238e-01
  -1.3504650e-01
   2.9455346e-01
   8.3796275e-01
   1.7198542e+00
   1.9689643e+00
   9.3473583e-01
   1.4000984e+00
   3.5338187e+00
   3.6201129e+00
   7.4745828e-01
   1.0756905e+00
   2.2421858e+00
  -5.7921356e-01
  -6.4260632e-01
  -2.7134511e-01
   1.3519529e-01
   2.1081628e-01
   1.4561786e-01
   6.0985900e-02
  -3.6599541e-01
  -8.4684390e-01
  -8.8439447e-01
  -5.7415193e-01
  -2.8387123e-01
  -2.4991088e-01
  -2.1224679e-01
  -1.2178609e-01
  -1.2553698e-01
  -2.5844747e-01
  -5.5950910e-01
  -1.0017421e+00
  -1.0818533e+00
  -7.1577948e-01
  -6.5826881e-01
  -4.1524664e-01
  -1.4382319e-01
  -2.0353701e-02
   4.8835430e-02
   1.3301013e-01
   1.3343662e-01
   1.1329990e-01
   1.8310536e-01
   3.8930452e-01
   7.5702024e-01
   7.0467770e-01
   3.4376991e-01
   8.2748175e-02
  -3.0572540e-01
  -1.9067671e+00
  -1.9518129e+00
  -1.5311195e+00
  -1.1197292e+00
  -9.0821075e-01
  -6.1710858e-01
  -5.3196687e-01
  -9.5535201e-01
  -1.2303462e+00
  -1.1422589e+00
  -8.9858007e-01
  -6.5434116e-01
  -7.0371956e-01
  -7.4720359e-01
  -7.1142620e-01
  -7.3877764e-01
  -8.5960931e-01
  -1.1768625e+00
  -1.7971458e+00
  -1.6405962e+00
  -1.0953498e+00
  -1.2189333e+00
  -6.8970287e-01
  -3.7970626e-01
  -4.5418242e-01
  -5.8616573e-01
  -7.3928213e-01
  -8.8930625e-01
  -8.9232814e-01
  -6.6739047e-01
  -4.1120085e-01
  -1.3044445e-01
  -3.0589786e-01
  -4.8198491e-01
  -7.0351404e-01
  -1.4918514e+00
  -2.3541756e+00
  -2.1038198e+00
  -1.4931837e+00
  -1.3021675e+00
  -1.0729437e+00
  -3.6008972e-01
  -5.1874286e-01
  -8.2309288e-01
  -1.1069573e+00
  -1.0031850e+00
  -9.2905968e-01
  -7.8374952e-01
  -8.8250655e-01
  -9.2813230e-01
  -9.3349016e-01
  -9.2322129e-01
  -1.0206428e+00
  -1.2348446e+00
  -1.5484233e+00
  -1.4958850e+00
  -1.4071056e+00
  -1.3368797e+00
  -6.5250009e-01
  -5.0822318e-01
  -7.2489685e-01
  -9.6431261e-01
  -1.2889025e+00
  -1.4383922e+00
  -1.3257003e+00
  -1.1068962e+00
  -8.0272257e-01
  -5.1720339e-01
  -6.5133774e-01
  -6.1407387e-01
  -1.2257975e+00
  -2.0781345e+00
  -1.6521691e+00
  -1.2920416e+00
  -8.5006486e-01
  -6.5652503e-01
  -5.2721748e-01
  -1.4768841e-01
  -3.4167488e-01
  -4.5634621e-01
  -6.4713726e-01
  -9.4084024e-01
  -8.5901814e-01
  -7.4251829e-01
  -7.6027027e-01
  -7.6440279e-01
  -7.7405922e-01
  -7.5724736e-01
  -8.3180146e-01
  -9.3047934e-01
  -6.7302920e-01
  -1.0212275e+00
  -1.2778351e+00
  -1.1175831e+00
  -4.9438542e-01
  -4.9765471e-01
  -7.9268262e-01
  -1.1151255e+00
  -1.3762663e+00
  -1.3368395e+00
  -1.0577340e+00
  -8.4640359e-01
  -6.5425344e-01
  -4.4514364e-01
  -4.7773698e-01
  -6.5557160e-01
  -1.4967700e+00
  -1.8437723e+00
  -2.4441189e-01
  -4.6975654e-01
  -4.3131727e-01
  -1.2924927e-01
  -3.0679891e-01
   5.8430806e-03
  -1.6673273e-01
  -3.0197802e-01
  -6.8594378e-01
  -7.9445720e-01
  -5.9673721e-01
  -4.7299322e-01
  -4.5028183e-01
  -4.9197054e-01
  -5.1599234e-01
  -5.3869063e-01
  -5.8122003e-01
  -4.5682827e-01
   3.5907945e-01
  -2.8480512e-01
  -7.7364022e-01
  -8.3599955e-01
  -3.6861271e-01
  -5.1346618e-01
  -8.0378646e-01
  -1.0257993e+00
  -9.1291028e-01
  -4.4096321e-01
  -2.5181645e-01
  -3.8588363e-01
  -4.0244478e-01
  -2.3287706e-01
  -2.4488908e-01
  -6.3504392e-01
  -1.1668046e+00
  -9.6198374e-01
   1.3715647e+00
   2.4422938e-01
  -2.0627400e-02
   5.9563890e-02
  -7.1144924e-02
   5.9243191e-02
  -2.6252431e-01
  -4.6360776e-01
  -5.5633980e-01
  -3.7707902e-01
  -2.0551890e-01
  -1.3492724e-01
  -1.7841689e-01
  -2.7383935e-01
  -3.5368770e-01
  -3.9272429e-01
  -3.2437253e-01
   1.2398651e-01
   1.7323569e+00
   6.5740633e-01
  -1.2530218e-01
  -6.4708684e-01
  -5.2655393e-01
  -6.2533939e-01
  -6.7797665e-01
  -5.1147097e-01
   4.5807704e-01
   1.2881311e+00
   3.6458303e-03
  -7.0944041e-01
  -5.1793974e-01
  -2.3367758e-01
  -9.9771269e-02
  -3.1463691e-01
  -4.4799703e-01
   2.6571018e-01
   2.5254059e+00
   6.0573041e-01
   1.8543291e-01
   8.7020412e-02
  -4.3576859e-02
   6.4936273e-02
  -2.6975572e-01
  -2.7836680e-01
  -1.6124977e-01
   3.9528221e-02
   1.3851845e-01
   1.3771841e-01
   2.7323658e-02
  -1.5403220e-01
  -2.9854256e-01
  -3.2251579e-01
  -1.1331679e-01
   6.6847897e-01
   2.8103862e+00
   1.2331448e+00
   1.7922865e-01
  -4.9342537e-01
  -8.7840331e-01
  -6.9922245e-01
  -4.1259664e-01
   2.1436796e-01
   2.1002994e+00
   2.0400743e+00
  -1.6451296e-01
  -5.6794524e-01
  -2.1669818e-01
   4.5106225e-03
   2.5341675e-01
   1.9765817e-01
   2.3632015e-01
   1.2489398e+00
   3.0603676e+00
   1.4538606e+00
   1.9502601e-01
  -7.8151366e-03
   3.4434679e-01
   5.0778896e-01
   3.1955075e-01
   3.2589972e-01
   4.1328913e-01
   5.2223152e-01
   5.4521435e-01
   4.6306515e-01
   2.4151933e-01
  -5.8240317e-02
  -2.5675577e-01
  -1.9196454e-01
   2.5679594e-01
   1.4353142e+00
   3.8408513e+00
   1.1997786e+00
   3.0787691e-01
  -2.9319239e-01
  -1.2420079e+00
  -6.6935581e-01
   8.3754390e-02
   1.3110077e+00
   3.9777217e+00
   1.7140477e+00
  -1.4562625e-01
   1.0260144e-01
   2.3860462e-02
   3.7192449e-01
   7.7939576e-01
   8.1898952e-01
   1.0096363e+00
   2.0906911e+00
   3.0329311e+00
   2.1158247e+00
   3.9991748e-01
   1.8645027e-01
   6.8740577e-01
   1.0398566e+00
   8.7230945e-01
   7.8140867e-01
   7.6132852e-01
   8.2752794e-01
   8.2453126e-01
   6.6078097e-01
   3.2965922e-01
  -3.7427187e-02
  -2.1675810e-01
   1.0484293e-02
   6.6599107e-01
   2.0667863e+00
   4.2186108e+00
   9.7295165e-01
   4.5873515e-02
  -1.7362079e-01
  -1.4468317e+00
  -5.0132233e-01
   6.0452890e-01
   2.2399454e+00
   4.6866264e+00
   1.2099253e+00
   3.8895052e-02
   6.2979972e-01
   3.0579773e-01
   6.3296026e-01
   1.1083996e+00
   1.2232450e+00
   1.5538784e+00
   2.4749436e+00
   2.8950922e+00
   2.4429471e+00
   1.6986867e+00
   1.1123152e+00
   1.1759514e+00
   1.4972360e+00
   1.2475255e+00
   1.0585309e+00
   9.7928721e-01
   1.0474874e+00
   9.9588722e-01
   7.0210743e-01
   2.5544742e-01
  -9.8494075e-02
  -8.2891062e-02
   3.7740305e-01
   1.2303579e+00
   2.7230318e+00
   4.2359562e+00
   4.2086044e-01
  -3.2947174e-01
  -2.8936478e-01
  -1.0305853e+00
  -6.2769160e-02
   1.2926042e+00
   3.1129441e+00
   4.8955607e+00
   9.1838229e-01
   9.9086821e-02
   5.4469609e-01
   2.5630590e-01
   1.1974801e+00
   1.3918434e+00
   1.6057590e+00
   2.0236216e+00
   2.6464448e+00
   2.7304802e+00
   2.6133106e+00
   2.4964452e+00
   1.1556053e+00
   1.3507043e+00
   1.5869772e+00
   1.2900765e+00
   1.0314527e+00
   9.6850699e-01
   1.0177677e+00
   8.6260414e-01
   4.5183817e-01
   2.7894614e-02
  -9.3370400e-02
   2.2257236e-01
   8.6651754e-01
   1.8372338e+00
   3.3293288e+00
   4.0558381e+00
  -1.5397464e-01
  -4.7839227e-01
  -4.1137293e-01
  -5.2239621e-01
   6.1644834e-01
   1.9718453e+00
   3.7520275e+00
   4.5739803e+00
   4.5196229e-01
   1.6344263e-01
   1.9067279e-01
   3.4921736e-01
   1.6377743e+00
   1.5608258e+00
   1.8179549e+00
   2.2157886e+00
   2.6150463e+00
   2.5357547e+00
   2.5896626e+00
   2.2378290e+00
   3.2558471e-01
   1.8582200e+00
   1.2906731e+00
   9.3670470e-01
   6.7626536e-01
   6.7656666e-01
   7.0195097e-01
   4.8873180e-01
   1.0650606e-01
  -7.7123575e-02
   1.0956676e-01
   6.3359165e-01
   1.3657459e+00
   2.3688359e+00
   3.7367992e+00
   3.0975752e+00
  -4.8601162e-01
  -5.0134295e-01
  -2.2585519e-01
   2.5327891e-01
   1.1818100e+00
   2.4956985e+00
   4.0668325e+00
   4.3196201e+00
   2.0815396e-01
   1.9275647e-02
  -1.6704071e-03
   6.7812431e-01
   1.7377419e+00
   1.5959995e+00
   1.8573536e+00
   2.2142627e+00
   2.4900851e+00
   1.9467366e+00
   2.1020861e+00
   1.5090740e+00
   8.4735334e-01
   1.4770778e+00
   5.3644001e-01
   1.4527383e-01
   9.7847106e-03
   1.0443022e-01
   1.3493378e-01
  -4.1643996e-03
  -1.2218780e-01
   4.8716363e-02
   4.8376828e-01
   1.1350847e+00
   1.8734140e+00
   2.7440720e+00
   3.5516715e+00
   1.7662190e+00
  -1.3004757e-01
  -3.7560445e-01
  -1.5320531e-01
   8.4747118e-01
   1.8257747e+00
   2.8609295e+00
   4.0427136e+00
   3.8955691e+00
   7.5426918e-01
   4.8985049e-02
  -2.5822046e-01
   1.0450188e+00
   1.6218199e+00
   1.5596269e+00
   1.8395597e+00
   2.1464543e+00
   2.1330094e+00
   1.8262599e+00
   1.1852577e+00
   1.0051519e+00
   8.9374048e-01
   5.2082795e-01
  -2.7689740e-01
  -5.8692926e-01
  -7.0400244e-01
  -7.0721275e-01
  -7.2722036e-01
  -7.4168420e-01
  -5.3645217e-01
  -2.2965519e-02
   6.4969915e-01
   1.3734735e+00
   2.0483909e+00
   2.7070694e+00
   3.1224341e+00
   8.6724949e-01
  -2.0138159e-01
  -4.0995133e-01
  -2.7877927e-01
   6.6162854e-01
   2.3687384e+00
   2.9577770e+00
   3.6881897e+00
   3.0688908e+00
   7.8482628e-01
   1.2687926e-01
   2.6198757e-01
   7.6136637e-01
   1.2380420e+00
   1.3806837e+00
   1.7137563e+00
   1.9821538e+00
   1.6968775e+00
   1.2400788e+00
   4.9631813e-01
   5.5620569e-01
   4.5395780e-01
  -1.6560379e-01
  -7.9402184e-01
  -1.1577060e+00
  -1.4576937e+00
  -1.6899651e+00
  -1.8163152e+00
  -1.7661997e+00
  -1.3622149e+00
  -6.3026839e-01
   2.0586494e-01
   9.4428241e-01
   1.4867254e+00
   1.9353266e+00
   2.1493082e+00
   2.0345469e-01
  -3.1841177e-01
  -5.3267717e-01
  -6.3125789e-01
   3.2624140e-01
   2.2836833e+00
   2.5403988e+00
   2.9297662e+00
   1.9145961e+00
   3.3854693e-01
   3.3807954e-01
   1.1813244e+00
   2.1723771e-01
   6.6522831e-01
   9.7790486e-01
   1.4292668e+00
   1.7701508e+00
   1.3965526e+00
   5.1469153e-01
   2.0777968e-01
   3.9594568e-01
   7.1183748e-02
  -5.2781123e-01
  -9.7339374e-01
  -1.1956652e+00
  -1.3850950e+00
  -1.5508888e+00
  -1.6320060e+00
  -1.5524610e+00
  -1.2033643e+00
  -6.3101827e-01
   1.5698774e-02
   5.5815422e-01
   8.1759270e-01
   8.5423185e-01
   5.8931725e-01
  -3.4691437e-01
  -4.0719203e-01
  -7.0998273e-01
  -1.4105335e+00
   1.9097207e-01
   1.6390452e+00
   1.8555916e+00
   2.0810733e+00
   9.4230271e-01
   1.6202534e-01
   6.8824003e-01
   1.6178109e+00
  -2.1481787e-01
   1.2190881e-01
   5.3986889e-01
   1.3592944e+00
   1.7986127e+00
   1.1707951e+00
   4.8794592e-04
  -2.2830253e-03
   4.2123366e-01
  -9.2823569e-02
  -5.3470796e-01
  -5.6294119e-01
  -3.5540606e-01
  -1.2615910e-01
   4.2205057e-02
   1.0695603e-01
   2.0589383e-01
   4.7676000e-01
   9.6488029e-01
   1.5546724e+00
   1.9868683e+00
   1.8878980e+00
   1.1677620e+00
  -6.6623483e-01
  -9.9591690e-01
  -5.3870922e-01
  -1.3088803e+00
  -1.9659063e+00
  -2.6992911e-01
   7.8750792e-01
   1.4611049e+00
   1.9068172e+00
   5.4299163e-01
  -2.6073384e-01
   6.7380912e-02
   2.4146626e+00
   8.4882756e-02
  -1.2627907e-01
   3.1696116e-01
   1.2855383e+00
   2.2929248e+00
   9.1477139e-01
  -1.7051631e-01
  -1.9635096e-01
   3.8041243e-01
  -2.3146361e-01
  -7.0704401e-01
  -9.0644324e-01
  -9.0460658e-01
  -7.8332245e-01
  -5.8560705e-01
  -4.3044323e-01
  -2.6519141e-01
   1.9584097e-02
   4.6375516e-01
   1.0153050e+00
   1.3783630e+00
   1.0561757e+00
   1.5793976e-01
  -1.4555943e+00
  -1.8745259e+00
  -9.1227847e-01
  -2.0482857e+00
  -2.3695111e+00
  -1.6811786e+00
  -6.7916626e-01
   9.2344540e-01
   1.4433177e+00
   7.9895896e-01
  -4.5060059e-01
  -6.5282869e-01
   1.5319428e+00
   1.6520029e-01
  -5.9187543e-01
  -2.7976757e-01
   8.7283951e-01
   2.4709716e+00
   7.4301720e-01
  -2.7467257e-01
  -4.9677342e-01
   1.0119276e-01
  -3.8890347e-01
  -8.8799900e-01
  -1.3345268e+00
  -1.6355230e+00
  -1.7917538e+00
  -1.8245137e+00
  -1.8060763e+00
  -1.7715087e+00
  -1.6632921e+00
  -1.4278347e+00
  -1.0274670e+00
  -4.8884654e-01
  -3.4799027e-01
  -9.3926048e-01
  -1.4234738e+00
  -3.2732015e+00
  -1.5359871e+00
  -2.3455620e+00
  -2.7943311e+00
  -2.8820171e+00
  -2.0891690e+00
   5.4441041e-01
   7.2031665e-01
   9.3483910e-02
  -7.3421389e-01
  -9.5555842e-01
   5.6164062e-01
   3.5565905e-02
  -6.0827065e-01
  -8.0236232e-01
   1.0247966e+00
   2.8347538e+00
   9.7950411e-01
  -1.8819624e-01
  -5.6310916e-01
  -2.9876512e-01
  -5.0296974e-01
  -8.8092810e-01
  -1.4325153e+00
  -1.8666270e+00
  -2.1325450e+00
  -2.2777693e+00
  -2.3586676e+00
  -2.5000739e+00
  -2.7209644e+00
  -2.8689654e+00
  -2.7721379e+00
  -2.0805757e+00
  -1.0785611e+00
  -1.0636820e+00
  -2.1459858e+00
  -3.1070611e+00
  -2.3325987e+00
  -1.8411778e+00
  -2.7898231e+00
  -3.5893817e+00
  -3.6682072e+00
  -4.2384639e-01
   2.7051944e-01
  -1.6252652e-02
  -8.7310523e-01
  -1.4704696e+00
  -2.5069386e-01
   5.1207177e-02
   1.2937076e-02
  -1.2301493e+00
   3.6810288e-01
   2.4403512e+00
   7.5667882e-01
  -5.6998495e-02
  -6.4688712e-01
  -4.4437900e-01
  -5.9054905e-01
  -7.6313555e-01
  -1.2862359e+00
  -1.7663438e+00
  -2.0422616e+00
  -2.1320817e+00
  -2.1251447e+00
  -2.2633476e+00
  -2.6820576e+00
  -3.1786754e+00
  -3.5177343e+00
  -3.1436851e+00
  -1.6550936e+00
  -1.5194324e-01
  -9.1725010e-01
  -8.3873814e-01
  -5.4252881e-01
  -1.2171686e+00
  -2.3071902e+00
  -3.6064286e+00
  -4.8381634e+00
  -2.0329142e+00
  -2.7565026e-01
  -1.6489366e-01
  -1.2177796e+00
  -2.0124102e+00
  -5.2946961e-01
   4.2696886e-02
   8.4982228e-01
  -7.9656953e-01
   4.6726208e-02
   9.0980083e-01
   7.7760690e-01
   2.3576605e-01
  -6.3922155e-01
  -8.1590837e-01
  -7.7925134e-01
  -7.0366317e-01
  -1.0698791e+00
  -1.5465118e+00
  -1.8586034e+00
  -1.9116212e+00
  -1.7365572e+00
  -1.6832943e+00
  -2.0789955e+00
  -2.7448726e+00
  -3.4314198e+00
  -3.5587454e+00
  -1.9733977e+00
  -3.8483304e-01
  -8.9548998e-02
  -3.7776452e-01
  -1.3578238e-01
  -7.5889933e-01
  -1.7212416e+00
  -3.1296828e+00
  -5.1577878e+00
  -3.1762772e+00
  -1.0478292e+00
  -1.6159418e-01
  -1.2743474e+00
  -2.9567358e+00
  -1.0192487e+00
  -1.1420228e+00
   1.9931453e-01
  -4.1500852e-01
   2.3593576e-01
   1.1482160e+00
   1.5656400e+00
   4.2953002e-01
  -6.2145406e-01
  -9.5989150e-01
  -8.9563203e-01
  -6.5655810e-01
  -7.6288140e-01
  -1.1236498e+00
  -1.4548442e+00
  -1.5814351e+00
  -1.3713651e+00
  -1.1016306e+00
  -1.3307058e+00
  -2.1017437e+00
  -3.1122048e+00
  -3.7762673e+00
  -1.5891662e+00
   5.2391395e-02
   1.7317474e-01
  -3.9243039e-02
   1.4325772e-01
  -2.8909484e-01
  -1.0714519e+00
  -2.3188968e+00
  -4.6159544e+00
  -3.7790065e+00
  -1.9004533e+00
  -9.5048708e-01
  -8.9036006e-01
  -3.0843375e+00
  -1.2057620e+00
  -1.9430403e+00
  -8.0780423e-01
  -5.0304937e-01
   3.8936940e-01
   2.0625839e+00
   1.7194539e+00
   4.1153350e-01
  -3.5832080e-01
  -8.4228963e-01
  -6.3516039e-01
  -4.0170279e-01
  -3.2833663e-01
  -5.3723043e-01
  -7.8549218e-01
  -9.4422406e-01
  -8.6561877e-01
  -6.0740227e-01
  -6.7724520e-01
  -1.5276471e+00
  -2.8996544e+00
  -3.9350348e+00
  -9.4399709e-01
   1.0949379e+00
   6.3928318e-01
   2.3082803e-01
   4.9503392e-01
   1.3241960e-01
  -4.3215641e-01
  -1.3901244e+00
  -3.3789577e+00
  -3.7151563e+00
  -1.9924295e+00
  -3.5964137e-01
  -6.8391937e-01
  -2.7281153e+00
  -1.5017530e+00
  -2.2447186e+00
  -2.5405400e+00
  -1.7411484e+00
   5.3500819e-01
   3.3879265e-01
   3.3096987e-01
   3.7658608e-01
   1.4792572e-01
  -6.2441432e-01
  -3.2563788e-01
   3.6601145e-03
   1.0907950e-01
  -4.4263817e-02
  -1.7949957e-01
  -2.4042329e-01
  -1.9540615e-01
  -8.7344483e-02
  -1.8448816e-01
  -1.0977589e+00
  -2.8169434e+00
  -3.6370292e+00
  -2.2676235e-01
   1.1063355e+00
   1.0024354e+00
   5.6346345e-01
   8.8356990e-01
   4.7395843e-01
   3.1707302e-02
  -6.6837698e-01
  -2.1532271e+00
  -3.4043202e+00
  -1.2082561e+00
  -1.4523520e-01
  -5.4037696e-01
  -2.3833666e+00
  -1.3401618e+00
  -1.8214233e+00
  -2.1619465e+00
  -2.1722972e+00
   9.7613150e-01
  -5.4577458e-01
  -2.0686734e-01
  -1.3955690e-01
   2.3581684e-01
  -5.4629922e-01
  -5.2103114e-01
   6.4336061e-02
   3.0226895e-01
   2.4624538e-01
   2.5164965e-01
   4.1245973e-01
   6.2454301e-01
   7.0762342e-01
   4.8621351e-01
  -5.3508234e-01
  -2.6604185e+00
  -2.6963112e+00
   1.0159053e-01
   8.0167675e-01
   8.4801310e-01
   1.0736635e+00
   1.3593771e+00
   9.1765648e-01
   4.7858089e-01
   2.0452961e-04
  -1.0731480e+00
  -2.6289980e+00
  -4.6470594e-01
  -2.7531803e-01
  -5.9274346e-01
  -1.8336910e+00
  -7.9075015e-01
  -6.7254835e-01
  -1.4519264e+00
  -1.6763659e+00
  -9.3461230e-02
  -5.3631002e-01
  -8.9042008e-01
  -2.0710151e-01
   1.9717987e-01
  -2.5144124e-01
  -5.6690871e-01
  -3.4078383e-01
   1.0349328e-01
   2.4187744e-01
   3.8784888e-01
   6.9187707e-01
   1.0596104e+00
   1.2493476e+00
   1.0273548e+00
  -3.0944224e-02
  -2.3856602e+00
  -1.6734065e+00
   1.9004115e-01
   5.4339123e-01
   7.3488057e-01
   8.6716165e-01
   1.5591364e+00
   1.2014644e+00
   7.7854898e-01
   4.0409544e-01
  -3.7945533e-01
  -1.9183639e+00
  -3.0083272e-01
  -7.4820742e-03
  -3.0773904e-01
  -7.3111230e-01
  -2.0839648e-01
  -4.9963200e-02
  -7.1306914e-01
  -6.4846116e-01
  -1.2969340e-01
  -2.3752713e-01
  -6.8761027e-01
  -7.4673474e-02
  -3.9316852e-02
  -1.8401566e-01
  -1.7391485e-01
  -4.6804622e-01
   1.0169426e-01
   4.2441806e-01
   6.1752367e-01
   9.6053493e-01
   1.3641557e+00
   1.6105398e+00
   1.4404699e+00
   5.0181335e-01
  -1.7423774e+00
  -2.9243413e-01
  -1.4174669e-02
  -1.0521559e-01
   2.5257894e-01
   5.3477579e-01
   1.2438117e+00
   1.3220406e+00
   9.8972666e-01
   7.1522444e-01
   2.1298100e-01
  -1.1244918e+00
  -8.9329787e-02
  -1.8891415e-01
   3.5477307e-02
   1.8994911e-02
   2.7701783e-01
   1.2022457e-01
  -9.9983180e-01
  -3.6054462e-02
  -5.2298307e-02
  -9.7031400e-02
  -3.1039828e-01
  -2.5311995e-01
  -2.3786446e-01
  -1.0531937e-01
  -6.0915519e-01
  -5.7789367e-01
  -1.3566653e-01
   2.3353277e-01
   5.0568247e-01
   9.0092880e-01
   1.3383758e+00
   1.6357999e+00
   1.5107541e+00
   7.7063498e-01
  -7.5717628e-01
   2.6078531e-01
  -1.0503937e-01
  -3.6907437e-01
  -2.3265760e-01
   2.7303157e-01
   5.1380706e-01
   1.0935781e+00
   9.8074978e-01
   7.4357712e-01
   4.7266299e-01
  -4.3049424e-01
   2.1444094e-01
  -2.7028382e-02
  -3.0693024e-02
  -8.8753358e-02
  -3.4516566e-02
   2.8800756e-01
  -3.6326817e-01
  -2.3881525e-01
   1.4293237e-01
  -4.5616084e-01
  -3.5369241e-01
  -4.8133510e-01
  -4.4853941e-01
  -3.4729888e-01
  -6.2524498e-01
  -1.3525948e+00
  -7.8870770e-01
  -4.3165371e-01
  -2.7426836e-02
   4.2531500e-01
   8.8452452e-01
   1.2362029e+00
   1.2456517e+00
   7.7136362e-01
   4.5329081e-02
   4.4473887e-01
  -4.9445719e-02
  -4.7723601e-01
  -4.6648238e-01
  -7.4498057e-02
   1.9002143e-01
   4.5479739e-01
   6.8147445e-01
   5.7308840e-01
   4.4525755e-01
  -1.2705380e-01
   1.8849514e-01
   2.4297905e-01
  -5.4647069e-02
  -1.5304234e-01
  -6.8779937e-02
   1.2272190e-01
   2.1532308e-01
  -7.5843489e-02
  -2.5516558e-01
  -2.4566123e-01
  -1.7946447e-01
  -3.4229352e-01
  -5.7773656e-01
  -6.8284899e-01
  -9.0843576e-01
  -1.6564211e+00
  -1.2125273e+00
  -1.1799858e+00
  -8.3260238e-01
  -3.9730725e-01
  -5.2622802e-02
   3.2821697e-01
   6.1628163e-01
   4.9999845e-01
   6.0407418e-01
   3.1820786e-01
  -1.0297284e-01
  -4.7354007e-01
  -5.3635561e-01
  -3.3968221e-01
   4.8600910e-03
  -1.4190143e-01
   1.1863810e-01
   2.6013064e-01
   2.1466662e-01
  -1.1137278e-02
   2.8564394e-01
   1.4389241e-01
  -3.2505540e-02
  -1.1107889e-01
  -1.2708304e-02
   1.1269684e-01
   3.9356530e-01
   4.7448489e-01
   3.8425245e-01
   5.4848117e-01
   1.4960593e-01
   1.8359347e-01
  -1.8357305e-02
  -3.1655475e-01
  -4.6818960e-01
  -1.2614300e+00
  -1.2497046e+00
  -1.2942293e+00
  -1.6529411e+00
  -1.4437996e+00
  -1.1018710e+00
  -4.1855252e-01
  -3.0048952e-01
   1.4491138e-02
   2.4739906e-01
  -7.7369146e-02
  -1.6286871e-01
  -4.8844808e-01
  -4.9528652e-01
  -3.9451909e-01
  -3.0917880e-01
  -5.6139952e-01
  -2.8579563e-01
  -4.1914874e-01
   2.4971237e-02
  -7.0290454e-02
   2.6531424e-02
   1.8728077e-01
  -1.2735325e-01
  -1.1107380e-01
  -6.6128835e-02
   3.3134677e-02
   2.2587173e-01
   2.9392579e-01
   4.8888630e-01
   3.2280755e-01
   2.3831122e-01
   1.1466596e-01
  -8.8881314e-02
   9.8593473e-02
   1.8269233e-01
  -1.2364208e-01
  -2.9220748e-01
  -2.3849014e-01
  -7.6064199e-01
  -1.3893627e+00
  -9.7875870e-01
  -4.0901259e-01
  -7.1923368e-02
   2.0349459e-02
  -6.3775733e-02
  -1.7652892e-01
  -3.6520355e-01
  -4.0433460e-01
  -5.6489903e-01
  -3.3138998e-01
  -2.8639042e-01
  -8.1342280e-01
   3.8938828e-01
  -1.2134242e-01
  -4.6683973e-01
  -6.3045405e-01
  -6.0155189e-01
   3.0520052e-01
   1.6240602e-01
  -2.9993281e-01
  -3.1812802e-01
  -1.5264624e-01
  -6.7850202e-02
   4.5680594e-02
   2.0299528e-01
   4.7658500e-01
   4.0799570e-01
   1.9653639e-01
   1.9884349e-01
   3.4749565e-01
   2.6719287e-01
   6.5477669e-02
  -1.0709888e-01
  -2.1249466e-01
  -2.6347369e-01
  -5.5722630e-01
  -6.9004995e-01
  -4.4605017e-01
  -3.0532840e-01
  -4.7315446e-01
  -4.8603216e-01
  -3.8592103e-01
  -4.5925230e-01
  -4.2783484e-01
  -4.6912462e-01
  -5.9286541e-01
  -8.4550762e-01
  -3.2557839e-01
  -5.9767511e-02
   7.8098677e-02
   6.7964174e-02
  -4.8535818e-01
  -6.3186496e-01
  -3.6734349e-01
  -1.4303254e-01
  -2.3197243e-01
  -3.8685113e-01
  -3.3749104e-01
  -3.0767173e-01
  -2.0962137e-01
  -5.5856891e-02
   2.1125740e-01
   3.6310464e-01
