  -0.0000000e+00
  -8.9942945e-03
  -0.0000000e+00
  -0.0000000e+00
  -1.0255590e-02
   0.0000000e+00
  -0.0000000e+00
  -1.0956360e-02
  -1.4892899e-02
  -1.5647144e-02
  -1.6385102e-02
  -1.8363928e-02
  -0.0000000e+00
  -1.8363526e-02
  -1.6590515e-02
  -1.5996433e-02
  -1.4522553e-02
  -1.4509240e-02
  -0.0000000e+00
  -1.8640007e-02
  -1.5893806e-02
  -1.5084999e-02
  -1.6397692e-02
  -1.0357168e-02
   0.0000000e+00
   0.0000000e+00
   0.0000000e+00
   0.0000000e+00
   0.0000000e+00
   0.0000000e+00
   0.0000000e+00
   0.0000000e+00
   0.0000000e+00
   0.0000000e+00
   0.0000000e+00
   0.0000000e+00
  -2.2849827e-02
  -1.9218504e-02
  -1.8383370e-02
  -1.7155947e-02
  -1.7705755e-02
  -2.1536445e-02
  -1.9416380e-02
  -1.7956251e-02
  -1.9609276e-02
  -1.9673012e-02
  -2.0171493e-02
  -2.2159607e-02
  -2.3973146e-02
  -2.2782220e-02
  -1.9594399e-02
  -1.9330688e-02
  -1.8356180e-02
  -1.8278301e-02
  -1.9534220e-02
  -1.7421890e-02
  -1.8793993e-02
  -1.7245719e-02
  -1.6554529e-02
  -1.6046816e-02
  -1.8072990e-02
  -2.0095784e-02
  -2.1532074e-02
  -2.2236706e-02
  -2.1230659e-02
  -2.0428506e-02
  -1.9943412e-02
  -2.1158295e-02
  -1.8770197e-02
  -2.3388088e-02
  -2.7768327e-02
  -3.0388178e-02
  -2.7660151e-02
  -2.1562666e-02
  -1.7623772e-02
  -1.6659453e-02
  -0.0000000e+00
  -1.8343194e-02
  -1.7808068e-02
  -1.7901001e-02
  -1.7103964e-02
  -1.5498069e-02
  -1.3039847e-02
  -1.1598495e-02
  -1.2019842e-02
  -1.0728166e-02
  -8.8541955e-03
  -7.8578182e-03
  -8.5031698e-03
  -1.0274810e-02
  -1.1834034e-02
  -1.2548563e-02
  -9.9918358e-03
  -6.5152460e-03
  -6.0826009e-03
  -7.9243043e-03
  -1.1351177e-02
  -1.4799143e-02
  -1.6551457e-02
  -1.5702255e-02
  -1.3230398e-02
  -1.1325493e-02
  -1.0925865e-02
  -1.2848726e-02
  -1.5454955e-02
  -1.8746093e-02
  -2.2347195e-02
  -2.7451677e-02
   0.0000000e+00
   0.0000000e+00
  -0.0000000e+00
   0.0000000e+00
   0.0000000e+00
   0.0000000e+00
  -8.7745506e-04
   1.0448666e-03
  -1.2055557e-03
   6.3801344e-04
   7.3745749e-03
   1.4064626e-02
   1.7876507e-02
   1.8857874e-02
   2.1631097e-02
   2.3655041e-02
   2.3643130e-02
   2.1588780e-02
   1.9358491e-02
   0.0000000e+00
   1.4210609e-02
   1.7107727e-02
   1.9160934e-02
   1.6258709e-02
   1.1516092e-02
   7.4262442e-03
   6.7232745e-03
   8.9870494e-03
   1.2229695e-02
   1.4060704e-02
   1.3442692e-02
   1.0910620e-02
   7.4252924e-03
   6.1518878e-03
   8.0291433e-03
   9.9057561e-03
   0.0000000e+00
   0.0000000e+00
   0.0000000e+00
   0.0000000e+00
   0.0000000e+00
   1.6948325e-02
   1.7985677e-02
   2.3538642e-02
   2.7479594e-02
   3.6959393e-02
   3.0451799e-02
   3.5821564e-02
   4.2713203e-02
   4.5688812e-02
   4.8964594e-02
   5.2622814e-02
   5.4829404e-02
   5.6000635e-02
   5.6740921e-02
   0.0000000e+00
   3.9099922e-02
   4.1965190e-02
   4.6129033e-02
   4.5138776e-02
   4.3016009e-02
   4.0749900e-02
   4.0661782e-02
   4.2614728e-02
   4.2660449e-02
   4.0335014e-02
   3.8144160e-02
   3.6011934e-02
   3.5177201e-02
   3.8159411e-02
   4.3507479e-02
   4.5126259e-02
   7.1494159e-02
   0.0000000e+00
   0.0000000e+00
   0.0000000e+00
   0.0000000e+00
   3.4748587e-02
   3.3440102e-02
   3.9250574e-02
   4.8274050e-02
   5.1408752e-02
   5.1497956e-02
   5.0639303e-02
   5.3509900e-02
   5.6105216e-02
   5.8547020e-02
   6.3089691e-02
   6.8239003e-02
   7.2190813e-02
   7.3102205e-02
   7.0861875e-02
   0.0000000e+00
   4.8653981e-02
   5.8009305e-02
   6.2984593e-02
   6.6440075e-02
   6.7858949e-02
   6.7894220e-02
   6.5418459e-02
   5.7876070e-02
   5.4896356e-02
   5.4756385e-02
   5.4575280e-02
   5.6090132e-02
   6.1613046e-02
   6.7338228e-02
   6.9079294e-02
   6.9891690e-02
   0.0000000e+00
   0.0000000e+00
   0.0000000e+00
   5.4370033e-02
   5.1665068e-02
   5.0938364e-02
   5.2196596e-02
   5.5285618e-02
   5.8385756e-02
   5.7523277e-02
   5.3169694e-02
   5.0533675e-02
   4.9742263e-02
   5.0935939e-02
   5.5200491e-02
   6.1446335e-02
   6.7200102e-02
   6.7763492e-02
   6.3422417e-02
   0.0000000e+00
   3.5212900e-02
   4.9930140e-02
   6.2601000e-02
   7.1892746e-02
   7.6179489e-02
   7.3463175e-02
   0.0000000e+00
   4.5323434e-02
   4.8875995e-02
   5.3484060e-02
   5.5131711e-02
   5.8833186e-02
   6.4720891e-02
   6.9723330e-02
   7.1680404e-02
   5.5836954e-02
   5.4691493e-02
   5.3263903e-02
   5.3497515e-02
   5.7384729e-02
   6.0714539e-02
   6.0797427e-02
   5.6770265e-02
   5.3497892e-02
   5.1067223e-02
   4.6769500e-02
   4.1064627e-02
   3.6146353e-02
   3.3280279e-02
   3.4104574e-02
   3.7502541e-02
   4.2679541e-02
   4.7376730e-02
   4.6906425e-02
   3.9833787e-02
   0.0000000e+00
   1.5281027e-02
   2.7089057e-02
   4.3436024e-02
   5.6948096e-02
   6.0035337e-02
   0.0000000e+00
   0.0000000e+00
   0.0000000e+00
   2.6431918e-02
   3.6701693e-02
   4.0856671e-02
   4.6142668e-02
   5.0560152e-02
   5.3400669e-02
   5.4778248e-02
   3.0231422e-02
   3.5848033e-02
   4.0480321e-02
   0.0000000e+00
   4.4117813e-02
   4.8264939e-02
   4.7173880e-02
   4.2062912e-02
   3.6652092e-02
   3.1821445e-02
   2.6843308e-02
   2.1885572e-02
   1.7691590e-02
   1.5016163e-02
   1.5590102e-02
   1.8710548e-02
   2.2156460e-02
   2.4294490e-02
   2.2090456e-02
   1.5729083e-02
   0.0000000e+00
   0.0000000e+00
   3.6481780e-03
   1.8692208e-02
   3.2315575e-02
   3.2749888e-02
   0.0000000e+00
   0.0000000e+00
  -0.0000000e+00
   8.4949794e-03
   2.0203483e-02
   2.5983581e-02
   2.9241532e-02
   3.0178469e-02
   2.9680779e-02
   2.9104747e-02
   3.6686072e-03
   8.4031550e-03
   1.5050878e-02
   1.6571887e-02
   2.0379702e-02
   2.1476768e-02
   1.9805506e-02
   1.6013442e-02
   1.1729286e-02
   7.7689239e-03
   4.3627331e-03
   1.0324065e-03
  -1.3991328e-03
  -2.6562884e-03
  -1.9825236e-03
   3.0098920e-04
   1.9766872e-03
   1.2751485e-03
  -2.1002865e-03
  -3.0828098e-03
   0.0000000e+00
   0.0000000e+00
  -1.7161409e-02
  -1.0565121e-03
   9.1047324e-03
   5.5439961e-03
   0.0000000e+00
   0.0000000e+00
   0.0000000e+00
  -0.0000000e+00
   6.2880325e-03
   8.7508773e-03
   8.8450909e-03
   7.1097501e-03
   4.4868058e-03
   2.8503421e-03
  -1.7727474e-02
  -1.4249056e-02
  -8.5316692e-03
  -2.2849043e-03
  -2.2022306e-03
  -4.3554730e-03
  -5.8186909e-03
  -8.0564665e-03
  -1.0505324e-02
  -1.2410743e-02
  -1.3728924e-02
  -1.5091600e-02
  -1.5871588e-02
  -1.5688339e-02
  -1.4918174e-02
  -1.4308686e-02
  -1.4836832e-02
  -1.7995451e-02
  -2.2270045e-02
  -1.5721336e-02
   0.0000000e+00
   0.0000000e+00
  -0.0000000e+00
  -1.3537526e-02
  -9.5184080e-03
  -1.6356481e-02
  -0.0000000e+00
   0.0000000e+00
   0.0000000e+00
  -1.1559508e-02
  -7.0296908e-03
  -8.6163795e-03
  -1.0315789e-02
  -1.2225196e-02
  -1.5669668e-02
  -1.8127520e-02
  -3.3485796e-02
  -3.1094994e-02
  -2.6568098e-02
  -2.0675257e-02
  -2.1565946e-02
  -2.4097726e-02
  -2.4847923e-02
  -2.5642417e-02
  -2.6248029e-02
  -2.5993889e-02
  -2.5410447e-02
  -2.4409326e-02
  -2.3165938e-02
  -2.2433117e-02
  -2.2739496e-02
  -2.5080001e-02
  -2.9139224e-02
  -3.5056666e-02
  -3.9272375e-02
  -2.6772195e-02
   0.0000000e+00
   0.0000000e+00
   0.0000000e+00
  -2.3365772e-02
  -2.7162053e-02
  -3.1527024e-02
   0.0000000e+00
   0.0000000e+00
   0.0000000e+00
  -1.7972168e-02
  -2.2101345e-02
  -2.4758935e-02
  -2.7135858e-02
  -2.7198121e-02
  -2.9819313e-02
  -3.2913875e-02
  -4.0312700e-02
  -3.8608797e-02
  -3.4247484e-02
  -2.9283574e-02
  -3.0153178e-02
  -3.2165028e-02
  -3.3034611e-02
  -3.2931499e-02
  -3.1942531e-02
  -3.0046344e-02
  -2.7397493e-02
  -2.4256995e-02
  -2.2525515e-02
  -2.3111096e-02
  -2.6485940e-02
  -3.2233980e-02
  -3.8974676e-02
  -4.5910031e-02
  -4.8141867e-02
  -0.0000000e+00
   0.0000000e+00
   0.0000000e+00
   0.0000000e+00
  -3.5152179e-02
  -3.9265335e-02
  -3.5819273e-02
  -0.0000000e+00
   0.0000000e+00
   0.0000000e+00
  -2.8792396e-02
  -2.9707871e-02
  -3.3100262e-02
  -3.6666363e-02
  -3.5086893e-02
  -3.5697542e-02
  -3.8859587e-02
  -4.1169047e-02
  -3.9331812e-02
  -3.4305681e-02
  -3.0418748e-02
  -3.0024379e-02
  -3.1106431e-02
  -3.2291062e-02
  -3.2143913e-02
  -3.0011345e-02
  -2.6214555e-02
  -2.2202404e-02
  -1.9563533e-02
  -2.0832414e-02
  -2.5269918e-02
  -3.2355353e-02
  -3.9930493e-02
  -4.6027195e-02
  -5.0168283e-02
  -4.6854146e-02
  -0.0000000e+00
   0.0000000e+00
   0.0000000e+00
   0.0000000e+00
  -4.5615620e-02
  -4.5544196e-02
  -3.3621583e-02
  -0.0000000e+00
   0.0000000e+00
   0.0000000e+00
  -3.5687980e-02
  -3.4374028e-02
  -3.5828084e-02
  -4.2036154e-02
  -3.9708968e-02
  -3.7592709e-02
  -3.9415620e-02
  -3.7658960e-02
  -3.4568269e-02
  -2.8354118e-02
  -2.4576055e-02
  -2.2766283e-02
  -2.2228749e-02
  -2.3263713e-02
  -2.3835843e-02
  -2.2139518e-02
  -1.9229367e-02
  -1.7511792e-02
  -1.8847877e-02
  -2.4116652e-02
  -3.1550854e-02
  -3.9446637e-02
  -4.5307931e-02
  -4.7344703e-02
  -4.4375688e-02
  -3.0426941e-02
   0.0000000e+00
   0.0000000e+00
   0.0000000e+00
   0.0000000e+00
  -0.0000000e+00
  -4.1889645e-02
  -2.4926955e-02
  -0.0000000e+00
   0.0000000e+00
   0.0000000e+00
  -4.2184407e-02
  -3.5996281e-02
  -3.4910835e-02
  -0.0000000e+00
  -4.2195891e-02
  -3.7303429e-02
  -3.6849331e-02
  -3.1421904e-02
  -2.7612163e-02
  -1.9835642e-02
  -1.5057649e-02
  -1.2895098e-02
  -1.1605308e-02
  -1.2947747e-02
  -1.4747308e-02
  -1.5629955e-02
  -1.6389538e-02
  -1.8599402e-02
  -2.3211515e-02
  -2.9621378e-02
  -3.6746703e-02
  -4.2491123e-02
  -4.4647850e-02
  -4.1585248e-02
  -3.0002637e-02
  -7.1107937e-03
   0.0000000e+00
   0.0000000e+00
   0.0000000e+00
   0.0000000e+00
  -0.0000000e+00
  -3.1636134e-02
  -1.3312077e-02
   0.0000000e+00
   0.0000000e+00
   0.0000000e+00
  -0.0000000e+00
  -3.4156919e-02
  -2.3025177e-02
   0.0000000e+00
  -0.0000000e+00
  -3.6057528e-02
  -3.2270938e-02
  -2.3522558e-02
  -1.9994978e-02
  -1.0921810e-02
  -5.5267806e-03
  -4.2207805e-03
  -3.9809025e-03
  -6.7401994e-03
  -1.0687405e-02
  -1.5305871e-02
  -1.9891936e-02
  -2.4821538e-02
  -3.0464126e-02
  -3.5651714e-02
  -3.9791521e-02
  -4.1239001e-02
  -3.8259771e-02
  -2.9651944e-02
  -1.2413734e-02
   8.0189524e-03
   0.0000000e+00
   0.0000000e+00
  -0.0000000e+00
  -2.3184178e-02
  -2.1990573e-02
  -1.7614774e-02
   4.5248543e-04
   0.0000000e+00
   0.0000000e+00
   0.0000000e+00
  -0.0000000e+00
  -2.8766008e-02
  -8.9203445e-03
   0.0000000e+00
  -0.0000000e+00
  -3.2253450e-02
  -2.5801962e-02
  -1.7194097e-02
  -1.5430692e-02
  -5.7622045e-03
  -1.4890598e-04
  -2.1546435e-03
  -2.8245007e-03
  -7.0992512e-03
  -1.3438632e-02
  -2.1155199e-02
  -2.8143832e-02
  -3.4319390e-02
  -3.9661627e-02
  -4.2893792e-02
  -4.3826681e-02
  -4.1237108e-02
  -3.4399783e-02
  -2.3304632e-02
  -7.6914565e-03
   7.2983194e-03
   0.0000000e+00
   0.0000000e+00
  -0.0000000e+00
  -2.3013088e-02
  -1.4339384e-02
  -2.0681279e-03
   1.1801980e-02
   0.0000000e+00
   0.0000000e+00
   0.0000000e+00
   0.0000000e+00
  -1.5686411e-02
   1.9119671e-04
   0.0000000e+00
   0.0000000e+00
  -0.0000000e+00
  -2.0323087e-02
  -9.7850561e-03
  -1.5391668e-02
  -7.0999600e-03
  -6.2268207e-04
  -6.7310079e-03
  -5.9259064e-03
  -9.1888783e-03
  -1.5313130e-02
  -2.3059534e-02
  -3.0358352e-02
  -3.6644168e-02
  -4.1516710e-02
  -4.3785766e-02
  -4.3736767e-02
  -4.0544715e-02
  -3.4440801e-02
  -2.6502689e-02
  -1.7622743e-02
  -5.5773460e-03
   0.0000000e+00
   0.0000000e+00
   0.0000000e+00
  -2.1753222e-02
  -3.9301370e-03
   0.0000000e+00
   0.0000000e+00
   0.0000000e+00
   0.0000000e+00
   0.0000000e+00
   0.0000000e+00
  -1.5949141e-02
   3.4175902e-03
   0.0000000e+00
   0.0000000e+00
  -0.0000000e+00
  -1.7725825e-02
  -9.7095712e-03
  -1.5157126e-02
  -1.1925348e-02
  -6.8506510e-03
  -2.7068583e-03
  -1.1619752e-02
  -1.2078966e-02
  -1.5617878e-02
  -2.1330551e-02
  -2.8061280e-02
  -3.4894299e-02
  -4.1142338e-02
  -4.5053734e-02
  -4.6951873e-02
  -4.6473483e-02
  -4.3719644e-02
  -3.9861971e-02
  -3.5730880e-02
  -2.5868077e-02
  -0.0000000e+00
   0.0000000e+00
  -4.0813698e-02
  -2.4931441e-02
   8.0452127e-04
   0.0000000e+00
   0.0000000e+00
   0.0000000e+00
   0.0000000e+00
   0.0000000e+00
   0.0000000e+00
  -0.0000000e+00
  -2.5041927e-03
   0.0000000e+00
   0.0000000e+00
  -0.0000000e+00
  -1.3015585e-02
  -0.0000000e+00
  -0.0000000e+00
  -1.8656246e-02
  -1.9986821e-02
  -1.8600003e-02
  -2.2451388e-02
  -2.2638248e-02
  -2.2919802e-02
  -2.5039585e-02
  -2.9777924e-02
  -3.6681257e-02
  -4.4989415e-02
  -5.2180007e-02
  -5.7974882e-02
  -6.1567061e-02
  -6.2223665e-02
  -6.1142646e-02
  -5.9739597e-02
  -6.0509343e-02
  -0.0000000e+00
   0.0000000e+00
  -5.3135900e-02
  -3.5379380e-02
  -5.1204826e-03
   0.0000000e+00
   0.0000000e+00
   0.0000000e+00
   0.0000000e+00
   0.0000000e+00
   0.0000000e+00
  -0.0000000e+00
  -1.7881291e-02
   0.0000000e+00
   0.0000000e+00
  -0.0000000e+00
  -0.0000000e+00
  -0.0000000e+00
  -0.0000000e+00
  -2.8588238e-02
  -3.2070965e-02
  -3.0798221e-02
  -3.9127293e-02
  -3.8693354e-02
  -3.7518661e-02
  -3.7076231e-02
  -3.9866135e-02
  -4.6371300e-02
  -5.5569481e-02
  -6.3653812e-02
  -6.9222130e-02
  -7.0351996e-02
  -6.6832259e-02
  -6.3865848e-02
  -6.7212969e-02
  -8.0838993e-02
  -9.6442290e-02
  -8.4626522e-02
  -6.2583866e-02
  -4.7620215e-02
  -1.7698361e-02
   0.0000000e+00
   0.0000000e+00
   0.0000000e+00
   0.0000000e+00
   0.0000000e+00
   0.0000000e+00
  -3.8653199e-02
  -2.7051704e-02
  -1.8065849e-02
   0.0000000e+00
   0.0000000e+00
   0.0000000e+00
   0.0000000e+00
  -2.1194203e-02
  -3.4212381e-02
  -3.8285363e-02
  -4.4431703e-02
  -5.2087742e-02
  -5.1385421e-02
  -4.9925037e-02
  -4.7663368e-02
  -4.7826104e-02
  -5.1889393e-02
  -5.9561312e-02
  -6.6215120e-02
  -6.9235012e-02
  -6.5803885e-02
  -5.5688724e-02
  -4.5736901e-02
  -5.4567248e-02
  -7.1233332e-02
  -8.7422483e-02
  -7.6891184e-02
  -6.3563496e-02
  -5.5378281e-02
  -2.7904047e-02
  -0.0000000e+00
   0.0000000e+00
   0.0000000e+00
   0.0000000e+00
   0.0000000e+00
   0.0000000e+00
  -4.5031708e-02
  -3.6066540e-02
  -1.5827206e-02
   0.0000000e+00
   0.0000000e+00
   0.0000000e+00
  -0.0000000e+00
  -2.5455933e-02
  -3.2591704e-02
  -3.9188012e-02
  -4.7901839e-02
  -5.5535600e-02
  -5.6884491e-02
  -5.6293763e-02
  -5.3517383e-02
  -5.1123784e-02
  -5.1144961e-02
  -5.4308828e-02
  -5.7777964e-02
  -5.8946267e-02
  -5.4190423e-02
  -4.1640456e-02
  -2.0366441e-02
  -0.0000000e+00
  -5.1239258e-02
  -5.7433866e-02
  -5.5628717e-02
  -5.3497509e-02
  -5.5364568e-02
  -4.6675240e-02
  -0.0000000e+00
   0.0000000e+00
   0.0000000e+00
   0.0000000e+00
   0.0000000e+00
   0.0000000e+00
  -4.8373777e-02
  -4.0203280e-02
  -0.0000000e+00
   0.0000000e+00
   0.0000000e+00
   0.0000000e+00
  -0.0000000e+00
  -1.7023786e-02
  -2.4228232e-02
  -3.4571931e-02
  -4.4330444e-02
  -5.0752964e-02
  -5.3487115e-02
  -5.3863332e-02
  -5.1429026e-02
  -4.7967352e-02
  -4.5451965e-02
  -4.4021487e-02
  -4.3985613e-02
  -4.4036362e-02
  -3.9577369e-02
  -2.7021358e-02
  -9.7114712e-03
   0.0000000e+00
  -2.8780829e-02
  -3.1459875e-02
  -3.3488926e-02
  -3.6993477e-02
  -4.4868510e-02
  -5.4475916e-02
  -0.0000000e+00
   0.0000000e+00
   0.0000000e+00
   0.0000000e+00
   0.0000000e+00
  -0.0000000e+00
  -4.2481701e-02
  -3.9663113e-02
   0.0000000e+00
   0.0000000e+00
   0.0000000e+00
   0.0000000e+00
   0.0000000e+00
  -9.2659719e-03
  -1.5180793e-02
  -2.5387770e-02
  -3.4105621e-02
  -3.9349500e-02
  -4.2272057e-02
  -4.2390175e-02
  -3.9935574e-02
  -3.6648441e-02
  -3.4167111e-02
  -3.1683460e-02
  -3.0336903e-02
  -2.9493578e-02
  -2.5127545e-02
  -1.2641856e-02
   4.4539832e-03
  -1.8940888e-02
  -1.1936407e-02
  -1.2342911e-02
  -1.6156819e-02
  -2.1600137e-02
  -3.0448556e-02
  -4.5938592e-02
  -5.1148549e-02
   0.0000000e+00
   0.0000000e+00
   0.0000000e+00
  -4.2499389e-02
  -3.3349037e-02
  -3.1910684e-02
  -3.0557957e-02
  -2.4310201e-02
   0.0000000e+00
   0.0000000e+00
   0.0000000e+00
   0.0000000e+00
  -0.0000000e+00
  -1.6769227e-03
  -8.2669667e-03
  -1.4835926e-02
  -1.8704900e-02
  -1.9799051e-02
  -1.8735926e-02
  -1.6489502e-02
  -1.4160263e-02
  -1.2892264e-02
  -1.2236026e-02
  -1.1938527e-02
  -1.0969390e-02
  -6.9200519e-03
   4.1883362e-03
   0.0000000e+00
  -4.3614685e-03
   6.9157040e-03
   1.0074944e-02
   3.4559081e-03
  -3.5802280e-03
  -1.1953570e-02
  -2.5390579e-02
  -3.2454289e-02
   0.0000000e+00
   0.0000000e+00
  -2.5841126e-02
  -2.9082515e-02
  -2.2406836e-02
  -1.5820291e-02
  -1.5515848e-02
  -0.0000000e+00
   0.0000000e+00
   0.0000000e+00
   0.0000000e+00
   0.0000000e+00
   0.0000000e+00
   1.3410156e-02
   1.3285595e-02
   1.0069290e-02
   8.7355897e-03
   1.0087335e-02
   1.2290616e-02
   1.3817439e-02
   1.4330018e-02
   1.3362517e-02
   1.0464471e-02
   8.2571032e-03
   8.2076518e-03
   1.1539440e-02
   1.9092605e-02
   0.0000000e+00
   0.0000000e+00
   2.6100223e-02
   3.1459261e-02
   2.2651654e-02
   1.4111958e-02
   6.6751670e-03
  -3.3316805e-03
  -1.2710477e-02
  -4.8930803e-03
  -2.7273176e-04
  -3.7027025e-03
  -1.0645248e-02
  -3.6636801e-03
   2.9508465e-03
   6.0318070e-03
   0.0000000e+00
   0.0000000e+00
   0.0000000e+00
   0.0000000e+00
   0.0000000e+00
   1.8285475e-02
   3.1422481e-02
   3.2818630e-02
   3.4324016e-02
   3.8455196e-02
   4.2836230e-02
   4.5682196e-02
   4.5738477e-02
   4.3371193e-02
   3.9776672e-02
   3.3794709e-02
   2.8872754e-02
   2.6715174e-02
   2.8181635e-02
   3.2896282e-02
   0.0000000e+00
   0.0000000e+00
   0.0000000e+00
   0.0000000e+00
   3.7523217e-02
   3.1154960e-02
   2.5923394e-02
   1.9355884e-02
   1.1274264e-02
  -0.0000000e+00
   0.0000000e+00
   0.0000000e+00
   1.1893431e-02
   1.6630288e-02
   2.1038325e-02
   2.6250449e-02
   0.0000000e+00
   0.0000000e+00
   0.0000000e+00
   0.0000000e+00
   0.0000000e+00
   2.4824532e-02
   3.9995395e-02
   3.9381183e-02
   4.7997165e-02
   5.9521876e-02
   6.6342502e-02
   6.8287097e-02
   6.5715536e-02
   6.0401149e-02
   5.4224502e-02
   4.7167514e-02
   4.1837255e-02
   3.8047634e-02
   3.7076939e-02
   3.8389232e-02
   0.0000000e+00
   0.0000000e+00
   0.0000000e+00
   0.0000000e+00
   3.9998483e-02
   4.3278842e-02
   4.2051688e-02
   3.9698925e-02
   3.2045558e-02
   0.0000000e+00
   0.0000000e+00
   0.0000000e+00
   2.3590548e-02
   2.7137054e-02
   2.8897663e-02
   0.0000000e+00
   0.0000000e+00
   0.0000000e+00
   0.0000000e+00
   0.0000000e+00
   0.0000000e+00
   0.0000000e+00
   0.0000000e+00
   3.9076248e-02
   5.4037541e-02
   6.6517428e-02
   7.1268328e-02
   7.0074067e-02
   6.4488463e-02
   5.7407312e-02
   4.9637921e-02
   4.2894572e-02
   3.9041858e-02
   3.5411686e-02
   3.1779945e-02
   0.0000000e+00
   0.0000000e+00
   0.0000000e+00
   0.0000000e+00
   0.0000000e+00
   0.0000000e+00
   4.3949714e-02
   4.8543967e-02
   5.2276976e-02
   4.9742485e-02
   4.5007831e-02
   0.0000000e+00
   0.0000000e+00
   0.0000000e+00
   0.0000000e+00
   0.0000000e+00
   0.0000000e+00
   0.0000000e+00
   0.0000000e+00
   0.0000000e+00
   0.0000000e+00
   0.0000000e+00
   0.0000000e+00
   0.0000000e+00
   3.1459425e-02
   4.3709636e-02
   5.1462673e-02
   5.3400775e-02
   5.0788574e-02
   4.4506639e-02
   3.7374082e-02
   3.1082692e-02
   2.6964346e-02
   2.5198686e-02
   2.3354452e-02
   1.9704458e-02
   0.0000000e+00
   0.0000000e+00
   0.0000000e+00
   0.0000000e+00
   0.0000000e+00
   0.0000000e+00
   0.0000000e+00
   4.3663984e-02
   5.2525252e-02
   5.5852691e-02
   4.9885257e-02
   0.0000000e+00
   0.0000000e+00
   0.0000000e+00
   0.0000000e+00
   0.0000000e+00
   0.0000000e+00
   0.0000000e+00
   0.0000000e+00
   0.0000000e+00
   0.0000000e+00
   0.0000000e+00
   0.0000000e+00
   0.0000000e+00
   1.2747080e-02
   1.7033214e-02
   1.9528182e-02
   1.9744800e-02
   1.8166886e-02
   1.3665224e-02
   9.0523772e-03
   6.3022363e-03
   6.1087149e-03
   7.2399681e-03
   8.9853880e-03
   8.9946285e-03
   0.0000000e+00
   0.0000000e+00
   0.0000000e+00
   0.0000000e+00
   0.0000000e+00
   0.0000000e+00
   0.0000000e+00
   3.3412434e-02
   3.9819240e-02
   4.2421920e-02
   3.5385932e-02
   0.0000000e+00
   0.0000000e+00
   0.0000000e+00
   0.0000000e+00
   0.0000000e+00
   0.0000000e+00
   0.0000000e+00
   0.0000000e+00
   0.0000000e+00
   0.0000000e+00
   0.0000000e+00
   0.0000000e+00
   0.0000000e+00
  -6.0153194e-03
  -9.8831439e-03
  -1.0603417e-02
  -1.4298821e-02
  -1.5618816e-02
  -1.6920883e-02
  -1.6865454e-02
  -1.5447370e-02
  -1.2096616e-02
  -7.2271168e-03
  -2.4815327e-03
   1.5767687e-03
   0.0000000e+00
   0.0000000e+00
   0.0000000e+00
   0.0000000e+00
   0.0000000e+00
   0.0000000e+00
   0.0000000e+00
   1.5025053e-02
   0.0000000e+00
   1.4926098e-02
   1.3464066e-02
   0.0000000e+00
   0.0000000e+00
   0.0000000e+00
   0.0000000e+00
   0.0000000e+00
   0.0000000e+00
   0.0000000e+00
   0.0000000e+00
   0.0000000e+00
   0.0000000e+00
   0.0000000e+00
   0.0000000e+00
   0.0000000e+00
  -0.0000000e+00
  -0.0000000e+00
  -0.0000000e+00
  -0.0000000e+00
  -3.5666764e-02
  -3.4308817e-02
  -3.1950530e-02
  -2.8532201e-02
  -2.2937259e-02
  -0.0000000e+00
  -0.0000000e+00
  -0.0000000e+00
   0.0000000e+00
   0.0000000e+00
   0.0000000e+00
   0.0000000e+00
   0.0000000e+00
   0.0000000e+00
   0.0000000e+00
   1.2971034e-04
   0.0000000e+00
   0.0000000e+00
  -0.0000000e+00
  -0.0000000e+00
  -0.0000000e+00
   0.0000000e+00
  -0.0000000e+00
  -0.0000000e+00
   0.0000000e+00
   0.0000000e+00
   0.0000000e+00
   0.0000000e+00
   0.0000000e+00
   0.0000000e+00
   0.0000000e+00
   0.0000000e+00
  -0.0000000e+00
  -0.0000000e+00
   0.0000000e+00
  -0.0000000e+00
  -0.0000000e+00
  -0.0000000e+00
  -2.4811684e-02
  -0.0000000e+00
  -0.0000000e+00
   0.0000000e+00
   0.0000000e+00
   0.0000000e+00
   0.0000000e+00
   0.0000000e+00
   0.0000000e+00
   0.0000000e+00
   0.0000000e+00
   0.0000000e+00
  -0.0000000e+00
  -9.4868255e-03
   0.0000000e+00
   0.0000000e+00
   0.0000000e+00
  -0.0000000e+00
  -0.0000000e+00
  -0.0000000e+00
  -0.0000000e+00
  -0.0000000e+00
  -0.0000000e+00
  -0.0000000e+00
  -0.0000000e+00
   0.0000000e+00
   0.0000000e+00
