   0.0000000e+00
   1.1537798e-02
   0.0000000e+00
   0.0000000e+00
   6.2773085e-03
   0.0000000e+00
   0.0000000e+00
   1.4106184e-02
   1.2431320e-02
   1.0521695e-02
   9.8658451e-03
   8.4662717e-03
   0.0000000e+00
   5.0886788e-03
   6.4482371e-03
   8.2868470e-03
   9.8219288e-03
   8.4458647e-03
   0.0000000e+00
   2.8066046e-03
   2.1117303e-03
   3.1013490e-03
   2.5379625e-03
   2.2889301e-03
   0.0000000e+00
   0.0000000e+00
   0.0000000e+00
   0.0000000e+00
   0.0000000e+00
   0.0000000e+00
   0.0000000e+00
   0.0000000e+00
   0.0000000e+00
   0.0000000e+00
   0.0000000e+00
   0.0000000e+00
   9.4867013e-03
   6.1825337e-03
   5.2268099e-03
   8.4351557e-03
   7.3917774e-03
   7.4034795e-03
   1.2818782e-02
   1.3848898e-02
   1.1224443e-02
   7.7996794e-03
   5.3799776e-03
   3.8687032e-03
   4.7111299e-03
   5.8401590e-03
   6.5966211e-03
   7.2581051e-03
   7.8007353e-03
   6.5398021e-03
   4.8952694e-03
   9.1275620e-04
   6.8304379e-04
   1.1905378e-03
   2.8016241e-03
   4.1268720e-03
   3.4980766e-03
   3.5873436e-03
   2.3407222e-03
   1.4663376e-03
   2.5472387e-04
  -2.3050928e-05
   2.7318317e-03
   7.3146379e-03
   7.5501025e-03
   5.0308152e-03
   8.2257091e-03
   1.2609481e-02
   3.7714022e-03
   2.0856261e-03
   5.0959292e-03
   6.9266429e-03
   0.0000000e+00
   7.6852970e-03
   1.1607457e-02
   1.1382246e-02
   7.8412630e-03
   5.6173553e-03
   4.9830377e-03
   4.2395466e-03
   3.1318540e-03
   2.9479442e-03
   4.0941159e-03
   5.9446499e-03
   7.1652299e-03
   4.9238121e-03
   3.1490493e-03
   2.8545221e-04
  -2.5067441e-03
  -1.0588390e-03
   3.0530309e-03
   5.3488491e-03
   5.5704306e-03
   5.2983412e-03
   2.6935928e-03
  -4.9112865e-04
  -2.1883603e-03
  -1.6945862e-03
   2.1792322e-03
   6.3844454e-03
   8.4802918e-03
   9.9983855e-03
   1.4401966e-02
   1.2907567e-02
   0.0000000e+00
   0.0000000e+00
   0.0000000e+00
   0.0000000e+00
   0.0000000e+00
   0.0000000e+00
   8.6335036e-03
   5.6988322e-03
   3.8210448e-03
   1.3230046e-03
  -7.4674259e-04
  -2.2436827e-03
  -3.1931078e-03
  -4.5586242e-03
  -2.7510843e-03
   9.1326895e-04
   3.4092243e-03
   3.5308232e-03
   7.4693185e-04
  -0.0000000e+00
  -8.7861362e-03
  -6.9543101e-03
  -1.7233088e-04
   4.3107169e-03
   5.9554211e-03
   3.6288691e-03
  -2.4905028e-03
  -8.2256663e-03
  -1.0223039e-02
  -7.0863059e-03
  -9.5812662e-04
   4.6091583e-03
   7.1891313e-03
   9.3153238e-03
   1.0740689e-02
   3.1630909e-03
   0.0000000e+00
   0.0000000e+00
   0.0000000e+00
   0.0000000e+00
   0.0000000e+00
   6.8078596e-03
   4.2188126e-03
  -1.5064126e-03
  -3.6949357e-03
  -8.8481283e-03
  -8.7940516e-03
  -1.1268558e-02
  -1.1928806e-02
  -1.3318027e-02
  -1.0769141e-02
  -6.1693247e-03
  -3.2648717e-03
  -3.3733922e-03
  -7.5579118e-03
  -0.0000000e+00
  -1.4437771e-02
  -1.1913056e-02
  -3.8311577e-03
   1.6645830e-03
   2.7954730e-03
  -2.0295163e-03
  -1.1123834e-02
  -1.7745309e-02
  -1.6831104e-02
  -1.0622296e-02
  -3.3966627e-03
   1.7264059e-03
   2.2260158e-03
   8.4588147e-04
  -1.4553410e-03
  -7.5689889e-03
  -9.7140779e-03
   0.0000000e+00
   0.0000000e+00
   0.0000000e+00
   0.0000000e+00
   8.5072365e-03
   1.1573339e-03
  -7.3121563e-03
  -1.0614927e-02
  -1.1644228e-02
  -1.5012099e-02
  -1.7956774e-02
  -1.8325653e-02
  -1.8255988e-02
  -1.4852034e-02
  -1.0606536e-02
  -8.3716129e-03
  -9.1504732e-03
  -1.2122914e-02
  -1.2221065e-02
  -0.0000000e+00
  -1.1506266e-02
  -4.1488902e-03
  -3.7637366e-04
  -1.3239539e-03
  -7.5432151e-03
  -1.9597424e-02
  -2.1333560e-02
  -1.5641890e-02
  -1.0089192e-02
  -4.0981467e-03
  -6.3554068e-04
  -3.6489526e-03
  -7.7838125e-03
  -1.0943131e-02
  -1.2605658e-02
  -9.1379070e-03
  -0.0000000e+00
   0.0000000e+00
  -0.0000000e+00
   7.2334380e-03
   5.7804096e-03
  -6.1523332e-03
  -1.3451542e-02
  -1.4120948e-02
  -1.5091202e-02
  -1.7422842e-02
  -1.8722909e-02
  -1.8738380e-02
  -1.7147638e-02
  -1.4026704e-02
  -1.1174169e-02
  -1.0180981e-02
  -1.0608348e-02
  -1.0999743e-02
  -7.0607605e-03
  -0.0000000e+00
  -7.8384610e-03
  -2.7739357e-03
  -1.9248886e-03
  -4.4363835e-03
  -1.1018381e-02
  -2.0358629e-02
  -0.0000000e+00
  -9.5529074e-03
  -6.7187208e-03
  -8.5383165e-04
   9.1914157e-04
  -5.9884726e-03
  -1.1358928e-02
  -1.4467466e-02
  -1.3935693e-02
  -5.8110997e-03
   2.1839228e-03
  -7.1364842e-03
  -7.9872388e-03
   6.6140040e-03
  -2.7528037e-03
  -1.3564537e-02
  -1.6445195e-02
  -1.5210734e-02
  -1.4521965e-02
  -1.3948719e-02
  -1.3614632e-02
  -1.3291877e-02
  -1.2303475e-02
  -1.0618048e-02
  -9.4731644e-03
  -9.2928670e-03
  -8.5439691e-03
  -4.8323058e-03
   4.7110133e-03
   0.0000000e+00
  -5.3599390e-03
  -4.6781837e-03
  -4.4100038e-03
  -6.1184235e-03
  -8.4026959e-03
  -0.0000000e+00
   0.0000000e+00
  -0.0000000e+00
  -3.3165535e-03
   5.8829051e-03
   2.5127418e-03
  -6.4374018e-03
  -1.1206033e-02
  -1.3215282e-02
  -1.1413195e-02
  -8.8118674e-04
   5.1565515e-03
   3.6871047e-03
   0.0000000e+00
   2.2134464e-03
  -6.7920112e-03
  -1.1772468e-02
  -1.1733672e-02
  -1.0352289e-02
  -8.3276816e-03
  -6.6724899e-03
  -6.3767671e-03
  -6.6702538e-03
  -7.1368287e-03
  -6.9397450e-03
  -7.1939840e-03
  -6.7479904e-03
  -4.4765668e-03
   3.5026972e-03
   2.0547068e-02
   0.0000000e+00
  -0.0000000e+00
  -7.6484546e-03
  -7.1818256e-03
  -5.0193900e-03
   6.0255901e-04
   0.0000000e+00
   0.0000000e+00
  -0.0000000e+00
  -4.3068788e-03
   5.2788769e-03
  -1.0887119e-03
  -6.6918875e-03
  -8.6731855e-03
  -8.5452953e-03
  -5.9449635e-03
   4.3459544e-03
   8.0514401e-03
   9.8753395e-03
   1.0578436e-02
  -9.3226119e-04
  -2.4697240e-03
  -3.3357588e-03
  -3.1957533e-03
  -2.2208658e-03
  -2.7172710e-04
   8.2222314e-04
   3.3979095e-04
  -1.0360272e-03
  -2.6837189e-03
  -3.8409045e-03
  -4.6054395e-03
  -3.1735774e-03
   8.5224479e-04
   1.2583417e-02
   3.5828686e-02
   0.0000000e+00
   0.0000000e+00
  -9.6525235e-03
  -1.2560881e-02
  -2.3607893e-03
   1.1922363e-02
   0.0000000e+00
   0.0000000e+00
   0.0000000e+00
  -0.0000000e+00
  -1.0408530e-03
  -2.3474153e-03
  -3.5587568e-03
  -3.1399380e-03
  -1.9446947e-03
   5.3761492e-04
   9.0549717e-03
   1.1800903e-02
   1.4612435e-02
   1.2905736e-02
   4.2840234e-03
   4.8337826e-03
   4.2716860e-03
   3.8840561e-03
   4.6094679e-03
   5.7990325e-03
   5.9848805e-03
   4.7617378e-03
   2.4123149e-03
   1.0865307e-04
  -1.6959839e-03
  -2.0787823e-03
   6.4866332e-04
   6.5924269e-03
   2.1857077e-02
   4.7045584e-02
   0.0000000e+00
   0.0000000e+00
  -0.0000000e+00
  -1.6311592e-02
   2.2424510e-03
   2.5762238e-02
   0.0000000e+00
   0.0000000e+00
   0.0000000e+00
  -1.1606066e-02
  -1.4322104e-03
   9.7307481e-04
   1.4879024e-03
   2.9098740e-03
   4.3029268e-03
   6.2442338e-03
   1.3307694e-02
   1.6028099e-02
   1.9321620e-02
   1.6935335e-02
   1.0703701e-02
   1.0604179e-02
   9.4235493e-03
   8.8680750e-03
   9.2878612e-03
   9.6239951e-03
   9.0763876e-03
   6.8094404e-03
   3.2192681e-03
   5.3856539e-04
  -1.1051177e-03
  -1.0475695e-04
   4.5987498e-03
   1.3798223e-02
   3.2918002e-02
   5.0910449e-02
   0.0000000e+00
   0.0000000e+00
   0.0000000e+00
  -1.2323737e-02
   9.7277984e-03
   4.1590534e-02
   0.0000000e+00
   0.0000000e+00
   0.0000000e+00
  -9.5300185e-03
   4.8131798e-03
   7.1653612e-03
   6.9029247e-03
   8.1097754e-03
   9.3274601e-03
   1.0853440e-02
   1.5907673e-02
   1.8895447e-02
   2.1567401e-02
   1.8086551e-02
   1.4356729e-02
   1.3198270e-02
   1.2036655e-02
   1.1409129e-02
   1.1340169e-02
   1.0835338e-02
   9.0797702e-03
   5.1706573e-03
   9.0239034e-04
  -1.4983142e-03
  -1.6999814e-03
   1.7676780e-03
   9.0167159e-03
   2.1958103e-02
   4.4081848e-02
   0.0000000e+00
   0.0000000e+00
   0.0000000e+00
   0.0000000e+00
  -5.5732500e-03
   1.7945653e-02
   5.0426137e-02
   0.0000000e+00
   0.0000000e+00
   0.0000000e+00
  -2.6735052e-03
   8.6490018e-03
   1.1715447e-02
   1.0361306e-02
   1.1100342e-02
   1.1982265e-02
   1.3617015e-02
   1.7583009e-02
   1.9938583e-02
   2.1238990e-02
   1.8548256e-02
   1.5368346e-02
   1.3512627e-02
   1.2360489e-02
   1.1498845e-02
   1.0583131e-02
   8.4669711e-03
   5.0096195e-03
   3.6673737e-04
  -2.6790360e-03
  -3.0273423e-03
  -3.7680482e-04
   5.9084790e-03
   1.5397136e-02
   3.0758996e-02
   5.1036744e-02
   0.0000000e+00
   0.0000000e+00
   0.0000000e+00
   0.0000000e+00
   4.8250756e-03
   2.6903044e-02
   5.3055950e-02
   0.0000000e+00
   0.0000000e+00
   0.0000000e+00
   2.8613212e-03
   1.1273929e-02
   1.4939706e-02
   1.2216292e-02
   1.3265709e-02
   1.3834596e-02
   1.5778942e-02
   1.8214200e-02
   1.8683853e-02
   1.9038774e-02
   1.6703662e-02
   1.2890894e-02
   1.0432583e-02
   8.9642685e-03
   7.8180311e-03
   5.9767826e-03
   3.0826565e-03
  -1.1157028e-04
  -2.9059756e-03
  -3.2012993e-03
  -1.0058987e-03
   3.7681493e-03
   1.0855233e-02
   1.9825002e-02
   3.2215334e-02
   4.3528787e-02
   0.0000000e+00
   0.0000000e+00
   0.0000000e+00
   0.0000000e+00
   0.0000000e+00
   3.2128166e-02
   4.8543911e-02
   0.0000000e+00
   0.0000000e+00
   0.0000000e+00
   7.0489243e-03
   1.0907678e-02
   2.1646321e-02
   0.0000000e+00
   1.3852846e-02
   1.5028076e-02
   1.7286077e-02
   1.6975516e-02
   1.5356742e-02
   1.4871252e-02
   1.2194060e-02
   8.2885996e-03
   5.5293702e-03
   4.0639667e-03
   2.4723127e-03
   3.0513463e-04
  -2.0143453e-03
  -3.6347050e-03
  -4.0880358e-03
  -2.4947752e-03
   8.2016218e-04
   6.0244598e-03
   1.2424164e-02
   1.9004045e-02
   2.4211576e-02
   2.2445787e-02
   0.0000000e+00
   0.0000000e+00
   0.0000000e+00
   0.0000000e+00
   0.0000000e+00
   3.2341320e-02
   3.9723076e-02
   0.0000000e+00
   0.0000000e+00
   0.0000000e+00
   0.0000000e+00
   7.3620514e-03
   2.1628484e-02
   0.0000000e+00
   0.0000000e+00
   1.4663689e-02
   1.6997250e-02
   1.3375096e-02
   9.1883894e-03
   8.0407830e-03
   6.2569696e-03
   3.6027487e-03
   8.8446133e-04
  -4.8277722e-04
  -2.8793984e-03
  -5.4046167e-03
  -7.2628590e-03
  -8.1820628e-03
  -7.9974066e-03
  -6.3746776e-03
  -3.6564621e-03
   1.8912287e-04
   4.6794484e-03
   8.4821349e-03
   8.9673474e-03
   4.6164016e-03
   0.0000000e+00
   0.0000000e+00
  -0.0000000e+00
  -1.2260050e-02
   2.5974243e-02
   2.8564395e-02
   2.8420122e-02
   0.0000000e+00
   0.0000000e+00
   0.0000000e+00
   0.0000000e+00
   2.8650956e-03
   1.3351222e-02
   0.0000000e+00
   0.0000000e+00
   1.3531510e-02
   1.3912830e-02
   1.0409181e-02
   3.8766537e-03
   3.1589560e-05
   1.1902157e-03
   1.7209274e-03
  -2.2985204e-03
  -2.9230329e-03
  -4.9627246e-03
  -6.7533921e-03
  -8.2559525e-03
  -9.4900420e-03
  -1.0281316e-02
  -1.0359262e-02
  -1.0058820e-02
  -9.3813948e-03
  -8.5551166e-03
  -8.3881859e-03
  -9.7878650e-03
  -8.4365921e-03
   0.0000000e+00
   0.0000000e+00
  -0.0000000e+00
  -1.1570979e-02
   1.4611496e-02
   2.2346365e-02
   2.2209942e-02
   0.0000000e+00
   0.0000000e+00
   0.0000000e+00
   0.0000000e+00
  -5.3213839e-03
   2.5763498e-03
   0.0000000e+00
   0.0000000e+00
   0.0000000e+00
   9.1919070e-03
   6.5120952e-03
  -7.5332650e-04
  -4.1127428e-03
  -2.5193750e-03
   1.2361147e-03
  -2.7435843e-03
  -7.9142576e-04
  -1.8087710e-04
   5.2167906e-04
   4.6349206e-04
  -1.9105588e-04
  -1.4781570e-03
  -3.0219462e-03
  -4.7976021e-03
  -7.0136068e-03
  -9.6005155e-03
  -1.2739974e-02
  -1.7576419e-02
  -1.8598459e-02
   0.0000000e+00
   0.0000000e+00
   0.0000000e+00
  -1.1792908e-02
   8.3127562e-03
   0.0000000e+00
   0.0000000e+00
   0.0000000e+00
   0.0000000e+00
   0.0000000e+00
   0.0000000e+00
  -1.0074870e-02
  -5.3970693e-03
   0.0000000e+00
   0.0000000e+00
   0.0000000e+00
   1.0623395e-02
   2.7975453e-03
   1.7828836e-03
  -7.2820680e-03
  -7.2992155e-03
  -1.1054229e-02
  -5.7760554e-03
  -1.6667975e-03
   1.1346071e-03
   3.9368076e-03
   5.1884142e-03
   5.0344455e-03
   3.2401326e-03
   2.9325504e-04
  -3.3076363e-03
  -7.8031714e-03
  -1.2621964e-02
  -1.7229507e-02
  -2.2632881e-02
  -2.9257057e-02
  -0.0000000e+00
   0.0000000e+00
  -3.1473705e-02
  -2.1584913e-02
  -4.2015229e-03
   0.0000000e+00
   0.0000000e+00
   0.0000000e+00
   0.0000000e+00
   0.0000000e+00
   0.0000000e+00
  -0.0000000e+00
  -1.5413733e-02
   0.0000000e+00
   0.0000000e+00
   0.0000000e+00
   1.0215194e-02
   0.0000000e+00
  -0.0000000e+00
  -1.1961782e-02
  -1.3799721e-02
  -1.7208405e-02
  -1.3007074e-02
  -1.0308554e-02
  -7.0364131e-03
  -3.8102719e-03
  -2.5348419e-03
  -3.1502850e-03
  -5.4844390e-03
  -8.8309329e-03
  -1.2659158e-02
  -1.6606387e-02
  -1.9858822e-02
  -2.2996917e-02
  -2.8795183e-02
  -4.2827256e-02
  -0.0000000e+00
   0.0000000e+00
  -3.4052010e-02
  -3.3386335e-02
  -2.3298584e-02
   0.0000000e+00
   0.0000000e+00
   0.0000000e+00
   0.0000000e+00
   0.0000000e+00
   0.0000000e+00
  -0.0000000e+00
  -2.8348377e-02
   0.0000000e+00
   0.0000000e+00
   0.0000000e+00
   0.0000000e+00
   0.0000000e+00
  -0.0000000e+00
  -1.2661216e-02
  -1.6906166e-02
  -2.0568708e-02
  -2.1649450e-02
  -2.0618383e-02
  -1.7489914e-02
  -1.3440343e-02
  -1.0699357e-02
  -1.0314813e-02
  -1.2463979e-02
  -1.5959619e-02
  -1.9596241e-02
  -2.1793840e-02
  -2.1023856e-02
  -1.9401275e-02
  -2.4758505e-02
  -3.7966959e-02
  -3.5994343e-02
  -1.9070301e-02
  -3.2809332e-02
  -4.0691987e-02
  -4.1944132e-02
  -0.0000000e+00
   0.0000000e+00
   0.0000000e+00
   0.0000000e+00
   0.0000000e+00
   0.0000000e+00
  -2.9400823e-02
  -3.3886123e-02
  -4.1031649e-02
   0.0000000e+00
   0.0000000e+00
   0.0000000e+00
   0.0000000e+00
   5.6660967e-05
  -1.0589559e-02
  -1.5953660e-02
  -2.0672063e-02
  -2.5412595e-02
  -2.6509812e-02
  -2.4631191e-02
  -2.0370077e-02
  -1.5825579e-02
  -1.2960572e-02
  -1.3572663e-02
  -1.6669445e-02
  -2.0025520e-02
  -2.1853838e-02
  -1.9446746e-02
  -1.1882817e-02
  -1.1533321e-02
  -2.0390507e-02
  -1.9853020e-02
  -1.5996382e-02
  -2.6509436e-02
  -4.1682288e-02
  -5.4709055e-02
  -0.0000000e+00
   0.0000000e+00
   0.0000000e+00
   0.0000000e+00
   0.0000000e+00
   0.0000000e+00
  -2.8168518e-02
  -3.7429243e-02
  -4.1505971e-02
   0.0000000e+00
   0.0000000e+00
   0.0000000e+00
   0.0000000e+00
   1.0369477e-02
  -4.4969237e-03
  -1.3099738e-02
  -1.8514138e-02
  -2.4048999e-02
  -2.6475775e-02
  -2.6681833e-02
  -2.3776514e-02
  -1.8834544e-02
  -1.3687005e-02
  -1.1227427e-02
  -1.2614371e-02
  -1.5549378e-02
  -1.8934147e-02
  -2.0244158e-02
  -1.2670220e-02
  -0.0000000e+00
  -7.7990542e-03
  -7.7467887e-03
  -8.6140949e-03
  -1.7687378e-02
  -3.4643788e-02
  -5.9965469e-02
  -0.0000000e+00
   0.0000000e+00
   0.0000000e+00
   0.0000000e+00
   0.0000000e+00
   0.0000000e+00
  -1.8038282e-02
  -3.6620222e-02
  -0.0000000e+00
   0.0000000e+00
   0.0000000e+00
   0.0000000e+00
   0.0000000e+00
   1.8847944e-02
   2.5494474e-03
  -8.1152655e-03
  -1.3475647e-02
  -1.8397287e-02
  -2.2062650e-02
  -2.4055766e-02
  -2.2939458e-02
  -1.9247727e-02
  -1.3930799e-02
  -9.2985574e-03
  -8.2113771e-03
  -1.0062838e-02
  -1.4428357e-02
  -1.9354356e-02
  -2.1847285e-02
   0.0000000e+00
  -8.9572818e-04
  -1.0304751e-03
  -2.9153628e-03
  -9.3281018e-03
  -2.2687724e-02
  -5.0840236e-02
  -0.0000000e+00
   0.0000000e+00
   0.0000000e+00
   0.0000000e+00
   0.0000000e+00
   0.0000000e+00
  -1.1130889e-02
  -2.7747196e-02
   0.0000000e+00
   0.0000000e+00
   0.0000000e+00
   0.0000000e+00
   0.0000000e+00
   2.0204831e-02
   8.7158605e-03
  -2.3480970e-03
  -7.5558852e-03
  -1.2363409e-02
  -1.6314100e-02
  -1.9019455e-02
  -1.8862659e-02
  -1.6152445e-02
  -1.1841470e-02
  -7.3965853e-03
  -5.1542576e-03
  -6.0483678e-03
  -1.0798717e-02
  -1.8193116e-02
  -2.1167955e-02
   1.4842834e-02
   5.6520338e-03
   2.0240939e-03
   6.1097025e-04
  -4.0283748e-03
  -1.3350667e-02
  -3.6602147e-02
  -5.1596597e-02
   0.0000000e+00
   0.0000000e+00
   0.0000000e+00
  -2.4029744e-02
   9.4389491e-04
  -6.6110496e-03
  -1.5318280e-02
  -4.2713927e-02
   0.0000000e+00
   0.0000000e+00
   0.0000000e+00
   0.0000000e+00
   0.0000000e+00
   1.4291838e-02
   5.3391292e-03
   8.8136080e-05
  -5.0306975e-03
  -9.0438024e-03
  -1.1960079e-02
  -1.2400236e-02
  -1.0157405e-02
  -6.5488817e-03
  -3.1330621e-03
  -1.1872718e-03
  -1.8070137e-03
  -7.3627066e-03
  -1.8109659e-02
  -0.0000000e+00
   1.8845708e-02
   9.6910407e-03
   4.7904992e-03
   5.8273186e-03
   1.5477050e-03
  -5.0225261e-03
  -1.8841862e-02
  -3.2684678e-02
   0.0000000e+00
   0.0000000e+00
  -1.1776099e-02
  -1.2093935e-02
  -3.5242950e-03
  -3.5126416e-03
  -1.5241318e-02
  -0.0000000e+00
   0.0000000e+00
   0.0000000e+00
   0.0000000e+00
   0.0000000e+00
   0.0000000e+00
   1.1572680e-02
   1.1336483e-02
   7.7454126e-03
   2.4955594e-03
  -1.8092126e-03
  -4.4863196e-03
  -4.8493734e-03
  -2.6509920e-03
   8.2541793e-04
   3.2487425e-03
   3.8957279e-03
   2.3518088e-03
  -4.4954875e-03
  -1.6885790e-02
   0.0000000e+00
   0.0000000e+00
   1.4014177e-02
   9.6432503e-03
   1.2052314e-02
   7.6293857e-03
   1.8616710e-03
  -7.7322363e-03
  -1.9751610e-02
  -9.6694194e-03
  -5.9589390e-03
  -7.6866759e-03
  -6.0176179e-03
  -4.9337740e-03
  -4.8253381e-03
  -9.3916687e-03
   0.0000000e+00
   0.0000000e+00
   0.0000000e+00
   0.0000000e+00
  -0.0000000e+00
   2.5976534e-04
   4.4309399e-03
   1.1365731e-02
   1.1108954e-02
   7.5017209e-03
   4.3760142e-03
   2.9207093e-03
   3.5055464e-03
   5.7767183e-03
   9.4847884e-03
   1.1622447e-02
   1.0617922e-02
   6.9284285e-03
  -2.4539484e-03
  -1.4024025e-02
   0.0000000e+00
   0.0000000e+00
   0.0000000e+00
   0.0000000e+00
   1.6653161e-02
   1.3388575e-02
   8.6920196e-03
   1.4104343e-03
  -9.1503861e-03
  -0.0000000e+00
  -0.0000000e+00
  -0.0000000e+00
  -2.4993274e-03
  -3.9690891e-03
  -2.2917227e-03
  -5.4495772e-03
  -0.0000000e+00
   0.0000000e+00
   0.0000000e+00
   0.0000000e+00
   0.0000000e+00
  -9.7643747e-04
  -5.2351347e-04
   5.2324327e-03
   6.8381489e-03
   7.4633509e-03
   7.7424529e-03
   8.4749591e-03
   1.0315430e-02
   1.2281548e-02
   1.5790982e-02
   1.8145159e-02
   1.6211452e-02
   1.0630665e-02
  -2.1479004e-03
  -1.0519596e-02
   0.0000000e+00
   0.0000000e+00
   0.0000000e+00
   0.0000000e+00
   1.5488992e-02
   1.5866172e-02
   1.3637875e-02
   9.1839088e-03
   1.0586639e-03
   0.0000000e+00
   0.0000000e+00
   0.0000000e+00
  -2.3135953e-03
  -3.6749560e-03
  -4.1822891e-04
   0.0000000e+00
   0.0000000e+00
   0.0000000e+00
   0.0000000e+00
   0.0000000e+00
   0.0000000e+00
  -0.0000000e+00
  -0.0000000e+00
   1.9042282e-03
   2.3270382e-03
   6.3622915e-03
   8.9184344e-03
   1.1036035e-02
   1.3462042e-02
   1.5227135e-02
   1.7760811e-02
   1.9475695e-02
   1.7045530e-02
   1.0810539e-02
  -3.4387242e-03
  -0.0000000e+00
   0.0000000e+00
   0.0000000e+00
   0.0000000e+00
   0.0000000e+00
   0.0000000e+00
   1.2127800e-02
   1.3108121e-02
   1.2266044e-02
   1.0254469e-02
   7.4439307e-03
   0.0000000e+00
   0.0000000e+00
  -0.0000000e+00
  -0.0000000e+00
  -0.0000000e+00
   0.0000000e+00
   0.0000000e+00
   0.0000000e+00
   0.0000000e+00
   0.0000000e+00
   0.0000000e+00
   0.0000000e+00
   0.0000000e+00
  -5.6963437e-03
  -3.7081693e-03
   2.0780843e-03
   6.0430246e-03
   9.1074314e-03
   1.2191282e-02
   1.3873397e-02
   1.5585601e-02
   1.6389649e-02
   1.3549641e-02
   8.2059717e-03
  -3.0140762e-03
  -0.0000000e+00
   0.0000000e+00
   0.0000000e+00
   0.0000000e+00
   0.0000000e+00
   0.0000000e+00
   0.0000000e+00
   6.7380602e-03
   9.2265606e-03
   1.0986121e-02
   1.1330046e-02
   0.0000000e+00
   0.0000000e+00
   0.0000000e+00
   0.0000000e+00
  -0.0000000e+00
   0.0000000e+00
   0.0000000e+00
   0.0000000e+00
   0.0000000e+00
   0.0000000e+00
   0.0000000e+00
   0.0000000e+00
   0.0000000e+00
  -1.9739096e-02
  -1.3781657e-02
  -6.0740055e-03
  -1.0338584e-03
   3.3415205e-03
   7.9631833e-03
   9.5857820e-03
   1.0307132e-02
   1.0726921e-02
   7.8428006e-03
   3.8922695e-03
  -8.5425553e-04
   0.0000000e+00
   0.0000000e+00
   0.0000000e+00
   0.0000000e+00
   0.0000000e+00
   0.0000000e+00
   0.0000000e+00
  -2.4794003e-03
   3.2359064e-03
   5.7625212e-03
   9.9893616e-03
   0.0000000e+00
   0.0000000e+00
   0.0000000e+00
   0.0000000e+00
   0.0000000e+00
   0.0000000e+00
   0.0000000e+00
   0.0000000e+00
   0.0000000e+00
   0.0000000e+00
   0.0000000e+00
   0.0000000e+00
   0.0000000e+00
  -2.7125280e-02
  -2.0748371e-02
  -1.3895273e-02
  -1.0609751e-02
  -4.8147910e-03
   1.0491050e-03
   3.6013404e-03
   4.0469207e-03
   3.5938958e-03
   1.4182787e-03
  -1.0330506e-03
  -6.4548411e-04
   0.0000000e+00
   0.0000000e+00
   0.0000000e+00
   0.0000000e+00
   0.0000000e+00
   0.0000000e+00
  -0.0000000e+00
  -1.3470999e-02
  -0.0000000e+00
   2.8686210e-05
   3.1737353e-03
   0.0000000e+00
   0.0000000e+00
   0.0000000e+00
   0.0000000e+00
   0.0000000e+00
   0.0000000e+00
   0.0000000e+00
   0.0000000e+00
   0.0000000e+00
   0.0000000e+00
   0.0000000e+00
   0.0000000e+00
   0.0000000e+00
  -0.0000000e+00
  -0.0000000e+00
  -0.0000000e+00
  -0.0000000e+00
  -1.1482858e-02
  -6.5735965e-03
  -3.3656182e-03
  -2.5385278e-03
  -3.8018385e-03
  -0.0000000e+00
  -0.0000000e+00
  -0.0000000e+00
   0.0000000e+00
   0.0000000e+00
   0.0000000e+00
  -0.0000000e+00
  -0.0000000e+00
   0.0000000e+00
  -0.0000000e+00
  -1.7456493e-02
   0.0000000e+00
  -0.0000000e+00
  -0.0000000e+00
   0.0000000e+00
   0.0000000e+00
   0.0000000e+00
   0.0000000e+00
   0.0000000e+00
   0.0000000e+00
   0.0000000e+00
   0.0000000e+00
   0.0000000e+00
   0.0000000e+00
   0.0000000e+00
   0.0000000e+00
  -0.0000000e+00
  -0.0000000e+00
  -0.0000000e+00
   0.0000000e+00
  -0.0000000e+00
  -0.0000000e+00
  -0.0000000e+00
  -5.6878427e-03
  -0.0000000e+00
  -0.0000000e+00
   0.0000000e+00
   0.0000000e+00
   0.0000000e+00
   0.0000000e+00
   0.0000000e+00
   0.0000000e+00
   0.0000000e+00
   0.0000000e+00
   0.0000000e+00
  -0.0000000e+00
  -1.3085444e-02
   0.0000000e+00
   0.0000000e+00
   0.0000000e+00
   0.0000000e+00
   0.0000000e+00
   0.0000000e+00
   0.0000000e+00
   0.0000000e+00
   0.0000000e+00
   0.0000000e+00
   0.0000000e+00
   0.0000000e+00
   0.0000000e+00
