  -0.0000000e+00
  -1.3125656e-02
   0.0000000e+00
  -0.0000000e+00
  -1.4834653e-02
   0.0000000e+00
  -0.0000000e+00
  -1.5782202e-02
  -1.6808716e-02
  -1.7653287e-02
  -1.7968656e-02
  -2.2056406e-02
  -0.0000000e+00
  -1.8261949e-02
  -1.8461188e-02
  -1.7937491e-02
  -1.6907219e-02
  -1.7592572e-02
  -0.0000000e+00
  -1.8325930e-02
  -1.7299188e-02
  -1.7608603e-02
  -1.5454633e-02
  -1.5950013e-02
   0.0000000e+00
   0.0000000e+00
   0.0000000e+00
   0.0000000e+00
   0.0000000e+00
   0.0000000e+00
   0.0000000e+00
  -0.0000000e+00
  -0.0000000e+00
   0.0000000e+00
   0.0000000e+00
  -0.0000000e+00
  -2.5862278e-02
  -2.1901607e-02
  -2.0990197e-02
  -1.9817103e-02
  -2.1303207e-02
  -2.1860954e-02
  -2.1015829e-02
  -2.1525864e-02
  -2.0909499e-02
  -2.0038646e-02
  -1.9926853e-02
  -2.1279652e-02
  -2.0773977e-02
  -1.9077919e-02
  -1.7372476e-02
  -1.6754726e-02
  -1.6656663e-02
  -1.7479111e-02
  -1.5251817e-02
  -1.6939964e-02
  -1.4832713e-02
  -1.3502913e-02
  -1.3618563e-02
  -1.5211672e-02
  -1.7885570e-02
  -2.0001883e-02
  -2.1178879e-02
  -2.0153049e-02
  -1.8912769e-02
  -1.6769768e-02
  -1.8117593e-02
  -1.8951363e-02
  -2.1062459e-02
  -2.4879932e-02
  -3.1188188e-02
  -3.0170094e-02
  -2.0853093e-02
  -1.0715267e-02
  -1.1906063e-02
  -1.1141572e-02
  -0.0000000e+00
  -9.4289111e-03
  -1.0220383e-02
  -9.2880382e-03
  -9.3881748e-03
  -5.0302851e-03
  -6.6803501e-04
   2.2717984e-03
   2.6658729e-03
   4.6104211e-03
   6.5040574e-03
   6.8674372e-03
   4.8003178e-03
   1.7165744e-03
  -2.9717698e-03
  -4.1130878e-03
   2.2628112e-03
   5.0345962e-03
   4.2928983e-03
   6.7234499e-04
  -4.2608143e-03
  -6.7876084e-03
  -6.5285694e-03
  -3.5423250e-03
  -4.8894796e-04
   9.2263636e-04
  -1.7266895e-05
  -3.3578046e-03
  -6.7828652e-03
  -8.8627497e-03
  -9.2950445e-03
  -1.9676564e-02
   0.0000000e+00
   0.0000000e+00
   0.0000000e+00
   0.0000000e+00
   0.0000000e+00
   0.0000000e+00
   9.9191256e-03
   1.4479533e-02
   2.4940491e-03
   1.5419741e-02
   2.1548793e-02
   2.9190969e-02
   3.3051182e-02
   3.4993377e-02
   3.8294256e-02
   4.0424228e-02
   4.0318277e-02
   3.9932929e-02
   3.8562367e-02
   0.0000000e+00
   2.9959425e-02
   3.3082787e-02
   3.2927688e-02
   2.9381320e-02
   2.5164034e-02
   2.3127329e-02
   2.4154160e-02
   2.7232883e-02
   2.8097535e-02
   2.7176013e-02
   2.4854828e-02
   2.2076117e-02
   2.1292847e-02
   2.3856185e-02
   2.8221708e-02
   2.6321311e-02
   0.0000000e+00
   0.0000000e+00
   0.0000000e+00
   0.0000000e+00
   0.0000000e+00
   2.5474107e-02
   2.8854156e-02
   3.6266492e-02
   4.6492994e-02
   4.3547586e-02
   4.2816930e-02
   4.6917755e-02
   5.2078228e-02
   5.4665525e-02
   5.8435712e-02
   6.2848091e-02
   6.5719739e-02
   6.7750081e-02
   6.6601147e-02
   0.0000000e+00
   4.5552238e-02
   5.2016787e-02
   5.5723205e-02
   5.6418970e-02
   5.6510866e-02
   5.5882365e-02
   5.7182841e-02
   5.5541001e-02
   5.1415242e-02
   4.8966784e-02
   4.7668844e-02
   4.6758410e-02
   4.9388520e-02
   5.5118848e-02
   5.9649002e-02
   5.6954917e-02
   6.9295941e-02
   0.0000000e+00
   0.0000000e+00
   0.0000000e+00
   0.0000000e+00
   4.1092085e-02
   4.3401914e-02
   4.8850974e-02
   5.4701335e-02
   5.7112764e-02
   5.5184159e-02
   5.3215958e-02
   5.4192762e-02
   5.5109884e-02
   5.7963855e-02
   6.3812573e-02
   6.9579848e-02
   7.2890271e-02
   7.1865782e-02
   0.0000000e+00
   0.0000000e+00
   5.0263207e-02
   6.0833413e-02
   6.8367053e-02
   7.3744003e-02
   7.4436361e-02
   7.1266778e-02
   6.0087834e-02
   5.3521114e-02
   5.5470336e-02
   5.7112053e-02
   5.7891186e-02
   6.2535170e-02
   6.8786700e-02
   7.2528341e-02
   7.2498766e-02
   6.4803367e-02
   0.0000000e+00
   0.0000000e+00
   0.0000000e+00
   5.7536415e-02
   5.8926925e-02
   5.7466477e-02
   5.6328215e-02
   5.6894492e-02
   5.6009982e-02
   5.1754326e-02
   4.6743959e-02
   4.3167427e-02
   4.2722385e-02
   4.5045942e-02
   5.0370079e-02
   5.6410566e-02
   6.0038961e-02
   5.5370652e-02
   4.5062305e-02
   0.0000000e+00
   3.1897098e-02
   4.7884844e-02
   6.1982829e-02
   7.0748352e-02
   6.8809015e-02
   0.0000000e+00
   0.0000000e+00
   3.5061952e-02
   4.3028831e-02
   4.8328791e-02
   5.1154640e-02
   5.6681715e-02
   6.1903901e-02
   6.4968899e-02
   6.6004947e-02
   4.4624483e-02
   4.7596029e-02
   4.9328865e-02
   5.0860770e-02
   5.5341267e-02
   5.7856672e-02
   5.3965241e-02
   4.8577407e-02
   4.4298820e-02
   3.9377715e-02
   3.4146133e-02
   2.9027740e-02
   2.4737101e-02
   2.3563554e-02
   2.5653087e-02
   2.9745754e-02
   3.3845208e-02
   3.5606217e-02
   2.9696822e-02
   2.4456564e-02
   0.0000000e+00
   1.1493771e-02
   2.1690401e-02
   3.7960093e-02
   4.7026481e-02
   4.1774950e-02
   0.0000000e+00
   0.0000000e+00
   0.0000000e+00
   2.1832776e-02
   3.1533629e-02
   3.5554159e-02
   3.9126392e-02
   4.1024588e-02
   4.1453550e-02
   4.1899931e-02
   2.0304702e-02
   2.7742261e-02
   3.2377140e-02
   0.0000000e+00
   3.5594806e-02
   3.7246302e-02
   3.3568256e-02
   2.8494261e-02
   2.3656920e-02
   1.8812409e-02
   1.4486216e-02
   1.0676590e-02
   7.5998986e-03
   6.7133550e-03
   8.6721871e-03
   1.1777223e-02
   1.3659821e-02
   1.3005204e-02
   7.9295756e-03
   5.8518359e-03
   0.0000000e+00
  -0.0000000e+00
  -1.1274527e-03
   1.6348127e-02
   2.2597767e-02
   1.5996138e-02
   0.0000000e+00
   0.0000000e+00
  -0.0000000e+00
   1.1862589e-02
   1.6319197e-02
   1.9945815e-02
   2.0359844e-02
   1.9034719e-02
   1.7465200e-02
   1.7054090e-02
  -7.5918380e-03
  -2.3005519e-03
   2.1537691e-03
   5.0835970e-03
   6.6806120e-03
   5.6143077e-03
   2.9954463e-03
  -1.1665293e-04
  -3.0857343e-03
  -5.7376218e-03
  -7.8345938e-03
  -9.8516503e-03
  -1.0793935e-02
  -1.0611661e-02
  -9.3503520e-03
  -8.1090368e-03
  -8.6927526e-03
  -1.2000556e-02
  -1.3280699e-02
  -7.9254080e-03
   0.0000000e+00
   0.0000000e+00
  -1.6244596e-02
  -3.4180987e-03
  -3.4931467e-03
  -8.9024282e-03
   0.0000000e+00
   0.0000000e+00
  -0.0000000e+00
   0.0000000e+00
  -1.1244863e-03
  -1.6775099e-03
  -3.2161286e-03
  -6.2286854e-03
  -9.0886094e-03
  -9.9886488e-03
  -2.4923116e-02
  -2.0850914e-02
  -1.4434943e-02
  -9.6150441e-03
  -1.4047559e-02
  -1.5403989e-02
  -1.6653908e-02
  -1.8397827e-02
  -1.9540614e-02
  -2.0231722e-02
  -2.0512704e-02
  -2.0717334e-02
  -2.0189345e-02
  -1.9525306e-02
  -1.9362491e-02
  -2.0771150e-02
  -2.3876827e-02
  -2.9152131e-02
  -2.6519636e-02
  -1.5121417e-02
   0.0000000e+00
   0.0000000e+00
  -0.0000000e+00
  -1.6649988e-02
  -2.1658435e-02
  -2.5902525e-02
   0.0000000e+00
   0.0000000e+00
  -0.0000000e+00
  -1.0881856e-02
  -1.4805331e-02
  -1.8044936e-02
  -1.9090706e-02
  -2.1625124e-02
  -2.4973992e-02
  -2.6518211e-02
  -3.7043847e-02
  -3.3947036e-02
  -2.8593583e-02
  -2.5577260e-02
  -2.8475801e-02
  -2.9716684e-02
  -3.0158341e-02
  -3.0283928e-02
  -2.9549573e-02
  -2.8216187e-02
  -2.6289349e-02
  -2.4205832e-02
  -2.3038870e-02
  -2.3687705e-02
  -2.6387624e-02
  -3.1712525e-02
  -3.7824776e-02
  -4.3985337e-02
  -3.9253150e-02
  -2.4867273e-02
   0.0000000e+00
   0.0000000e+00
  -0.0000000e+00
  -3.0759929e-02
  -3.6789443e-02
  -2.8721316e-02
   0.0000000e+00
   0.0000000e+00
  -0.0000000e+00
  -2.5138988e-02
  -2.7833991e-02
  -3.1976260e-02
  -3.2306869e-02
  -3.2290678e-02
  -3.5106461e-02
  -3.7669584e-02
  -4.1055717e-02
  -3.7860878e-02
  -3.2724205e-02
  -3.0501135e-02
  -3.2076906e-02
  -3.3482324e-02
  -3.3954091e-02
  -3.2977998e-02
  -3.0614784e-02
  -2.7047833e-02
  -2.3301812e-02
  -2.1103099e-02
  -2.2138093e-02
  -2.6142532e-02
  -3.2540634e-02
  -4.0126812e-02
  -4.6638045e-02
  -5.0894454e-02
  -4.3341438e-02
   0.0000000e+00
   0.0000000e+00
   0.0000000e+00
  -0.0000000e+00
  -4.2343616e-02
  -4.3088488e-02
  -1.9801768e-02
   0.0000000e+00
   0.0000000e+00
  -0.0000000e+00
  -3.2820955e-02
  -3.3176038e-02
  -3.7934061e-02
  -3.9737538e-02
  -3.6995437e-02
  -3.8153481e-02
  -4.1016463e-02
  -3.9438605e-02
  -3.5040215e-02
  -3.0164171e-02
  -2.7745612e-02
  -2.7529677e-02
  -2.8453240e-02
  -2.9308835e-02
  -2.8282493e-02
  -2.5096253e-02
  -2.0979537e-02
  -1.8512113e-02
  -1.9489899e-02
  -2.4659416e-02
  -3.1642776e-02
  -3.9324097e-02
  -4.5592092e-02
  -4.8750274e-02
  -4.7387268e-02
  -3.5562728e-02
   0.0000000e+00
   0.0000000e+00
   0.0000000e+00
  -0.0000000e+00
  -4.5454820e-02
  -4.0905986e-02
  -1.4779488e-02
   0.0000000e+00
   0.0000000e+00
  -0.0000000e+00
  -3.7637573e-02
  -3.4801494e-02
  -3.9487321e-02
  -4.3519460e-02
  -3.8777117e-02
  -3.7627771e-02
  -3.9616130e-02
  -3.3674348e-02
  -2.7600149e-02
  -2.1875123e-02
  -1.8684339e-02
  -1.7130565e-02
  -1.6970225e-02
  -1.8512087e-02
  -1.8760370e-02
  -1.7574830e-02
  -1.6882885e-02
  -1.8560899e-02
  -2.3259198e-02
  -3.0871613e-02
  -3.8394712e-02
  -4.4244137e-02
  -4.6388853e-02
  -4.2932902e-02
  -3.0514143e-02
  -8.1477594e-03
   0.0000000e+00
   0.0000000e+00
   0.0000000e+00
   0.0000000e+00
  -0.0000000e+00
  -3.0681595e-02
  -1.2001021e-02
   0.0000000e+00
   0.0000000e+00
  -0.0000000e+00
  -4.1167828e-02
  -3.1702332e-02
  -2.8506452e-02
  -0.0000000e+00
  -3.9680794e-02
  -3.5140146e-02
  -3.4944717e-02
  -2.5864797e-02
  -1.8873004e-02
  -1.1754383e-02
  -8.0150021e-03
  -6.9864299e-03
  -7.2913049e-03
  -1.0202256e-02
  -1.3057773e-02
  -1.5862653e-02
  -1.9490099e-02
  -2.4138955e-02
  -2.9792367e-02
  -3.6036894e-02
  -4.0733848e-02
  -4.2385235e-02
  -3.9019246e-02
  -2.8785395e-02
  -8.9552319e-03
   1.1441176e-02
   0.0000000e+00
   0.0000000e+00
   0.0000000e+00
   0.0000000e+00
  -0.0000000e+00
  -1.6738245e-02
   8.3685957e-04
   0.0000000e+00
   0.0000000e+00
   0.0000000e+00
  -0.0000000e+00
  -2.2125116e-02
  -1.0207463e-02
   0.0000000e+00
  -0.0000000e+00
  -3.0718196e-02
  -2.7644638e-02
  -1.9422906e-02
  -1.2510646e-02
  -4.7243554e-03
  -1.3953833e-03
  -2.5985106e-03
  -4.0616072e-03
  -8.9738006e-03
  -1.4769839e-02
  -2.0933423e-02
  -2.7055793e-02
  -3.2648526e-02
  -3.7564106e-02
  -4.1169457e-02
  -4.2105086e-02
  -3.9346565e-02
  -3.1135717e-02
  -1.7380787e-02
   1.1975167e-03
   1.4870668e-02
   0.0000000e+00
   0.0000000e+00
  -0.0000000e+00
  -1.9131788e-02
  -1.4751542e-02
  -2.7535658e-03
   1.3234608e-02
   0.0000000e+00
   0.0000000e+00
   0.0000000e+00
  -0.0000000e+00
  -1.3516176e-02
   1.2428130e-03
   0.0000000e+00
  -0.0000000e+00
  -2.5945748e-02
  -2.0662528e-02
  -1.7468877e-02
  -1.0421809e-02
  -2.3303751e-03
   1.6458964e-03
  -4.4370139e-03
  -5.3685697e-03
  -1.1372938e-02
  -1.8709955e-02
  -2.6296732e-02
  -3.3290494e-02
  -3.8839369e-02
  -4.2641821e-02
  -4.4269497e-02
  -4.2911685e-02
  -3.8032903e-02
  -2.8965038e-02
  -1.7576398e-02
  -4.2734374e-03
   8.2999169e-03
   0.0000000e+00
   0.0000000e+00
  -0.0000000e+00
  -1.7300598e-02
  -2.7632731e-03
   6.6678355e-03
   1.7424632e-02
   0.0000000e+00
   0.0000000e+00
   0.0000000e+00
   0.0000000e+00
  -9.2003381e-03
   7.2309888e-03
   0.0000000e+00
   0.0000000e+00
  -0.0000000e+00
  -1.5575590e-02
  -1.3800344e-02
  -1.4046019e-02
  -6.2444203e-03
  -1.5905311e-03
  -9.1811184e-03
  -8.8638820e-03
  -1.2801163e-02
  -1.8705707e-02
  -2.5720599e-02
  -3.2957010e-02
  -3.8878436e-02
  -4.2816109e-02
  -4.4506191e-02
  -4.3645973e-02
  -4.0308210e-02
  -3.4920897e-02
  -2.9507065e-02
  -2.3548090e-02
  -1.0575814e-02
   0.0000000e+00
   0.0000000e+00
  -0.0000000e+00
  -1.2092988e-02
   8.3301801e-03
   0.0000000e+00
   0.0000000e+00
   0.0000000e+00
   0.0000000e+00
   0.0000000e+00
   0.0000000e+00
  -9.6532628e-03
   9.9444553e-03
   0.0000000e+00
   0.0000000e+00
  -0.0000000e+00
  -1.2324531e-02
  -1.2668600e-02
  -1.5846997e-02
  -1.4294720e-02
  -1.0753198e-02
  -1.7432854e-02
  -1.6388211e-02
  -1.7239384e-02
  -1.9916978e-02
  -2.4634300e-02
  -3.1386744e-02
  -3.8625665e-02
  -4.5177657e-02
  -5.0381981e-02
  -5.3381458e-02
  -5.4142248e-02
  -5.2724063e-02
  -5.0143864e-02
  -4.8250552e-02
  -3.3399453e-02
   0.0000000e+00
  -0.0000000e+00
  -4.0508777e-02
  -1.4126084e-02
   6.4883372e-03
   0.0000000e+00
   0.0000000e+00
   0.0000000e+00
   0.0000000e+00
   0.0000000e+00
   0.0000000e+00
  -0.0000000e+00
  -7.8120958e-03
   0.0000000e+00
   0.0000000e+00
  -0.0000000e+00
  -5.4468513e-03
  -0.0000000e+00
  -0.0000000e+00
  -2.4513081e-02
  -2.5285153e-02
  -2.4966610e-02
  -2.9774219e-02
  -2.9316571e-02
  -2.9229935e-02
  -3.1453937e-02
  -3.7250530e-02
  -4.5304187e-02
  -5.3750381e-02
  -6.1276916e-02
  -6.5964095e-02
  -6.7349277e-02
  -6.5949030e-02
  -6.5194666e-02
  -6.8668589e-02
  -7.3815400e-02
   0.0000000e+00
  -0.0000000e+00
  -5.1951531e-02
  -2.4982387e-02
  -3.2678535e-03
   0.0000000e+00
   0.0000000e+00
   0.0000000e+00
   0.0000000e+00
   0.0000000e+00
   0.0000000e+00
  -0.0000000e+00
  -1.9167379e-02
   0.0000000e+00
   0.0000000e+00
   0.0000000e+00
  -0.0000000e+00
  -0.0000000e+00
  -0.0000000e+00
  -3.3425502e-02
  -3.7844643e-02
  -4.3690402e-02
  -4.6150986e-02
  -4.5357671e-02
  -4.3387230e-02
  -4.3119486e-02
  -4.6818495e-02
  -5.4328762e-02
  -6.2826686e-02
  -6.9394805e-02
  -7.0943445e-02
  -6.6595212e-02
  -5.8318466e-02
  -5.8886811e-02
  -6.8900570e-02
  -9.1227001e-02
  -9.5270096e-02
  -7.0689345e-02
  -5.9821788e-02
  -3.9376471e-02
  -8.9967366e-03
   0.0000000e+00
   0.0000000e+00
   0.0000000e+00
   0.0000000e+00
   0.0000000e+00
   0.0000000e+00
  -3.8877871e-02
  -2.4269773e-02
  -6.8023168e-03
   0.0000000e+00
   0.0000000e+00
   0.0000000e+00
  -0.0000000e+00
  -2.9016690e-02
  -3.6170021e-02
  -4.3465748e-02
  -5.1158253e-02
  -5.5493727e-02
  -5.5543616e-02
  -5.3123575e-02
  -5.0750300e-02
  -5.0761919e-02
  -5.4640189e-02
  -6.0281146e-02
  -6.4151019e-02
  -6.3008174e-02
  -5.4926418e-02
  -3.8799342e-02
  -3.3399258e-02
  -5.5315869e-02
  -6.6180043e-02
  -7.0056684e-02
  -6.1335810e-02
  -5.8363162e-02
  -5.0840102e-02
  -2.4047863e-02
   0.0000000e+00
   0.0000000e+00
   0.0000000e+00
   0.0000000e+00
   0.0000000e+00
  -0.0000000e+00
  -4.5184359e-02
  -2.8510933e-02
  -6.8023167e-03
   0.0000000e+00
   0.0000000e+00
   0.0000000e+00
  -0.0000000e+00
  -2.5318226e-02
  -3.2830086e-02
  -4.2811234e-02
  -5.1575102e-02
  -5.5483297e-02
  -5.6983992e-02
  -5.5322126e-02
  -5.2296072e-02
  -4.9611725e-02
  -4.9318068e-02
  -5.0700188e-02
  -5.2255761e-02
  -5.0772667e-02
  -4.2819194e-02
  -2.4165653e-02
  -9.5076964e-03
  -0.0000000e+00
  -4.2293802e-02
  -4.5250606e-02
  -4.4777852e-02
  -4.8636258e-02
  -5.3763114e-02
  -5.1616460e-02
   0.0000000e+00
   0.0000000e+00
   0.0000000e+00
   0.0000000e+00
   0.0000000e+00
  -0.0000000e+00
  -4.4616234e-02
  -3.2903459e-02
   0.0000000e+00
   0.0000000e+00
   0.0000000e+00
   0.0000000e+00
  -0.0000000e+00
  -1.5801634e-02
  -2.4862776e-02
  -3.5966281e-02
  -4.3476738e-02
  -4.7490057e-02
  -4.9601052e-02
  -4.8379373e-02
  -4.5243818e-02
  -4.1959733e-02
  -3.9618291e-02
  -3.7859917e-02
  -3.7482236e-02
  -3.5673030e-02
  -2.8076606e-02
  -9.8442482e-03
   1.3845925e-04
  -0.0000000e+00
  -2.0917647e-02
  -2.3414908e-02
  -2.6696377e-02
  -3.3445138e-02
  -4.5011062e-02
  -5.3176122e-02
   0.0000000e+00
   0.0000000e+00
   0.0000000e+00
  -0.0000000e+00
  -0.0000000e+00
  -0.0000000e+00
  -3.7971470e-02
  -3.0166331e-02
  -1.7724201e-02
   0.0000000e+00
   0.0000000e+00
   0.0000000e+00
   0.0000000e+00
  -5.3776811e-03
  -1.2424338e-02
  -2.1682484e-02
  -2.7507212e-02
  -3.0822348e-02
  -3.1725500e-02
  -3.0123087e-02
  -2.7286442e-02
  -2.4767825e-02
  -2.2883041e-02
  -2.1447411e-02
  -2.0540062e-02
  -1.8372441e-02
  -1.1438868e-02
   6.0268923e-03
   4.2456556e-03
  -8.9986548e-03
  -1.6120850e-04
  -2.9169118e-03
  -8.6144796e-03
  -1.6171664e-02
  -2.7577940e-02
  -4.0442370e-02
   0.0000000e+00
   0.0000000e+00
  -0.0000000e+00
  -3.3567405e-02
  -3.2762196e-02
  -2.3554536e-02
  -2.5279029e-02
  -2.1401743e-02
  -1.7724202e-02
   0.0000000e+00
   0.0000000e+00
   0.0000000e+00
   0.0000000e+00
   0.0000000e+00
   3.2181256e-03
  -2.3490535e-03
  -6.5654148e-03
  -8.1792232e-03
  -7.0842896e-03
  -5.2691572e-03
  -3.3475677e-03
  -2.2106923e-03
  -2.4324656e-03
  -3.3525145e-03
  -3.3963895e-03
  -1.4335798e-03
   4.7793742e-03
   1.4735565e-02
   0.0000000e+00
   9.2400741e-03
   2.0574706e-02
   1.6478607e-02
   7.9657137e-03
   1.9784202e-06
  -9.4091780e-03
  -2.2441292e-02
  -2.3431143e-02
   0.0000000e+00
  -0.0000000e+00
  -1.7143045e-02
  -2.0439183e-02
  -1.1220514e-02
  -8.7653352e-03
  -8.0605918e-03
   0.0000000e+00
   0.0000000e+00
   0.0000000e+00
   0.0000000e+00
   0.0000000e+00
   0.0000000e+00
   2.5119994e-02
   2.4949156e-02
   2.4993083e-02
   2.7200576e-02
   3.0429328e-02
   3.2214552e-02
   3.2102946e-02
   3.0419432e-02
   2.6717192e-02
   2.1919968e-02
   1.9232165e-02
   1.9657334e-02
   2.4684757e-02
   2.9431452e-02
   0.0000000e+00
   0.0000000e+00
   3.9582519e-02
   3.7286240e-02
   2.7827434e-02
   2.0505732e-02
   1.3850491e-02
   4.6143550e-03
  -2.8753609e-03
  -5.3764867e-04
   9.0533637e-03
   0.0000000e+00
   5.2955576e-03
   1.1904075e-02
   1.5163625e-02
   2.3388642e-02
   0.0000000e+00
   0.0000000e+00
   0.0000000e+00
   0.0000000e+00
   0.0000000e+00
   3.2791103e-02
   3.7327517e-02
   3.9712150e-02
   4.5873826e-02
   5.2934580e-02
   5.7491191e-02
   5.8317978e-02
   5.5614389e-02
   5.1175911e-02
   4.5424091e-02
   3.9013367e-02
   3.4646060e-02
   3.2874048e-02
   3.5521723e-02
   3.6006672e-02
   0.0000000e+00
   0.0000000e+00
   0.0000000e+00
   0.0000000e+00
   3.9672155e-02
   3.5823334e-02
   3.2215398e-02
   2.5760930e-02
   1.9182582e-02
   0.0000000e+00
   0.0000000e+00
   0.0000000e+00
   2.0750450e-02
   2.5284653e-02
   2.6018092e-02
   3.1767983e-02
   0.0000000e+00
   0.0000000e+00
   0.0000000e+00
   0.0000000e+00
   0.0000000e+00
   3.7388987e-02
   3.6851646e-02
   4.5142617e-02
   5.9796095e-02
   6.9627196e-02
   7.3069073e-02
   7.0825890e-02
   6.5234683e-02
   5.8006164e-02
   5.0651159e-02
   4.4762500e-02
   4.0670887e-02
   3.7076790e-02
   3.6600572e-02
   0.0000000e+00
   0.0000000e+00
   0.0000000e+00
   0.0000000e+00
   0.0000000e+00
   4.4143198e-02
   4.6318922e-02
   4.8028275e-02
   4.6274252e-02
   3.9394719e-02
   0.0000000e+00
   0.0000000e+00
   0.0000000e+00
   3.0106783e-02
   0.0000000e+00
   0.0000000e+00
   0.0000000e+00
   0.0000000e+00
   0.0000000e+00
   0.0000000e+00
   0.0000000e+00
   0.0000000e+00
   0.0000000e+00
   0.0000000e+00
   4.2807974e-02
   5.7344768e-02
   6.3933387e-02
   6.4271666e-02
   5.9720181e-02
   5.2963484e-02
   4.5074768e-02
   3.8430576e-02
   3.4301426e-02
   3.1478629e-02
   2.7971025e-02
   2.5927676e-02
   0.0000000e+00
   0.0000000e+00
   0.0000000e+00
   0.0000000e+00
   0.0000000e+00
   0.0000000e+00
   4.4356916e-02
   5.0948410e-02
   5.5025410e-02
   5.1791801e-02
   4.7065703e-02
   0.0000000e+00
   0.0000000e+00
   0.0000000e+00
   0.0000000e+00
   0.0000000e+00
   0.0000000e+00
   0.0000000e+00
   0.0000000e+00
   0.0000000e+00
   0.0000000e+00
   0.0000000e+00
   0.0000000e+00
   0.0000000e+00
   2.6209953e-02
   3.5039194e-02
   3.7760596e-02
   3.7107541e-02
   3.3071730e-02
   2.6732028e-02
   2.0827192e-02
   1.7552668e-02
   1.6496738e-02
   1.6321242e-02
   1.5096231e-02
   1.0800537e-02
   0.0000000e+00
   0.0000000e+00
   0.0000000e+00
   0.0000000e+00
   0.0000000e+00
   0.0000000e+00
   0.0000000e+00
   4.3958645e-02
   5.1008036e-02
   5.2296943e-02
   3.9027076e-02
   0.0000000e+00
   0.0000000e+00
   0.0000000e+00
   0.0000000e+00
   0.0000000e+00
   0.0000000e+00
   0.0000000e+00
   0.0000000e+00
   0.0000000e+00
   0.0000000e+00
   0.0000000e+00
   0.0000000e+00
   0.0000000e+00
   2.6528123e-03
   2.1316029e-03
   1.3577922e-03
   1.0348775e-03
  -9.7435422e-04
  -3.7956187e-03
  -5.4279496e-03
  -4.9301608e-03
  -2.7016925e-03
   8.6268998e-04
   4.4579774e-03
   5.9587005e-03
   0.0000000e+00
   0.0000000e+00
   0.0000000e+00
   0.0000000e+00
   0.0000000e+00
   0.0000000e+00
   0.0000000e+00
   2.7801405e-02
   2.9264228e-02
   2.3595454e-02
   2.9557823e-02
   0.0000000e+00
   0.0000000e+00
   0.0000000e+00
   0.0000000e+00
   0.0000000e+00
   0.0000000e+00
   0.0000000e+00
   0.0000000e+00
   0.0000000e+00
   0.0000000e+00
   0.0000000e+00
   0.0000000e+00
   0.0000000e+00
  -1.4700390e-02
  -1.8789448e-02
  -1.9035212e-02
  -2.7364999e-02
  -2.8249357e-02
  -2.7471757e-02
  -2.4947328e-02
  -2.1258162e-02
  -1.5242867e-02
  -8.8969090e-03
  -4.5594354e-03
   1.2376403e-03
   0.0000000e+00
   0.0000000e+00
   0.0000000e+00
   0.0000000e+00
   0.0000000e+00
   0.0000000e+00
   0.0000000e+00
   7.8005967e-03
   0.0000000e+00
   4.9978338e-03
  -1.3103137e-04
  -0.0000000e+00
   0.0000000e+00
   0.0000000e+00
   0.0000000e+00
   0.0000000e+00
   0.0000000e+00
   0.0000000e+00
   0.0000000e+00
   0.0000000e+00
   0.0000000e+00
   0.0000000e+00
   0.0000000e+00
   0.0000000e+00
   0.0000000e+00
   0.0000000e+00
   0.0000000e+00
  -0.0000000e+00
  -3.5290764e-02
  -3.2617842e-02
  -2.9936149e-02
  -2.7920439e-02
  -2.1720751e-02
  -0.0000000e+00
   0.0000000e+00
   0.0000000e+00
   0.0000000e+00
   0.0000000e+00
   0.0000000e+00
  -0.0000000e+00
  -0.0000000e+00
   0.0000000e+00
  -0.0000000e+00
  -8.7143256e-03
   0.0000000e+00
   0.0000000e+00
  -0.0000000e+00
  -0.0000000e+00
  -0.0000000e+00
  -0.0000000e+00
  -0.0000000e+00
  -0.0000000e+00
   0.0000000e+00
   0.0000000e+00
   0.0000000e+00
   0.0000000e+00
   0.0000000e+00
  -0.0000000e+00
  -0.0000000e+00
  -0.0000000e+00
  -0.0000000e+00
  -0.0000000e+00
  -0.0000000e+00
  -0.0000000e+00
  -0.0000000e+00
  -0.0000000e+00
  -8.0185852e-03
  -0.0000000e+00
  -0.0000000e+00
  -0.0000000e+00
  -0.0000000e+00
  -0.0000000e+00
  -0.0000000e+00
  -0.0000000e+00
   0.0000000e+00
   0.0000000e+00
  -0.0000000e+00
  -0.0000000e+00
  -0.0000000e+00
  -6.0693167e-03
  -0.0000000e+00
  -0.0000000e+00
  -0.0000000e+00
  -0.0000000e+00
  -0.0000000e+00
  -0.0000000e+00
  -0.0000000e+00
  -0.0000000e+00
  -0.0000000e+00
  -0.0000000e+00
  -0.0000000e+00
  -0.0000000e+00
  -0.0000000e+00
