  -4.1242847e-01
  -6.2431413e-01
  -5.0686014e-01
  -5.0508118e-01
  -7.5846618e-01
  -4.4790298e-01
  -3.3378598e-01
  -6.6454136e-01
  -8.4333497e-01
  -9.2203480e-01
  -9.9596065e-01
  -9.2133522e-01
  -7.8420407e-01
  -7.8626645e-01
  -9.7446603e-01
  -9.3578064e-01
  -7.8362334e-01
  -9.4101000e-01
  -8.1323695e-01
  -8.8676637e-01
  -8.5997701e-01
  -7.9811651e-01
  -7.7560174e-01
  -6.5448964e-01
  -4.3002045e-01
  -4.4651046e-01
  -4.9262112e-01
  -4.9899551e-01
  -4.7127157e-01
  -4.3614212e-01
  -3.7773612e-01
  -3.4061831e-01
  -4.7599885e-01
  -4.3982410e-01
  -2.9558328e-01
  -1.7374501e-01
  -2.0146356e+00
  -1.7484449e+00
  -1.4930608e+00
  -1.3201022e+00
  -1.4494839e+00
  -1.3498684e+00
  -1.2116005e+00
  -1.2446033e+00
  -1.2897091e+00
  -1.2793351e+00
  -1.2563267e+00
  -1.3168937e+00
  -1.3848656e+00
  -1.3495793e+00
  -1.2684120e+00
  -1.2475057e+00
  -1.2536930e+00
  -1.3441684e+00
  -1.0422276e+00
  -1.1576916e+00
  -1.2128193e+00
  -1.0500182e+00
  -9.7866297e-01
  -9.9666482e-01
  -1.0648251e+00
  -1.1821795e+00
  -1.2853881e+00
  -1.2924911e+00
  -1.2275134e+00
  -1.0918450e+00
  -9.9227959e-01
  -1.0507843e+00
  -1.2621456e+00
  -1.4868139e+00
  -1.5897669e+00
  -1.8285409e+00
  -9.3983901e-01
  -7.3265392e-01
  -6.0342729e-01
  -4.9323845e-01
  -2.5204912e-01
  -3.3471367e-01
  -4.7141805e-01
  -4.0294617e-01
  -4.3308270e-01
  -2.8618041e-01
  -9.5711365e-02
   8.5483387e-02
   9.8578811e-02
   1.0336074e-01
   1.9639933e-01
   2.4466503e-01
   1.8548551e-01
   2.6145566e-02
  -2.4627210e-01
  -5.3325945e-01
  -2.6419777e-01
  -1.5065437e-02
   1.2454861e-01
  -2.5682073e-02
  -3.0302021e-01
  -5.6389683e-01
  -6.6619593e-01
  -6.0139740e-01
  -4.0274087e-01
  -2.2427952e-01
  -1.7887256e-01
  -2.9169899e-01
  -4.9242127e-01
  -6.5238494e-01
  -7.1384925e-01
  -8.7936270e-01
   4.4752577e-01
   4.4387573e-01
   4.6009776e-01
   3.5044903e-01
   2.7127415e-01
   3.4627050e-01
   6.5363526e-01
   8.9817321e-01
   8.4048682e-01
   6.4620882e-01
   1.3030969e+00
   1.6307881e+00
   1.9239693e+00
   2.0092890e+00
   2.1428342e+00
   2.2913849e+00
   2.3791127e+00
   2.3576751e+00
   2.3188682e+00
   8.7828577e-01
   1.4338294e+00
   1.8489611e+00
   2.0008471e+00
   1.8604361e+00
   1.6333106e+00
   1.4134340e+00
   1.3570741e+00
   1.4912291e+00
   1.6551603e+00
   1.6967261e+00
   1.6337318e+00
   1.5124807e+00
   1.3930693e+00
   1.4579648e+00
   1.6856569e+00
   1.6040837e+00
   1.3201287e+00
   1.0423769e+00
   1.0128511e+00
   8.7489361e-01
   7.6298732e-01
   1.3381178e+00
   1.8235881e+00
   2.0844553e+00
   2.1571274e+00
   2.5999129e+00
   2.7693992e+00
   2.8465264e+00
   3.1113899e+00
   3.2993383e+00
   3.4985039e+00
   3.7326550e+00
   3.9560072e+00
   4.1312923e+00
   4.2327342e+00
   2.2870355e+00
   2.4597569e+00
   3.2449601e+00
   3.5167329e+00
   3.6037934e+00
   3.6166139e+00
   3.5580702e+00
   3.5277302e+00
   3.5748591e+00
   3.4932210e+00
   3.3771343e+00
   3.3058271e+00
   3.2241385e+00
   3.2255497e+00
   3.4572318e+00
   3.7666495e+00
   3.5138831e+00
   4.3042422e+00
   2.0029827e+00
   1.3709839e+00
   1.2848920e+00
   1.7563941e+00
   3.0462222e+00
   2.8432289e+00
   2.9635145e+00
   3.3311016e+00
   3.5732562e+00
   3.5830438e+00
   3.4674995e+00
   3.4943995e+00
   3.5834088e+00
   3.7314775e+00
   3.9784052e+00
   4.3006456e+00
   4.6093405e+00
   4.7362271e+00
   3.0334761e+00
   1.8278693e+00
   3.2381708e+00
   3.8589423e+00
   4.3138559e+00
   4.6030722e+00
   4.7443116e+00
   4.4567259e+00
   3.9040370e+00
   3.6325469e+00
   3.8046391e+00
   3.9500296e+00
   3.9589858e+00
   4.0480711e+00
   4.3351174e+00
   4.6426533e+00
   4.7622869e+00
   4.7241173e+00
   3.1287742e+00
   1.9546254e+00
   2.8254488e+00
   3.6141670e+00
   4.1365561e+00
   3.8931191e+00
   3.7034860e+00
   3.6322336e+00
   3.6257670e+00
   3.4939976e+00
   3.2534592e+00
   3.0622311e+00
   2.9920716e+00
   3.0895362e+00
   3.3332880e+00
   3.6858373e+00
   4.0418310e+00
   4.1739955e+00
   2.9957314e+00
   9.9419254e-01
   1.6269189e+00
   2.8825715e+00
   3.8134580e+00
   4.4380531e+00
   4.6615143e+00
   2.9519954e+00
   1.0853577e+00
   1.5688552e+00
   2.7862771e+00
   3.2744644e+00
   3.4362931e+00
   3.7066782e+00
   4.0059452e+00
   4.2792664e+00
   4.5178008e+00
   3.2726122e+00
   3.9252107e+00
   3.6462708e+00
   3.3708537e+00
   3.5611708e+00
   4.1173005e+00
   3.8558691e+00
   3.4647238e+00
   3.0912409e+00
   2.7652673e+00
   2.4497647e+00
   2.1224985e+00
   1.8541604e+00
   1.6941768e+00
   1.7687154e+00
   2.0309336e+00
   2.3538010e+00
   2.6581948e+00
   2.6696686e+00
   2.0854065e+00
   7.4197847e-01
  -2.5957459e-01
   7.4367100e-01
   2.1416152e+00
   3.1326619e+00
   3.3241234e+00
   2.4621372e+00
   1.3718742e+00
   1.9339405e-01
   8.9494610e-01
   1.7595127e+00
   2.3462429e+00
   2.6314306e+00
   2.8104669e+00
   2.9149425e+00
   3.0327363e+00
   1.4769673e+00
   2.0598395e+00
   2.8261559e+00
   1.8879912e+00
   2.3664935e+00
   2.8944259e+00
   2.6065383e+00
   2.1869369e+00
   1.7572042e+00
   1.3785429e+00
   1.0645785e+00
   7.5363928e-01
   5.1960528e-01
   3.8328937e-01
   4.6659011e-01
   7.0678121e-01
   9.6236157e-01
   1.0957042e+00
   9.5645732e-01
   1.0025278e+00
   6.2814415e-01
  -5.0475800e-01
  -1.1988719e+00
   5.5392510e-01
   1.6853008e+00
   1.6498368e+00
   1.3654646e+00
   9.4990945e-01
  -4.6082523e-01
  -3.6476988e-02
   4.0897918e-01
   1.3254768e+00
   1.4447503e+00
   1.4171444e+00
   1.3334070e+00
   1.2994061e+00
  -8.9793605e-01
  -4.3410057e-01
   2.8540951e-01
   9.2549664e-01
   8.3881593e-01
   4.9857664e-01
   2.3822922e-01
  -5.0222054e-02
  -3.5915363e-01
  -6.0959125e-01
  -8.0017507e-01
  -9.8866105e-01
  -1.0840960e+00
  -1.0926144e+00
  -1.0216357e+00
  -8.9345348e-01
  -8.2892710e-01
  -9.9958414e-01
  -1.2858288e+00
  -2.0956163e-01
   1.7248851e-01
  -6.0996431e-01
  -1.8980860e+00
  -9.6856225e-01
  -1.5822724e-01
  -6.5930337e-01
  -3.1348270e-01
  -5.2510828e-01
  -9.8113769e-01
  -4.7954842e-01
  -3.4330574e-01
  -2.0103416e-01
  -3.0800527e-01
  -4.9661073e-01
  -7.7686638e-01
  -9.7243059e-01
  -2.5826690e+00
  -2.2297916e+00
  -1.6374830e+00
  -7.1249497e-01
  -1.0346452e+00
  -1.5072664e+00
  -1.6386809e+00
  -1.7776642e+00
  -1.9309169e+00
  -2.0096493e+00
  -2.0477316e+00
  -2.0699146e+00
  -2.0363228e+00
  -1.9784595e+00
  -1.9596531e+00
  -2.0350094e+00
  -2.2487121e+00
  -2.6605504e+00
  -2.9449492e+00
  -9.4929540e-01
   1.0379173e-01
  -6.3247961e-01
  -1.0155063e+00
  -1.9317496e+00
  -1.7491974e+00
  -2.2734401e+00
  -1.0706611e+00
  -1.5093404e+00
  -1.2582809e+00
  -1.0174053e+00
  -9.8741806e-01
  -1.6729550e+00
  -1.8396424e+00
  -1.9804866e+00
  -2.3074293e+00
  -2.5886805e+00
  -3.7595317e+00
  -3.5258741e+00
  -3.1055615e+00
  -2.6347845e+00
  -2.7704284e+00
  -2.9995744e+00
  -3.0467825e+00
  -3.0526364e+00
  -3.0343559e+00
  -2.9453192e+00
  -2.8062415e+00
  -2.6299231e+00
  -2.4993308e+00
  -2.5217433e+00
  -2.7336953e+00
  -3.1358008e+00
  -3.6527536e+00
  -4.1327553e+00
  -4.1500678e+00
  -1.6811119e+00
   9.4779857e-02
  -5.0223964e-01
  -9.6619582e-01
  -2.8123083e+00
  -3.4168668e+00
  -3.1473675e+00
  -9.0672362e-01
  -1.9701791e+00
  -1.3120497e+00
  -2.4918840e+00
  -2.5386121e+00
  -3.0726817e+00
  -3.2705245e+00
  -3.2442966e+00
  -3.4284856e+00
  -3.7070746e+00
  -4.1183295e+00
  -3.9380410e+00
  -3.5799210e+00
  -3.2797494e+00
  -3.2978501e+00
  -3.3974538e+00
  -3.4367430e+00
  -3.3753457e+00
  -3.2255220e+00
  -2.9896567e+00
  -2.7017672e+00
  -2.4618893e+00
  -2.5036159e+00
  -2.8068109e+00
  -3.3540494e+00
  -3.9575148e+00
  -4.4722342e+00
  -4.7311864e+00
  -4.3527765e+00
  -8.5602814e-01
  -1.3187547e-02
  -2.4358919e-01
  -9.6548992e-01
  -3.9454694e+00
  -4.3895826e+00
  -3.2166822e+00
  -1.8364155e-01
  -1.4060751e+00
  -1.2275563e+00
  -3.0737679e+00
  -3.3262424e+00
  -3.5454633e+00
  -3.9871087e+00
  -3.8398569e+00
  -3.8164363e+00
  -4.0195136e+00
  -3.9427774e+00
  -3.7039807e+00
  -3.2986002e+00
  -3.0268764e+00
  -2.9263077e+00
  -2.9163673e+00
  -2.9573891e+00
  -2.9076462e+00
  -2.6889513e+00
  -2.3708887e+00
  -2.1170459e+00
  -2.1069560e+00
  -2.4829264e+00
  -3.0563760e+00
  -3.7457166e+00
  -4.2905998e+00
  -4.5732617e+00
  -4.5061202e+00
  -3.4590778e+00
  -6.8079218e-02
  -1.2186776e-01
  -2.1736065e-01
  -8.4332460e-01
  -3.7807472e+00
  -4.5017772e+00
  -2.7121136e+00
   6.7210245e-01
  -6.3375193e-01
  -1.2561756e+00
  -3.5077317e+00
  -3.5482230e+00
  -3.5625932e+00
  -4.5584407e+00
  -4.1487970e+00
  -3.8238413e+00
  -3.8693576e+00
  -3.4536200e+00
  -3.0867867e+00
  -2.5008945e+00
  -2.1642303e+00
  -1.9529436e+00
  -1.8208641e+00
  -1.8941106e+00
  -1.9546565e+00
  -1.8899764e+00
  -1.8204148e+00
  -1.8923323e+00
  -2.2194345e+00
  -2.7187819e+00
  -3.2766416e+00
  -3.7872798e+00
  -4.0753336e+00
  -4.0484662e+00
  -3.4927678e+00
  -1.3662724e+00
   1.8016399e-01
  -5.7430440e-01
  -4.7866228e-01
  -6.0401130e-01
  -2.6135550e+00
  -3.8096797e+00
  -1.6828728e+00
   1.0960621e+00
  -3.7953293e-01
  -1.3059798e+00
  -4.0759082e+00
  -3.5839107e+00
  -2.8492608e+00
  -2.1817026e+00
  -4.3462391e+00
  -3.7915940e+00
  -3.5106049e+00
  -2.9305789e+00
  -2.4686635e+00
  -1.5904334e+00
  -1.1336088e+00
  -9.4429332e-01
  -8.7449479e-01
  -1.1427299e+00
  -1.4885308e+00
  -1.8745719e+00
  -2.2807395e+00
  -2.7198606e+00
  -3.1758933e+00
  -3.5106025e+00
  -3.7332056e+00
  -3.7880120e+00
  -3.6075225e+00
  -3.0926154e+00
  -1.8372644e+00
   9.7238827e-01
   2.6812226e-01
  -1.3813766e+00
  -1.1740447e+00
  -5.0348938e-01
  -1.9940962e+00
  -2.5789063e+00
  -3.0554667e-01
   1.4140594e+00
  -2.0735447e-01
  -1.2988335e+00
  -4.4388013e+00
  -3.5258045e+00
  -1.5672150e+00
  -4.5054132e-01
  -2.6994383e+00
  -3.8641431e+00
  -3.1134903e+00
  -2.5464923e+00
  -2.1905510e+00
  -9.5276731e-01
  -4.0553984e-01
  -4.8459694e-01
  -5.5275702e-01
  -1.0848753e+00
  -1.7939606e+00
  -2.6259604e+00
  -3.3609533e+00
  -3.9641597e+00
  -4.4297814e+00
  -4.6699605e+00
  -4.7013149e+00
  -4.4659958e+00
  -3.9040837e+00
  -2.8898635e+00
  -9.0882772e-01
   1.8760916e+00
   3.4566879e-01
  -3.4968934e+00
  -3.8149033e+00
  -1.8442991e+00
  -1.8295087e+00
  -1.0912160e+00
   1.2695856e+00
   1.8696873e+00
   4.1851677e-02
  -1.1125697e+00
  -2.8325624e+00
  -2.9759326e+00
  -4.1931292e-01
   4.5224378e-01
  -1.4121171e+00
  -3.7676384e+00
  -2.8351970e+00
  -1.0661229e+00
  -1.7458188e+00
  -8.7250228e-01
  -5.3218276e-02
  -5.2172386e-01
  -7.8440728e-01
  -1.4448792e+00
  -2.3821623e+00
  -3.4440618e+00
  -4.3231439e+00
  -4.9783186e+00
  -5.4285134e+00
  -5.6228097e+00
  -5.6033338e+00
  -5.2884425e+00
  -4.6285743e+00
  -3.5518618e+00
  -1.7467484e+00
   8.0954810e-01
   3.2948860e-01
  -4.4151020e+00
  -4.7814559e+00
  -3.0926052e+00
  -1.1972565e+00
   7.4794409e-01
   1.8772180e+00
   1.7032729e+00
   2.4179305e-01
  -9.4652486e-01
  -1.5135031e+00
  -2.2277505e+00
   3.9861943e-01
   1.0275909e+00
  -5.2351981e-01
  -3.1396218e+00
  -2.5501947e+00
  -5.2542156e-01
  -1.8184453e+00
  -1.3311376e+00
  -4.6973947e-01
  -3.9556227e-01
  -1.3535807e+00
  -1.6901712e+00
  -2.3982303e+00
  -3.3120933e+00
  -4.1839919e+00
  -4.9091023e+00
  -5.4513138e+00
  -5.7153004e+00
  -5.7658870e+00
  -5.5702861e+00
  -5.1443709e+00
  -4.5787558e+00
  -3.8872910e+00
  -2.0267017e+00
   2.7463582e-02
  -3.5042616e+00
  -4.5430421e+00
  -3.1977662e+00
   3.7962837e-01
   1.6646247e+00
   1.2310409e+00
   1.0691256e+00
   2.1512585e-01
  -8.1000426e-01
  -1.2971377e+00
  -2.1348882e+00
   7.4796227e-01
   1.3360756e+00
   1.5729896e-01
  -2.0047939e+00
  -2.0039692e+00
  -8.1200540e-01
  -1.4083929e+00
  -1.7076862e+00
  -1.4533472e+00
  -9.1803563e-01
  -2.0071335e+00
  -2.0221109e+00
  -2.3492129e+00
  -2.9081495e+00
  -3.6154044e+00
  -4.3576546e+00
  -5.0652356e+00
  -5.5638566e+00
  -5.8891602e+00
  -6.0514994e+00
  -6.0455480e+00
  -5.9246922e+00
  -5.6707006e+00
  -4.8083539e+00
  -2.9811659e+00
  -5.1690636e+00
  -5.1092887e+00
  -3.3429599e+00
   7.5703204e-01
   1.6049610e+00
   1.0502583e+00
   7.3780537e-01
   4.7715973e-02
  -7.4306852e-01
  -1.2640364e+00
  -1.7550322e+00
  -3.3594221e-01
   9.9473292e-01
   3.2710612e-01
  -1.0070461e+00
  -1.0633951e+00
  -7.5400358e-01
  -3.3468530e-01
  -2.1835911e+00
  -2.4213562e+00
  -1.8038175e+00
  -2.4942927e+00
  -2.7936914e+00
  -2.9107218e+00
  -3.2185814e+00
  -3.7855086e+00
  -4.5381637e+00
  -5.3533711e+00
  -5.9750719e+00
  -6.4098248e+00
  -6.6635709e+00
  -6.7184229e+00
  -6.6533175e+00
  -6.5239220e+00
  -6.6722584e+00
  -6.2504816e+00
  -6.5302925e+00
  -5.7325044e+00
  -4.0940576e+00
  -2.3795500e-01
   1.5440466e+00
   8.3839327e-01
   3.9514253e-01
  -1.4471655e-01
  -7.2736502e-01
  -1.3307157e+00
  -2.1715763e+00
  -1.8213986e+00
   4.8549551e-01
   4.4032425e-01
  -2.2069085e-01
  -5.4677188e-01
  -1.5071943e-01
  -6.6742992e-01
  -2.7408266e+00
  -3.2051914e+00
  -2.9228373e+00
  -3.4357131e+00
  -3.7786860e+00
  -3.8055134e+00
  -3.9210150e+00
  -4.3019385e+00
  -4.9684052e+00
  -5.7813506e+00
  -6.3590684e+00
  -6.6393619e+00
  -6.5931830e+00
  -6.2667499e+00
  -5.9927039e+00
  -6.3132963e+00
  -7.0707593e+00
  -8.0434618e+00
  -7.4433827e+00
  -6.1179466e+00
  -4.8900871e+00
  -1.6611638e+00
   1.2713163e+00
   1.2745608e-01
  -1.1454781e-01
  -4.3419793e-01
  -7.8015977e-01
  -1.4281746e+00
  -3.3447523e+00
  -2.9127975e+00
  -2.9795158e-01
   8.4352750e-01
   1.7817286e-01
  -2.0658776e-01
  -8.2961100e-01
  -2.2266481e+00
  -3.1568663e+00
  -3.5657253e+00
  -4.1293631e+00
  -4.5138664e+00
  -4.4999719e+00
  -4.5118723e+00
  -4.4822116e+00
  -4.5797091e+00
  -4.9197159e+00
  -5.4844532e+00
  -5.9023781e+00
  -6.0502892e+00
  -5.8044724e+00
  -5.0694714e+00
  -3.7657378e+00
  -4.3515191e+00
  -5.9884462e+00
  -6.6866531e+00
  -6.3884659e+00
  -5.7693987e+00
  -5.2090349e+00
  -3.0206318e+00
  -1.3593270e+00
  -1.4669068e+00
  -9.4356340e-01
  -8.6153138e-01
  -9.3758368e-01
  -1.7106757e+00
  -4.0453606e+00
  -3.3471336e+00
  -6.7589825e-01
   5.1639187e-01
   2.2836849e-01
  -4.0123366e-02
  -1.3551275e+00
  -2.4375682e+00
  -2.9175606e+00
  -3.4879251e+00
  -4.1208839e+00
  -4.5653467e+00
  -4.7134867e+00
  -4.7346454e+00
  -4.6201396e+00
  -4.4946909e+00
  -4.4980426e+00
  -4.7003188e+00
  -4.9360199e+00
  -5.0748625e+00
  -4.8321481e+00
  -3.8946290e+00
  -1.2441266e+00
  -1.5686362e+00
  -4.2554178e+00
  -4.8699079e+00
  -4.8476858e+00
  -4.7597251e+00
  -4.8295994e+00
  -4.0947738e+00
  -3.1560984e+00
  -3.6931643e+00
  -2.5690639e+00
  -1.5383136e+00
  -1.0804769e+00
  -2.1382644e+00
  -4.2556620e+00
  -3.0971155e+00
  -1.3700339e+00
  -2.1928319e-01
  -9.8401159e-02
  -8.3628669e-04
  -6.6271234e-01
  -1.3672307e+00
  -2.0679970e+00
  -2.8349712e+00
  -3.5395398e+00
  -4.0071540e+00
  -4.2336369e+00
  -4.2473869e+00
  -4.0797276e+00
  -3.8519611e+00
  -3.6977532e+00
  -3.6156712e+00
  -3.6482215e+00
  -3.7303071e+00
  -3.4605165e+00
  -2.2379172e+00
   2.9479435e-01
  -1.1546416e+00
  -2.6447370e+00
  -2.5510995e+00
  -2.7947640e+00
  -3.1360776e+00
  -3.7027059e+00
  -4.2384076e+00
  -3.5627642e+00
  -4.0063295e+00
  -4.3423510e+00
  -3.2485883e+00
  -1.8965700e+00
  -2.5547283e+00
  -3.4589741e+00
  -2.6025543e+00
  -1.9982328e+00
  -3.6129552e-01
  -4.4768375e-01
   1.4251108e-01
  -2.9662850e-01
  -5.7368308e-01
  -1.0187476e+00
  -1.6246166e+00
  -2.2225311e+00
  -2.6182847e+00
  -2.8233514e+00
  -2.8301842e+00
  -2.6747756e+00
  -2.4847145e+00
  -2.3491416e+00
  -2.2311039e+00
  -2.1978354e+00
  -2.1679077e+00
  -1.7952437e+00
  -3.7507203e-01
   1.5608050e+00
  -1.1208435e+00
  -4.6060172e-01
  -7.2194651e-02
  -6.2440735e-01
  -1.2728274e+00
  -2.0904593e+00
  -3.2210913e+00
  -3.3894134e+00
  -2.8255849e+00
  -3.4377675e+00
  -3.9438515e+00
  -3.4986169e+00
  -2.6583509e+00
  -1.6439856e+00
  -1.7527483e+00
  -6.5308094e-01
  -4.4275454e-01
  -5.3689694e-01
   1.7697842e-01
  -1.4481896e-01
  -4.6788299e-01
  -3.5394300e-02
  -2.6116154e-01
  -6.4986837e-01
  -9.2405474e-01
  -1.0115609e+00
  -1.0027015e+00
  -9.3367875e-01
  -8.5602003e-01
  -8.2709748e-01
  -8.5693610e-01
  -8.8490081e-01
  -7.9737717e-01
  -2.9853627e-01
   1.0020279e+00
   1.4938763e+00
   1.5793565e-01
   1.5689950e+00
   1.8677171e+00
   1.0385237e+00
   2.6614091e-01
  -5.4285151e-01
  -1.5841054e+00
  -2.3998842e+00
  -1.8413751e+00
  -1.9509242e+00
  -1.6380868e+00
  -1.7948515e+00
  -1.5842627e+00
  -1.3056299e-01
  -3.6982739e-01
   7.7532321e-01
   1.8059404e-01
  -1.0264691e-01
   1.8115681e-01
   8.3965905e-02
  -1.5377754e-01
   1.1131015e+00
   1.2397294e+00
   1.1939906e+00
   1.1788359e+00
   1.2335194e+00
   1.3031405e+00
   1.2833166e+00
   1.1943704e+00
   1.0602789e+00
   8.2622308e-01
   6.4600044e-01
   7.0219332e-01
   1.2789358e+00
   2.2924592e+00
   1.0910727e+00
   1.1451339e+00
   2.4984922e+00
   2.7827978e+00
   2.5004230e+00
   1.7703574e+00
   1.1733986e+00
   4.6583843e-01
  -1.7776023e-01
  -6.3987926e-02
   3.8844571e-01
   1.2080768e+00
   3.4651032e-01
   8.2356668e-01
   9.6931154e-01
   1.8296022e+00
   1.9760284e+00
   1.5188150e+00
   1.0891033e+00
   8.2681030e-01
   1.9683493e-01
   5.7394093e-01
   1.8689965e+00
   1.9123112e+00
   2.1034286e+00
   2.4144769e+00
   2.6299254e+00
   2.7293096e+00
   2.6527426e+00
   2.4457957e+00
   2.1911154e+00
   1.8724573e+00
   1.6289514e+00
   1.6288395e+00
   2.1575298e+00
   2.6667613e+00
   1.0168610e+00
   8.5885030e-01
   1.3683809e+00
   1.5931816e+00
   2.9010506e+00
   2.5448078e+00
   2.2029455e+00
   1.8435364e+00
   1.3679707e+00
   1.0484179e+00
   1.7057501e+00
   1.0111117e+00
   1.1045305e+00
   2.2452044e+00
   2.4342944e+00
   2.0745649e+00
   1.9581068e+00
   1.7187043e+00
   1.5427755e+00
   1.1502013e+00
   4.2597103e-01
   1.2939066e+00
   1.8026960e+00
   2.0743363e+00
   2.6080880e+00
   3.1782703e+00
   3.4830341e+00
   3.5391626e+00
   3.3855186e+00
   3.0918427e+00
   2.7256098e+00
   2.3661320e+00
   2.1648803e+00
   2.1059494e+00
   2.4582400e+00
   1.9892527e+00
   6.7397434e-01
   6.1093378e-01
   6.6967481e-01
   7.5993484e-01
   2.4266114e+00
   2.8743656e+00
   2.8338182e+00
   2.8106508e+00
   2.4261920e+00
   1.2225026e+00
   1.0526490e+00
   7.6242942e-01
   1.7679412e+00
   1.5237979e+00
   1.1480902e+00
   9.9810201e-01
   7.8734958e-01
   8.3571428e-01
   8.4369785e-01
   7.8391135e-01
   4.2351564e-01
   5.0300676e-01
   5.9915352e-01
   1.5524094e+00
   2.6052132e+00
   3.0857539e+00
   3.2883791e+00
   3.2302268e+00
   2.9724617e+00
   2.6490312e+00
   2.2923563e+00
   1.9948993e+00
   1.8646628e+00
   1.8178778e+00
   1.8805289e+00
   8.6014680e-01
   4.6708715e-01
   4.4176692e-01
   4.4320156e-01
   5.3102219e-01
   9.8417640e-01
   2.3226459e+00
   2.7354381e+00
   2.9254868e+00
   2.9871999e+00
   2.3506596e+00
   8.5539013e-01
   6.8434527e-01
   9.5836699e-01
   9.5871484e-01
   1.5525811e+00
   7.2995245e-01
   4.2630357e-01
   4.7466564e-01
   4.8806250e-01
   5.6820428e-01
   3.1515521e-01
   2.6234084e-01
   3.2129460e-01
   8.3536780e-01
   1.6770611e+00
   1.9915884e+00
   2.0632868e+00
   1.9586271e+00
   1.6862516e+00
   1.3898786e+00
   1.1509502e+00
   1.0580500e+00
   1.0863850e+00
   1.1429062e+00
   9.3960703e-01
   3.3813146e-01
   3.1960528e-01
   2.7945202e-01
   2.5791028e-01
   3.3972805e-01
   4.6029255e-01
   8.1891578e-01
   2.0123372e+00
   2.5164210e+00
   2.6574225e+00
   1.9145215e+00
   1.0975170e+00
   5.4120100e-01
   4.4049451e-01
   4.4359744e-01
   8.2408851e-01
   2.9853892e-01
   2.1132930e-01
   2.6877707e-01
   3.2547345e-01
   3.8093857e-01
   2.6699807e-01
   2.2715114e-01
   2.3094477e-01
   2.0807029e-01
   2.1025667e-01
   2.2035906e-01
   1.7822456e-01
   1.0257365e-01
  -4.3842714e-02
  -1.4262805e-01
  -1.4993376e-01
  -2.7265282e-02
   1.8535401e-01
   4.4309846e-01
   6.1883473e-01
   1.2270684e-01
   1.2438191e-01
   9.9062890e-02
   1.0104436e-01
   2.1025339e-01
   3.0462867e-01
   3.6204525e-01
   1.1767212e+00
   1.5100241e+00
   1.4851163e+00
   1.0627053e+00
   1.1184040e+00
   3.0638926e-01
   1.8980087e-01
   1.3682930e-01
   1.1967138e-01
   9.3394473e-02
   1.0406880e-01
   1.7947827e-01
   2.6579380e-01
   3.0683154e-01
   3.3364347e-01
   2.4055949e-01
   1.3683800e-01
  -2.5877529e-01
  -8.5698605e-01
  -6.8900585e-01
  -1.0740628e+00
  -1.4324050e+00
  -1.4368290e+00
  -1.3101293e+00
  -1.1076072e+00
  -7.7049428e-01
  -3.3686075e-01
   7.3132319e-03
  -7.7169172e-02
  -1.7058472e-01
  -3.7614096e-02
   4.4978365e-02
   1.3307841e-01
   2.8949258e-01
   1.5979573e-01
   2.1447535e-01
   3.8358447e-01
   1.3215855e-01
   3.1221822e-01
   2.4932943e-01
   1.3075448e-02
  -6.5865457e-02
  -9.7022846e-02
  -3.9214071e-02
   1.5638700e-02
   2.5463969e-02
   3.3907872e-02
   1.2362383e-01
   2.3778099e-01
   3.3645901e-01
   2.0059130e-01
   1.2881115e-01
   7.5556092e-02
   1.8050480e-02
  -1.6923963e-01
  -4.8050663e-01
  -8.6141797e-01
  -1.4968282e+00
  -1.6471127e+00
  -1.5616743e+00
  -1.2464235e+00
  -8.3342040e-01
  -4.3040807e-01
  -3.9254364e-01
  -3.9029986e-01
  -2.0919356e-01
  -4.7358423e-02
   6.1788093e-02
   1.6662691e-01
   7.9464525e-02
  -6.5171301e-02
   5.3304260e-02
  -2.9519680e-01
  -3.4059313e-01
  -2.1464581e-01
  -2.5900105e-01
  -7.3083633e-01
  -5.2656281e-01
  -3.2638395e-01
  -1.5272674e-01
  -2.6490808e-02
   9.0617836e-02
   2.5881666e-01
   8.1704547e-02
   1.3572343e-01
   2.2554882e-01
  -1.3721095e-01
  -2.1155486e-01
  -1.5248643e-01
  -1.8250036e-01
  -3.6476499e-01
  -3.5292047e-01
  -2.4772365e-01
  -1.7600486e-01
  -3.8708419e-01
  -5.0409186e-01
  -2.8345162e-01
  -2.4910864e-01
  -2.1943061e-01
  -2.2232774e-01
  -1.8704049e-01
  -9.9378847e-02
  -1.4103578e-02
   3.3402439e-02
   5.3491395e-02
   3.1466510e-02
   1.0171174e-03
  -6.1233602e-02
  -3.8424942e-01
  -3.9331317e-01
  -2.9494572e-01
  -2.7428639e-01
  -3.8185534e-01
  -4.5341918e-01
  -4.3621138e-01
  -3.7221929e-01
  -3.2862034e-01
  -3.4456247e-01
  -4.4002700e-01
  -4.3307364e-01
  -2.7645195e-01
  -1.3430652e-01
