   5.7676053e-01
   6.5342444e-01
   5.0004232e-01
   4.6126208e-01
   5.6465858e-01
   3.8707998e-01
   5.5017596e-01
   8.2208794e-01
   7.8919369e-01
   6.9255048e-01
   6.0708272e-01
   4.8502749e-01
   4.0001509e-01
   4.0351897e-01
   4.9786624e-01
   5.7580340e-01
   5.7346225e-01
   6.3150388e-01
   4.0495390e-01
   2.4117602e-01
   3.0910182e-01
   4.1395238e-01
   4.7715870e-01
   5.1129818e-01
   3.2433838e-01
   2.2727790e-01
   1.6675040e-01
   1.5594946e-01
   1.9454484e-01
   1.6451395e-01
   1.1737586e-01
   1.3760191e-01
   2.2140312e-01
   2.1707056e-01
   2.1145298e-01
   3.3927765e-01
   5.9021449e-01
   4.8529610e-01
   5.5026245e-01
   6.5521687e-01
   6.0387105e-01
   6.2553519e-01
   9.2550206e-01
   9.9992061e-01
   8.2583404e-01
   6.4192647e-01
   5.6103957e-01
   4.8021585e-01
   4.2453215e-01
   4.5116031e-01
   5.4779965e-01
   5.9942490e-01
   6.3806283e-01
   5.4653037e-01
   3.5716251e-01
   1.3308081e-01
   1.3296251e-01
   2.3432039e-01
   4.4890592e-01
   5.9281087e-01
   5.3607196e-01
   4.7511637e-01
   3.7490070e-01
   2.9670268e-01
   2.3390920e-01
   2.4773917e-01
   3.6755398e-01
   5.5186361e-01
   6.8657136e-01
   7.0165485e-01
   8.3267784e-01
   8.8741904e-01
  -2.0566320e-01
  -2.3756845e-01
   1.7571162e-01
   1.4472033e-01
   9.4213516e-02
   2.8366098e-01
   6.8707174e-01
   6.6880774e-01
   4.2109185e-01
   2.4939199e-01
   2.1073189e-01
   1.3939507e-01
   6.0329992e-02
   2.2672631e-02
   1.1262720e-01
   2.9684165e-01
   4.1605714e-01
   3.9744848e-01
   2.3956326e-01
  -1.5818527e-01
  -3.5619453e-01
  -1.0833555e-01
   3.2205039e-01
   5.6877279e-01
   6.3956434e-01
   5.2529514e-01
   2.2254077e-01
  -8.9801654e-02
  -2.2708985e-01
  -9.4854824e-02
   2.2852689e-01
   4.9155754e-01
   6.6585952e-01
   8.3522272e-01
   1.0248296e+00
   5.5440587e-01
  -6.5306634e-01
  -4.7076792e-01
  -2.7748978e-01
  -1.7491876e-01
  -8.6181328e-02
   1.1547116e-02
   2.7359411e-01
   2.0181911e-01
  -4.5010954e-02
  -3.3323807e-01
  -3.4676167e-01
  -4.3055272e-01
  -4.8301634e-01
  -5.3579807e-01
  -4.1832063e-01
  -1.9458167e-01
  -3.0370755e-02
   6.2417686e-03
  -2.0723894e-01
  -7.5194967e-01
  -1.0383105e+00
  -7.1037114e-01
  -3.4237050e-02
   3.6847320e-01
   4.4401100e-01
   1.6185878e-01
  -3.5930640e-01
  -8.1914210e-01
  -8.7504780e-01
  -5.1727569e-01
  -5.5564810e-02
   2.5861049e-01
   3.4270185e-01
   3.5806060e-01
   2.6933569e-01
  -3.0603194e-01
  -8.4376627e-01
  -6.9260478e-01
  -4.4797647e-01
  -3.4560993e-01
  -3.0585906e-01
  -2.3132895e-01
  -1.0702819e-01
  -3.4035918e-01
  -5.2536356e-01
  -6.7648375e-01
  -7.9168278e-01
  -9.2182088e-01
  -9.3938106e-01
  -9.5251304e-01
  -7.9854548e-01
  -5.7284003e-01
  -4.2722008e-01
  -4.3827105e-01
  -6.5790528e-01
  -9.9807495e-01
  -1.3927715e+00
  -1.0352526e+00
  -2.9549339e-01
   9.5529482e-02
   8.4640495e-02
  -3.0685219e-01
  -1.0184230e+00
  -1.4370506e+00
  -1.2112442e+00
  -7.3287553e-01
  -2.7942285e-01
  -3.2628171e-02
  -1.2330191e-01
  -3.1022650e-01
  -5.0399464e-01
  -7.4972844e-01
  -6.4700897e-01
  -7.1926485e-01
  -4.3276444e-01
  -5.6608934e-01
  -5.1417753e-01
  -5.7328384e-02
  -3.8027878e-01
  -7.5668256e-01
  -8.2959418e-01
  -8.7724642e-01
  -1.0368360e+00
  -1.1399886e+00
  -1.1366371e+00
  -1.0528757e+00
  -8.5418200e-01
  -6.6757419e-01
  -5.9075735e-01
  -6.1780021e-01
  -7.2275784e-01
  -8.4139507e-01
  -1.1114352e+00
  -1.0542530e+00
  -3.6845662e-01
  -9.6287629e-02
  -1.7953970e-01
  -6.0836605e-01
  -1.3483221e+00
  -1.3008145e+00
  -1.0436043e+00
  -7.1519373e-01
  -2.9377050e-01
  -1.0200317e-01
  -3.9565488e-01
  -6.8585231e-01
  -8.6772370e-01
  -8.4688955e-01
  -3.6080319e-01
  -2.8643990e-01
  -5.8211058e-01
  -8.2155353e-01
  -3.3608857e-01
  -2.2903937e-01
  -8.3453089e-01
  -1.0801990e+00
  -1.0360092e+00
  -1.0109682e+00
  -1.0186331e+00
  -1.0285109e+00
  -9.7561288e-01
  -8.5729909e-01
  -6.9211262e-01
  -5.8245611e-01
  -5.6571674e-01
  -5.5761325e-01
  -4.3603498e-01
  -1.0049097e-01
  -4.7185016e-01
  -8.4903234e-01
  -4.2891535e-01
  -2.4335343e-01
  -3.2281661e-01
  -6.2072188e-01
  -6.5897804e-01
  -3.7924564e-01
  -7.5567651e-01
  -5.8968353e-01
   4.6380207e-02
   1.0293027e-01
  -3.9156207e-01
  -7.1774453e-01
  -8.8813257e-01
  -7.7445090e-01
   7.3823240e-03
   6.0923421e-01
  -2.0205405e-01
  -1.4200459e-01
  -2.7548316e-01
  -5.9958011e-01
  -9.7705102e-01
  -1.0027244e+00
  -9.1334027e-01
  -7.7262076e-01
  -6.4679688e-01
  -5.9275341e-01
  -5.4638409e-01
  -5.1410705e-01
  -4.4719005e-01
  -4.4059656e-01
  -4.3719697e-01
  -3.3587703e-01
   1.9786478e-01
   1.2956209e+00
   9.2218682e-02
  -1.0023500e-01
  -6.6006023e-01
  -4.3722600e-01
  -3.3447584e-01
  -1.0808825e-01
   5.2270252e-01
  -1.9813340e-02
  -7.8530610e-01
  -3.1313664e-01
   2.4194670e-01
   2.9060859e-02
  -3.8359267e-01
  -6.0499047e-01
  -6.7025054e-01
  -4.6188986e-01
   3.7791941e-01
   8.6540842e-01
   8.1614202e-01
   6.1515206e-01
  -4.0630329e-01
  -4.7720543e-01
  -5.8597499e-01
  -5.5526698e-01
  -4.5632410e-01
  -2.7528626e-01
  -1.5117925e-01
  -1.1984584e-01
  -1.4801031e-01
  -2.2466226e-01
  -2.8356987e-01
  -3.4010860e-01
  -2.9621261e-01
  -4.5200028e-02
   9.2234123e-01
   2.5799751e+00
   6.4797461e-01
   2.0838118e-01
  -7.8837425e-01
  -7.8903425e-01
  -2.6355565e-01
   7.0099109e-01
   1.8775796e+00
   7.1832943e-01
  -3.2569879e-01
  -1.5414502e-01
   3.5971059e-03
  -1.5580158e-01
  -3.2710335e-01
  -3.9090925e-01
  -3.4669393e-01
  -8.7118581e-02
   8.3975399e-01
   1.2304001e+00
   1.4830487e+00
   6.9266373e-01
  -2.5375438e-01
   2.0124553e-01
   2.0452091e-01
   1.8099576e-01
   2.7503729e-01
   4.0224200e-01
   4.5733270e-01
   3.9814812e-01
   2.2653928e-01
   3.5247467e-03
  -1.7221482e-01
  -2.5166601e-01
  -7.0139468e-02
   4.5368096e-01
   1.8872844e+00
   4.0252924e+00
   1.2231491e+00
   3.7576410e-01
  -3.5587120e-01
  -1.6055017e+00
   2.4376445e-02
   2.0598927e+00
   3.3339143e+00
   1.1425437e+00
  -1.5380038e-01
  -5.6582189e-01
  -4.5781505e-01
  -4.4495378e-02
   9.5137954e-03
   6.3147515e-02
   1.8323477e-01
   4.3476689e-01
   1.2075964e+00
   1.5508311e+00
   1.8851492e+00
   1.6931174e+00
   7.0347869e-01
   8.2910085e-01
   7.5484407e-01
   6.9885838e-01
   7.7431321e-01
   8.2848161e-01
   8.2026601e-01
   6.5831351e-01
   3.4891391e-01
   4.5681097e-02
  -1.6517080e-01
  -1.7233995e-01
   1.9043271e-01
   9.9439669e-01
   2.7298541e+00
   4.6446109e+00
   1.3192424e+00
   1.8114416e-01
  -1.4393310e-01
  -1.6498339e+00
   5.3026080e-01
   3.4508955e+00
   3.9458070e+00
   1.1201440e+00
   5.4597858e-02
  -9.2304206e-01
  -3.2236496e-01
   4.1042706e-01
   4.2707941e-01
   5.0416791e-01
   6.4716434e-01
   8.6318034e-01
   1.5160136e+00
   1.8496722e+00
   2.2044356e+00
   1.9456674e+00
   1.3784795e+00
   1.2839576e+00
   1.1579963e+00
   1.0931789e+00
   1.1175162e+00
   1.1018584e+00
   9.9553478e-01
   6.6506088e-01
   2.1040243e-01
  -1.0819093e-01
  -2.3014750e-01
  -7.0463065e-03
   6.3960516e-01
   1.7625214e+00
   3.5982854e+00
   4.4943132e+00
   1.2590759e+00
  -3.7135181e-01
  -4.9233982e-01
  -1.2308726e+00
   1.3476241e+00
   4.6210351e+00
   3.8630342e+00
   8.1051511e-01
  -2.4526967e-01
  -8.1248468e-01
   5.0217807e-01
   1.0233377e+00
   8.5989797e-01
   9.1875941e-01
   1.0570587e+00
   1.2405729e+00
   1.6801142e+00
   1.9935685e+00
   2.2506075e+00
   2.0178988e+00
   1.6569227e+00
   1.4487979e+00
   1.2973291e+00
   1.2102261e+00
   1.1712517e+00
   1.0412800e+00
   7.7565444e-01
   2.8827664e-01
  -1.2862855e-01
  -3.0782229e-01
  -1.7479387e-01
   3.4799939e-01
   1.2184895e+00
   2.5193145e+00
   4.3475714e+00
   3.6600378e+00
   1.5518484e-01
  -7.5115472e-01
  -4.3433383e-01
  -4.7729439e-01
   2.1783416e+00
   5.1335816e+00
   3.6619239e+00
   3.7823841e-01
  -4.4459942e-01
  -3.8908616e-01
   9.4960392e-01
   1.3276105e+00
   1.0434393e+00
   1.1561247e+00
   1.2764930e+00
   1.4708328e+00
   1.7404727e+00
   1.9539779e+00
   2.1299853e+00
   1.9305722e+00
   1.5794456e+00
   1.3174610e+00
   1.1199999e+00
   9.9015421e-01
   8.5343552e-01
   5.8566260e-01
   2.3302534e-01
  -1.8491739e-01
  -3.6212569e-01
  -2.7857736e-01
   1.0719868e-01
   7.7032644e-01
   1.6680893e+00
   2.9461524e+00
   4.3860712e+00
   1.7890666e+00
  -6.4394999e-01
  -6.4103949e-01
  -1.9057859e-01
   5.0122702e-01
   2.8228762e+00
   5.0802364e+00
   3.4058056e+00
   1.2713261e-02
  -3.0358669e-01
   6.9410115e-02
   1.0124172e+00
   1.7694596e+00
   1.6221759e+00
   1.2276351e+00
   1.3913122e+00
   1.6105959e+00
   1.6844486e+00
   1.7070571e+00
   1.8080519e+00
   1.5811396e+00
   1.1750443e+00
   8.4319508e-01
   5.9648430e-01
   3.9880970e-01
   1.5279809e-01
  -1.4340656e-01
  -4.0511015e-01
  -5.5115962e-01
  -4.5430794e-01
  -1.5675887e-01
   3.5785145e-01
   1.0114075e+00
   1.7848427e+00
   2.7505672e+00
   3.3236351e+00
   3.2704774e-01
  -5.4045802e-01
  -5.5745846e-01
  -1.3551804e-01
   8.3063197e-01
   3.2511864e+00
   4.6639137e+00
   2.5363832e+00
  -1.2387209e-01
   7.3261216e-02
   6.1732066e-01
   8.1920260e-01
   2.3314466e+00
   1.7102509e+00
   1.4687196e+00
   1.3746276e+00
   1.6637326e+00
   1.4662483e+00
   1.1816801e+00
   1.2472945e+00
   1.0154209e+00
   6.0700917e-01
   2.8785521e-01
   3.6047492e-02
  -2.6642632e-01
  -5.9131300e-01
  -8.4178954e-01
  -9.6729583e-01
  -9.4823313e-01
  -7.9318964e-01
  -5.2800447e-01
  -1.0103439e-01
   4.6063292e-01
   1.0979881e+00
   1.7090752e+00
   1.4635916e+00
  -1.4628948e-01
  -1.0638142e+00
  -1.5032883e+00
  -1.0739318e+00
   8.3407807e-01
   3.3650029e+00
   3.9517715e+00
   9.8366725e-01
  -7.9867035e-02
   4.3066740e-01
   1.5282574e+00
   5.8883214e-01
   2.1005862e+00
   9.8243654e-01
   1.8217425e+00
   1.3701758e+00
   1.5059594e+00
   1.3063544e+00
   5.9055620e-01
   4.7083217e-01
   4.5014271e-01
   2.5050151e-01
  -1.6287026e-01
  -4.1047314e-01
  -7.8757900e-01
  -1.1268477e+00
  -1.3395911e+00
  -1.4430349e+00
  -1.4522240e+00
  -1.3876868e+00
  -1.2823365e+00
  -1.1045259e+00
  -8.2924074e-01
  -4.9325743e-01
  -1.6984484e-01
  -1.5503788e-01
  -2.7219290e-01
  -2.2391257e+00
  -3.0060315e+00
  -1.9312851e+00
   1.1867193e+00
   3.1682518e+00
   3.3370397e+00
   3.4435886e-01
  -6.6230353e-04
   4.6298149e-01
   1.3963410e+00
   4.5573920e-01
   1.2279955e+00
   4.6918881e-01
   1.3333578e+00
   1.7338594e+00
   1.1302239e+00
   1.1870066e+00
   4.9413750e-01
  -2.5854143e-01
   1.2101666e-02
   3.3585681e-01
  -3.9592479e-01
  -3.7303461e-01
  -5.1900923e-01
  -6.2738244e-01
  -7.3767302e-01
  -8.5554673e-01
  -9.8262668e-01
  -1.0970183e+00
  -1.2151154e+00
  -1.3450567e+00
  -1.4822769e+00
  -1.6818116e+00
  -2.1299691e+00
  -1.8650808e+00
  -4.0338038e-01
  -2.7376989e+00
  -3.4498311e+00
  -1.6704779e+00
   1.4323807e+00
   3.0109652e+00
   2.9363371e+00
   3.7520464e-01
  -2.1024076e-02
   2.5387514e-01
   6.1492162e-01
  -9.5725108e-02
   1.3590772e-01
   2.9417052e-01
   8.4403320e-01
   1.7944249e+00
   1.1636001e+00
  -7.7613896e-02
  -1.3619244e-01
  -5.6785016e-01
  -6.5580402e-01
  -2.7219382e-01
  -3.8626753e-01
   8.0666331e-02
   3.7655161e-01
   6.6660009e-01
   7.5212613e-01
   6.8751798e-01
   4.7826544e-01
   2.0531098e-01
  -1.0218400e-01
  -4.9827912e-01
  -9.7919566e-01
  -1.5686770e+00
  -2.4573407e+00
  -3.1914731e+00
  -1.9889613e+00
  -2.4867560e+00
  -4.2457747e+00
  -2.2568571e+00
   3.6564918e-01
   2.0389566e+00
   1.5334418e+00
   3.8337405e-01
  -1.4700657e-01
  -9.4328877e-02
   2.8715413e-02
  -2.6493919e-01
  -1.0114688e+00
   4.0238104e-01
   5.7101803e-01
   1.9110515e+00
   1.6996750e+00
   1.0308491e-01
   6.3679332e-01
  -6.8563032e-01
  -1.1013277e+00
  -1.0673534e+00
  -8.5392082e-01
  -3.9087215e-01
  -2.9791567e-02
   3.4090325e-01
   4.8391151e-01
   4.2131987e-01
   1.6114038e-01
  -2.0524111e-01
  -6.1354935e-01
  -1.0992063e+00
  -1.6281163e+00
  -2.1806736e+00
  -2.8627949e+00
  -4.0372386e+00
  -3.7081335e+00
  -2.5413847e+00
  -3.2335634e+00
  -2.8903675e+00
  -1.2686938e+00
   1.1864026e+00
   1.1008835e+00
   2.6138967e-01
  -2.1483952e-01
  -2.6222876e-01
  -3.1359351e-01
  -5.5159879e-01
  -2.0594306e+00
  -1.1012414e-01
   6.3982290e-01
   2.3303800e+00
   2.1850886e+00
   1.8057203e-01
   1.5458994e-01
  -6.5700483e-01
  -1.3857429e+00
  -1.4522698e+00
  -1.1297002e+00
  -1.1552198e+00
  -8.5741240e-01
  -5.3570837e-01
  -3.8645232e-01
  -4.5990512e-01
  -7.2560090e-01
  -1.0789905e+00
  -1.4374685e+00
  -1.7598200e+00
  -1.9977566e+00
  -2.2347872e+00
  -2.7751555e+00
  -3.9559553e+00
  -4.6263351e+00
  -3.0127640e+00
  -3.0928032e+00
  -3.7182164e+00
  -3.2568660e+00
  -1.8732321e-01
   1.0292737e+00
   1.0265451e-01
  -2.5821501e-01
  -2.8607264e-01
  -4.4901711e-01
  -1.3540198e+00
  -3.0610533e+00
  -1.8953702e+00
   4.7329313e-01
   1.9337856e+00
   1.7272875e+00
   1.2127329e+00
  -3.6081871e-01
  -6.1001325e-01
  -1.4207454e+00
  -1.8155365e+00
  -1.6450864e+00
  -1.8151501e+00
  -1.6088179e+00
  -1.2700242e+00
  -9.6956861e-01
  -8.6658496e-01
  -1.0461142e+00
  -1.3927295e+00
  -1.7207674e+00
  -1.9261364e+00
  -1.8619353e+00
  -1.5702735e+00
  -1.8425908e+00
  -2.5080478e+00
  -2.4140856e+00
  -1.7934033e+00
  -2.6677427e+00
  -3.9593670e+00
  -4.8464770e+00
  -2.4062347e+00
   3.1333956e-01
  -7.8492165e-02
  -3.9296117e-01
  -3.1216308e-01
  -3.9894983e-01
  -1.6197221e+00
  -3.2774525e+00
  -4.0608749e+00
  -6.6455263e-01
   1.4455234e+00
   1.5459346e+00
   8.4836352e-01
   2.4082687e-01
  -4.3833509e-01
  -1.1738969e+00
  -1.5610763e+00
  -1.8766967e+00
  -2.0576041e+00
  -2.0007758e+00
  -1.7264097e+00
  -1.3203205e+00
  -9.4657993e-01
  -8.7611300e-01
  -1.1248915e+00
  -1.4502275e+00
  -1.7793630e+00
  -1.9184690e+00
  -1.3109181e+00
   1.2443357e-01
  -1.0996386e+00
  -1.1326908e+00
  -1.0468754e+00
  -2.0178065e+00
  -3.5677936e+00
  -5.5400629e+00
  -3.9454608e+00
  -1.1888188e+00
  -7.2014093e-01
  -8.0958545e-01
  -5.1703793e-01
  -3.6239260e-01
  -1.4449214e+00
  -3.4446318e+00
  -4.2693295e+00
  -2.4882843e+00
   1.8218741e-01
   1.2261733e+00
   1.4393084e+00
   1.3985143e+00
   8.5033171e-02
  -8.8288474e-01
  -1.2954367e+00
  -1.6786839e+00
  -1.9323605e+00
  -2.0287848e+00
  -1.8816247e+00
  -1.5133947e+00
  -1.0087061e+00
  -6.6186625e-01
  -7.1166921e-01
  -1.0040971e+00
  -1.5123801e+00
  -2.1104593e+00
  -1.9004061e+00
   1.3928056e+00
   3.0661249e-01
  -3.1192860e-01
  -4.7726178e-01
  -1.3139439e+00
  -2.7932470e+00
  -5.4363365e+00
  -4.6747050e+00
  -2.2847946e+00
  -1.6293938e+00
  -1.5725974e+00
  -9.3896532e-01
  -3.6278656e-01
  -9.9487042e-01
  -3.1658103e+00
  -4.3121753e+00
  -3.7792089e+00
  -1.2467663e+00
   6.0242093e-01
   1.2639009e+00
   1.7924066e+00
   5.9195423e-01
  -3.7093082e-01
  -7.9205400e-01
  -1.1940808e+00
  -1.5379937e+00
  -1.7543857e+00
  -1.7260740e+00
  -1.4672126e+00
  -1.0277207e+00
  -5.6815690e-01
  -3.9979279e-01
  -5.7820678e-01
  -1.1825711e+00
  -2.0821803e+00
  -2.2398887e+00
   5.4521269e-01
   7.5773746e-01
   2.1394217e-01
  -9.9877072e-03
  -6.5404886e-01
  -1.8258249e+00
  -4.1539774e+00
  -4.6658154e+00
  -2.2867045e+00
  -1.6111548e+00
  -2.4678814e+00
  -1.8797016e+00
  -2.1886393e-01
  -6.1040229e-01
  -2.6383922e+00
  -4.6467891e+00
  -3.4898365e+00
  -1.7977529e+00
  -1.4628397e-01
   5.3120810e-01
   1.3812685e+00
   1.0137571e+00
   2.2718160e-01
  -1.7266643e-01
  -5.7544661e-01
  -9.2907137e-01
  -1.2035432e+00
  -1.2637120e+00
  -1.0969890e+00
  -7.8516877e-01
  -4.0635225e-01
  -1.7543745e-01
  -2.6851839e-01
  -9.3646222e-01
  -2.1084797e+00
  -1.5002342e+00
   1.0848773e+00
   1.1121815e+00
   5.0026017e-01
   4.2943674e-01
  -5.1984429e-02
  -8.7224376e-01
  -2.5898082e+00
  -4.2762523e+00
  -2.1992910e+00
  -1.1271529e+00
  -1.8253106e+00
  -1.8848958e+00
  -4.0486768e-01
  -3.9311302e-01
  -1.7345643e+00
  -3.7687852e+00
  -3.0302019e+00
  -1.9140352e+00
  -5.5649215e-01
   9.8913446e-02
   7.4291188e-01
   1.0492940e+00
   6.9057238e-01
   3.6030990e-01
  -2.9204570e-02
  -3.3962193e-01
  -6.0097790e-01
  -7.1374351e-01
  -6.1077052e-01
  -3.8155451e-01
  -1.2873100e-01
   3.2965083e-02
  -7.0116624e-02
  -7.8181291e-01
  -2.0318122e+00
  -3.9277449e-01
   1.9280150e+00
   1.0831143e+00
   6.6698992e-01
   8.7539792e-01
   4.4577706e-01
  -1.4302041e-01
  -1.3431642e+00
  -2.9670727e+00
  -2.4236212e+00
  -1.3633300e+00
  -1.0078400e+00
  -7.6074570e-01
  -3.5171905e-01
  -2.6215452e-01
  -9.1780621e-01
  -2.5264752e+00
  -2.2611551e+00
  -1.5456176e+00
  -7.5600153e-01
   2.2656098e-02
   3.6471590e-01
   6.0637683e-01
   8.5592645e-01
   7.5778049e-01
   4.8618609e-01
   2.3693308e-01
   6.0884319e-02
  -1.6067499e-02
   3.7224088e-02
   2.2149752e-01
   3.6464244e-01
   3.7931991e-01
   1.4784713e-01
  -6.6747618e-01
  -1.7111225e+00
  -5.7792306e-02
   1.4563180e+00
   1.2731493e+00
   1.3472344e+00
   1.3398776e+00
   9.7493744e-01
   5.3248143e-01
  -2.4719740e-01
  -1.3987454e+00
  -6.9235957e-01
  -4.8997438e-01
  -1.3700992e-01
   3.8188878e-01
  -3.5707557e-01
  -3.9824736e-01
  -6.4793390e-01
  -1.3846681e+00
  -1.1415389e+00
  -6.7966372e-01
  -4.0131605e-01
   2.1839732e-01
   4.3886223e-01
   3.2275894e-01
   6.3764940e-01
   6.6909981e-01
   5.9673607e-01
   5.0119430e-01
   4.2866477e-01
   4.2710432e-01
   4.7428686e-01
   6.4169884e-01
   7.6439941e-01
   6.8749670e-01
   3.2186636e-01
  -6.4132285e-01
  -1.1477306e+00
   1.9214842e-01
   6.5430492e-01
   9.1923452e-01
   1.1868752e+00
   1.5382541e+00
   1.2230243e+00
   8.7126553e-01
   3.7597352e-01
  -6.4631711e-01
  -7.4015730e-03
   4.4899441e-02
   2.7151841e-01
   3.6224821e-01
  -2.5547040e-01
  -1.0308121e-01
   4.0888090e-02
  -4.6295617e-03
  -1.9412258e-02
   1.4992048e-01
   1.8743719e-01
   3.7263620e-01
   3.7555751e-01
   2.4520111e-01
   3.7852329e-01
   3.8846755e-01
   5.2037907e-01
   6.1250114e-01
   6.5204799e-01
   7.2549492e-01
   7.9051924e-01
   9.3468559e-01
   1.0308098e+00
   8.9589649e-01
   4.3341291e-01
  -7.1056080e-01
  -4.5462698e-01
   2.1534233e-01
   1.5521944e-01
   2.7387294e-01
   5.1759160e-01
   1.3040599e+00
   1.2536750e+00
   9.9255532e-01
   7.1749949e-01
   1.7999266e-01
  -2.1807201e-01
   2.6033828e-01
   3.7965176e-01
   5.7179654e-01
   1.5058704e-01
   8.7101080e-02
   4.2307988e-02
   2.1400735e-01
   1.7919679e-01
   2.6155061e-01
   2.8583619e-01
   1.3890886e-01
   1.9775455e-01
   2.7550587e-01
   3.8226031e-01
   1.5235314e-01
   3.2529861e-01
   4.9758732e-01
   6.2566495e-01
   7.4658233e-01
   8.4275184e-01
   9.7556031e-01
   1.0270014e+00
   8.5061638e-01
   3.9836091e-01
  -6.8861806e-01
  -7.7652531e-02
   1.7768179e-01
  -5.0291777e-02
  -9.6650962e-02
   1.0320887e-01
   6.0371017e-01
   9.5911145e-01
   8.3854342e-01
   6.5381730e-01
   4.9179932e-01
   5.3006068e-02
   2.2336416e-01
   3.0721063e-01
   4.2530569e-01
   3.5471472e-01
  -2.0271196e-01
   4.5048498e-02
   1.1976132e-01
  -3.9590088e-02
  -3.5407981e-03
   5.7019345e-02
  -2.2214516e-01
  -2.4026291e-01
  -1.9956920e-01
  -2.4816568e-01
  -3.9799137e-01
  -1.5588979e-01
   1.4349693e-01
   3.8963310e-01
   5.9934621e-01
   7.0927215e-01
   8.1959846e-01
   8.4378072e-01
   6.5919775e-01
   2.9482728e-01
  -4.2390571e-01
   1.1376560e-02
   8.0453811e-02
  -1.9592938e-01
  -3.5633573e-01
  -2.4651964e-01
   5.8873557e-02
   4.7202814e-01
   5.3443247e-01
   4.1328023e-01
   3.0588767e-01
   4.4046808e-01
   1.1657822e-01
   2.8203568e-01
   2.3092203e-01
   2.1231939e-01
   1.1289196e-02
   9.9162117e-04
   1.4351297e-02
  -9.1829777e-02
  -1.5902997e-01
  -1.9610954e-01
  -2.9059763e-01
  -4.0121135e-01
  -4.6915618e-01
  -9.1651815e-01
  -1.0626719e+00
  -7.5544018e-01
  -3.9380714e-01
  -2.7502155e-02
   3.0373684e-01
   4.5742532e-01
   5.2650583e-01
   5.2151316e-01
   3.5941809e-01
   5.9732467e-02
  -2.8352436e-01
   8.7844206e-02
  -1.8182650e-02
  -2.9625082e-01
  -4.7472891e-01
  -4.5261756e-01
  -2.3299615e-01
  -7.3561963e-02
  -9.3498826e-02
   1.0679942e-01
   8.3026645e-02
   2.5384983e-01
   2.3524711e-02
   2.2351529e-01
   1.1417092e-01
  -3.1777404e-02
  -9.6277541e-02
  -1.0384561e-01
  -5.4754484e-02
  -1.9797691e-02
  -5.8373414e-02
  -1.7106202e-01
  -9.1962852e-02
  -2.5853080e-01
  -4.9116591e-01
  -1.2974136e+00
  -1.3861543e+00
  -9.9528897e-01
  -7.3244959e-01
  -4.2519191e-01
  -8.6144537e-02
   9.0381838e-02
   1.6096842e-01
   9.4346374e-02
  -2.7916443e-02
  -2.2792672e-01
  -1.7856392e-01
   4.9308576e-02
  -7.1234465e-02
  -2.8623542e-01
  -5.3611279e-01
  -1.0661166e+00
  -3.6523426e-01
  -4.2185074e-01
  -7.9382336e-01
   6.2380629e-03
  -5.6944825e-02
   7.6082111e-03
  -5.3312358e-02
   4.2199984e-02
   1.7740967e-02
  -1.2990718e-01
  -1.4709574e-01
  -1.3748896e-01
  -9.7480968e-02
   2.4080623e-02
   1.0526083e-01
   3.0346204e-02
   1.3426798e-01
   1.0377615e-01
  -4.3011721e-02
  -3.6781611e-01
  -5.6069875e-01
  -5.2042753e-01
  -5.2120584e-01
  -5.4551649e-01
  -4.1694087e-01
  -2.9553714e-01
  -2.9084203e-01
  -3.8144705e-01
  -4.1408525e-01
  -2.9679754e-01
  -5.9539557e-02
  -4.9860978e-02
  -1.3294813e-01
  -2.8652138e-01
  -5.0367445e-01
  -8.7122905e-01
  -4.7582445e-01
  -5.3110879e-01
  -9.2463779e-01
  -1.2644029e-01
  -1.5175973e-01
  -2.5933403e-01
   4.7084436e-02
   6.0323462e-02
   1.8945891e-02
  -1.0632022e-01
  -1.3773562e-01
  -1.0952641e-01
  -3.2221518e-02
   2.2913389e-01
   1.9713742e-01
   1.3890065e-01
   1.3446036e-01
   1.8732777e-01
   1.5612705e-01
   1.0291633e-01
   1.3001055e-01
   2.1026874e-01
   1.2577383e-01
   2.3344666e-02
  -9.1096103e-02
  -1.4753576e-01
  -4.8119169e-02
   1.0189745e-02
   8.0815088e-03
   2.2588093e-02
   2.9636139e-02
  -1.6974906e-02
  -1.0911923e-01
  -2.1602038e-01
  -3.2315871e-01
  -4.1220945e-01
  -4.9802899e-01
  -6.1587757e-01
  -7.0957065e-01
  -3.4815311e-01
  -2.8686723e-01
  -3.7482435e-01
  -3.4408858e-01
  -2.4855462e-01
  -2.7134642e-01
  -2.9237363e-01
  -2.9178950e-01
  -2.8922433e-01
  -6.2505461e-02
   1.3383903e-01
   1.1490199e-01
   6.9600455e-02
