  0.3441  0.3382  0.3314  0.3199  0.3186  0.3264  0.3270  0.3199  0.3158  0.3223  0.3222  0.3208  0.3175  0.3215  0.3219  0.3217  0.3222  0.3245  0.3278  0.3289  0.3376  0.3280  0.3298  0.3377  0.3459  0.3461  0.3366  0.3457  0.3562  0.3608  0.3585  0.3604  0.3522  0.3491  0.3529  0.3531
  0.3236  0.3279  0.3330  0.3293  0.3235  0.3205  0.3361  0.3401  0.3501  0.3415  0.3336  0.3206  0.3062  0.3040  0.3069  0.3047  0.2995  0.2996  0.3001  0.2883  0.3125  0.3108  0.2996  0.3171  0.3292  0.3106  0.3006  0.3030  0.3093  0.3114  0.3104  0.3106  0.3103  0.3113  0.3221  0.3236
  0.2991  0.3113  0.3218  0.3241  0.3276  0.3317  0.3459  0.3503  0.3533  0.3493  0.3437  0.3360  0.3227  0.3035  0.2938  0.2968  0.2880  0.2831  0.2763  0.2752  0.3018  0.3085  0.3076  0.3089  0.3039  0.2920  0.2869  0.2841  0.2795  0.2732  0.2768  0.2775  0.2746  0.2745  0.2827  0.2902
  0.2836  0.2923  0.3051  0.3214  0.3377  0.3461  0.3479  0.3462  0.3416  0.3342  0.3280  0.3220  0.3164  0.3058  0.2853  0.2883  0.2828  0.2719  0.2722  0.2833  0.2975  0.3013  0.3069  0.3134  0.3038  0.2824  0.2703  0.2763  0.2715  0.2686  0.2669  0.2653  0.2629  0.2635  0.2664  0.2733
  0.2734  0.2841  0.2958  0.3109  0.3350  0.3436  0.3419  0.3367  0.3304  0.3239  0.3174  0.3095  0.3028  0.2947  0.2782  0.2877  0.2805  0.2675  0.2636  0.2738  0.2875  0.2920  0.3057  0.3155  0.2994  0.2725  0.2753  0.2744  0.2685  0.2632  0.2503  0.2636  0.2649  0.2673  0.2642  0.2644
  0.2589  0.2678  0.2814  0.2953  0.3261  0.3325  0.3304  0.3258  0.3211  0.3148  0.3075  0.3002  0.2935  0.2859  0.2596  0.2730  0.2774  0.2611  0.2576  0.2668  0.2697  0.2887  0.3070  0.3093  0.2901  0.2683  0.2715  0.2662  0.2493  0.2497  0.2236  0.2572  0.2657  0.2644  0.2551  0.2527
  0.2384  0.2490  0.2787  0.2983  0.3148  0.3181  0.3169  0.3128  0.3085  0.3009  0.2951  0.2911  0.2866  0.2785  0.2589  0.2552  0.2632  0.2499  0.2520  0.2536  0.2515  0.2840  0.2907  0.2866  0.2701  0.2451  0.2302  0.2441  0.2201  0.2350  0.2247  0.2369  0.2429  0.2382  0.2319  0.2304
  0.2060  0.2161  0.2765  0.3001  0.3055  0.3038  0.3003  0.2938  0.2878  0.2822  0.2796  0.2782  0.2772  0.2709  0.2561  0.2451  0.2450  0.2381  0.2363  0.2318  0.2461  0.2672  0.2639  0.2546  0.2267  0.2583  0.1885  0.2109  0.1962  0.2183  0.2195  0.2112  0.2204  0.2842  0.2838  0.2504
  0.2123  0.2260  0.2799  0.2902  0.2827  0.2757  0.2699  0.2638  0.2599  0.2584  0.2592  0.2608  0.2646  0.2615  0.2483  0.2334  0.2252  0.2047  0.2178  0.2073  0.2377  0.2375  0.2297  0.2182  0.1921  0.1611  0.1746  0.1906  0.1933  0.2122  0.2171  0.2025  0.2607  0.3132  0.3163  0.2664
  0.2161  0.2397  0.2774  0.2702  0.2587  0.2513  0.2468  0.2444  0.2445  0.2463  0.2495  0.2547  0.2598  0.2558  0.2429  0.2231  0.2033  0.1906  0.2053  0.2145  0.2185  0.2142  0.2079  0.1952  0.1667  0.2470  0.2548  0.1825  0.1882  0.2093  0.2118  0.1905  0.2443  0.3101  0.3142  0.2373
  0.2185  0.2353  0.2503  0.2452  0.2396  0.2370  0.2365  0.2379  0.2402  0.2442  0.2498  0.2557  0.2554  0.2492  0.2380  0.2162  0.1893  0.1859  0.1909  0.2009  0.1971  0.1966  0.1915  0.1713  0.2035  0.3024  0.3000  0.1877  0.1818  0.2111  0.2176  0.1992  0.1597  0.3082  0.3121  0.2233
  0.2109  0.2233  0.2337  0.2387  0.2389  0.2381  0.2400  0.2433  0.2459  0.2497  0.2539  0.2543  0.2479  0.2401  0.2311  0.2124  0.1871  0.2321  0.1992  0.1864  0.1883  0.1898  0.1820  0.1529  0.2425  0.3027  0.3027  0.2488  0.2077  0.2324  0.2171  0.2059  0.1903  0.2755  0.3075  0.2231
  0.1996  0.2141  0.2298  0.2409  0.2446  0.2471  0.2485  0.2523  0.2542  0.2536  0.2494  0.2418  0.2307  0.2234  0.2183  0.2048  0.1848  0.2710  0.1825  0.1772  0.1842  0.1873  0.1762  0.1453  0.2840  0.3004  0.2663  0.2218  0.2329  0.2376  0.2052  0.1601  0.2022  0.2875  0.2851  0.2096
  0.2186  0.2062  0.2287  0.2415  0.2430  0.2594  0.2578  0.2596  0.2577  0.2483  0.2338  0.2186  0.2060  0.1988  0.1965  0.1919  0.1873  0.1759  0.1701  0.1715  0.1852  0.1989  0.1872  0.1442  0.2419  0.2392  0.2196  0.2299  0.2414  0.2351  0.2074  0.1637  0.1345  0.2691  0.2168  0.2229
  0.2157  0.2207  0.2366  0.2392  0.2373  0.2659  0.2640  0.2629  0.2574  0.2441  0.2292  0.2155  0.2031  0.1914  0.1847  0.1826  0.1869  0.1868  0.1781  0.1671  0.1786  0.2184  0.2046  0.1643  0.2376  0.2368  0.2486  0.2460  0.2457  0.2402  0.2235  0.1764  0.1717  0.2168  0.2355  0.2370
  0.1947  0.2428  0.2382  0.2372  0.2410  0.2631  0.2642  0.2604  0.2534  0.2425  0.2340  0.2263  0.2183  0.2064  0.1970  0.1950  0.2050  0.2062  0.1856  0.2017  0.2626  0.2275  0.2151  0.1847  0.2415  0.2758  0.2688  0.2576  0.2495  0.2453  0.2355  0.1911  0.2178  0.2686  0.2485  0.2158
  0.2065  0.2040  0.2191  0.2366  0.2672  0.2449  0.2415  0.2355  0.2297  0.2240  0.2225  0.2243  0.2285  0.2290  0.2301  0.2333  0.2371  0.2308  0.1962  0.2361  0.2983  0.2258  0.2215  0.2193  0.2925  0.3047  0.2851  0.2711  0.2548  0.2489  0.2345  0.2128  0.2710  0.2907  0.2140  0.2116
  0.2210  0.2093  0.2115  0.2318  0.2668  0.2190  0.2082  0.1969  0.1869  0.1796  0.1787  0.1833  0.1941  0.2051  0.2175  0.2302  0.2394  0.2427  0.2370  0.2714  0.3044  0.2678  0.2150  0.2317  0.2652  0.2807  0.2957  0.2833  0.2567  0.2442  0.2155  0.2151  0.2878  0.2872  0.1932  0.1626
  0.2217  0.2112  0.2123  0.2229  0.2374  0.2098  0.1988  0.1857  0.1742  0.1673  0.1676  0.1744  0.1876  0.2018  0.2199  0.2412  0.2607  0.2712  0.2776  0.2867  0.2979  0.2826  0.2018  0.2233  0.2151  0.2182  0.2772  0.2848  0.2546  0.2372  0.2124  0.2183  0.2977  0.2750  0.2038  0.1680
  0.2012  0.2084  0.2229  0.2247  0.2260  0.2242  0.2214  0.2150  0.2071  0.2016  0.2036  0.2128  0.2291  0.2467  0.2668  0.2854  0.2985  0.2946  0.2876  0.2828  0.2924  0.2692  0.1959  0.2161  0.2075  0.1933  0.2522  0.2730  0.2490  0.2526  0.1941  0.2163  0.2894  0.2456  0.1740  0.1878
  0.2058  0.2178  0.2301  0.2342  0.2362  0.2420  0.2441  0.2457  0.2432  0.2366  0.2339  0.2360  0.2459  0.2571  0.2685  0.2769  0.2816  0.2681  0.2480  0.2789  0.2570  0.2455  0.2438  0.2383  0.2131  0.1841  0.2288  0.2572  0.2442  0.2298  0.1896  0.2014  0.2431  0.1973  0.1768  0.2002
  0.2071  0.2167  0.2273  0.2346  0.2404  0.2484  0.2515  0.2540  0.2541  0.2495  0.2437  0.2386  0.2398  0.2426  0.2462  0.2519  0.2562  0.2384  0.2128  0.2614  0.2715  0.2609  0.2438  0.2252  0.2062  0.1735  0.2300  0.2402  0.2410  0.2042  0.1960  0.1885  0.2174  0.1739  0.1880  0.2026
  0.2022  0.2103  0.2193  0.2264  0.2341  0.2417  0.2452  0.2481  0.2505  0.2508  0.2487  0.2447  0.2396  0.2343  0.2310  0.2315  0.2323  0.2140  0.1982  0.2131  0.2544  0.2553  0.2372  0.2062  0.1972  0.1615  0.2245  0.2411  0.2295  0.2047  0.1992  0.1890  0.1884  0.1846  0.1950  0.2002
  0.1954  0.2013  0.2087  0.2142  0.2198  0.2246  0.2275  0.2307  0.2344  0.2380  0.2433  0.2476  0.2469  0.2391  0.2290  0.2206  0.2158  0.2033  0.1749  0.2098  0.2230  0.2281  0.2332  0.2137  0.1940  0.1503  0.2035  0.2780  0.2129  0.1951  0.1991  0.1983  0.1932  0.1905  0.1947  0.1953
  0.1933  0.1978  0.2015  0.2066  0.2081  0.2108  0.2150  0.2195  0.2234  0.2278  0.2359  0.2472  0.2555  0.2519  0.2422  0.2288  0.2176  0.2063  0.1815  0.1744  0.2518  0.2111  0.2340  0.2226  0.2025  0.1518  0.2287  0.3021  0.2281  0.1891  0.1953  0.1932  0.1921  0.1909  0.1936  0.1928
  0.1966  0.1995  0.1994  0.1929  0.1997  0.2004  0.2063  0.2125  0.2178  0.2231  0.2303  0.2445  0.2586  0.2626  0.2578  0.2468  0.2315  0.2172  0.1942  0.1740  0.2966  0.2313  0.2266  0.2268  0.2189  0.1696  0.2656  0.3035  0.2478  0.1826  0.1968  0.1946  0.1941  0.1946  0.1960  0.1954
  0.2070  0.2072  0.2040  0.1858  0.1885  0.1968  0.2024  0.2101  0.2157  0.2209  0.2264  0.2377  0.2510  0.2613  0.2634  0.2601  0.2499  0.2352  0.2125  0.1978  0.3084  0.2403  0.2045  0.2313  0.2362  0.1982  0.2314  0.3061  0.2512  0.1827  0.2062  0.2128  0.2113  0.2093  0.2082  0.2070
  0.2201  0.2161  0.2066  0.2101  0.1939  0.2073  0.2097  0.2173  0.2228  0.2264  0.2299  0.2367  0.2450  0.2543  0.2594  0.2610  0.2571  0.2481  0.2287  0.2093  0.3068  0.2426  0.2055  0.2348  0.2450  0.2192  0.2380  0.3069  0.1963  0.1942  0.2127  0.2322  0.2320  0.2290  0.2257  0.2230
  0.2399  0.2243  0.2009  0.2215  0.2084  0.2306  0.2344  0.2399  0.2455  0.2459  0.2456  0.2481  0.2517  0.2552  0.2594  0.2638  0.2638  0.2609  0.2492  0.2265  0.2361  0.2034  0.2301  0.2479  0.2566  0.2453  0.2530  0.2631  0.2099  0.2128  0.2345  0.2541  0.2555  0.2547  0.2521  0.2466
  0.2556  0.2547  0.2421  0.2292  0.2160  0.2440  0.2572  0.2610  0.2655  0.2658  0.2630  0.2634  0.2644  0.2647  0.2677  0.2715  0.2728  0.2724  0.2660  0.2530  0.2471  0.2252  0.2545  0.2671  0.2722  0.2673  0.2653  0.2533  0.2395  0.2483  0.2538  0.2641  0.2680  0.2700  0.2690  0.2645
  0.2636  0.2894  0.2845  0.2774  0.2548  0.2514  0.2775  0.2793  0.2794  0.2802  0.2801  0.2798  0.2801  0.2790  0.2820  0.2848  0.2857  0.2853  0.2820  0.2895  0.2703  0.2623  0.2812  0.2860  0.2876  0.2887  0.2865  0.2750  0.2718  0.2771  0.2782  0.2792  0.2827  0.2849  0.2838  0.2798
  0.3290  0.3274  0.3131  0.2997  0.2986  0.2782  0.2928  0.2985  0.2977  0.2873  0.2935  0.2961  0.2965  0.2958  0.2988  0.3004  0.3003  0.2993  0.2961  0.3193  0.2870  0.2866  0.2962  0.2962  0.2984  0.3015  0.3003  0.2959  0.2929  0.2935  0.2931  0.2940  0.2972  0.3002  0.2986  0.3025
  0.3429  0.3342  0.3162  0.3106  0.3115  0.3081  0.3055  0.3118  0.3141  0.3118  0.3079  0.3111  0.3107  0.3089  0.3112  0.3139  0.3115  0.3084  0.3049  0.3314  0.3044  0.2960  0.3009  0.3026  0.3051  0.3056  0.3047  0.3028  0.3004  0.2980  0.2979  0.2999  0.3039  0.3071  0.3033  0.3049
  0.3091  0.2991  0.2839  0.2953  0.3124  0.3179  0.3207  0.3270  0.3266  0.3275  0.3270  0.3253  0.3234  0.3223  0.3244  0.3262  0.3230  0.3158  0.3088  0.3106  0.3116  0.3122  0.3156  0.3165  0.3151  0.3151  0.3130  0.3108  0.3089  0.3083  0.3096  0.3125  0.3171  0.3193  0.3112  0.3041
  0.3175  0.3127  0.3110  0.3141  0.3199  0.3347  0.3423  0.3496  0.3513  0.3496  0.3456  0.3414  0.3396  0.3400  0.3419  0.3367  0.3281  0.3122  0.3103  0.3394  0.3309  0.3364  0.3330  0.3268  0.3177  0.3138  0.3127  0.3132  0.3091  0.3132  0.3142  0.3134  0.3182  0.3169  0.3234  0.3217
  0.3176  0.3141  0.3173  0.3190  0.3215  0.3250  0.3459  0.3438  0.3438  0.3469  0.3401  0.3326  0.3343  0.3301  0.3451  0.3419  0.3222  0.3210  0.3127  0.3307  0.3314  0.3295  0.3092  0.3116  0.3005  0.3040  0.3055  0.3079  0.3077  0.3096  0.3114  0.3132  0.3140  0.3172  0.3252  0.3208
