  3.345278e-01
  3.161486e-01
  3.043277e-01
  2.972795e-01
  2.911121e-01
  2.812497e-01
  2.661927e-01
  2.536269e-01
  2.395675e-01
  2.329788e-01
  2.271931e-01
  2.299033e-01
  2.265125e-01
  2.141143e-01
  2.180761e-01
  2.310853e-01
  2.398249e-01
  2.315791e-01
  2.277198e-01
  2.352418e-01
  2.355775e-01
  2.299405e-01
  2.217850e-01
  2.146617e-01
  2.145788e-01
  2.196233e-01
  2.244185e-01
  2.306548e-01
  2.408663e-01
  2.577542e-01
  2.789054e-01
  2.986698e-01
  3.090044e-01
  3.146436e-01
  3.264533e-01
  3.228922e-01
