  1.044052e-01
  1.013458e-01
  9.405559e-02
  9.088049e-02
  8.841636e-02
  8.259909e-02
  7.493289e-02
  8.393029e-02
  8.625128e-02
  9.245947e-02
  9.673833e-02
  1.095944e-01
  1.063710e-01
  7.908390e-02
  7.237895e-02
  7.839090e-02
  8.082223e-02
  8.034931e-02
  7.921325e-02
  7.494315e-02
  6.774605e-02
  6.621977e-02
  6.594358e-02
  7.129434e-02
  7.711287e-02
  8.540506e-02
  8.514626e-02
  8.144964e-02
  6.703844e-02
  6.313038e-02
  6.551537e-02
  7.058845e-02
  7.399742e-02
  7.407029e-02
  7.807007e-02
  9.755908e-02
