   0.0000000e+00
   0.0000000e+00
   0.0000000e+00
   0.0000000e+00
   0.0000000e+00
   0.0000000e+00
   0.0000000e+00
   0.0000000e+00
   0.0000000e+00
   0.0000000e+00
   0.0000000e+00
   0.0000000e+00
   0.0000000e+00
   0.0000000e+00
   0.0000000e+00
   0.0000000e+00
   0.0000000e+00
   0.0000000e+00
   0.0000000e+00
   0.0000000e+00
   0.0000000e+00
   0.0000000e+00
   0.0000000e+00
   0.0000000e+00
   0.0000000e+00
   0.0000000e+00
   0.0000000e+00
   0.0000000e+00
   0.0000000e+00
   0.0000000e+00
   0.0000000e+00
   0.0000000e+00
   0.0000000e+00
   0.0000000e+00
   0.0000000e+00
   0.0000000e+00
   5.3233015e-03
   4.8148180e-03
   7.2122328e-03
   8.6443104e-03
   0.0000000e+00
   9.8605071e-03
   1.3835755e-02
   0.0000000e+00
   8.4451595e-03
   6.2772660e-03
   5.3098090e-03
   4.4522835e-03
   4.5660925e-03
   5.4952488e-03
   6.4739101e-03
   0.0000000e+00
   6.2861787e-03
   4.0081885e-03
   1.7740198e-03
   1.6873167e-04
  -3.9612467e-04
   1.4419723e-03
   4.3412349e-03
   4.5124334e-03
   0.0000000e+00
   0.0000000e+00
   0.0000000e+00
   0.0000000e+00
  -0.0000000e+00
   0.0000000e+00
   0.0000000e+00
   0.0000000e+00
   0.0000000e+00
   0.0000000e+00
   0.0000000e+00
   0.0000000e+00
  -1.8626444e-03
   2.0263908e-03
   4.2225038e-03
   4.8446987e-03
   6.3040558e-03
   9.2246303e-03
   9.8156286e-03
   7.1546972e-03
   4.1728869e-03
   3.2790813e-03
   1.9016414e-03
   1.2699137e-03
  -2.8769270e-04
   1.1512390e-04
   2.3441559e-03
   5.4229805e-03
   5.4608523e-03
   4.3095001e-03
   0.0000000e+00
  -4.1887711e-03
  -5.0589289e-03
  -5.4245529e-04
   4.0573357e-03
   5.8488050e-03
   6.1528622e-03
   3.4035151e-03
  -1.7801182e-03
  -5.2659907e-03
  -5.7079424e-03
  -2.0968332e-03
   3.5888967e-03
   7.0897872e-03
   9.0781748e-03
   1.3254346e-02
   1.3631170e-02
   4.8152034e-03
   0.0000000e+00
   0.0000000e+00
   0.0000000e+00
   0.0000000e+00
   0.0000000e+00
   0.0000000e+00
   4.0462040e-03
   9.4828648e-04
  -1.6274007e-03
  -3.7596455e-03
  -5.9541087e-03
  -6.9050365e-03
  -8.5143298e-03
  -8.5096695e-03
  -4.9230466e-03
  -7.2236190e-04
   3.1328812e-04
  -5.2350684e-04
  -6.7314375e-03
  -1.2712989e-02
  -1.1833554e-02
  -6.7416783e-03
   8.9960272e-04
   4.2336448e-03
   3.4253839e-03
  -2.5478182e-03
  -1.0343606e-02
  -1.4262176e-02
  -1.2417654e-02
  -6.0389992e-03
   1.0288474e-03
   4.5350785e-03
   5.6140572e-03
   5.5733169e-03
   1.3341674e-03
  -7.1483753e-03
   0.0000000e+00
   0.0000000e+00
   0.0000000e+00
   0.0000000e+00
   0.0000000e+00
   5.7008560e-03
  -1.5016262e-03
  -6.5428509e-03
  -1.0524943e-02
  -1.0516968e-02
  -1.4102209e-02
  -1.5394654e-02
  -1.6290067e-02
  -1.5517453e-02
  -1.1305885e-02
  -7.0832921e-03
  -6.2748864e-03
  -8.3811432e-03
  -1.1765449e-02
  -0.0000000e+00
  -1.4507228e-02
  -8.5603017e-03
  -1.3592633e-03
   1.1974216e-03
  -1.4771362e-03
  -9.8804906e-03
  -1.9859023e-02
  -1.9659279e-02
  -1.4457615e-02
  -7.4865804e-03
  -1.0998786e-03
  -4.4355438e-05
  -2.1016311e-03
  -5.5195736e-03
  -8.8894181e-03
  -1.1853893e-02
  -7.6280602e-03
   0.0000000e+00
   0.0000000e+00
   0.0000000e+00
   0.0000000e+00
   4.2763080e-03
  -6.9095333e-03
  -1.1925702e-02
  -1.2587597e-02
  -1.5252524e-02
  -1.8295830e-02
  -1.9291298e-02
  -1.9188551e-02
  -1.6790431e-02
  -1.3015654e-02
  -1.0050049e-02
  -9.8268541e-03
  -1.1482279e-02
  -1.1725642e-02
   0.0000000e+00
  -0.0000000e+00
  -6.0948263e-03
  -1.6674581e-03
  -1.4746188e-03
  -5.8372876e-03
  -1.5414103e-02
  -2.3711175e-02
  -1.4799411e-02
  -1.0570569e-02
  -6.2897912e-03
  -4.3309320e-04
  -2.5156236e-03
  -7.7950703e-03
  -1.2098972e-02
  -1.4223764e-02
  -1.1885999e-02
  -4.5235514e-03
   0.0000000e+00
  -0.0000000e+00
   5.1428223e-03
   6.8172270e-03
  -4.4796839e-03
  -1.4551388e-02
  -1.5779046e-02
  -1.5220650e-02
  -1.6235020e-02
  -1.6786274e-02
  -1.6843520e-02
  -1.6008500e-02
  -1.3840103e-02
  -1.1443493e-02
  -1.0125292e-02
  -1.0025436e-02
  -9.8764133e-03
  -4.9750792e-03
   1.5456645e-03
  -0.0000000e+00
  -4.4072303e-03
  -2.9252807e-03
  -3.7311602e-03
  -8.3757145e-03
  -1.2587541e-02
   0.0000000e+00
  -0.0000000e+00
  -7.1731558e-03
  -2.2008461e-03
   5.1143318e-03
  -1.9172467e-03
  -9.0885330e-03
  -1.3377506e-02
  -1.4550943e-02
  -1.1460134e-02
   7.6602118e-04
   4.9834624e-03
  -3.2422197e-03
   5.4502781e-03
   3.7388595e-05
  -1.0914769e-02
  -1.5124293e-02
  -1.4092816e-02
  -1.2626071e-02
  -1.0931625e-02
  -9.9603242e-03
  -9.7915959e-03
  -9.6799163e-03
  -9.1497673e-03
  -8.2698194e-03
  -8.4065450e-03
  -7.4631959e-03
  -4.8479345e-03
   7.2917012e-03
   1.6436268e-02
  -0.0000000e+00
  -6.5349397e-03
  -5.9666929e-03
  -5.5066417e-03
  -5.7272427e-03
  -1.1035248e-04
   0.0000000e+00
   0.0000000e+00
  -7.1358078e-03
   2.5954504e-03
   5.6645512e-03
  -3.6015702e-03
  -8.8696759e-03
  -1.1073159e-02
  -1.0300251e-02
  -6.6677183e-03
   4.2272252e-03
   7.2183441e-03
   5.2209978e-03
   1.7399256e-03
  -2.6574866e-03
  -7.5332476e-03
  -8.3707478e-03
  -7.5993589e-03
  -5.8452953e-03
  -3.6996165e-03
  -2.9887552e-03
  -3.4335707e-03
  -4.5258026e-03
  -5.2691344e-03
  -5.7258089e-03
  -6.0343309e-03
  -4.0367432e-03
   8.2931755e-04
   1.9353081e-02
   3.2609727e-02
   0.0000000e+00
  -0.0000000e+00
  -9.6640671e-03
  -6.9280462e-03
  -3.0833890e-04
   1.3504106e-02
   0.0000000e+00
   0.0000000e+00
  -0.0000000e+00
   4.5492044e-03
   6.3417281e-04
  -4.2668548e-03
  -6.3867564e-03
  -6.3275252e-03
  -4.6236590e-03
  -1.1481263e-03
   8.7365014e-03
   1.1349694e-02
   1.3674874e-02
   4.3875144e-03
   1.0178598e-03
   1.5873391e-03
   1.2911734e-03
   1.3286823e-03
   2.8291643e-03
   3.9587966e-03
   3.7844582e-03
   2.3725734e-03
   6.3316256e-05
  -1.7186436e-03
  -2.9629292e-03
  -2.4305906e-03
   1.0915842e-03
   8.4874341e-03
   3.2888077e-02
   4.8513565e-02
   0.0000000e+00
   0.0000000e+00
  -1.5911397e-02
  -8.3660977e-03
   8.4417304e-03
   2.9168460e-02
   0.0000000e+00
   0.0000000e+00
  -0.0000000e+00
   0.0000000e+00
  -2.1030849e-03
  -6.7739940e-04
  -3.5460840e-04
   1.0723085e-03
   2.6831352e-03
   5.3860913e-03
   1.2501721e-02
   1.5369209e-02
   1.7403385e-02
   1.0341212e-02
   7.5109992e-03
   7.4281027e-03
   6.7212321e-03
   6.6131577e-03
   7.6691844e-03
   7.9152239e-03
   7.1869222e-03
   4.8662871e-03
   1.8050980e-03
  -3.5878044e-04
  -1.4727821e-03
   3.6394293e-04
   5.4493379e-03
   1.5737193e-02
   4.1483834e-02
   5.2699409e-02
   0.0000000e+00
   0.0000000e+00
  -0.0000000e+00
  -6.8138149e-03
   1.7821673e-02
   4.2821165e-02
   0.0000000e+00
   0.0000000e+00
  -0.0000000e+00
  -1.3876392e-02
   2.1250774e-03
   4.1240565e-03
   4.6358518e-03
   6.3754832e-03
   7.6163649e-03
   9.8130740e-03
   1.6145337e-02
   1.9559126e-02
   2.0280195e-02
   1.4327348e-02
   1.2618715e-02
   1.1438081e-02
   1.0599299e-02
   1.0355833e-02
   1.0706214e-02
   1.0058163e-02
   8.2359910e-03
   4.3554287e-03
   7.8011415e-04
  -1.1548534e-03
  -9.1919163e-04
   3.4521455e-03
   1.1389216e-02
   2.6079625e-02
   4.9096155e-02
   5.1907120e-02
   0.0000000e+00
   0.0000000e+00
  -0.0000000e+00
  -7.9632120e-04
   2.9559672e-02
   5.5705949e-02
   0.0000000e+00
   0.0000000e+00
  -0.0000000e+00
   1.2206274e-05
   9.2718694e-03
   9.3635479e-03
   9.1412161e-03
   1.0425504e-02
   1.1477414e-02
   1.3561699e-02
   1.8228251e-02
   2.1233128e-02
   2.0610370e-02
   1.6529363e-02
   1.4506565e-02
   1.3145011e-02
   1.2220221e-02
   1.1646294e-02
   1.1047793e-02
   8.8154133e-03
   5.2453931e-03
   5.7974964e-04
  -2.2320342e-03
  -2.4782717e-03
   4.8540614e-04
   7.8146206e-03
   1.8744975e-02
   3.6963806e-02
   5.6616594e-02
   0.0000000e+00
   0.0000000e+00
   0.0000000e+00
  -0.0000000e+00
   8.1360973e-03
   3.8550373e-02
   5.7115929e-02
   0.0000000e+00
   0.0000000e+00
  -0.0000000e+00
   4.6822429e-03
   1.3145504e-02
   1.2375512e-02
   1.1725849e-02
   1.2759050e-02
   1.3801275e-02
   1.5851863e-02
   1.8822344e-02
   2.0425238e-02
   1.9687312e-02
   1.6299501e-02
   1.3412517e-02
   1.1927594e-02
   1.0780709e-02
   9.6836276e-03
   7.8794807e-03
   4.3812855e-03
   5.2262208e-04
  -2.7473257e-03
  -3.1872622e-03
  -9.8520063e-04
   4.1902801e-03
   1.2866265e-02
   2.4500050e-02
   4.2135458e-02
   5.4421882e-02
   0.0000000e+00
   0.0000000e+00
   0.0000000e+00
   0.0000000e+00
   1.8260192e-02
   4.2720646e-02
   5.2462322e-02
   0.0000000e+00
   0.0000000e+00
   0.0000000e+00
   7.2445022e-03
   1.5232929e-02
   1.7950813e-02
   1.2290927e-02
   1.4295847e-02
   1.5435742e-02
   1.7344529e-02
   1.7586486e-02
   1.7324343e-02
   1.6423091e-02
   1.2631507e-02
   9.1347620e-03
   7.1912813e-03
   5.8398405e-03
   4.1780970e-03
   1.8579394e-03
  -9.8819030e-04
  -3.0119442e-03
  -3.4565025e-03
  -1.3364773e-03
   2.6943146e-03
   8.6440966e-03
   1.6411906e-02
   2.4656568e-02
   3.3120338e-02
   3.1120181e-02
   0.0000000e+00
   0.0000000e+00
   0.0000000e+00
   0.0000000e+00
   0.0000000e+00
   4.0459283e-02
   4.5924054e-02
   0.0000000e+00
   0.0000000e+00
   0.0000000e+00
   6.8781214e-03
   1.6070586e-02
   2.6290104e-02
   0.0000000e+00
   1.3981854e-02
   1.6404230e-02
   1.7887317e-02
   1.3713197e-02
   1.1476975e-02
   1.0558919e-02
   7.0955311e-03
   3.8118965e-03
   2.1824252e-03
   4.0123778e-04
  -1.7994386e-03
  -4.0351646e-03
  -5.6087640e-03
  -6.0703061e-03
  -5.0945920e-03
  -2.4022246e-03
   1.4419648e-03
   6.4699124e-03
   1.2289761e-02
   1.6019333e-02
   1.4799058e-02
   8.3105247e-03
   0.0000000e+00
   0.0000000e+00
   0.0000000e+00
   0.0000000e+00
   0.0000000e+00
   3.2959945e-02
   3.2605708e-02
   0.0000000e+00
   0.0000000e+00
   0.0000000e+00
   4.1679344e-03
   1.1047970e-02
   1.9785848e-02
   0.0000000e+00
   1.4418052e-02
   1.4721870e-02
   1.5738111e-02
   9.8414021e-03
   4.0243398e-03
   4.1123992e-03
   3.4206978e-03
   1.2884909e-04
  -1.2311738e-03
  -3.5667103e-03
  -6.0573444e-03
  -8.2277302e-03
  -9.7417133e-03
  -1.0461116e-02
  -1.0133117e-02
  -8.7392572e-03
  -6.7051528e-03
  -4.0274551e-03
  -1.0862364e-03
   1.6992504e-05
  -1.2581813e-03
  -1.6454365e-03
   0.0000000e+00
   0.0000000e+00
  -0.0000000e+00
   5.8750167e-04
   2.5007691e-02
   2.5357699e-02
   2.3334460e-02
   0.0000000e+00
   0.0000000e+00
   0.0000000e+00
   0.0000000e+00
   2.7585858e-03
   9.7119557e-03
   0.0000000e+00
   0.0000000e+00
   1.1903876e-02
   1.1250935e-02
   8.9273702e-03
  -1.4548848e-03
  -1.1050409e-03
   9.7726609e-04
  -1.2648955e-03
  -2.0453434e-03
  -2.8420769e-03
  -3.6850083e-03
  -4.5331837e-03
  -5.6028685e-03
  -6.6847104e-03
  -7.6065390e-03
  -8.3748726e-03
  -9.0176080e-03
  -9.7152588e-03
  -1.0851451e-02
  -1.3248261e-02
  -1.5644234e-02
  -1.0667825e-02
   0.0000000e+00
   0.0000000e+00
  -0.0000000e+00
   3.5646402e-04
   1.8608650e-02
   2.2661416e-02
   2.1278380e-02
   0.0000000e+00
   0.0000000e+00
   0.0000000e+00
   0.0000000e+00
  -6.0470516e-03
   1.9042280e-03
   0.0000000e+00
   0.0000000e+00
   1.2062151e-02
   8.6849620e-03
  -1.0172520e-04
  -3.3381956e-03
  -4.8162377e-03
  -6.8558672e-03
  -4.4932579e-03
  -1.8160684e-03
   8.9136535e-04
   3.0172955e-03
   4.5234197e-03
   4.7869500e-03
   3.8936192e-03
   2.0179190e-03
  -6.4930702e-04
  -3.7359100e-03
  -7.4689845e-03
  -1.1764679e-02
  -1.6265860e-02
  -2.2237108e-02
  -2.5710549e-02
   0.0000000e+00
   0.0000000e+00
  -0.0000000e+00
  -8.0611324e-03
   8.5823448e-03
   0.0000000e+00
   0.0000000e+00
   0.0000000e+00
   0.0000000e+00
   0.0000000e+00
   0.0000000e+00
  -1.3163656e-02
  -4.4510585e-03
   0.0000000e+00
   0.0000000e+00
   2.1331930e-02
   6.7690006e-03
  -1.2050399e-03
  -2.7112640e-03
  -9.8332502e-03
  -1.2538098e-02
  -9.8812301e-03
  -7.7770827e-03
  -3.8166628e-03
  -5.9626804e-04
   1.7682780e-03
   2.2243343e-03
   9.7360869e-04
  -1.7627468e-03
  -5.6242328e-03
  -9.8447530e-03
  -1.4390777e-02
  -1.9049352e-02
  -2.3437291e-02
  -3.0793693e-02
  -4.0551846e-02
   0.0000000e+00
  -0.0000000e+00
  -3.1664383e-02
  -2.0762028e-02
  -1.0991865e-02
   0.0000000e+00
   0.0000000e+00
   0.0000000e+00
   0.0000000e+00
   0.0000000e+00
   0.0000000e+00
  -0.0000000e+00
  -2.2311524e-02
   0.0000000e+00
   0.0000000e+00
   3.5453590e-02
   8.6700059e-03
  -4.5378182e-03
  -0.0000000e+00
  -1.3611587e-02
  -1.7647121e-02
  -1.5671061e-02
  -1.6704140e-02
  -1.3318101e-02
  -9.8750256e-03
  -7.0027774e-03
  -6.4042239e-03
  -7.8540519e-03
  -1.0792171e-02
  -1.4662939e-02
  -1.8182449e-02
  -2.0534644e-02
  -2.1740019e-02
  -2.4905035e-02
  -3.3843078e-02
  -5.2461406e-02
   0.0000000e+00
  -0.0000000e+00
  -3.7003946e-02
  -3.4573134e-02
  -2.9643137e-02
   0.0000000e+00
   0.0000000e+00
   0.0000000e+00
   0.0000000e+00
   0.0000000e+00
   0.0000000e+00
  -0.0000000e+00
  -3.3853521e-02
   0.0000000e+00
   0.0000000e+00
   0.0000000e+00
   0.0000000e+00
  -3.7347052e-03
  -9.4847960e-03
  -1.3599954e-02
  -2.0378904e-02
  -2.3509464e-02
  -2.4770714e-02
  -2.3113398e-02
  -1.9633720e-02
  -1.5309881e-02
  -1.2456761e-02
  -1.2540737e-02
  -1.5222166e-02
  -1.9055469e-02
  -2.1814091e-02
  -2.1702955e-02
  -1.7207988e-02
  -1.5644085e-02
  -2.3384500e-02
  -3.0631432e-02
  -2.0591132e-02
  -2.1896349e-02
  -3.6777295e-02
  -4.6773747e-02
  -4.7917137e-02
   0.0000000e+00
   0.0000000e+00
   0.0000000e+00
   0.0000000e+00
   0.0000000e+00
   0.0000000e+00
  -3.1470478e-02
  -3.9081786e-02
  -3.9586945e-02
   0.0000000e+00
   0.0000000e+00
   0.0000000e+00
   0.0000000e+00
   3.0246504e-04
  -1.1089625e-02
  -1.6884187e-02
  -2.2305680e-02
  -2.6653647e-02
  -2.7146157e-02
  -2.4945416e-02
  -2.0387869e-02
  -1.5297155e-02
  -1.2429484e-02
  -1.3324534e-02
  -1.6390219e-02
  -1.9434178e-02
  -2.0820251e-02
  -1.6575648e-02
  -6.0723091e-03
  -1.0679686e-02
  -1.3417224e-02
  -1.1298719e-02
  -1.5530734e-02
  -2.9774897e-02
  -5.0889879e-02
  -6.0158122e-02
   0.0000000e+00
   0.0000000e+00
   0.0000000e+00
   0.0000000e+00
   0.0000000e+00
  -0.0000000e+00
  -3.0392535e-02
  -4.1904460e-02
  -3.9586940e-02
   0.0000000e+00
   0.0000000e+00
   0.0000000e+00
   0.0000000e+00
   6.4215348e-03
  -6.9860914e-03
  -1.4026605e-02
  -1.9418973e-02
  -2.3326106e-02
  -2.5748827e-02
  -2.5345761e-02
  -2.2027519e-02
  -1.6679905e-02
  -1.1651057e-02
  -9.8988768e-03
  -1.1448299e-02
  -1.4836247e-02
  -1.8651178e-02
  -2.0205218e-02
  -1.1245587e-02
  -0.0000000e+00
  -4.0072026e-03
  -4.2270212e-03
  -8.4870784e-03
  -2.0298043e-02
  -4.3921139e-02
  -6.5069787e-02
   0.0000000e+00
   0.0000000e+00
   0.0000000e+00
   0.0000000e+00
   0.0000000e+00
  -0.0000000e+00
  -2.5240503e-02
  -4.0014980e-02
   0.0000000e+00
   0.0000000e+00
   0.0000000e+00
   0.0000000e+00
   0.0000000e+00
   1.3537765e-02
  -8.2424178e-04
  -8.4970882e-03
  -1.3106238e-02
  -1.7449154e-02
  -2.0928359e-02
  -2.1899352e-02
  -1.9957233e-02
  -1.5711097e-02
  -1.0666726e-02
  -7.2455807e-03
  -6.9815405e-03
  -1.0036311e-02
  -1.5383942e-02
  -2.1284692e-02
  -2.2777665e-02
   0.0000000e+00
   5.8800966e-04
   1.5447635e-05
  -3.2457563e-03
  -1.1414877e-02
  -2.9326400e-02
  -5.4133113e-02
   0.0000000e+00
   0.0000000e+00
   0.0000000e+00
  -0.0000000e+00
  -0.0000000e+00
  -0.0000000e+00
  -1.6217133e-02
  -3.8934539e-02
  -4.5710141e-02
   0.0000000e+00
   0.0000000e+00
   0.0000000e+00
   0.0000000e+00
   1.7460266e-02
   6.1945571e-03
  -1.4642061e-03
  -6.0699163e-03
  -1.0563035e-02
  -1.4251699e-02
  -1.5837284e-02
  -1.4755876e-02
  -1.1284286e-02
  -7.3110177e-03
  -4.0977928e-03
  -2.9890446e-03
  -5.8240658e-03
  -1.2883376e-02
  -2.0852453e-02
  -4.7584851e-03
   1.4803686e-02
   2.8992705e-03
   4.1233646e-03
   1.3537611e-03
  -4.3669520e-03
  -1.5834183e-02
  -3.4596261e-02
   0.0000000e+00
   0.0000000e+00
  -0.0000000e+00
  -1.6618836e-02
  -1.0997521e-02
  -1.8628898e-03
  -1.0538868e-02
  -3.1600147e-02
  -4.5710141e-02
   0.0000000e+00
   0.0000000e+00
   0.0000000e+00
   0.0000000e+00
   1.4163872e-02
   1.1516487e-02
   5.8048912e-03
   8.8589790e-04
  -3.9227791e-03
  -7.6492946e-03
  -9.3697999e-03
  -8.6425040e-03
  -5.3002378e-03
  -2.1137288e-03
   1.9825474e-04
   8.0194627e-04
  -2.3456076e-03
  -1.1215389e-02
  -2.1905560e-02
   0.0000000e+00
   1.8606247e-02
   4.8810719e-03
   8.4709851e-03
   6.5368195e-03
   1.2623165e-03
  -6.9390647e-03
  -2.1442171e-02
  -2.9604492e-02
   0.0000000e+00
  -0.0000000e+00
  -9.9226357e-03
  -6.8749189e-03
  -3.6142719e-03
  -9.2991227e-03
  -1.7293045e-02
   0.0000000e+00
   0.0000000e+00
   0.0000000e+00
   0.0000000e+00
   0.0000000e+00
   3.9941892e-03
   1.1006891e-02
   1.2151676e-02
   8.4683616e-03
   3.9314898e-03
   5.5951939e-04
  -4.6229805e-04
   6.5452832e-04
   4.0303040e-03
   7.0697600e-03
   8.0025317e-03
   6.4867944e-03
   1.7227188e-03
  -9.4890343e-03
  -1.8493724e-02
   0.0000000e+00
   2.0536855e-02
   1.3706410e-02
   1.5390270e-02
   1.3453913e-02
   8.5391430e-03
   2.0721769e-03
  -7.9243230e-03
  -1.4629592e-02
  -5.7905001e-03
  -4.7693081e-03
   0.0000000e+00
  -3.5611114e-03
  -4.8441714e-03
  -4.0777025e-03
  -8.4993739e-03
   0.0000000e+00
   0.0000000e+00
   0.0000000e+00
   0.0000000e+00
   0.0000000e+00
  -1.0009003e-03
   6.4871139e-03
   1.0187240e-02
   9.0481172e-03
   7.0798816e-03
   5.8282525e-03
   6.2005480e-03
   7.9470538e-03
   1.0986414e-02
   1.4487908e-02
   1.4922743e-02
   1.1552155e-02
   4.3558054e-03
  -8.8610090e-03
  -1.4765421e-02
   0.0000000e+00
   0.0000000e+00
   0.0000000e+00
   0.0000000e+00
   1.6277712e-02
   1.3534227e-02
   8.7072504e-03
   1.0282289e-03
  -8.6144568e-03
  -0.0000000e+00
  -0.0000000e+00
   0.0000000e+00
  -3.8011746e-03
  -1.9883527e-03
  -1.5810817e-03
  -6.0242933e-03
   0.0000000e+00
   0.0000000e+00
   0.0000000e+00
   0.0000000e+00
  -0.0000000e+00
  -3.0629157e-03
   1.2697029e-03
   3.0857653e-03
   5.5016549e-03
   7.8930389e-03
   9.6454639e-03
   1.1363990e-02
   1.3616964e-02
   1.5690597e-02
   1.8966660e-02
   1.9162146e-02
   1.4840943e-02
   5.0062924e-03
  -7.5931149e-03
   0.0000000e+00
   0.0000000e+00
   0.0000000e+00
   0.0000000e+00
   0.0000000e+00
   1.4207315e-02
   1.5044680e-02
   1.3137988e-02
   9.7851763e-03
   5.0341214e-03
   0.0000000e+00
   0.0000000e+00
   0.0000000e+00
  -2.8940970e-03
   0.0000000e+00
   0.0000000e+00
   0.0000000e+00
   0.0000000e+00
   0.0000000e+00
   0.0000000e+00
   0.0000000e+00
   0.0000000e+00
   0.0000000e+00
   0.0000000e+00
  -9.6963590e-04
   2.3181800e-03
   6.5507386e-03
   9.3488060e-03
   1.1907978e-02
   1.4251614e-02
   1.5869696e-02
   1.8172682e-02
   1.7474430e-02
   1.3163022e-02
   3.2174763e-03
  -6.2638601e-03
   0.0000000e+00
   0.0000000e+00
   0.0000000e+00
   0.0000000e+00
   0.0000000e+00
   0.0000000e+00
   1.0040536e-02
   1.0795029e-02
   1.1497980e-02
   1.0865501e-02
   8.6355080e-03
   0.0000000e+00
   0.0000000e+00
  -0.0000000e+00
  -0.0000000e+00
  -0.0000000e+00
   0.0000000e+00
   0.0000000e+00
   0.0000000e+00
   0.0000000e+00
   0.0000000e+00
   0.0000000e+00
   0.0000000e+00
   0.0000000e+00
  -1.1524976e-02
  -4.7965357e-03
   7.6993383e-04
   4.9973534e-03
   8.6449748e-03
   1.1438359e-02
   1.2456037e-02
   1.3935692e-02
   1.2681515e-02
   8.7662962e-03
   1.8486369e-03
  -2.1528641e-03
   0.0000000e+00
   0.0000000e+00
   0.0000000e+00
   0.0000000e+00
   0.0000000e+00
   0.0000000e+00
   0.0000000e+00
   3.9121918e-03
   7.9029649e-03
   1.0135606e-02
   1.0165153e-02
   0.0000000e+00
   0.0000000e+00
   0.0000000e+00
  -0.0000000e+00
   0.0000000e+00
   0.0000000e+00
   0.0000000e+00
   0.0000000e+00
   0.0000000e+00
   0.0000000e+00
   0.0000000e+00
   0.0000000e+00
   0.0000000e+00
  -2.2674160e-02
  -1.3797426e-02
  -8.4390277e-03
  -3.0692141e-03
   2.2178592e-03
   6.2193177e-03
   7.0300964e-03
   7.4015506e-03
   6.3766502e-03
   2.7640348e-03
  -2.4427839e-04
   1.3141395e-04
   0.0000000e+00
   0.0000000e+00
   0.0000000e+00
   0.0000000e+00
   0.0000000e+00
   0.0000000e+00
  -0.0000000e+00
  -3.8676952e-03
   1.5351778e-03
   3.8485088e-03
   6.7707574e-03
   0.0000000e+00
   0.0000000e+00
   0.0000000e+00
   0.0000000e+00
   0.0000000e+00
   0.0000000e+00
   0.0000000e+00
   0.0000000e+00
   0.0000000e+00
   0.0000000e+00
   0.0000000e+00
   0.0000000e+00
   0.0000000e+00
  -2.5116957e-02
  -1.9278927e-02
  -1.4346100e-02
  -1.1869212e-02
  -5.5935266e-03
  -1.1655269e-03
   6.2564842e-04
   1.7742565e-04
  -1.0492261e-03
  -2.0351335e-03
  -1.9309659e-03
   2.4965922e-03
   0.0000000e+00
   0.0000000e+00
   0.0000000e+00
  -0.0000000e+00
  -0.0000000e+00
   0.0000000e+00
  -0.0000000e+00
  -1.3937298e-02
  -0.0000000e+00
  -1.8914104e-04
   2.9028879e-03
   5.3461710e-03
   0.0000000e+00
   0.0000000e+00
   0.0000000e+00
   0.0000000e+00
   0.0000000e+00
   0.0000000e+00
   0.0000000e+00
   0.0000000e+00
   0.0000000e+00
   0.0000000e+00
   0.0000000e+00
   0.0000000e+00
   0.0000000e+00
   0.0000000e+00
   0.0000000e+00
  -0.0000000e+00
  -1.0566261e-02
  -0.0000000e+00
  -0.0000000e+00
  -0.0000000e+00
  -0.0000000e+00
  -0.0000000e+00
   0.0000000e+00
   0.0000000e+00
   0.0000000e+00
   0.0000000e+00
   0.0000000e+00
  -0.0000000e+00
  -0.0000000e+00
   0.0000000e+00
  -0.0000000e+00
  -0.0000000e+00
   0.0000000e+00
   0.0000000e+00
   0.0000000e+00
   3.7997076e-03
   4.8396884e-03
   3.4298648e-03
   2.6571708e-03
   3.4336209e-03
   2.6768212e-03
   6.6907990e-03
   0.0000000e+00
   0.0000000e+00
   0.0000000e+00
   4.0012712e-03
   2.7906899e-03
   1.0889950e-03
   1.3979634e-03
   2.0718964e-03
   2.3633464e-03
   1.9844297e-03
   1.7746393e-03
  -4.8580597e-03
  -3.8079779e-04
   8.3129465e-04
   1.1389712e-03
   1.3186930e-03
   1.2924873e-03
   2.4962865e-03
   2.5221310e-03
   1.4205229e-03
   8.5495832e-05
  -1.3261283e-03
  -2.8185609e-03
  -3.5987697e-03
  -8.6048355e-03
  -5.7443697e-03
  -3.8684095e-03
  -3.6762549e-03
  -3.0000051e-03
  -1.4060061e-03
   3.5457022e-04
   1.1990097e-03
   1.3141234e-03
   1.5143956e-03
   3.7440905e-03
   6.1023731e-03
   5.1139418e-03
   4.9111677e-03
   3.4606228e-03
