   0.0000000e+00
   0.0000000e+00
   0.0000000e+00
   0.0000000e+00
   0.0000000e+00
   0.0000000e+00
   1.0928290e-01
   5.7583721e-02
   3.3212151e-02
   3.1867981e-02
   2.4309957e-02
   0.0000000e+00
   0.0000000e+00
   0.0000000e+00
   0.0000000e+00
   1.7714470e-03
   1.4658415e-03
   6.0361923e-03
   0.0000000e+00
   0.0000000e+00
   1.0760624e-02
  -2.0643561e-02
  -9.4711773e-02
   0.0000000e+00
   0.0000000e+00
   0.0000000e+00
   0.0000000e+00
   0.0000000e+00
   0.0000000e+00
   0.0000000e+00
   0.0000000e+00
   0.0000000e+00
   0.0000000e+00
   0.0000000e+00
   0.0000000e+00
   0.0000000e+00
   0.0000000e+00
   0.0000000e+00
   0.0000000e+00
   1.1773079e-01
   6.6332994e-02
   3.4570931e-02
   3.7234596e-02
   2.7157689e-02
   1.8125031e-02
   1.3527294e-02
   9.6985791e-03
   6.4289157e-03
   6.8518140e-03
   7.8691093e-03
   8.6270277e-03
   7.8026493e-03
   3.6691129e-03
   1.1079132e-03
  -3.3272409e-03
  -0.0000000e+00
  -4.1096724e-03
  -6.8711014e-03
  -1.4710582e-02
  -1.4757229e-02
  -1.3633412e-02
  -1.2949233e-02
  -6.9598506e-04
   6.6542439e-03
   1.1360831e-02
  -5.7513941e-03
   0.0000000e+00
   0.0000000e+00
   3.1925711e-02
   6.7228839e-03
   0.0000000e+00
   0.0000000e+00
   2.7441731e-03
   4.9162271e-03
   1.5853966e-02
   2.9363602e-02
   2.8400062e-02
   2.3593234e-02
   1.8384196e-02
   1.0053695e-02
   5.9193280e-04
  -3.2053814e-03
  -2.4883130e-03
  -6.3439633e-04
   6.4780026e-04
   1.2432612e-03
   1.0649574e-03
  -1.7708107e-04
  -3.9733271e-03
  -9.9057974e-03
  -1.4474748e-02
  -1.7252838e-02
  -9.3087555e-03
  -5.5425677e-03
  -1.7133459e-03
   1.4671168e-03
   1.7398227e-03
   1.3449847e-03
   1.5310441e-03
   2.8764409e-03
   2.9049420e-03
  -5.3419229e-04
   3.0294954e-03
   1.8370911e-02
   2.1327937e-02
   1.1126978e-02
   6.2939855e-03
   4.2314119e-03
  -1.9331162e-02
  -1.6584652e-02
  -6.5168673e-03
   4.4892779e-03
   1.0604422e-02
   8.2323588e-03
   6.2504003e-03
  -4.3408656e-03
  -1.3408916e-02
  -1.4372307e-02
  -1.2511547e-02
  -7.8967893e-03
  -8.1829456e-03
  -9.4361342e-03
  -1.0567873e-02
  -1.2923053e-02
  -1.7423866e-02
  -2.4047781e-02
  -3.1179672e-02
  -2.9764213e-02
  -9.8603144e-03
  -7.7917171e-03
  -4.5620932e-04
   3.8159147e-03
   1.6993144e-03
  -3.3276614e-03
  -8.1162862e-03
  -1.2655225e-02
  -1.3181997e-02
  -8.9502921e-03
  -2.5743820e-03
   4.1328431e-03
   4.9801138e-03
   2.9607554e-03
  -1.8973595e-03
  -1.3506330e-02
  -3.2906818e-02
  -0.0000000e+00
  -0.0000000e+00
  -0.0000000e+00
  -0.0000000e+00
   5.3562601e-03
  -1.0958859e-03
  -1.1254038e-02
  -1.6960349e-02
  -1.7415633e-02
  -1.6314082e-02
  -1.1445621e-02
  -1.5009283e-02
  -1.8454866e-02
  -1.9553714e-02
  -2.1862898e-02
  -2.5941849e-02
  -3.1294342e-02
  -3.5324455e-02
  -0.0000000e+00
  -1.0266576e-02
  -1.1016468e-02
  -8.7664544e-04
   2.6483140e-03
  -2.8313820e-03
  -1.0400946e-02
  -1.8661015e-02
  -2.4725148e-02
  -2.2515688e-02
  -1.5848750e-02
  -9.3791988e-03
  -5.0480799e-03
  -5.6085638e-03
  -5.3862110e-03
  -1.3791035e-02
  -2.7385917e-02
  -0.0000000e+00
   0.0000000e+00
   0.0000000e+00
   0.0000000e+00
   0.0000000e+00
   1.8144883e-03
  -5.7773234e-03
  -1.0814179e-02
  -1.6671575e-02
  -2.0323518e-02
  -1.8886223e-02
  -1.5298683e-02
  -1.9351029e-02
  -2.1369198e-02
  -2.1500693e-02
  -2.2684676e-02
  -2.4980456e-02
  -2.7644750e-02
  -2.5458891e-02
  -0.0000000e+00
  -1.3558524e-02
  -1.0722260e-02
  -7.2681761e-04
  -5.8869155e-05
  -8.2370247e-03
  -1.6547350e-02
  -2.5848857e-02
  -2.7516736e-02
  -1.9577072e-02
  -1.1951090e-02
  -8.5457926e-03
  -7.8574773e-03
  -8.6586987e-03
  -1.0366309e-02
  -2.1303675e-02
  -2.9180745e-02
  -0.0000000e+00
   0.0000000e+00
   0.0000000e+00
   0.0000000e+00
   0.0000000e+00
  -1.2170713e-03
  -5.1587187e-03
  -7.4130748e-03
  -1.2972980e-02
  -1.9880209e-02
  -1.9558197e-02
  -1.7640974e-02
  -1.8477954e-02
  -1.7576441e-02
  -1.6937355e-02
  -1.7783374e-02
  -1.8959405e-02
  -1.8401343e-02
  -1.1050588e-02
  -0.0000000e+00
  -0.0000000e+00
  -8.4657018e-03
  -1.4090606e-03
  -4.4871634e-03
  -1.2768637e-02
  -1.9420682e-02
  -2.3314806e-02
  -1.7351884e-02
  -7.6619908e-03
  -1.5683756e-03
  -3.4496959e-03
  -5.8594048e-03
  -8.4205810e-03
  -1.4146168e-02
  -2.1376027e-02
  -1.9488145e-02
   0.0000000e+00
   0.0000000e+00
   0.0000000e+00
   0.0000000e+00
   0.0000000e+00
   2.7129544e-03
  -1.8049184e-04
  -7.2747394e-03
  -1.5251996e-02
  -1.7870515e-02
  -1.5646320e-02
  -1.3370087e-02
  -1.1515940e-02
  -1.0306047e-02
  -1.0344462e-02
  -1.1383310e-02
  -1.1538702e-02
  -6.9416780e-03
   1.0361627e-02
   0.0000000e+00
   0.0000000e+00
  -7.9185859e-03
  -4.7733565e-03
  -8.6412933e-03
  -1.2244641e-02
  -1.3613124e-02
  -5.9922235e-03
  -0.0000000e+00
  -1.0814889e-03
   1.1189643e-04
  -3.5620490e-03
  -6.5294295e-03
  -9.8243356e-03
  -1.4037513e-02
  -1.4124897e-02
  -2.5931061e-03
   2.6805447e-02
   0.0000000e+00
   0.0000000e+00
   0.0000000e+00
   0.0000000e+00
   3.1510417e-03
  -4.3069134e-03
  -9.7316988e-03
  -1.1986250e-02
  -1.0805077e-02
  -8.0200247e-03
  -6.0651451e-03
  -4.3776515e-03
  -4.1121333e-03
  -4.8714415e-03
  -5.5454425e-03
  -4.4052661e-03
   3.3373563e-03
   2.8809143e-02
   0.0000000e+00
   0.0000000e+00
  -0.0000000e+00
  -1.1533206e-02
  -1.0182511e-02
  -6.9818068e-03
  -1.6795397e-03
   1.9267624e-02
   0.0000000e+00
   0.0000000e+00
   2.1941965e-03
   1.5552857e-04
  -4.8464914e-03
  -6.7915027e-03
  -7.2919652e-03
  -3.7280198e-03
   1.1657027e-02
   2.9901257e-02
   2.3321383e-02
   0.0000000e+00
   0.0000000e+00
   6.1801399e-03
   2.5404105e-03
  -1.8515046e-03
  -3.4405710e-03
  -3.7964887e-03
  -2.6987491e-03
  -6.9297804e-04
   5.1000912e-04
   1.3458475e-03
   9.2462869e-04
  -3.7062325e-04
  -4.3058404e-04
   2.1194620e-03
   1.2242023e-02
   4.1856788e-02
   0.0000000e+00
   0.0000000e+00
  -0.0000000e+00
  -1.6675033e-02
  -8.9212293e-03
  -9.7339507e-06
   1.1259492e-02
   3.9793892e-02
   0.0000000e+00
   0.0000000e+00
   5.7043576e-03
   2.0210487e-03
  -1.5479407e-03
  -5.0887116e-04
   9.5278735e-04
   6.0572051e-03
   2.0997800e-02
   3.2706726e-02
   2.3496234e-02
   1.8764191e-02
   0.0000000e+00
   6.4778686e-03
   5.4221558e-03
   4.4612637e-03
   3.1076472e-03
   1.9805836e-03
   2.3430276e-03
   3.5250438e-03
   4.3783500e-03
   4.5822625e-03
   3.7155023e-03
   2.2322307e-03
   3.1956666e-03
   7.2211856e-03
   1.9887043e-02
   4.6039036e-02
   0.0000000e+00
   0.0000000e+00
  -0.0000000e+00
  -2.2975625e-02
  -6.2552495e-03
   6.6996577e-03
   2.3363519e-02
   5.8374435e-02
   0.0000000e+00
   0.0000000e+00
   1.1323082e-02
  -6.1438652e-04
   2.1102424e-03
   5.3872550e-03
   7.7607408e-03
   1.4165343e-02
   2.6600573e-02
   3.4702342e-02
   2.8842693e-02
   2.0717131e-02
   0.0000000e+00
   7.7026046e-03
   9.1906087e-03
   7.7615930e-03
   5.7211798e-03
   3.9055427e-03
   4.1748332e-03
   5.3370195e-03
   6.0847704e-03
   5.7732742e-03
   4.5660250e-03
   4.0966673e-03
   6.6247755e-03
   1.2918857e-02
   2.8123165e-02
   4.6418771e-02
   0.0000000e+00
   0.0000000e+00
   0.0000000e+00
  -0.0000000e+00
  -1.2588324e-03
   1.4064663e-02
   3.6157247e-02
   7.0159078e-02
   0.0000000e+00
   0.0000000e+00
   0.0000000e+00
   0.0000000e+00
   7.7041206e-03
   1.0875634e-02
   1.4981895e-02
   2.2664845e-02
   3.1550638e-02
   3.6971483e-02
   3.1828366e-02
   2.3110849e-02
   0.0000000e+00
   9.1625955e-03
   8.6459368e-03
   6.6682198e-03
   4.0966570e-03
   2.8468110e-03
   3.9085848e-03
   5.5687330e-03
   6.0358327e-03
   5.5592651e-03
   4.9492368e-03
   6.4586010e-03
   1.0791266e-02
   1.9629279e-02
   3.6635943e-02
   5.3804439e-02
   0.0000000e+00
   0.0000000e+00
   0.0000000e+00
  -0.0000000e+00
   5.7486715e-03
   2.1670351e-02
   4.5629747e-02
   6.9094022e-02
   0.0000000e+00
   0.0000000e+00
   0.0000000e+00
   0.0000000e+00
   1.5084766e-02
   1.5958805e-02
   2.1598028e-02
   2.9518727e-02
   3.5564896e-02
   3.7188947e-02
   3.1055478e-02
   1.7828088e-02
   5.5496164e-03
   8.5576638e-03
   4.6363990e-03
   2.7174945e-03
   1.2893472e-03
   1.9249993e-03
   3.8321831e-03
   5.3200866e-03
   5.5283648e-03
   5.5949213e-03
   6.8946732e-03
   1.0947270e-02
   1.7624283e-02
   2.8664103e-02
   4.6380669e-02
   5.0325422e-02
   0.0000000e+00
   0.0000000e+00
   0.0000000e+00
   0.0000000e+00
   1.6086843e-02
   3.1183440e-02
   5.1473614e-02
   5.9034497e-02
   0.0000000e+00
   0.0000000e+00
   0.0000000e+00
   2.2305217e-02
   2.2582952e-02
   2.1408398e-02
   2.7434684e-02
   3.4388117e-02
   3.8026728e-02
   3.0861434e-02
   2.3063038e-02
   8.8676354e-03
   2.1225072e-03
   3.0188067e-03
   2.0024691e-04
  -3.5305979e-04
   4.3601339e-04
   2.3322653e-03
   4.4081523e-03
   5.5988585e-03
   6.4128297e-03
   7.8890081e-03
   1.1138525e-02
   1.6803896e-02
   2.4317889e-02
   3.4699649e-02
   4.7848858e-02
   5.0449289e-02
   0.0000000e+00
   0.0000000e+00
   0.0000000e+00
   0.0000000e+00
   2.6198011e-02
   3.7979636e-02
   4.9943503e-02
   4.6213865e-02
   0.0000000e+00
   0.0000000e+00
   0.0000000e+00
   2.1454769e-02
   2.6954548e-02
   2.4027860e-02
   2.9040879e-02
   3.4127258e-02
   3.5190195e-02
   1.9879365e-02
   1.6992397e-02
   2.2931218e-03
  -2.6130909e-03
  -3.7793450e-03
  -4.4639939e-03
  -3.8856165e-03
  -2.3229267e-03
  -1.2247467e-04
   2.1667751e-03
   4.2543807e-03
   7.0766164e-03
   1.0833345e-02
   1.5681379e-02
   2.1780504e-02
   2.8387170e-02
   3.5479650e-02
   3.9720103e-02
   0.0000000e+00
   0.0000000e+00
   0.0000000e+00
   0.0000000e+00
   0.0000000e+00
   3.2456216e-02
   3.9310683e-02
   4.3180048e-02
   3.2647351e-02
   0.0000000e+00
   0.0000000e+00
   0.0000000e+00
   2.4664003e-02
   2.5197906e-02
   2.1986840e-02
   2.5260491e-02
   2.8168462e-02
   2.6126472e-02
   1.2877717e-02
   0.0000000e+00
  -4.2693715e-03
  -6.6444105e-03
  -8.5868593e-03
  -1.0010142e-02
  -1.0526321e-02
  -1.0414492e-02
  -9.6650161e-03
  -7.8751538e-03
  -4.5571518e-03
   9.7171630e-04
   7.3965755e-03
   1.3850048e-02
   2.0151574e-02
   2.5591025e-02
   2.9351944e-02
   2.7036823e-02
   0.0000000e+00
   0.0000000e+00
   0.0000000e+00
   0.0000000e+00
   0.0000000e+00
   3.4338960e-02
   3.5206933e-02
   3.3348631e-02
   0.0000000e+00
   0.0000000e+00
   0.0000000e+00
   0.0000000e+00
   2.1684502e-02
   2.0126844e-02
   1.5666723e-02
   1.6760873e-02
   1.7615898e-02
   1.3883419e-02
   0.0000000e+00
   0.0000000e+00
  -7.1281381e-03
  -7.8403647e-03
  -1.0714555e-02
  -1.2749468e-02
  -1.4039362e-02
  -1.5178332e-02
  -1.5766883e-02
  -1.4871385e-02
  -1.1925607e-02
  -6.3494169e-03
   3.4334862e-04
   6.8395776e-03
   1.2018739e-02
   1.5070457e-02
   1.6472712e-02
   1.4560245e-02
   0.0000000e+00
   0.0000000e+00
   0.0000000e+00
   0.0000000e+00
   1.1046957e-02
   2.9104514e-02
   2.5268383e-02
   2.2229236e-02
   0.0000000e+00
   0.0000000e+00
   0.0000000e+00
   0.0000000e+00
   1.6580462e-02
   1.4848775e-02
   9.4210813e-03
   9.6240115e-03
   9.0615023e-03
   3.9800419e-03
   0.0000000e+00
   0.0000000e+00
  -4.7420554e-03
  -3.3397994e-03
  -4.2951996e-03
  -4.6839747e-03
  -4.8803552e-03
  -5.1018936e-03
  -5.3160419e-03
  -5.0346628e-03
  -3.5998253e-03
  -2.1321280e-04
   4.5891060e-03
   9.8155625e-03
   1.3268223e-02
   1.3142775e-02
   1.0335258e-02
   5.7118577e-03
  -2.8725190e-04
   0.0000000e+00
   0.0000000e+00
  -0.0000000e+00
   9.6948147e-03
   2.0992236e-02
   1.7611580e-02
   1.6625790e-02
   0.0000000e+00
   0.0000000e+00
   0.0000000e+00
   0.0000000e+00
   1.4096191e-02
   1.3928019e-02
   7.6576381e-03
   9.9045436e-03
   6.6195074e-03
  -7.6988586e-04
   0.0000000e+00
   0.0000000e+00
  -1.5343349e-03
  -2.5124430e-04
  -4.3061829e-04
   1.2427595e-04
   1.0883036e-03
   2.1511666e-03
   2.7917315e-03
   3.0595923e-03
   3.7052964e-03
   5.7243060e-03
   9.5107626e-03
   1.4876649e-02
   1.8470642e-02
   1.4221615e-02
   4.3671500e-03
  -4.8358828e-03
  -5.4990009e-03
   0.0000000e+00
   0.0000000e+00
  -1.1132309e-02
   3.1550165e-03
   1.1155191e-02
   1.2899520e-02
   0.0000000e+00
   0.0000000e+00
   0.0000000e+00
   0.0000000e+00
   0.0000000e+00
   0.0000000e+00
   1.4383847e-02
   5.5285771e-03
   0.0000000e+00
   7.2293770e-03
  -4.6983738e-03
   0.0000000e+00
  -3.4065957e-02
  -2.7093649e-03
  -6.5207267e-03
  -9.4343368e-03
  -1.1330167e-02
  -1.1561050e-02
  -1.0472403e-02
  -9.2143975e-03
  -9.0217441e-03
  -9.6993335e-03
  -1.0142745e-02
  -8.5658059e-03
  -3.5816180e-03
   3.5546478e-03
   3.2998417e-03
  -5.7498319e-03
  -1.6258245e-02
  -2.0590629e-02
   0.0000000e+00
  -0.0000000e+00
  -1.9288240e-02
  -1.4237861e-02
  -5.0909463e-03
   0.0000000e+00
   0.0000000e+00
   0.0000000e+00
   0.0000000e+00
   0.0000000e+00
   0.0000000e+00
   0.0000000e+00
   2.0200610e-02
   4.9554259e-03
   0.0000000e+00
   0.0000000e+00
  -0.0000000e+00
   0.0000000e+00
  -3.2378484e-02
  -9.5683370e-03
  -1.2141138e-02
  -1.6089229e-02
  -2.0653997e-02
  -2.3628745e-02
  -2.4374966e-02
  -2.3669844e-02
  -2.3733528e-02
  -2.5400130e-02
  -2.8288029e-02
  -3.0082116e-02
  -2.7567020e-02
  -1.6712470e-02
  -5.4875454e-03
  -8.1466902e-03
  -1.9196390e-02
  -2.4501514e-02
  -1.2200210e-02
  -2.0373524e-02
  -2.4694111e-02
  -2.8573792e-02
  -2.1904811e-02
  -0.0000000e+00
   0.0000000e+00
   0.0000000e+00
   0.0000000e+00
   0.0000000e+00
   0.0000000e+00
   0.0000000e+00
   3.1508022e-02
   6.7046992e-03
   0.0000000e+00
   0.0000000e+00
   0.0000000e+00
   0.0000000e+00
  -3.1547129e-02
  -1.7423259e-02
  -1.4344947e-02
  -1.6153131e-02
  -2.1399302e-02
  -2.6287105e-02
  -2.8660486e-02
  -2.7996704e-02
  -2.7365280e-02
  -2.9442156e-02
  -3.4692485e-02
  -4.0112175e-02
  -4.1692600e-02
  -3.1574946e-02
  -1.1329459e-02
  -5.4862568e-03
  -0.0000000e+00
  -1.4470512e-02
  -1.1836939e-02
  -1.8629961e-02
  -2.5855595e-02
  -3.5967372e-02
  -4.2300880e-02
   0.0000000e+00
   0.0000000e+00
   0.0000000e+00
   0.0000000e+00
   0.0000000e+00
   0.0000000e+00
   0.0000000e+00
   4.1748899e-02
   1.4375970e-02
   0.0000000e+00
   0.0000000e+00
   0.0000000e+00
   0.0000000e+00
  -3.0459506e-02
  -2.4431441e-02
  -1.5774444e-02
  -1.3591615e-02
  -1.8014079e-02
  -2.3691350e-02
  -2.7023153e-02
  -2.5615616e-02
  -2.2584894e-02
  -2.3164060e-02
  -2.9430656e-02
  -3.8192134e-02
  -4.4785276e-02
  -3.9591450e-02
  -1.5481577e-02
  -0.0000000e+00
  -0.0000000e+00
  -8.9484106e-03
  -8.5281506e-03
  -1.4158378e-02
  -2.2054496e-02
  -3.7092175e-02
  -5.4528644e-02
   0.0000000e+00
   0.0000000e+00
   0.0000000e+00
   0.0000000e+00
   0.0000000e+00
   0.0000000e+00
   0.0000000e+00
   0.0000000e+00
   0.0000000e+00
   0.0000000e+00
   0.0000000e+00
   0.0000000e+00
   0.0000000e+00
  -2.3618471e-02
  -2.3922317e-02
  -1.6816009e-02
  -1.0993525e-02
  -1.3032967e-02
  -1.8382631e-02
  -2.2732476e-02
  -2.2414016e-02
  -1.7391736e-02
  -1.4187197e-02
  -1.8505050e-02
  -2.8431889e-02
  -3.9682627e-02
  -4.2331804e-02
  -2.3305744e-02
   0.0000000e+00
  -6.4764931e-03
  -4.6626115e-03
  -3.8016960e-03
  -8.3737578e-03
  -1.6260622e-02
  -3.1978745e-02
  -5.7148019e-02
   0.0000000e+00
   0.0000000e+00
   0.0000000e+00
   0.0000000e+00
   0.0000000e+00
   0.0000000e+00
   0.0000000e+00
   0.0000000e+00
   0.0000000e+00
   0.0000000e+00
   0.0000000e+00
   0.0000000e+00
   0.0000000e+00
  -0.0000000e+00
  -1.7695569e-02
  -1.3710403e-02
  -7.9453215e-03
  -7.9637757e-03
  -1.2437838e-02
  -1.7096370e-02
  -1.8686015e-02
  -1.4716262e-02
  -9.2829894e-03
  -1.0317575e-02
  -1.9976351e-02
  -3.4512557e-02
  -4.3674625e-02
  -3.5137951e-02
   0.0000000e+00
   2.8045222e-03
  -2.9301755e-03
  -9.3751971e-04
  -4.2045549e-03
  -1.1040977e-02
  -2.4412198e-02
  -5.2356444e-02
  -0.0000000e+00
   0.0000000e+00
   0.0000000e+00
   0.0000000e+00
   0.0000000e+00
   0.0000000e+00
   0.0000000e+00
   0.0000000e+00
   0.0000000e+00
   0.0000000e+00
   0.0000000e+00
   0.0000000e+00
   0.0000000e+00
   0.0000000e+00
  -9.4258709e-03
  -5.1828263e-03
  -1.1731145e-03
  -9.8965049e-04
  -4.9579259e-03
  -9.2754614e-03
  -1.1353487e-02
  -9.1788329e-03
  -4.6483161e-03
  -3.3139913e-03
  -1.2292388e-02
  -3.0835375e-02
  -4.5407569e-02
  -0.0000000e+00
   0.0000000e+00
   9.3838218e-03
  -5.2717498e-04
   3.5629364e-03
   4.2154961e-04
  -5.2939638e-03
  -1.5446950e-02
  -4.0687061e-02
  -5.5532494e-02
   0.0000000e+00
   0.0000000e+00
   0.0000000e+00
   0.0000000e+00
   0.0000000e+00
   0.0000000e+00
   0.0000000e+00
   0.0000000e+00
   0.0000000e+00
   0.0000000e+00
   0.0000000e+00
   0.0000000e+00
   0.0000000e+00
  -6.3336156e-03
  -5.9098238e-04
   6.7088483e-03
   7.0459722e-03
   2.7409841e-03
  -1.4402933e-03
  -2.2522069e-03
   2.1248173e-04
   3.0619877e-03
   3.7244575e-03
  -4.9664057e-03
  -2.7641913e-02
  -4.6725529e-02
  -0.0000000e+00
   0.0000000e+00
   0.0000000e+00
   1.0009264e-02
   1.1163124e-02
   6.4627742e-03
   5.3219160e-04
  -7.1428050e-03
  -2.6783768e-02
  -4.8254590e-02
   0.0000000e+00
   0.0000000e+00
  -0.0000000e+00
  -0.0000000e+00
   0.0000000e+00
   0.0000000e+00
   0.0000000e+00
   0.0000000e+00
   0.0000000e+00
   0.0000000e+00
   0.0000000e+00
   0.0000000e+00
   0.0000000e+00
  -6.7594717e-03
  -8.5176268e-03
   5.5514802e-03
   1.0220113e-02
   7.5412765e-03
   4.5237415e-03
   6.3630720e-03
   1.1489657e-02
   1.4761637e-02
   1.3690645e-02
   4.3191793e-03
  -2.2307595e-02
  -0.0000000e+00
   0.0000000e+00
   0.0000000e+00
   0.0000000e+00
   0.0000000e+00
   1.8568894e-02
   1.3226073e-02
   7.4235699e-03
   1.1161481e-03
  -1.2897895e-02
  -2.9916348e-02
   0.0000000e+00
   0.0000000e+00
  -0.0000000e+00
  -0.0000000e+00
   0.0000000e+00
   0.0000000e+00
   0.0000000e+00
   0.0000000e+00
   0.0000000e+00
   0.0000000e+00
   0.0000000e+00
   0.0000000e+00
   0.0000000e+00
   0.0000000e+00
  -1.4180078e-02
  -1.8872217e-03
   7.8363298e-03
   9.1687579e-03
   8.4262853e-03
   1.1838271e-02
   1.9526150e-02
   2.4959462e-02
   2.4182115e-02
   1.4303154e-02
  -1.4344567e-02
  -0.0000000e+00
   0.0000000e+00
   0.0000000e+00
   0.0000000e+00
   0.0000000e+00
   2.1416320e-02
   1.7691676e-02
   1.3498507e-02
   8.2186824e-03
  -1.6372174e-03
  -1.8845215e-02
   0.0000000e+00
  -0.0000000e+00
  -0.0000000e+00
  -0.0000000e+00
   0.0000000e+00
   0.0000000e+00
   0.0000000e+00
   0.0000000e+00
   0.0000000e+00
   0.0000000e+00
   0.0000000e+00
   0.0000000e+00
   0.0000000e+00
   0.0000000e+00
  -0.0000000e+00
  -3.1995580e-03
   8.5892724e-03
   1.1972910e-02
   1.2161541e-02
   1.4759257e-02
   2.2016220e-02
   2.8964700e-02
   3.0396277e-02
   2.2041069e-02
  -2.5083539e-03
  -0.0000000e+00
   0.0000000e+00
   0.0000000e+00
   0.0000000e+00
   0.0000000e+00
   0.0000000e+00
   1.6107198e-02
   1.5382361e-02
   1.2048362e-02
   5.9828749e-03
  -2.8713960e-03
   0.0000000e+00
  -0.0000000e+00
  -0.0000000e+00
   0.0000000e+00
   0.0000000e+00
   0.0000000e+00
   0.0000000e+00
   0.0000000e+00
   0.0000000e+00
   0.0000000e+00
   0.0000000e+00
   0.0000000e+00
   0.0000000e+00
   0.0000000e+00
  -0.0000000e+00
  -1.3377998e-02
   1.8600302e-03
   7.1778573e-03
   8.7112440e-03
   1.1182967e-02
   1.7470419e-02
   2.4821231e-02
   2.8129105e-02
   2.3633891e-02
   7.4584633e-03
   0.0000000e+00
   0.0000000e+00
   0.0000000e+00
   0.0000000e+00
   0.0000000e+00
   0.0000000e+00
   0.0000000e+00
   1.1025470e-02
   9.6816812e-03
   8.1163133e-03
   6.0942298e-03
   0.0000000e+00
   0.0000000e+00
   0.0000000e+00
   0.0000000e+00
   0.0000000e+00
   0.0000000e+00
   0.0000000e+00
   0.0000000e+00
   0.0000000e+00
   0.0000000e+00
   0.0000000e+00
   0.0000000e+00
   0.0000000e+00
   0.0000000e+00
   0.0000000e+00
  -2.4699981e-02
  -9.4120410e-03
  -5.1157685e-03
  -3.3763801e-03
   3.8903441e-04
   5.9494381e-03
   1.2378008e-02
   1.7862839e-02
   1.8524257e-02
   1.1746014e-02
   0.0000000e+00
   0.0000000e+00
   0.0000000e+00
   0.0000000e+00
   0.0000000e+00
   0.0000000e+00
   0.0000000e+00
  -3.1627146e-03
   2.6764722e-03
   4.9643394e-03
   5.9543946e-03
   0.0000000e+00
   0.0000000e+00
   0.0000000e+00
   0.0000000e+00
   0.0000000e+00
   0.0000000e+00
   0.0000000e+00
   0.0000000e+00
   0.0000000e+00
   0.0000000e+00
   0.0000000e+00
   0.0000000e+00
   0.0000000e+00
   0.0000000e+00
  -0.0000000e+00
  -0.0000000e+00
  -0.0000000e+00
  -0.0000000e+00
  -2.2240480e-02
  -1.7060375e-02
  -1.2035059e-02
  -0.0000000e+00
   2.9561329e-03
   1.1818269e-02
   0.0000000e+00
   0.0000000e+00
   0.0000000e+00
   0.0000000e+00
   0.0000000e+00
   0.0000000e+00
   0.0000000e+00
  -0.0000000e+00
  -1.3798588e-02
  -6.9019094e-03
  -1.3758017e-03
   3.7508706e-03
   8.1026718e-03
   0.0000000e+00
   0.0000000e+00
   0.0000000e+00
   0.0000000e+00
   0.0000000e+00
   0.0000000e+00
   0.0000000e+00
   0.0000000e+00
   0.0000000e+00
   0.0000000e+00
   0.0000000e+00
   0.0000000e+00
   0.0000000e+00
   0.0000000e+00
   0.0000000e+00
   0.0000000e+00
  -0.0000000e+00
  -0.0000000e+00
  -0.0000000e+00
  -0.0000000e+00
   0.0000000e+00
  -0.0000000e+00
   0.0000000e+00
   0.0000000e+00
   0.0000000e+00
   0.0000000e+00
   0.0000000e+00
   0.0000000e+00
   0.0000000e+00
   0.0000000e+00
  -0.0000000e+00
  -0.0000000e+00
  -0.0000000e+00
  -0.0000000e+00
  -9.5163232e-03
  -5.2149965e-03
   3.0538941e-03
   0.0000000e+00
   0.0000000e+00
   0.0000000e+00
   0.0000000e+00
   0.0000000e+00
   0.0000000e+00
   0.0000000e+00
   0.0000000e+00
   0.0000000e+00
   0.0000000e+00
   0.0000000e+00
   0.0000000e+00
   0.0000000e+00
   0.0000000e+00
  -0.0000000e+00
  -0.0000000e+00
  -0.0000000e+00
  -0.0000000e+00
  -0.0000000e+00
  -0.0000000e+00
  -0.0000000e+00
  -0.0000000e+00
  -0.0000000e+00
   0.0000000e+00
   0.0000000e+00
   0.0000000e+00
   0.0000000e+00
   0.0000000e+00
  -0.0000000e+00
  -0.0000000e+00
  -0.0000000e+00
   0.0000000e+00
   0.0000000e+00
  -0.0000000e+00
  -2.0084322e-02
  -4.1528551e-03
   3.5168342e-04
   1.4098027e-03
  -2.9266318e-04
   3.5951732e-04
  -1.9413249e-03
  -5.6264243e-04
   0.0000000e+00
   0.0000000e+00
   0.0000000e+00
