   0.0000000e+00
   0.0000000e+00
   0.0000000e+00
   1.1781845e-01
   0.0000000e+00
   0.0000000e+00
   5.6024835e-02
   3.0786207e-02
   2.3601358e-02
   1.9885740e-02
   1.2441345e-02
   7.5402342e-03
   8.2799212e-03
   0.0000000e+00
   9.1406546e-03
   2.8085301e-03
   3.3742516e-03
   3.9398388e-03
   2.0345433e-02
   0.0000000e+00
  -1.8644747e-03
  -2.6861488e-02
  -4.8733944e-02
  -3.0937385e-02
   0.0000000e+00
   0.0000000e+00
   0.0000000e+00
   0.0000000e+00
   0.0000000e+00
   0.0000000e+00
   0.0000000e+00
   0.0000000e+00
   0.0000000e+00
   0.0000000e+00
   0.0000000e+00
   0.0000000e+00
   1.1646417e-02
   1.9697782e-02
   3.2237935e-02
   5.5032551e-02
   3.4069222e-02
   2.8279301e-02
   2.1797135e-02
   1.3336550e-02
   7.1181119e-03
   4.4117924e-03
   2.9634435e-03
   4.0488672e-03
   5.0523612e-03
   6.0729901e-03
   5.6108767e-03
   3.3695756e-03
  -1.0610671e-03
  -5.7226941e-03
  -9.8517549e-03
  -7.8175582e-03
  -6.5541156e-03
  -4.9635116e-03
  -3.1337645e-03
  -4.8903176e-03
  -3.5901855e-03
  -3.3378760e-03
   4.2429942e-03
   7.5935110e-03
   4.6267573e-03
  -3.5105278e-03
   0.0000000e+00
   2.6660307e-02
   1.8744642e-02
   5.0258062e-03
   8.4286748e-03
   9.2607043e-03
  -8.3419615e-03
  -2.9414769e-03
   7.4582454e-03
   1.7495655e-02
   1.5979714e-02
   1.4928689e-02
   7.9825995e-03
  -3.2928069e-03
  -1.0006213e-02
  -9.7839143e-03
  -6.4228782e-03
  -3.8927291e-03
  -4.0958081e-03
  -4.1695158e-03
  -5.4834103e-03
  -8.2896510e-03
  -1.4227097e-02
  -2.0364935e-02
  -2.4191919e-02
  -1.4536132e-02
  -8.1812302e-03
  -3.3081579e-03
   1.9012091e-03
   3.4255716e-03
   1.3284199e-03
  -1.2014586e-03
  -3.6638421e-03
  -5.5110743e-03
  -4.8503769e-03
  -1.3303669e-03
   6.9972884e-03
   1.2982328e-02
   1.0937656e-02
   6.6310638e-03
  -9.6897675e-05
  -6.6070580e-03
  -2.6728498e-02
  -1.5494661e-02
  -6.1036190e-03
   1.5409637e-03
   4.7801617e-03
   4.6189777e-03
  -3.6444897e-03
  -1.3667243e-02
  -1.5380972e-02
  -1.5998011e-02
  -1.2415875e-02
  -9.9100871e-03
  -1.3833392e-02
  -1.4835641e-02
  -1.6555054e-02
  -2.0221226e-02
  -2.5930805e-02
  -3.2445915e-02
  -4.0108583e-02
  -8.3980763e-03
  -1.0068829e-02
  -5.8132140e-03
   2.6596787e-03
   2.3760556e-03
  -3.6879049e-03
  -1.0248471e-02
  -1.6905939e-02
  -2.0072876e-02
  -1.6543208e-02
  -1.0429276e-02
  -3.3856537e-03
  -5.4157455e-04
  -1.9643360e-03
  -3.1317689e-03
  -1.5375094e-02
  -2.5323095e-02
  -3.2416304e-02
  -1.5639413e-02
  -8.5633535e-03
   0.0000000e+00
   0.0000000e+00
   1.1577838e-03
  -8.7220892e-03
  -1.4455860e-02
  -1.9129477e-02
  -1.9216616e-02
  -1.4991662e-02
  -1.4282955e-02
  -2.0026408e-02
  -2.1151889e-02
  -2.2192011e-02
  -2.4851646e-02
  -2.8780110e-02
  -3.2176964e-02
  -2.8688975e-02
  -0.0000000e+00
  -1.3789291e-02
  -6.0006445e-03
   1.7637780e-03
  -1.2680714e-03
  -9.8822312e-03
  -1.8074673e-02
  -2.6707433e-02
  -2.6073789e-02
  -1.8973855e-02
  -1.2618389e-02
  -8.0092344e-03
  -7.4422038e-03
  -7.8138663e-03
  -1.1749540e-02
  -2.5284078e-02
  -3.3055067e-02
   0.0000000e+00
   0.0000000e+00
   0.0000000e+00
   0.0000000e+00
   0.0000000e+00
  -2.6552490e-03
  -8.4980731e-03
  -1.1171290e-02
  -1.7341866e-02
  -2.0858829e-02
  -1.7712785e-02
  -1.8326295e-02
  -2.0380211e-02
  -1.9783266e-02
  -2.0054627e-02
  -2.1451946e-02
  -2.3220523e-02
  -2.2694615e-02
  -1.6500685e-02
  -0.0000000e+00
  -1.2117598e-02
  -3.9408470e-03
  -2.6978544e-04
  -5.7741649e-03
  -1.5321132e-02
  -2.2752658e-02
  -2.6610344e-02
  -1.8896246e-02
  -8.7543885e-03
  -6.2844231e-03
  -6.1325719e-03
  -7.7905669e-03
  -9.4682980e-03
  -1.7618169e-02
  -2.5187356e-02
  -2.6066326e-02
   0.0000000e+00
   0.0000000e+00
   0.0000000e+00
   0.0000000e+00
   0.0000000e+00
  -1.1559521e-03
  -2.9964037e-03
  -9.6020438e-03
  -1.7291624e-02
  -1.9660378e-02
  -1.7059611e-02
  -1.6343927e-02
  -1.4724578e-02
  -1.3695967e-02
  -1.4144828e-02
  -1.5290963e-02
  -1.5054879e-02
  -9.6839415e-03
   3.2636660e-03
   0.0000000e+00
  -0.0000000e+00
  -3.8354688e-03
  -4.1208356e-03
  -1.0004804e-02
  -1.6152205e-02
  -1.8533690e-02
  -1.3593668e-02
  -7.6682153e-03
   6.3720514e-04
  -2.1178438e-03
  -4.1605453e-03
  -7.4005416e-03
  -1.1510202e-02
  -1.8011613e-02
  -1.7154580e-02
  -6.7460276e-03
   0.0000000e+00
   0.0000000e+00
   0.0000000e+00
   0.0000000e+00
   0.0000000e+00
   1.0630492e-03
  -5.9121726e-03
  -1.2989595e-02
  -1.5173241e-02
  -1.3345741e-02
  -1.0439302e-02
  -8.6707724e-03
  -6.9847493e-03
  -6.9450104e-03
  -7.9110470e-03
  -8.2263676e-03
  -5.6557327e-03
   5.9489054e-03
   3.0146549e-02
   0.0000000e+00
  -0.0000000e+00
  -7.5826896e-03
  -9.4531651e-03
  -9.8878024e-03
  -9.3493750e-03
  -2.3580335e-03
   1.3191431e-02
  -5.9324520e-03
   2.5834015e-03
  -1.5998629e-03
  -4.2274012e-03
  -7.6059518e-03
  -1.0227204e-02
  -1.0608922e-02
  -3.9201332e-03
   1.5168370e-02
   2.3061906e-02
   0.0000000e+00
   0.0000000e+00
   0.0000000e+00
   5.6763888e-03
  -1.6112167e-03
  -6.4235292e-03
  -8.3875367e-03
  -7.9404302e-03
  -5.6748372e-03
  -3.5252981e-03
  -2.1710384e-03
  -1.3894088e-03
  -2.0734544e-03
  -3.0728127e-03
  -2.5967248e-03
   1.7867034e-03
   1.7392663e-02
   4.8336804e-02
   0.0000000e+00
   0.0000000e+00
  -1.2307754e-02
  -1.3175383e-02
  -6.8348050e-03
  -7.1848510e-04
   1.4632843e-02
   3.9225200e-02
   0.0000000e+00
   0.0000000e+00
   3.8596417e-03
  -1.7298522e-03
  -3.9599827e-03
  -4.1167396e-03
  -1.9028184e-03
   6.8950676e-03
   2.5954766e-02
   2.9645448e-02
   1.7970085e-02
   0.0000000e+00
   0.0000000e+00
   5.3441146e-03
   2.3390953e-03
   1.2492965e-03
   3.1785289e-04
   2.8512237e-05
   1.5035574e-03
   2.6336901e-03
   3.3940475e-03
   3.3277259e-03
   2.0200259e-03
   1.2339700e-03
   3.0232123e-03
   9.3759485e-03
   2.8040521e-02
   5.5636073e-02
   0.0000000e+00
   0.0000000e+00
  -0.0000000e+00
  -1.6393950e-02
  -1.3651178e-03
   9.6870409e-03
   3.4667525e-02
   5.9408352e-02
   0.0000000e+00
   0.0000000e+00
   6.7992442e-03
  -1.0714986e-03
   2.1727476e-03
   3.7266396e-03
   7.1605388e-03
   1.6854599e-02
   3.0421454e-02
   3.1196289e-02
   2.1112998e-02
   0.0000000e+00
   0.0000000e+00
   7.3792199e-03
   7.2944802e-03
   5.7378751e-03
   4.1450788e-03
   3.2530446e-03
   4.1676662e-03
   5.1104319e-03
   5.5489508e-03
   4.9913833e-03
   3.4360730e-03
   3.5533321e-03
   6.6597271e-03
   1.5225703e-02
   3.4686465e-02
   4.9592594e-02
   0.0000000e+00
   0.0000000e+00
  -0.0000000e+00
  -1.6344829e-02
   3.5129809e-03
   1.7880328e-02
   4.9583424e-02
   7.1615726e-02
   0.0000000e+00
   0.0000000e+00
   1.2642640e-02
   1.0424208e-03
   6.9631054e-03
   9.2076994e-03
   1.4079044e-02
   2.3518655e-02
   3.2654174e-02
   3.4251716e-02
   2.5492120e-02
   2.1188313e-02
   0.0000000e+00
   9.3885828e-03
   8.6018359e-03
   6.4096632e-03
   4.1327970e-03
   3.6064880e-03
   4.8882868e-03
   6.0399119e-03
   6.0971784e-03
   5.2199792e-03
   4.5635956e-03
   6.4667217e-03
   1.1738575e-02
   2.3081774e-02
   4.3123603e-02
   4.1958157e-02
   0.0000000e+00
   0.0000000e+00
   0.0000000e+00
  -9.7292937e-03
   1.0236549e-02
   2.7666323e-02
   6.0097203e-02
   7.1270726e-02
   0.0000000e+00
   0.0000000e+00
   0.0000000e+00
   0.0000000e+00
   1.2545983e-02
   1.5540391e-02
   2.2317063e-02
   3.0427312e-02
   3.5475984e-02
   3.5789080e-02
   2.6454395e-02
   1.9312123e-02
   0.0000000e+00
   7.9665799e-03
   5.7936697e-03
   3.4000757e-03
   1.9722835e-03
   2.7650287e-03
   4.7690617e-03
   5.6910203e-03
   5.6020366e-03
   5.3397357e-03
   6.7938780e-03
   1.0861359e-02
   1.8808568e-02
   3.2369331e-02
   5.2004095e-02
   5.0741573e-02
   0.0000000e+00
   0.0000000e+00
   0.0000000e+00
   0.0000000e+00
   1.8598355e-02
   3.7082858e-02
   6.1493296e-02
   6.0415547e-02
   0.0000000e+00
   0.0000000e+00
   0.0000000e+00
   2.1242493e-02
   1.7974138e-02
   2.1550739e-02
   2.9141575e-02
   3.5473771e-02
   3.8076807e-02
   3.2351431e-02
   2.1760169e-02
   4.9059212e-03
   7.4855075e-03
   4.0109158e-03
   1.9871052e-03
   7.9452345e-04
   1.3356018e-03
   3.0705119e-03
   4.9904757e-03
   5.5540018e-03
   5.8813160e-03
   7.1159005e-03
   1.0649508e-02
   1.6513241e-02
   2.6067436e-02
   3.9620567e-02
   5.4489158e-02
   3.8526915e-02
   0.0000000e+00
   0.0000000e+00
   0.0000000e+00
   0.0000000e+00
   2.7305529e-02
   4.3334182e-02
   5.6275554e-02
   4.7818068e-02
   0.0000000e+00
   0.0000000e+00
   0.0000000e+00
   2.7311685e-02
   2.2505704e-02
   2.5412563e-02
   3.2334480e-02
   3.6858756e-02
   3.7215106e-02
   2.1898304e-02
   1.2255038e-02
   1.1012222e-03
   4.3463428e-04
  -1.7528478e-03
  -2.0624225e-03
  -1.1750545e-03
   7.0219504e-04
   2.9343106e-03
   4.8727198e-03
   6.1968355e-03
   8.1039742e-03
   1.1488796e-02
   1.6461501e-02
   2.2781961e-02
   3.1283449e-02
   4.0465511e-02
   4.4953307e-02
   0.0000000e+00
   0.0000000e+00
   0.0000000e+00
   0.0000000e+00
   0.0000000e+00
   3.4120303e-02
   4.3949764e-02
   4.5150988e-02
   3.3606820e-02
   0.0000000e+00
   0.0000000e+00
   0.0000000e+00
   2.9377565e-02
   2.3844082e-02
   2.5223546e-02
   3.0411409e-02
   3.2199875e-02
   2.9190008e-02
   1.5459011e-02
   1.7053440e-03
  -4.1801357e-03
  -6.0486351e-03
  -7.2935098e-03
  -7.5385366e-03
  -6.8860571e-03
  -5.5951364e-03
  -3.7656738e-03
  -1.1970423e-03
   2.3149261e-03
   7.1643605e-03
   1.3005526e-02
   1.8955141e-02
   2.4839917e-02
   3.0971503e-02
   3.3938590e-02
   3.1447887e-02
   0.0000000e+00
   0.0000000e+00
   0.0000000e+00
   0.0000000e+00
   0.0000000e+00
   3.5859648e-02
   3.8800698e-02
   3.3217509e-02
   2.3634848e-02
   0.0000000e+00
   0.0000000e+00
   0.0000000e+00
   2.4462905e-02
   2.0121938e-02
   1.9154856e-02
   2.2412721e-02
   2.1189649e-02
   1.6926775e-02
   0.0000000e+00
  -0.0000000e+00
  -6.8127243e-03
  -9.1166226e-03
  -1.1575021e-02
  -1.3089856e-02
  -1.4091827e-02
  -1.4611525e-02
  -1.4148649e-02
  -1.1721220e-02
  -7.0367190e-03
  -4.3751998e-04
   6.9670305e-03
   1.3383064e-02
   1.8573878e-02
   2.2479711e-02
   2.2966493e-02
   1.8666583e-02
   0.0000000e+00
   0.0000000e+00
   0.0000000e+00
   0.0000000e+00
   0.0000000e+00
   3.1411532e-02
   3.0217543e-02
   2.3387066e-02
   0.0000000e+00
   0.0000000e+00
   0.0000000e+00
   0.0000000e+00
   1.8051807e-02
   1.4598804e-02
   1.1764810e-02
   1.3602047e-02
   1.0581575e-02
   7.9952693e-03
   0.0000000e+00
  -0.0000000e+00
  -6.4599162e-03
  -8.1706233e-03
  -9.9165875e-03
  -1.0956511e-02
  -1.1780523e-02
  -1.2409521e-02
  -1.2405008e-02
  -1.1006060e-02
  -7.6924134e-03
  -2.6447956e-03
   3.4033957e-03
   8.1321504e-03
   1.0821730e-02
   1.2040147e-02
   1.2211927e-02
   9.1582096e-03
   0.0000000e+00
   0.0000000e+00
   0.0000000e+00
   0.0000000e+00
   2.2007114e-02
   2.2385257e-02
   2.0893614e-02
   1.5315142e-02
   0.0000000e+00
   0.0000000e+00
   0.0000000e+00
   0.0000000e+00
   1.4010114e-02
   1.1061001e-02
   7.9557989e-03
   9.0089523e-03
   3.9500268e-03
   2.1462019e-03
   0.0000000e+00
  -0.0000000e+00
  -1.0672908e-03
  -2.7032740e-04
  -4.8264321e-05
   3.8663546e-04
   9.1278600e-04
   1.1633967e-03
   1.2181030e-03
   1.6127477e-03
   3.2460879e-03
   6.5370674e-03
   1.1786918e-02
   1.6649140e-02
   1.7636543e-02
   1.2326121e-02
   3.9049187e-03
  -2.0991342e-03
   0.0000000e+00
   0.0000000e+00
   0.0000000e+00
  -1.1738489e-03
   1.4789023e-02
   1.4691319e-02
   1.6180923e-02
   1.2684690e-02
   0.0000000e+00
   0.0000000e+00
   0.0000000e+00
   0.0000000e+00
   1.5683589e-02
   1.0267820e-02
   5.5414138e-03
   1.1012074e-02
   5.9909058e-04
  -4.5644654e-03
   0.0000000e+00
  -0.0000000e+00
  -1.8827816e-03
  -3.6784273e-03
  -4.5339968e-03
  -4.3543191e-03
  -3.1581917e-03
  -1.8328199e-03
  -1.1324706e-03
  -1.0653794e-03
  -7.8589586e-04
   8.1819581e-04
   5.0931456e-03
   1.0943930e-02
   1.2450649e-02
   4.1667954e-03
  -7.0820539e-03
  -1.2578933e-02
   0.0000000e+00
   0.0000000e+00
  -0.0000000e+00
  -1.0993958e-02
  -6.1972882e-04
   6.5341886e-03
   0.0000000e+00
   0.0000000e+00
   0.0000000e+00
   0.0000000e+00
   0.0000000e+00
   0.0000000e+00
   0.0000000e+00
   9.1691790e-03
   3.1136437e-03
   0.0000000e+00
   2.7866896e-03
  -8.3415735e-03
  -0.0000000e+00
  -1.5870673e-02
  -6.7892275e-03
  -1.1419820e-02
  -1.5062299e-02
  -1.7507298e-02
  -1.8050304e-02
  -1.7094184e-02
  -1.6425306e-02
  -1.7093198e-02
  -1.8596826e-02
  -1.9588236e-02
  -1.7584439e-02
  -1.0519832e-02
  -2.0427268e-03
  -3.0593877e-03
  -1.3597125e-02
  -2.4476919e-02
   0.0000000e+00
   0.0000000e+00
  -2.2312923e-02
  -2.1770658e-02
  -1.8929981e-02
  -6.2133778e-03
   0.0000000e+00
   0.0000000e+00
   0.0000000e+00
   0.0000000e+00
   0.0000000e+00
   0.0000000e+00
   0.0000000e+00
   1.1333259e-02
   5.5038668e-03
   0.0000000e+00
   0.0000000e+00
   0.0000000e+00
  -0.0000000e+00
  -2.1323877e-02
  -1.2511304e-02
  -1.4771469e-02
  -1.9240342e-02
  -2.3940433e-02
  -2.7064621e-02
  -2.7347581e-02
  -2.6734130e-02
  -2.7610922e-02
  -3.0692792e-02
  -3.4804858e-02
  -3.6990583e-02
  -3.1848181e-02
  -1.6503779e-02
  -5.1296698e-03
  -1.1575044e-02
  -2.1366784e-02
  -1.2966471e-02
  -1.5418750e-02
  -2.2798489e-02
  -2.9568642e-02
  -3.4991469e-02
  -2.6565616e-02
   0.0000000e+00
   0.0000000e+00
   0.0000000e+00
   0.0000000e+00
   0.0000000e+00
   0.0000000e+00
   0.0000000e+00
   2.1056099e-02
   6.5533203e-03
   0.0000000e+00
   0.0000000e+00
   0.0000000e+00
  -0.0000000e+00
  -2.6823115e-02
  -1.8158589e-02
  -1.3980096e-02
  -1.6992930e-02
  -2.2576278e-02
  -2.7385302e-02
  -2.8137922e-02
  -2.6115349e-02
  -2.5646491e-02
  -2.9692670e-02
  -3.6809556e-02
  -4.3709580e-02
  -4.3094032e-02
  -2.6917566e-02
  -5.4306601e-03
  -2.7479553e-03
  -1.2784726e-02
  -9.7964853e-03
  -1.3196147e-02
  -1.9814003e-02
  -3.0335020e-02
  -4.5597408e-02
  -5.1322907e-02
   0.0000000e+00
   0.0000000e+00
   0.0000000e+00
   0.0000000e+00
   0.0000000e+00
   0.0000000e+00
   0.0000000e+00
   3.1899057e-02
   0.0000000e+00
   0.0000000e+00
   0.0000000e+00
   0.0000000e+00
  -0.0000000e+00
  -2.6636083e-02
  -2.1620313e-02
  -1.3139689e-02
  -1.3485466e-02
  -1.8474378e-02
  -2.3912560e-02
  -2.5357058e-02
  -2.2016019e-02
  -1.8413136e-02
  -2.0806311e-02
  -2.8666707e-02
  -3.9157942e-02
  -4.4159368e-02
  -3.2693334e-02
  -6.7986854e-03
   0.0000000e+00
  -8.2966120e-03
  -5.5916174e-03
  -8.3089219e-03
  -1.4616145e-02
  -2.6340976e-02
  -4.7702208e-02
  -6.0283124e-02
   0.0000000e+00
   0.0000000e+00
   0.0000000e+00
   0.0000000e+00
   0.0000000e+00
   0.0000000e+00
   0.0000000e+00
   0.0000000e+00
   0.0000000e+00
   0.0000000e+00
   0.0000000e+00
   0.0000000e+00
  -0.0000000e+00
  -2.1814690e-02
  -1.9438464e-02
  -1.1920651e-02
  -9.3993405e-03
  -1.2798201e-02
  -1.8276030e-02
  -2.1254338e-02
  -1.9082934e-02
  -1.3140705e-02
  -1.1817729e-02
  -1.8251266e-02
  -3.0829156e-02
  -4.1792974e-02
  -3.7776947e-02
  -8.4982302e-03
   0.0000000e+00
  -4.9038586e-03
  -2.3232799e-03
  -3.7654093e-03
  -9.3519958e-03
  -1.9893527e-02
  -4.2685512e-02
  -6.2920400e-02
   0.0000000e+00
   0.0000000e+00
   0.0000000e+00
   0.0000000e+00
   0.0000000e+00
   0.0000000e+00
   0.0000000e+00
   0.0000000e+00
   0.0000000e+00
   0.0000000e+00
   0.0000000e+00
   0.0000000e+00
   0.0000000e+00
  -0.0000000e+00
  -1.0674645e-02
  -6.9763828e-03
  -3.9738845e-03
  -6.1095008e-03
  -1.1037811e-02
  -1.4608826e-02
  -1.4422167e-02
  -9.5314076e-03
  -5.5988599e-03
  -9.6250968e-03
  -2.3757553e-02
  -4.0614624e-02
  -4.1567783e-02
   0.0000000e+00
   0.0000000e+00
  -1.1714455e-03
   4.4967997e-04
   9.5420575e-05
  -4.4020978e-03
  -1.2819360e-02
  -3.1237194e-02
  -5.6266940e-02
   0.0000000e+00
   0.0000000e+00
   0.0000000e+00
   0.0000000e+00
   0.0000000e+00
   0.0000000e+00
   0.0000000e+00
   0.0000000e+00
   0.0000000e+00
   0.0000000e+00
   0.0000000e+00
   0.0000000e+00
   0.0000000e+00
  -0.0000000e+00
  -5.3750975e-03
   7.1769167e-04
   3.1977212e-03
   8.2436053e-04
  -4.0702177e-03
  -7.1631414e-03
  -7.0353542e-03
  -3.8241821e-03
  -4.7508211e-04
  -3.1083920e-03
  -1.8573487e-02
  -4.1247278e-02
  -4.3964064e-02
   0.0000000e+00
   0.0000000e+00
   2.7523666e-04
   5.5403719e-03
   5.0685504e-03
   1.7872400e-04
  -6.7092329e-03
  -2.1051846e-02
  -4.7296478e-02
   0.0000000e+00
   0.0000000e+00
   0.0000000e+00
   0.0000000e+00
   0.0000000e+00
   0.0000000e+00
   0.0000000e+00
   0.0000000e+00
   0.0000000e+00
   0.0000000e+00
   0.0000000e+00
   0.0000000e+00
   0.0000000e+00
  -0.0000000e+00
  -7.9662874e-03
   3.4932303e-03
   1.0094992e-02
   8.5546095e-03
   3.8711028e-03
   2.0822822e-03
   4.5938287e-03
   8.3406875e-03
   9.6342135e-03
   6.3403556e-03
  -1.0694324e-02
  -4.0908313e-02
  -4.5667011e-02
   0.0000000e+00
   0.0000000e+00
   0.0000000e+00
   1.5486261e-02
   1.3737406e-02
   7.3800762e-03
   1.1875142e-03
  -8.8133961e-03
  -3.1610385e-02
  -3.0623425e-02
   0.0000000e+00
  -0.0000000e+00
  -0.0000000e+00
  -0.0000000e+00
   0.0000000e+00
   0.0000000e+00
   0.0000000e+00
   0.0000000e+00
   0.0000000e+00
   0.0000000e+00
   0.0000000e+00
   0.0000000e+00
  -0.0000000e+00
  -1.3961655e-02
  -5.6230761e-03
   7.0566494e-03
   9.1860536e-03
   7.0247133e-03
   6.9503934e-03
   1.2337511e-02
   1.8665576e-02
   2.0149674e-02
   1.5831841e-02
  -2.4300923e-03
  -3.5817929e-02
   0.0000000e+00
   0.0000000e+00
   0.0000000e+00
   0.0000000e+00
   0.0000000e+00
   1.8670091e-02
   1.3132934e-02
   7.8239329e-03
  -4.1950729e-05
  -1.7478835e-02
  -2.7014224e-02
  -0.0000000e+00
  -0.0000000e+00
  -0.0000000e+00
  -0.0000000e+00
   0.0000000e+00
   0.0000000e+00
   0.0000000e+00
   0.0000000e+00
   0.0000000e+00
   0.0000000e+00
   0.0000000e+00
   0.0000000e+00
   0.0000000e+00
   0.0000000e+00
  -9.0327850e-03
   3.6595843e-03
   1.0164693e-02
   1.1039689e-02
   1.1667487e-02
   1.7429352e-02
   2.5696497e-02
   2.9156471e-02
   2.5620375e-02
   7.8965854e-03
  -2.2037051e-02
   0.0000000e+00
   0.0000000e+00
   0.0000000e+00
   0.0000000e+00
   0.0000000e+00
   1.7420059e-02
   1.6767286e-02
   1.3393359e-02
   7.5466190e-03
  -4.2344234e-03
  -1.2840306e-02
  -0.0000000e+00
  -0.0000000e+00
   0.0000000e+00
   0.0000000e+00
   0.0000000e+00
   0.0000000e+00
   0.0000000e+00
   0.0000000e+00
   0.0000000e+00
   0.0000000e+00
   0.0000000e+00
   0.0000000e+00
   0.0000000e+00
   0.0000000e+00
  -1.1615310e-02
   5.0188782e-04
   9.3181534e-03
   1.1304233e-02
   1.2204784e-02
   1.6440477e-02
   2.4892064e-02
   2.9895197e-02
   2.8669676e-02
   1.4922157e-02
  -1.3142665e-03
   0.0000000e+00
   0.0000000e+00
   0.0000000e+00
   0.0000000e+00
   0.0000000e+00
   0.0000000e+00
   1.4976074e-02
   1.2742731e-02
   9.7660145e-03
   4.5562228e-03
   4.2964585e-03
  -0.0000000e+00
  -0.0000000e+00
   0.0000000e+00
   0.0000000e+00
   0.0000000e+00
   0.0000000e+00
   0.0000000e+00
   0.0000000e+00
   0.0000000e+00
   0.0000000e+00
   0.0000000e+00
   0.0000000e+00
   0.0000000e+00
   0.0000000e+00
  -0.0000000e+00
  -1.2342531e-02
  -6.7315871e-05
   2.5656681e-03
   4.8955004e-03
   9.1278626e-03
   1.6506774e-02
   2.2412062e-02
   2.3897967e-02
   1.6509473e-02
   7.6412608e-03
   0.0000000e+00
   0.0000000e+00
   0.0000000e+00
   0.0000000e+00
   0.0000000e+00
   0.0000000e+00
  -0.0000000e+00
   6.0249611e-03
   6.6526155e-03
   7.1315934e-03
   7.5050177e-03
   0.0000000e+00
   0.0000000e+00
   0.0000000e+00
   0.0000000e+00
   0.0000000e+00
   0.0000000e+00
   0.0000000e+00
   0.0000000e+00
   0.0000000e+00
   0.0000000e+00
   0.0000000e+00
   0.0000000e+00
   0.0000000e+00
   0.0000000e+00
  -0.0000000e+00
  -2.2251879e-02
  -7.5699457e-03
  -1.4737237e-02
  -1.0081011e-02
  -5.2542109e-03
   1.3991407e-04
   6.7752567e-03
   1.3159277e-02
   1.3866368e-02
   1.2645773e-02
   0.0000000e+00
   0.0000000e+00
   0.0000000e+00
   0.0000000e+00
   0.0000000e+00
   0.0000000e+00
  -0.0000000e+00
  -4.5879241e-03
  -1.3695694e-04
   3.4267085e-03
   1.3944804e-02
   0.0000000e+00
   0.0000000e+00
   0.0000000e+00
   0.0000000e+00
   0.0000000e+00
   0.0000000e+00
   0.0000000e+00
   0.0000000e+00
   0.0000000e+00
   0.0000000e+00
   0.0000000e+00
   0.0000000e+00
   0.0000000e+00
   0.0000000e+00
  -0.0000000e+00
  -2.4657756e-02
  -9.3460597e-03
  -2.9842997e-02
  -3.1360586e-02
  -2.4565458e-02
  -1.3483899e-02
  -0.0000000e+00
   5.1887619e-03
   1.1570129e-02
   0.0000000e+00
   0.0000000e+00
   0.0000000e+00
   0.0000000e+00
   0.0000000e+00
   0.0000000e+00
  -0.0000000e+00
  -2.0875490e-02
  -7.2680813e-03
  -1.1789569e-02
  -3.9754301e-03
  -1.0533693e-03
   6.8724408e-03
   0.0000000e+00
   0.0000000e+00
   0.0000000e+00
   0.0000000e+00
   0.0000000e+00
   0.0000000e+00
   0.0000000e+00
   0.0000000e+00
   0.0000000e+00
   0.0000000e+00
   0.0000000e+00
   0.0000000e+00
   0.0000000e+00
   0.0000000e+00
   0.0000000e+00
   0.0000000e+00
   0.0000000e+00
  -0.0000000e+00
  -0.0000000e+00
   0.0000000e+00
   0.0000000e+00
   0.0000000e+00
   0.0000000e+00
   0.0000000e+00
   0.0000000e+00
   0.0000000e+00
   0.0000000e+00
   0.0000000e+00
   0.0000000e+00
  -0.0000000e+00
  -1.5526294e-02
   0.0000000e+00
  -0.0000000e+00
  -0.0000000e+00
  -2.0500244e-02
  -7.9525559e-03
   2.7327407e-03
   0.0000000e+00
  -0.0000000e+00
  -0.0000000e+00
   0.0000000e+00
   0.0000000e+00
   0.0000000e+00
   0.0000000e+00
   0.0000000e+00
   0.0000000e+00
   0.0000000e+00
   0.0000000e+00
   0.0000000e+00
   0.0000000e+00
   0.0000000e+00
  -0.0000000e+00
  -0.0000000e+00
  -0.0000000e+00
  -0.0000000e+00
  -0.0000000e+00
  -0.0000000e+00
  -0.0000000e+00
  -0.0000000e+00
  -0.0000000e+00
  -0.0000000e+00
  -0.0000000e+00
  -0.0000000e+00
  -0.0000000e+00
  -0.0000000e+00
  -1.3139879e-02
  -3.7731735e-03
  -0.0000000e+00
  -0.0000000e+00
  -0.0000000e+00
  -0.0000000e+00
  -9.4770923e-03
  -2.2604942e-03
   1.1813546e-03
   2.5458604e-04
   7.5380377e-04
  -2.1099166e-04
   3.6065686e-05
   3.1416783e-03
   4.9287893e-03
   0.0000000e+00
   0.0000000e+00
