   0.0000000e+00
   0.0000000e+00
   0.0000000e+00
  -0.0000000e+00
  -0.0000000e+00
  -0.0000000e+00
  -3.8709432e-02
  -4.7577824e-02
  -5.0503058e-02
  -4.9687025e-02
  -4.4485088e-02
  -3.2570241e-02
  -2.8672634e-02
  -0.0000000e+00
  -4.9267838e-02
  -7.3817108e-02
  -4.9071813e-02
  -4.6083181e-02
  -1.1566986e-01
  -0.0000000e+00
  -4.4206251e-02
  -5.5204516e-02
  -7.3641114e-02
  -0.0000000e+00
   0.0000000e+00
   0.0000000e+00
   0.0000000e+00
   0.0000000e+00
   0.0000000e+00
   0.0000000e+00
   0.0000000e+00
   0.0000000e+00
   0.0000000e+00
   0.0000000e+00
   0.0000000e+00
   0.0000000e+00
  -0.0000000e+00
  -0.0000000e+00
  -0.0000000e+00
  -4.0118292e-03
   1.3681552e-02
   1.5484992e-02
   1.1668723e-02
   1.1597401e-02
   1.3394081e-02
   1.4479042e-02
   1.1144861e-02
   8.0598956e-03
   5.8810003e-03
   5.7812468e-03
   4.8463717e-03
   3.0678974e-03
   1.2151860e-03
   2.4656217e-04
   8.0270142e-03
  -7.7115394e-04
   6.7821611e-03
   3.0029130e-03
  -3.2872292e-03
  -1.5744656e-02
  -2.7604993e-02
  -3.9166093e-02
  -4.0614352e-02
  -4.6960397e-02
  -4.9108511e-02
  -5.0897347e-02
  -0.0000000e+00
  -0.0000000e+00
  -6.0752479e-02
  -5.7205493e-02
  -0.0000000e+00
  -0.0000000e+00
   1.3179691e-02
   1.9757176e-02
   3.0070461e-02
   4.0236376e-02
   4.1543417e-02
   5.2441265e-02
   5.6092616e-02
   5.6172919e-02
   6.0059883e-02
   7.0519105e-02
   7.4738778e-02
   6.9719933e-02
   6.3139930e-02
   6.1308224e-02
   6.0961079e-02
   6.1011881e-02
   5.9657037e-02
   5.8597825e-02
   5.9895561e-02
   5.8107145e-02
   5.0067548e-02
   4.8376605e-02
   4.4487637e-02
   3.6293373e-02
   2.9255478e-02
   2.6596269e-02
   2.7069727e-02
   3.0321408e-02
   3.2268837e-02
   2.8981475e-02
   2.5560068e-02
   2.1201899e-02
   2.0157384e-02
   1.7497057e-02
   1.0879567e-02
   9.5896665e-03
   8.0105074e-02
   7.7390090e-02
   7.7432603e-02
   8.1068653e-02
   6.4265385e-02
   6.7303538e-02
   7.7411741e-02
   7.9543658e-02
   7.8096823e-02
   9.0541288e-02
   1.0606050e-01
   1.1313727e-01
   1.0821626e-01
   1.0698679e-01
   1.0713081e-01
   1.0775439e-01
   1.0630526e-01
   1.0292018e-01
   9.8765824e-02
   8.4998714e-02
   7.4253745e-02
   7.8295067e-02
   8.0380462e-02
   7.4292354e-02
   7.1018010e-02
   7.1911097e-02
   7.4877277e-02
   7.9499468e-02
   8.2827806e-02
   8.3189398e-02
   8.2377672e-02
   7.9978719e-02
   7.6561227e-02
   7.9883702e-02
   7.7136725e-02
   7.8750595e-02
   9.5882615e-02
   8.6608800e-02
   8.3090537e-02
   0.0000000e+00
   0.0000000e+00
   5.7554960e-02
   7.3886625e-02
   7.7532164e-02
   7.5933054e-02
   8.4253445e-02
   1.0005447e-01
   1.1384863e-01
   1.1664963e-01
   1.1937223e-01
   1.2183599e-01
   1.2275035e-01
   1.1972693e-01
   1.1334644e-01
   1.0109974e-01
   0.0000000e+00
   6.6322759e-02
   8.7606356e-02
   9.7918518e-02
   9.8163381e-02
   9.9083401e-02
   1.0187165e-01
   1.0229415e-01
   1.0187978e-01
   9.8980233e-02
   9.7652137e-02
   9.9567123e-02
   1.0037849e-01
   1.0194606e-01
   1.0765311e-01
   1.0408861e-01
   1.0038148e-01
   0.0000000e+00
   0.0000000e+00
   0.0000000e+00
   0.0000000e+00
   0.0000000e+00
   4.4981307e-02
   6.0158130e-02
   6.3318300e-02
   6.9807705e-02
   7.1922761e-02
   8.0891723e-02
   9.0502335e-02
   9.5523944e-02
   9.9498455e-02
   1.0307859e-01
   1.0505135e-01
   1.0270076e-01
   9.3860349e-02
   7.4160060e-02
   0.0000000e+00
   4.9736828e-02
   7.3757213e-02
   9.1815445e-02
   1.0205775e-01
   1.0757600e-01
   1.0889987e-01
   1.0240424e-01
   9.3235275e-02
   8.4179754e-02
   7.8913425e-02
   8.5509186e-02
   9.1464165e-02
   9.9191299e-02
   1.0415994e-01
   1.0014894e-01
   9.1329947e-02
   0.0000000e+00
   0.0000000e+00
   0.0000000e+00
   0.0000000e+00
   0.0000000e+00
   3.2979667e-02
   4.3124489e-02
   4.8611168e-02
   5.3704161e-02
   5.4106273e-02
   5.6340087e-02
   5.9753716e-02
   6.3054249e-02
   6.6398419e-02
   7.0277423e-02
   7.3354118e-02
   7.2661147e-02
   6.3524850e-02
   4.1608065e-02
   0.0000000e+00
   0.0000000e+00
   4.6657205e-02
   6.7315683e-02
   8.4900267e-02
   9.2735186e-02
   8.8893205e-02
   7.3863313e-02
   6.5591767e-02
   6.1855592e-02
   5.2499175e-02
   5.9226397e-02
   6.8586513e-02
   7.8710750e-02
   8.1779301e-02
   7.6751940e-02
   6.4462596e-02
   0.0000000e+00
   0.0000000e+00
   0.0000000e+00
   0.0000000e+00
   0.0000000e+00
   2.2432184e-02
   2.8925559e-02
   3.2420546e-02
   3.1899229e-02
   2.9220976e-02
   2.7016184e-02
   2.6422873e-02
   2.7685972e-02
   3.0556731e-02
   3.4292586e-02
   3.6714233e-02
   3.5659436e-02
   2.7548620e-02
   1.1395456e-02
   0.0000000e+00
   0.0000000e+00
   1.3782445e-02
   3.3226885e-02
   5.0686423e-02
   5.6701679e-02
   4.7791185e-02
   2.9492120e-02
   5.7930979e-02
   3.1696635e-02
   2.4262086e-02
   2.7132008e-02
   3.6880064e-02
   4.4434786e-02
   4.5778193e-02
   4.0801919e-02
   3.2034221e-02
   1.3709285e-02
   0.0000000e+00
   0.0000000e+00
   0.0000000e+00
   6.9626098e-03
   1.1316228e-02
   1.2901433e-02
   1.1342735e-02
   8.5632093e-03
   5.5379262e-03
   3.3012109e-03
   2.0688395e-03
   2.4880373e-03
   4.4683176e-03
   7.4539715e-03
   9.1444729e-03
   7.5190039e-03
   1.3780607e-03
  -5.6150040e-03
   0.0000000e+00
   0.0000000e+00
  -5.2944696e-03
   8.4278481e-03
   2.1965228e-02
   2.3884235e-02
   1.2716142e-02
  -3.0649941e-03
   0.0000000e+00
  -0.0000000e+00
  -3.9012614e-03
  -1.4056310e-03
   6.6269003e-03
   1.2012548e-02
   1.3151226e-02
   9.9996431e-03
   1.0650387e-02
  -3.6724751e-03
  -6.8468475e-03
   0.0000000e+00
  -0.0000000e+00
  -1.3311177e-02
  -1.1125730e-02
  -1.2887188e-02
  -1.5189067e-02
  -1.6904041e-02
  -1.7968144e-02
  -1.8640630e-02
  -1.9303173e-02
  -1.9280599e-02
  -1.8465821e-02
  -1.7121444e-02
  -1.7313512e-02
  -1.9779734e-02
  -2.3466388e-02
  -1.3126865e-02
   0.0000000e+00
   0.0000000e+00
  -0.0000000e+00
  -1.2833151e-02
  -6.2256921e-03
  -8.9473957e-03
  -2.0682018e-02
  -2.6815083e-02
   0.0000000e+00
  -0.0000000e+00
  -2.4464148e-02
  -2.4081901e-02
  -2.2807864e-02
  -2.1065559e-02
  -2.0839822e-02
  -2.1933615e-02
  -1.6028440e-02
  -1.8368317e-02
  -1.3752186e-02
   0.0000000e+00
  -0.0000000e+00
  -2.7815472e-02
  -2.6115701e-02
  -2.7497804e-02
  -2.8834101e-02
  -2.9335972e-02
  -2.9359875e-02
  -2.9430581e-02
  -2.9655736e-02
  -2.9593892e-02
  -2.9759094e-02
  -3.0942732e-02
  -3.3454224e-02
  -3.7567046e-02
  -3.8949542e-02
  -1.5686663e-02
   0.0000000e+00
   0.0000000e+00
  -0.0000000e+00
  -2.3190246e-02
  -2.3854714e-02
  -2.9568098e-02
  -3.8566478e-02
  -3.4774926e-02
   0.0000000e+00
  -0.0000000e+00
  -2.7944263e-02
  -3.2464256e-02
  -3.8005210e-02
  -4.0585421e-02
  -4.2672798e-02
  -4.2736869e-02
  -3.4512009e-02
  -3.2473598e-02
  -2.2061279e-02
  -1.9211080e-02
  -0.0000000e+00
  -3.3178568e-02
  -3.2122925e-02
  -3.2568641e-02
  -3.3510335e-02
  -3.4708519e-02
  -3.5952963e-02
  -3.6475029e-02
  -3.6561746e-02
  -3.6950596e-02
  -3.9208204e-02
  -4.3535478e-02
  -4.8830695e-02
  -5.4004390e-02
  -5.2692525e-02
  -2.9432202e-02
   0.0000000e+00
   0.0000000e+00
   0.0000000e+00
  -3.5345973e-02
  -4.0782537e-02
  -4.7081284e-02
  -4.5203779e-02
  -3.0178750e-02
   0.0000000e+00
  -0.0000000e+00
  -0.0000000e+00
  -0.0000000e+00
  -4.8930064e-02
  -5.5739328e-02
  -6.0626481e-02
  -5.9849709e-02
  -5.0062232e-02
  -3.9397936e-02
  -2.3459386e-02
  -1.4778588e-02
  -0.0000000e+00
  -2.9705849e-02
  -2.9260548e-02
  -3.0057438e-02
  -3.2653902e-02
  -3.6351737e-02
  -3.9436068e-02
  -4.0528502e-02
  -4.1058954e-02
  -4.3061994e-02
  -4.7785189e-02
  -5.4216959e-02
  -6.0809486e-02
  -6.4557239e-02
  -5.8903802e-02
  -3.5916314e-02
   0.0000000e+00
   0.0000000e+00
   0.0000000e+00
  -0.0000000e+00
  -5.4478843e-02
  -5.6943610e-02
  -3.9862264e-02
  -1.7672766e-02
   0.0000000e+00
   0.0000000e+00
   0.0000000e+00
  -4.3174466e-02
  -5.4155737e-02
  -6.3076757e-02
  -6.8689413e-02
  -6.7438409e-02
  -5.7545647e-02
  -3.6355849e-02
  -2.0233851e-02
  -1.6351415e-02
  -2.7147598e-02
  -2.4018006e-02
  -2.4679523e-02
  -2.7547924e-02
  -3.2618675e-02
  -3.8368765e-02
  -4.2658418e-02
  -4.4537958e-02
  -4.6288095e-02
  -4.9964864e-02
  -5.5657219e-02
  -6.1717030e-02
  -6.6205218e-02
  -6.5259457e-02
  -5.1662650e-02
  -2.7490844e-02
   0.0000000e+00
   0.0000000e+00
   0.0000000e+00
  -0.0000000e+00
  -6.2181249e-02
  -5.7636321e-02
  -2.9998649e-02
  -6.9690561e-03
   0.0000000e+00
   0.0000000e+00
  -0.0000000e+00
  -4.5932094e-02
  -5.4170515e-02
  -6.2014598e-02
  -6.5789275e-02
  -6.4102441e-02
  -5.4706812e-02
  -2.4390295e-02
  -1.2376073e-02
  -1.3265645e-02
  -1.7906297e-02
  -1.7837698e-02
  -2.0778958e-02
  -2.5917977e-02
  -3.2307997e-02
  -3.9288931e-02
  -4.5159005e-02
  -4.9471561e-02
  -5.3692404e-02
  -5.8419686e-02
  -6.2595680e-02
  -6.4725563e-02
  -6.3147664e-02
  -5.4790489e-02
  -3.2440912e-02
   0.0000000e+00
   0.0000000e+00
   0.0000000e+00
   0.0000000e+00
  -0.0000000e+00
  -5.9867743e-02
  -4.8557561e-02
  -1.8855914e-02
   2.2812613e-04
   0.0000000e+00
   0.0000000e+00
  -0.0000000e+00
  -4.3230385e-02
  -4.6896022e-02
  -5.1558640e-02
  -5.1899772e-02
  -4.8976637e-02
  -4.0643863e-02
  -1.6035920e-02
  -6.3025407e-03
  -5.6180181e-03
  -1.0860609e-02
  -1.5600553e-02
  -2.0171499e-02
  -2.5275636e-02
  -3.0688765e-02
  -3.7049148e-02
  -4.3749548e-02
  -5.0121054e-02
  -5.5780742e-02
  -6.0048521e-02
  -6.1716940e-02
  -5.9516709e-02
  -5.1891223e-02
  -3.7431490e-02
  -1.6985920e-02
   0.0000000e+00
   0.0000000e+00
   0.0000000e+00
   0.0000000e+00
  -0.0000000e+00
  -4.7579471e-02
  -3.3970632e-02
  -1.0015418e-02
   4.7368880e-03
   0.0000000e+00
   0.0000000e+00
  -0.0000000e+00
  -3.1783320e-02
  -3.3378780e-02
  -3.4595948e-02
  -3.2078497e-02
  -2.8528206e-02
  -2.2660010e-02
   0.0000000e+00
  -0.0000000e+00
  -6.9692875e-03
  -1.5611455e-02
  -2.3103340e-02
  -2.8891943e-02
  -3.3953067e-02
  -3.8279600e-02
  -4.2758193e-02
  -4.6813451e-02
  -4.9988218e-02
  -5.2119665e-02
  -5.3178716e-02
  -5.2190203e-02
  -4.7225691e-02
  -3.6245361e-02
  -2.0393427e-02
  -3.1960253e-03
   0.0000000e+00
   0.0000000e+00
   0.0000000e+00
   0.0000000e+00
  -0.0000000e+00
  -3.0870471e-02
  -1.9015189e-02
  -2.6479481e-03
   0.0000000e+00
   0.0000000e+00
   0.0000000e+00
  -0.0000000e+00
  -2.0272214e-02
  -2.0160714e-02
  -1.9762691e-02
  -1.5843157e-02
  -1.2875944e-02
  -7.0059095e-03
   0.0000000e+00
  -0.0000000e+00
  -1.5745679e-02
  -2.7132812e-02
  -3.5363134e-02
  -4.1417735e-02
  -4.6304094e-02
  -4.9745699e-02
  -5.2230698e-02
  -5.2689669e-02
  -5.1171610e-02
  -4.8238603e-02
  -4.4810048e-02
  -4.1243124e-02
  -3.5512085e-02
  -2.4938035e-02
  -9.9392410e-03
   3.4357068e-03
   0.0000000e+00
   0.0000000e+00
   0.0000000e+00
  -0.0000000e+00
  -2.3880921e-02
  -1.2899357e-02
  -4.5638400e-03
   6.1078232e-03
   0.0000000e+00
   0.0000000e+00
   0.0000000e+00
  -0.0000000e+00
  -1.0776214e-02
  -8.9613989e-03
  -8.7577979e-03
  -6.4248281e-03
  -5.1733990e-03
  -2.4175437e-04
   0.0000000e+00
  -0.0000000e+00
  -2.3587729e-02
  -3.4800563e-02
  -4.0923378e-02
  -4.5281341e-02
  -4.9120517e-02
  -5.2208563e-02
  -5.4783733e-02
  -5.5193641e-02
  -5.2660221e-02
  -4.7614759e-02
  -4.1258550e-02
  -3.6005690e-02
  -3.0299967e-02
  -2.0995344e-02
  -8.2536274e-03
   3.9144596e-03
   0.0000000e+00
   0.0000000e+00
   0.0000000e+00
  -3.5668751e-02
  -1.3296078e-02
   4.1900295e-03
   1.0821672e-02
   1.6806241e-02
   0.0000000e+00
   0.0000000e+00
   0.0000000e+00
   0.0000000e+00
   2.2722856e-04
   2.8070113e-03
   2.5674903e-03
  -1.0072158e-03
  -3.8115687e-03
  -3.8008955e-03
   0.0000000e+00
  -0.0000000e+00
  -2.7781878e-02
  -3.8187880e-02
  -4.3763973e-02
  -4.7020581e-02
  -4.9149700e-02
  -5.1076274e-02
  -5.3491428e-02
  -5.4629855e-02
  -5.2986570e-02
  -4.7866728e-02
  -3.8913496e-02
  -3.0416308e-02
  -2.5583562e-02
  -2.2675721e-02
  -1.8565783e-02
  -1.1097582e-02
   0.0000000e+00
   0.0000000e+00
  -0.0000000e+00
  -4.0506981e-02
  -1.0176366e-02
   1.2393490e-02
   0.0000000e+00
   0.0000000e+00
   0.0000000e+00
   0.0000000e+00
   0.0000000e+00
   0.0000000e+00
   0.0000000e+00
   1.0948104e-02
   7.7027027e-03
   0.0000000e+00
  -1.6148147e-04
  -6.6771955e-03
  -0.0000000e+00
  -3.0801023e-02
  -3.6671843e-02
  -4.6959884e-02
  -5.4452009e-02
  -5.8997393e-02
  -6.0563844e-02
  -6.0627181e-02
  -6.1232354e-02
  -6.1686784e-02
  -6.0386922e-02
  -5.5663399e-02
  -4.5310017e-02
  -3.2285608e-02
  -2.4627281e-02
  -2.8939459e-02
  -3.7070155e-02
  -4.3324776e-02
   0.0000000e+00
   0.0000000e+00
  -6.1799214e-02
  -4.5517221e-02
  -1.4773865e-02
   1.4307442e-02
   0.0000000e+00
   0.0000000e+00
   0.0000000e+00
   0.0000000e+00
   0.0000000e+00
   0.0000000e+00
   0.0000000e+00
   2.0889491e-02
   1.3649741e-02
   0.0000000e+00
   0.0000000e+00
   0.0000000e+00
  -0.0000000e+00
  -4.7878270e-02
  -4.7725718e-02
  -5.6743000e-02
  -6.6759191e-02
  -7.4455343e-02
  -7.8423843e-02
  -7.9350710e-02
  -8.0458522e-02
  -8.2354471e-02
  -8.2991667e-02
  -7.9404078e-02
  -6.8004020e-02
  -4.8957590e-02
  -2.9517526e-02
  -2.7959583e-02
  -4.2031586e-02
  -6.9812659e-02
  -8.3058829e-02
  -7.1760661e-02
  -6.3931381e-02
  -5.0504234e-02
  -2.4858201e-02
   2.3631793e-03
   0.0000000e+00
   0.0000000e+00
   0.0000000e+00
   0.0000000e+00
   0.0000000e+00
   0.0000000e+00
   0.0000000e+00
   4.0987835e-02
   2.9457427e-02
   0.0000000e+00
   0.0000000e+00
   0.0000000e+00
  -0.0000000e+00
  -5.5424221e-02
  -5.4013215e-02
  -5.9996404e-02
  -7.0706524e-02
  -8.0001026e-02
  -8.5038818e-02
  -8.5596293e-02
  -8.6117767e-02
  -8.9588836e-02
  -9.3916841e-02
  -9.4140396e-02
  -8.4356889e-02
  -6.1200351e-02
  -2.9346950e-02
  -1.4725703e-02
  -1.1498159e-02
  -0.0000000e+00
  -6.8803020e-02
  -6.4892054e-02
  -6.1249208e-02
  -5.4191895e-02
  -3.8334198e-02
  -1.9019440e-02
   0.0000000e+00
   0.0000000e+00
   0.0000000e+00
   0.0000000e+00
   0.0000000e+00
   0.0000000e+00
   0.0000000e+00
   5.7065010e-02
   0.0000000e+00
   0.0000000e+00
   0.0000000e+00
   0.0000000e+00
  -0.0000000e+00
  -5.5885807e-02
  -5.4833300e-02
  -5.8109086e-02
  -6.6865429e-02
  -7.4910440e-02
  -7.8696176e-02
  -7.7656522e-02
  -7.5832747e-02
  -7.8212544e-02
  -8.4310696e-02
  -8.8256612e-02
  -8.2133695e-02
  -5.9507154e-02
  -2.3315378e-02
  -6.2330966e-03
   0.0000000e+00
  -0.0000000e+00
  -5.2289881e-02
  -5.3441189e-02
  -5.4235768e-02
  -5.4741010e-02
  -4.9541172e-02
  -3.6622107e-02
   0.0000000e+00
   0.0000000e+00
   0.0000000e+00
   0.0000000e+00
   0.0000000e+00
   0.0000000e+00
   0.0000000e+00
   0.0000000e+00
   0.0000000e+00
   0.0000000e+00
   0.0000000e+00
   0.0000000e+00
  -0.0000000e+00
  -4.6978892e-02
  -4.7100369e-02
  -4.9789451e-02
  -5.4813098e-02
  -5.9731979e-02
  -6.1854731e-02
  -6.0608942e-02
  -5.8208946e-02
  -5.9153043e-02
  -6.4731918e-02
  -7.0447087e-02
  -6.7605577e-02
  -4.7798276e-02
  -1.4468005e-02
  -2.8361002e-04
  -0.0000000e+00
  -3.3858395e-02
  -3.5655767e-02
  -3.8907263e-02
  -4.3097980e-02
  -4.8301660e-02
  -5.3477630e-02
  -5.1021199e-02
   0.0000000e+00
   0.0000000e+00
   0.0000000e+00
   0.0000000e+00
   0.0000000e+00
   0.0000000e+00
   0.0000000e+00
   0.0000000e+00
   0.0000000e+00
   0.0000000e+00
   0.0000000e+00
   0.0000000e+00
   0.0000000e+00
  -0.0000000e+00
  -2.6048487e-02
  -2.9757842e-02
  -3.3022765e-02
  -3.5308711e-02
  -3.5890281e-02
  -3.4914419e-02
  -3.4186456e-02
  -3.5998296e-02
  -4.0479928e-02
  -4.6203550e-02
  -4.6198286e-02
  -2.9887618e-02
  -3.7019730e-03
   0.0000000e+00
  -0.0000000e+00
  -1.6180061e-02
  -1.6862184e-02
  -2.1758316e-02
  -2.7144846e-02
  -3.3803612e-02
  -4.3164048e-02
  -4.5743245e-02
   0.0000000e+00
   0.0000000e+00
   0.0000000e+00
   0.0000000e+00
   0.0000000e+00
   0.0000000e+00
   0.0000000e+00
   0.0000000e+00
   0.0000000e+00
   0.0000000e+00
   0.0000000e+00
   0.0000000e+00
   0.0000000e+00
  -0.0000000e+00
   2.3784861e-03
  -5.9125887e-04
  -5.1089148e-03
  -6.7733563e-03
  -6.1438745e-03
  -4.7527682e-03
  -5.7695126e-03
  -1.0365194e-02
  -1.6032888e-02
  -2.1902768e-02
  -2.4111433e-02
  -1.0882593e-02
   1.0226981e-02
   0.0000000e+00
  -0.0000000e+00
  -5.1107152e-03
   6.3222921e-03
  -2.8540159e-03
  -9.2733875e-03
  -1.5902463e-02
  -2.5720950e-02
  -3.2513853e-02
   0.0000000e+00
   0.0000000e+00
   0.0000000e+00
   0.0000000e+00
   0.0000000e+00
   0.0000000e+00
   0.0000000e+00
   0.0000000e+00
   0.0000000e+00
   0.0000000e+00
   0.0000000e+00
   0.0000000e+00
   0.0000000e+00
   0.0000000e+00
   3.5545774e-02
   3.7833016e-02
   3.4191418e-02
   3.4080029e-02
   3.7227567e-02
   3.9437704e-02
   3.6822893e-02
   2.8713878e-02
   1.9825701e-02
   1.2399150e-02
   7.2264727e-03
   1.4149090e-02
   2.5781097e-02
   0.0000000e+00
   0.0000000e+00
   0.0000000e+00
   3.5486448e-02
   2.6390558e-02
   1.7695298e-02
   1.1059167e-02
   2.2305348e-03
  -1.0562899e-02
   1.5688069e-03
   0.0000000e+00
   0.0000000e+00
   0.0000000e+00
   0.0000000e+00
   0.0000000e+00
   0.0000000e+00
   0.0000000e+00
   0.0000000e+00
   0.0000000e+00
   0.0000000e+00
   0.0000000e+00
   0.0000000e+00
   0.0000000e+00
   4.3855437e-02
   5.4148983e-02
   5.6785268e-02
   6.2296692e-02
   6.8168484e-02
   7.0593215e-02
   6.7684799e-02
   5.9692286e-02
   5.0507137e-02
   4.1933406e-02
   3.3685900e-02
   3.0893881e-02
   0.0000000e+00
   0.0000000e+00
   0.0000000e+00
   0.0000000e+00
   0.0000000e+00
   4.8609913e-02
   4.1357290e-02
   3.4047972e-02
   2.6282279e-02
   1.4602192e-02
   1.0042780e-02
   0.0000000e+00
   0.0000000e+00
   0.0000000e+00
   0.0000000e+00
   0.0000000e+00
   0.0000000e+00
   0.0000000e+00
   0.0000000e+00
   0.0000000e+00
   0.0000000e+00
   0.0000000e+00
   0.0000000e+00
   0.0000000e+00
   0.0000000e+00
   5.8740776e-02
   7.0268586e-02
   8.2337603e-02
   8.8626526e-02
   8.8847809e-02
   8.5657731e-02
   8.0486134e-02
   7.4899137e-02
   6.7822874e-02
   5.7871424e-02
   4.4328797e-02
   0.0000000e+00
   0.0000000e+00
   0.0000000e+00
   0.0000000e+00
   0.0000000e+00
   6.0382511e-02
   5.9977777e-02
   5.2792590e-02
   4.8613399e-02
   3.9042629e-02
   2.4292688e-02
   0.0000000e+00
   0.0000000e+00
   0.0000000e+00
   0.0000000e+00
   0.0000000e+00
   0.0000000e+00
   0.0000000e+00
   0.0000000e+00
   0.0000000e+00
   0.0000000e+00
   0.0000000e+00
   0.0000000e+00
   0.0000000e+00
   0.0000000e+00
   4.8253536e-02
   6.1643336e-02
   7.2384775e-02
   7.7212982e-02
   7.8123132e-02
   7.7428691e-02
   7.6433793e-02
   7.5911754e-02
   7.3557332e-02
   6.5469526e-02
   5.3069292e-02
   0.0000000e+00
   0.0000000e+00
   0.0000000e+00
   0.0000000e+00
   0.0000000e+00
   0.0000000e+00
   5.6506746e-02
   5.3123526e-02
   5.7045049e-02
   5.2829541e-02
   4.4174828e-02
   0.0000000e+00
   0.0000000e+00
   0.0000000e+00
   0.0000000e+00
   0.0000000e+00
   0.0000000e+00
   0.0000000e+00
   0.0000000e+00
   0.0000000e+00
   0.0000000e+00
   0.0000000e+00
   0.0000000e+00
   0.0000000e+00
   0.0000000e+00
   0.0000000e+00
   2.9171593e-02
   3.3329624e-02
   3.9682328e-02
   4.5031078e-02
   4.8629334e-02
   5.2387131e-02
   5.6867976e-02
   5.9062574e-02
   5.4893644e-02
   4.9165455e-02
   0.0000000e+00
   0.0000000e+00
   0.0000000e+00
   0.0000000e+00
   0.0000000e+00
   0.0000000e+00
   0.0000000e+00
   4.0903698e-02
   5.1641472e-02
   5.3330370e-02
   5.0849119e-02
   0.0000000e+00
   0.0000000e+00
   0.0000000e+00
   0.0000000e+00
   0.0000000e+00
   0.0000000e+00
   0.0000000e+00
   0.0000000e+00
   0.0000000e+00
   0.0000000e+00
   0.0000000e+00
   0.0000000e+00
   0.0000000e+00
   0.0000000e+00
  -0.0000000e+00
  -4.9116489e-03
  -2.1919284e-03
  -3.9867507e-03
   3.1963118e-03
   8.3381832e-03
   1.4774788e-02
   2.3124801e-02
   2.9553680e-02
   3.1215661e-02
   3.7389832e-02
   0.0000000e+00
   0.0000000e+00
   0.0000000e+00
   0.0000000e+00
   0.0000000e+00
   0.0000000e+00
   0.0000000e+00
   2.2416092e-02
   3.2223841e-02
   3.3980064e-02
   1.0813549e-02
   0.0000000e+00
   0.0000000e+00
   0.0000000e+00
   0.0000000e+00
   0.0000000e+00
   0.0000000e+00
   0.0000000e+00
   0.0000000e+00
   0.0000000e+00
   0.0000000e+00
   0.0000000e+00
   0.0000000e+00
   0.0000000e+00
   0.0000000e+00
  -0.0000000e+00
  -2.0461406e-02
  -2.5066273e-02
  -3.1265671e-02
  -3.2932636e-02
  -2.8833314e-02
  -1.1643143e-02
   0.0000000e+00
   3.1303306e-03
   1.3295745e-02
   0.0000000e+00
   0.0000000e+00
   0.0000000e+00
   0.0000000e+00
   0.0000000e+00
   0.0000000e+00
   0.0000000e+00
   9.1997707e-03
   4.2373533e-03
  -4.5706078e-04
  -5.4424600e-03
  -6.8427788e-03
   1.9002279e-03
   0.0000000e+00
   0.0000000e+00
   0.0000000e+00
   0.0000000e+00
   0.0000000e+00
   0.0000000e+00
   0.0000000e+00
   0.0000000e+00
   0.0000000e+00
   0.0000000e+00
   0.0000000e+00
   0.0000000e+00
   0.0000000e+00
   0.0000000e+00
   0.0000000e+00
   0.0000000e+00
   0.0000000e+00
  -0.0000000e+00
  -0.0000000e+00
   0.0000000e+00
   0.0000000e+00
   0.0000000e+00
   0.0000000e+00
   0.0000000e+00
   0.0000000e+00
   0.0000000e+00
   0.0000000e+00
   0.0000000e+00
   0.0000000e+00
   0.0000000e+00
  -6.1354285e-04
   0.0000000e+00
  -0.0000000e+00
  -0.0000000e+00
  -1.8215445e-02
  -1.0259479e-02
  -8.6331674e-03
   0.0000000e+00
  -0.0000000e+00
  -0.0000000e+00
   0.0000000e+00
   0.0000000e+00
   0.0000000e+00
   0.0000000e+00
   0.0000000e+00
   0.0000000e+00
  -0.0000000e+00
  -0.0000000e+00
  -0.0000000e+00
  -0.0000000e+00
  -0.0000000e+00
  -0.0000000e+00
  -0.0000000e+00
  -0.0000000e+00
  -0.0000000e+00
  -0.0000000e+00
  -0.0000000e+00
  -0.0000000e+00
  -0.0000000e+00
  -0.0000000e+00
  -0.0000000e+00
  -0.0000000e+00
  -0.0000000e+00
  -0.0000000e+00
  -0.0000000e+00
  -0.0000000e+00
  -6.0953386e-03
  -0.0000000e+00
  -0.0000000e+00
  -0.0000000e+00
  -0.0000000e+00
  -1.3235123e-02
  -1.4692177e-02
  -1.3331207e-02
  -1.0942367e-02
  -1.0060276e-02
  -1.0026311e-02
  -8.6806040e-03
  -8.6248340e-03
  -8.4132142e-03
  -0.0000000e+00
  -0.0000000e+00
