  3.024756e-01
  1.466362e-01
  1.166603e-01
  1.070031e-01
  1.106640e-01
  1.178613e-01
  1.191455e-01
  1.241524e-01
  1.351521e-01
  1.439660e-01
  1.212321e-01
  1.006278e-01
  8.539782e-02
  7.890392e-02
  7.068436e-02
  7.363103e-02
  7.334260e-02
  7.281303e-02
  7.176787e-02
  7.028376e-02
  6.845260e-02
  6.502080e-02
  6.187559e-02
  6.221441e-02
  6.406055e-02
  6.732556e-02
  6.966809e-02
  6.827932e-02
  6.970633e-02
  6.902097e-02
  6.957311e-02
  7.030372e-02
  6.882655e-02
  7.172552e-02
  1.937218e-01
  5.498104e-01
