  -2.0427070e+00
  -7.2712618e-01
   5.4768735e-01
  -3.6208469e-01
  -3.1406815e+00
  -3.1273417e+00
  -2.8315804e+00
  -3.8317316e+00
  -4.3608298e+00
  -4.4789629e+00
  -4.5793147e+00
  -4.6621323e+00
  -4.5252867e+00
  -4.4106960e+00
  -4.5072155e+00
  -4.7814307e+00
  -5.0421834e+00
  -4.9826293e+00
  -4.4896655e+00
  -4.2393723e+00
  -4.2244005e+00
  -4.5334134e+00
  -5.2351398e+00
  -6.8782082e+00
  -8.0972157e+00
  -7.8861508e+00
  -6.8474979e+00
  -6.3033986e+00
  -5.8877535e+00
  -5.5405030e+00
  -5.0673151e+00
  -4.4655542e+00
  -4.3408508e+00
  -4.8125439e+00
  -4.4228415e+00
  -3.2446811e+00
  -6.8075294e+00
  -5.7375808e+00
  -3.6809018e+00
  -9.8620725e-01
  -3.1268016e-02
   3.3013725e-01
   5.0272453e-01
   5.4154772e-01
   6.1814821e-01
   7.0621288e-01
   6.1238295e-01
   4.1471210e-01
   2.5214025e-01
   1.8037936e-01
   1.0255058e-01
   2.9556252e-02
  -8.0883257e-02
  -1.5328260e-01
  -1.2323300e-01
  -1.0845800e-01
   1.7305860e-01
   1.9083144e-01
  -4.7213390e-02
  -5.5541682e-01
  -1.4204021e+00
  -2.5950489e+00
  -3.8264339e+00
  -4.5481744e+00
  -4.6352696e+00
  -5.2957768e+00
  -5.6196280e+00
  -5.6064935e+00
  -4.7798681e+00
  -5.9436650e+00
  -6.8516378e+00
  -7.2023869e+00
   6.5591377e-01
   9.0041047e-01
   1.3587561e+00
   1.9393016e+00
   2.1587222e+00
   2.6934481e+00
   3.0569267e+00
   3.0588200e+00
   3.1421864e+00
   3.5287461e+00
   3.8204672e+00
   3.7301819e+00
   3.3943293e+00
   3.2359645e+00
   3.1749127e+00
   3.1779010e+00
   3.1881149e+00
   3.1467566e+00
   3.1938524e+00
   3.2205060e+00
   3.1642442e+00
   2.9122844e+00
   2.8042161e+00
   2.3800611e+00
   1.9382551e+00
   1.6197727e+00
   1.5174074e+00
   1.5643480e+00
   1.6890746e+00
   1.6661545e+00
   1.4001180e+00
   1.2281827e+00
   1.1264116e+00
   1.0579967e+00
   8.3724290e-01
   6.1532259e-01
   4.3079834e+00
   4.3971901e+00
   4.3459525e+00
   4.3094831e+00
   3.2674851e+00
   3.9678872e+00
   4.1672521e+00
   4.3244143e+00
   3.9758935e+00
   4.4695749e+00
   4.9854522e+00
   5.4586215e+00
   5.4165807e+00
   5.3377790e+00
   5.3776293e+00
   5.4370165e+00
   5.4759479e+00
   5.4331756e+00
   5.2977142e+00
   3.4312060e+00
   4.7410636e+00
   4.5741906e+00
   4.6887193e+00
   4.3726058e+00
   4.0732741e+00
   3.9721992e+00
   4.0510449e+00
   4.2331963e+00
   4.4553933e+00
   4.5480075e+00
   4.4803238e+00
   4.3596931e+00
   4.1531124e+00
   4.1650877e+00
   4.1563087e+00
   4.1358404e+00
   4.4993773e+00
   3.0855930e+00
   2.6848903e+00
   2.2854643e+00
   1.8785095e+00
   3.3321085e+00
   4.0482273e+00
   3.9652958e+00
   3.1821349e+00
   4.4084368e+00
   4.8238626e+00
   5.4624472e+00
   5.7686000e+00
   5.9373217e+00
   6.1311140e+00
   6.2621980e+00
   6.2800913e+00
   6.1407123e+00
   5.5804062e+00
   2.3991282e+00
   4.1317778e+00
   4.8578544e+00
   5.4432201e+00
   5.4672294e+00
   5.3582001e+00
   5.4239883e+00
   5.5158410e+00
   5.5820966e+00
   5.6108809e+00
   5.5092535e+00
   5.5329690e+00
   5.5289011e+00
   5.4781365e+00
   5.6465750e+00
   5.6464725e+00
   5.5538249e+00
   2.7741242e+00
   1.4441510e+00
   1.2746049e+00
   1.0457215e+00
   1.2289105e+00
   2.5911740e+00
   3.4588568e+00
   3.6512589e+00
   3.9803565e+00
   4.0387278e+00
   4.2164843e+00
   4.6843923e+00
   5.0207540e+00
   5.2873290e+00
   5.5495075e+00
   5.7372257e+00
   5.8068169e+00
   5.6653169e+00
   5.1045104e+00
   2.8971059e+00
   3.2401905e+00
   3.9730830e+00
   4.9312013e+00
   5.4406069e+00
   5.6936652e+00
   5.8728555e+00
   5.7935961e+00
   5.3917782e+00
   4.9468635e+00
   4.5921109e+00
   4.7955085e+00
   5.0872343e+00
   5.3967803e+00
   5.6836965e+00
   5.7357219e+00
   5.4620875e+00
   1.5603616e+00
   7.7230752e-01
   8.2442439e-01
   8.2145113e-01
   8.8599551e-01
   1.9417555e+00
   2.5197754e+00
   2.7765970e+00
   3.0868163e+00
   3.1519325e+00
   3.1934264e+00
   3.3933146e+00
   3.6192682e+00
   3.8605998e+00
   4.1276917e+00
   4.3795710e+00
   4.5235925e+00
   4.4155998e+00
   3.5946703e+00
   1.7276583e+00
   7.9723209e-01
   2.0841875e+00
   3.3862574e+00
   4.4654145e+00
   5.0397739e+00
   5.2211409e+00
   4.7339425e+00
   3.7677560e+00
   3.3924735e+00
   3.1176586e+00
   3.2673759e+00
   3.7458220e+00
   4.3178754e+00
   4.6828971e+00
   4.7405920e+00
   4.2964697e+00
   1.5352786e+00
   3.3197239e-01
   1.4752200e-01
   2.6187786e-01
   5.5142677e-01
   1.5324113e+00
   1.5258875e+00
   1.7246524e+00
   1.7594332e+00
   1.6586775e+00
   1.5316362e+00
   1.5077754e+00
   1.6327124e+00
   1.8475392e+00
   2.1445100e+00
   2.3894243e+00
   2.4871659e+00
   2.3012877e+00
   1.5460409e+00
   7.2183317e-01
  -2.9988527e-01
  -6.9244481e-02
   1.3043071e+00
   2.6287322e+00
   3.3557156e+00
   3.4045348e+00
   2.3233392e+00
   8.6947097e-01
   7.6201659e-01
   1.3706372e+00
   1.3293013e+00
   1.7862070e+00
   2.3816397e+00
   2.7137333e+00
   2.7270818e+00
   2.3847883e+00
   1.2562261e+00
   5.6452030e-01
  -2.1378994e-01
  -2.6936281e-01
   1.0349683e-01
   5.9199029e-01
   5.1749837e-01
   3.8848636e-01
   2.3754999e-01
   9.8832443e-02
  -5.7316661e-02
  -1.1466976e-01
  -6.1539821e-02
   1.0367341e-01
   3.3846799e-01
   5.0798309e-01
   5.1033640e-01
   2.6641941e-01
  -1.4089248e-01
   1.7613298e-01
  -7.8047925e-01
  -1.0058775e+00
  -2.7104622e-01
   1.0284449e+00
   1.5570449e+00
   1.3336821e+00
   1.5182862e-01
  -9.7326763e-02
   5.2439138e-02
  -6.4285588e-01
  -5.3462338e-01
  -7.4076757e-02
   4.2056367e-01
   6.6904563e-01
   6.5168649e-01
   5.1912010e-01
  -7.1265483e-01
   1.9319516e-01
  -3.1896940e-01
  -8.5596013e-01
  -1.2579628e+00
  -1.1683840e+00
  -1.3176538e+00
  -1.4774202e+00
  -1.5848132e+00
  -1.6606470e+00
  -1.7082877e+00
  -1.7450622e+00
  -1.7561797e+00
  -1.7080148e+00
  -1.6464980e+00
  -1.6636344e+00
  -1.8307353e+00
  -2.1490974e+00
  -1.6967294e+00
   3.9006847e-01
  -7.4574864e-01
  -1.1173172e+00
  -1.8749256e+00
  -8.3221072e-01
  -7.9775488e-01
  -1.3272686e+00
  -1.8709995e+00
  -4.7447678e-01
  -5.4330033e-01
  -2.0939367e+00
  -2.2345772e+00
  -1.9338309e+00
  -1.8672525e+00
  -1.8748815e+00
  -2.0077906e+00
  -1.8845912e+00
  -2.2615871e+00
  -9.0416420e-01
  -5.1377147e-01
  -1.3277060e+00
  -2.6450527e+00
  -2.4785225e+00
  -2.5064228e+00
  -2.5947459e+00
  -2.6435626e+00
  -2.6805968e+00
  -2.6946042e+00
  -2.7370615e+00
  -2.7743697e+00
  -2.8097413e+00
  -2.9308655e+00
  -3.1426227e+00
  -3.4648287e+00
  -3.7671905e+00
  -2.6311557e+00
   5.1288199e-01
  -6.3520372e-01
  -1.0756450e+00
  -2.0813406e+00
  -2.2634501e+00
  -2.6350226e+00
  -3.1688251e+00
  -2.5468624e+00
  -5.7542849e-01
  -9.7150832e-01
  -2.1644013e+00
  -2.1044681e+00
  -3.0413971e+00
  -3.4514904e+00
  -3.7282960e+00
  -3.9357738e+00
  -3.5870380e+00
  -3.4398623e+00
  -2.0715365e+00
  -1.1666528e+00
  -7.1151096e-01
  -2.7506201e+00
  -3.0807269e+00
  -3.0591495e+00
  -3.1239450e+00
  -3.2286773e+00
  -3.3734307e+00
  -3.4610829e+00
  -3.5181634e+00
  -3.5889022e+00
  -3.7339067e+00
  -4.0799813e+00
  -4.4822178e+00
  -4.8947501e+00
  -4.9987683e+00
  -3.9113171e+00
  -2.5764585e-01
  -3.8212210e-01
  -8.5660261e-01
  -2.2551126e+00
  -3.7917736e+00
  -4.3111329e+00
  -4.3778882e+00
  -2.1928589e+00
  -5.4394412e-01
  -1.1788487e+00
  -1.3177642e+00
  -1.4068867e+00
  -3.9320903e+00
  -4.6983428e+00
  -5.1414237e+00
  -5.3188577e+00
  -4.7651224e+00
  -3.9257810e+00
  -2.6174512e+00
  -1.3275044e+00
  -1.0191441e+00
  -2.6934445e+00
  -2.8770685e+00
  -2.9248416e+00
  -3.0952010e+00
  -3.4294617e+00
  -3.7364950e+00
  -3.9206800e+00
  -4.0146461e+00
  -4.1540928e+00
  -4.4418912e+00
  -4.9319105e+00
  -5.4143782e+00
  -5.7370653e+00
  -5.5442066e+00
  -3.8484364e+00
  -2.1363612e-02
  -2.0944434e-01
  -8.5174894e-01
  -2.2654815e+00
  -4.9025068e+00
  -5.2751312e+00
  -4.6124797e+00
  -1.4171950e+00
  -3.0718490e-01
  -1.0726784e+00
  -9.3750679e-01
  -1.6735383e+00
  -4.3629403e+00
  -5.1643715e+00
  -5.6247215e+00
  -5.7402101e+00
  -5.1402016e+00
  -3.7390246e+00
  -2.5028901e+00
  -1.6573442e+00
  -2.0252788e+00
  -2.4465313e+00
  -2.3788342e+00
  -2.5456088e+00
  -2.9305751e+00
  -3.4909453e+00
  -3.9440091e+00
  -4.2060337e+00
  -4.3639874e+00
  -4.5847945e+00
  -4.9383497e+00
  -5.4132562e+00
  -5.7972012e+00
  -5.8738327e+00
  -5.2564826e+00
  -2.5789442e+00
   3.5654008e-03
  -3.9557397e-01
  -9.8773372e-01
  -2.9545078e+00
  -5.4490800e+00
  -5.5292749e+00
  -4.1885281e+00
  -5.6232929e-01
  -1.3994873e-03
  -9.0206319e-01
  -1.3305961e+00
  -3.0045681e+00
  -4.2756414e+00
  -5.0013371e+00
  -5.3633661e+00
  -5.4073772e+00
  -4.8360782e+00
  -2.8843095e+00
  -1.8355086e+00
  -1.4876634e+00
  -1.7746421e+00
  -1.7848959e+00
  -1.9642563e+00
  -2.3133836e+00
  -2.8433211e+00
  -3.4906375e+00
  -4.0424533e+00
  -4.4172745e+00
  -4.7145419e+00
  -4.9811130e+00
  -5.2562132e+00
  -5.4915752e+00
  -5.5585008e+00
  -5.2519603e+00
  -4.0779696e+00
  -1.1039342e+00
  -2.7825221e-01
  -7.0563900e-01
  -1.1744132e+00
  -3.5249441e+00
  -5.4338775e+00
  -5.1201367e+00
  -3.3218031e+00
   4.7211197e-01
   4.8135358e-01
  -1.0173734e+00
  -2.7315569e+00
  -3.6670370e+00
  -3.7868102e+00
  -4.3010378e+00
  -4.4437561e+00
  -4.3173094e+00
  -3.7872450e+00
  -1.7092873e+00
  -7.1236116e-01
  -1.0659194e+00
  -1.2696056e+00
  -1.7618483e+00
  -2.2673242e+00
  -2.7133408e+00
  -3.1759939e+00
  -3.6846299e+00
  -4.1730390e+00
  -4.6004720e+00
  -4.9668255e+00
  -5.1737633e+00
  -5.2590804e+00
  -5.1441898e+00
  -4.7868538e+00
  -4.0598831e+00
  -2.3988755e+00
   2.6963991e-01
  -3.5572287e-01
  -1.0081419e+00
  -1.2303133e+00
  -2.1493001e+00
  -4.2117467e+00
  -4.2067428e+00
  -2.3231840e+00
   9.5402825e-01
   6.3692349e-01
  -1.5664991e+00
  -3.5868342e+00
  -3.1840248e+00
  -2.9415777e+00
  -3.2656803e+00
  -3.1123724e+00
  -2.8132820e+00
  -2.3880548e+00
  -3.1788862e-01
  -2.0998389e-01
  -1.0717127e+00
  -1.8136858e+00
  -2.7629120e+00
  -3.4886794e+00
  -3.9741511e+00
  -4.3454971e+00
  -4.6903057e+00
  -4.9936037e+00
  -5.2336760e+00
  -5.3908186e+00
  -5.4157062e+00
  -5.3154426e+00
  -4.9412766e+00
  -4.1990833e+00
  -3.0115185e+00
  -9.6918005e-01
   6.4117342e-01
  -3.2169387e-01
  -1.2272341e+00
  -1.3889632e+00
  -1.9419312e+00
  -3.4213746e+00
  -2.9628589e+00
  -1.2665557e+00
   1.0625772e+00
   7.0427591e-01
  -1.5926857e+00
  -3.6381094e+00
  -2.6219161e+00
  -2.0755293e+00
  -2.2863052e+00
  -1.9456728e+00
  -1.5662061e+00
  -1.1469496e+00
   3.7086545e-01
  -1.2432087e-01
  -1.7725290e+00
  -3.1366685e+00
  -4.2923255e+00
  -5.0549048e+00
  -5.5265520e+00
  -5.8518398e+00
  -6.0940368e+00
  -6.2034805e+00
  -6.1593430e+00
  -5.9675252e+00
  -5.6926086e+00
  -5.3735364e+00
  -4.8591451e+00
  -3.9770582e+00
  -2.5039393e+00
  -6.5051786e-02
   7.1534202e-01
  -4.2936260e-01
  -1.4359661e+00
  -1.9204140e+00
  -3.2952946e+00
  -2.0912580e+00
  -1.3273394e+00
   8.8203755e-02
   1.6106269e+00
   9.0886916e-01
  -1.2043705e+00
  -3.7601202e+00
  -2.1920118e+00
  -1.1753796e+00
  -1.2572092e+00
  -1.0535111e+00
  -8.8698138e-01
  -4.0034647e-01
   1.1798494e-01
  -9.0923880e-02
  -2.3426165e+00
  -4.0052166e+00
  -4.8697523e+00
  -5.3908532e+00
  -5.7494648e+00
  -6.0352242e+00
  -6.2794025e+00
  -6.3999440e+00
  -6.3230154e+00
  -6.0069621e+00
  -5.5209725e+00
  -4.9878744e+00
  -4.3995203e+00
  -3.5657697e+00
  -2.1927836e+00
  -8.0166468e-03
   8.7566699e-01
  -5.9657227e-01
  -1.9322367e+00
  -3.2411061e+00
  -3.1691073e+00
  -1.7375865e-01
   1.0820775e+00
   1.9735063e+00
   2.1342394e+00
   7.0010076e-01
  -5.4924625e-01
  -2.9253434e+00
  -1.1842533e+00
   6.3878573e-02
   3.1689598e-01
  -8.9575802e-02
  -2.6055041e-01
  -2.9490289e-01
  -1.1190570e-01
  -3.0156183e-01
  -2.3760507e+00
  -3.9642811e+00
  -4.6122241e+00
  -4.9977117e+00
  -5.2292938e+00
  -5.4007912e+00
  -5.5700803e+00
  -5.6804619e+00
  -5.6156907e+00
  -5.2846479e+00
  -4.6707244e+00
  -3.8760746e+00
  -3.2266996e+00
  -2.8543072e+00
  -2.3889115e+00
  -1.6061502e+00
  -4.8335227e-01
  -1.2400534e+00
  -3.3804808e+00
  -4.7038860e+00
  -2.8005199e+00
   7.2558582e-01
   1.7818437e+00
   1.0639634e+00
   1.0058504e+00
   3.2587495e-01
  -8.7137289e-02
  -9.4406974e-01
   1.2796879e-01
   9.2097992e-01
   1.0903620e+00
   2.1940809e-01
   4.3328726e-01
  -9.0900913e-02
  -3.5031798e-01
  -1.4069511e+00
  -2.8297360e+00
  -4.0960083e+00
  -4.8166184e+00
  -5.3314805e+00
  -5.6005535e+00
  -5.6938410e+00
  -5.6996064e+00
  -5.6608734e+00
  -5.4926229e+00
  -5.0691710e+00
  -4.3297076e+00
  -3.3677421e+00
  -2.6124887e+00
  -2.7331228e+00
  -3.4424386e+00
  -3.8896425e+00
  -3.2263565e+00
  -3.4557953e+00
  -5.8887386e+00
  -5.1556997e+00
  -2.8319666e+00
   8.3384603e-01
   1.4305755e+00
   5.2310491e-01
   3.3554709e-01
   1.1032342e-01
   1.1608110e-01
  -1.1321169e-01
   7.6305425e-01
   1.5488455e+00
   1.6223156e+00
   4.9702710e-01
   7.1936464e-01
   8.5271932e-02
  -5.2800500e-01
  -2.7262399e+00
  -3.9444256e+00
  -4.3231316e+00
  -5.2259874e+00
  -5.9845510e+00
  -6.4294434e+00
  -6.6262465e+00
  -6.7105761e+00
  -6.7884603e+00
  -6.8041329e+00
  -6.5307903e+00
  -5.7881656e+00
  -4.6339273e+00
  -3.3762531e+00
  -2.9829905e+00
  -3.7419841e+00
  -5.1123133e+00
  -6.1921797e+00
  -6.5048556e+00
  -5.9133492e+00
  -4.8581738e+00
  -3.1054840e+00
   6.6799894e-02
   1.0170304e+00
   2.5245023e-01
   1.0607751e-01
  -1.1347433e-01
   1.8083066e-01
   4.7424737e-02
   6.4788067e-01
   2.1893761e+00
   2.6568348e+00
   8.0813193e-01
   3.2942960e-01
  -1.0584520e-01
  -5.7287830e-01
  -2.7726316e+00
  -3.9394703e+00
  -4.4471984e+00
  -5.4245162e+00
  -6.3066053e+00
  -6.8035307e+00
  -6.9934621e+00
  -7.0600610e+00
  -7.2099590e+00
  -7.4338303e+00
  -7.4483299e+00
  -6.9806767e+00
  -5.8373604e+00
  -3.9766917e+00
  -2.3965886e+00
  -1.0572633e+00
  -3.7677672e+00
  -5.6677871e+00
  -5.7951469e+00
  -5.4818654e+00
  -4.8310666e+00
  -3.7804058e+00
  -1.3595574e+00
   3.0973276e-01
  -3.6818590e-02
  -1.0259102e-01
  -3.6608410e-01
   1.0086884e-01
   2.7356055e-03
   4.8505509e-01
   1.9658176e+00
   2.9784443e+00
   7.7392381e-01
  -6.9729745e-02
  -1.8764415e-01
  -6.2836450e-01
  -2.8383014e+00
  -3.8281684e+00
  -4.4129200e+00
  -5.2511549e+00
  -6.0490699e+00
  -6.4492998e+00
  -6.5189266e+00
  -6.4338112e+00
  -6.4883113e+00
  -6.7782764e+00
  -7.0203114e+00
  -6.8282571e+00
  -5.8717327e+00
  -3.7419086e+00
  -1.0839863e+00
  -4.3731946e-01
  -3.9932685e+00
  -4.8347082e+00
  -5.0392151e+00
  -5.0350790e+00
  -4.8787618e+00
  -4.4937329e+00
  -2.5905240e+00
  -1.5485278e-01
  -2.9132614e-01
  -3.2866511e-01
  -6.8023795e-01
  -2.5451386e-01
  -3.0058014e-01
   1.7108117e-01
   1.0084465e+00
   2.0973978e+00
   4.3258739e-01
   7.4340576e-01
  -6.5962422e-01
  -2.2414884e-01
  -1.9791148e+00
  -3.2975328e+00
  -3.8891137e+00
  -4.4299870e+00
  -4.9744096e+00
  -5.2620845e+00
  -5.2898192e+00
  -5.1610565e+00
  -5.1431427e+00
  -5.4235053e+00
  -5.8704934e+00
  -5.9509521e+00
  -5.1570373e+00
  -2.8350594e+00
   1.4605054e-01
  -7.6755702e-01
  -4.1193433e+00
  -3.5891249e+00
  -3.8110731e+00
  -4.0934262e+00
  -4.3271985e+00
  -4.4919071e+00
  -3.7499647e+00
  -9.1740829e-01
  -6.5879285e-01
  -7.6552922e-01
  -1.4880129e+00
  -1.1661479e+00
  -1.0554419e+00
  -1.0153169e-01
  -8.6059824e-02
   5.8974016e-01
   1.8976936e-01
   1.0848528e+00
  -9.3697315e-01
  -4.3100659e-02
  -7.5962305e-01
  -1.9418421e+00
  -2.3865981e+00
  -2.7229447e+00
  -3.0345135e+00
  -3.2285433e+00
  -3.2730179e+00
  -3.2549310e+00
  -3.3345375e+00
  -3.5865855e+00
  -4.0532575e+00
  -4.3270211e+00
  -3.7148106e+00
  -1.2625364e+00
   5.5361563e-01
  -1.2093117e+00
  -2.0459726e+00
  -1.4467691e+00
  -1.9708292e+00
  -2.4944596e+00
  -2.9573035e+00
  -3.4699831e+00
  -3.7107592e+00
  -1.6974258e+00
  -1.2640259e+00
  -1.6177834e+00
  -2.2835305e+00
  -1.9664767e+00
  -1.1525217e+00
  -3.8310105e-01
  -7.6979655e-01
   7.8741737e-02
   5.7183969e-01
   7.7182911e-02
  -4.2334569e-01
   1.4427440e-01
  -1.0423527e-01
  -3.1908977e-01
  -3.3884057e-01
  -6.4527285e-01
  -9.2619056e-01
  -1.0580007e+00
  -1.0727334e+00
  -1.1202059e+00
  -1.3553115e+00
  -1.6940194e+00
  -2.1224475e+00
  -2.4338527e+00
  -1.9658515e+00
   3.8398758e-01
   1.0620040e+00
  -4.0139720e-01
   3.1937155e-01
   7.9510432e-01
   1.0359854e-01
  -7.2665250e-01
  -1.2717857e+00
  -1.9129246e+00
  -2.6458015e+00
  -1.8526152e+00
  -1.1164422e+00
  -1.9354086e+00
  -1.9405144e+00
  -1.7609318e+00
   1.0015623e-01
  -4.2011958e-01
  -1.1961184e+00
  -5.7349676e-01
   5.8031444e-02
  -2.0366858e-01
  -1.0036776e+00
   4.1488415e-01
   2.3661269e-01
   1.3703111e+00
   1.7763264e+00
   1.6018653e+00
   1.4015524e+00
   1.3802378e+00
   1.4559765e+00
   1.4436162e+00
   1.1865965e+00
   7.7712572e-01
   3.7429699e-01
   1.0151268e-01
   3.8078520e-01
   2.0334396e+00
   1.0826082e+00
   8.1388175e-01
   8.9282137e-01
   1.9394925e+00
   2.3568327e+00
   1.4076726e+00
   8.6491418e-01
   3.0510721e-01
  -5.5170435e-01
  -9.1168511e-01
   7.2175182e-02
  -6.8248862e-01
  -1.9715632e-01
   8.1348443e-01
   1.1194270e+00
  -4.3588349e-01
  -3.4869644e-01
  -8.7577976e-02
  -2.2586991e-01
  -9.1759908e-01
  -6.2455171e-01
   8.5127886e-01
   2.4548070e-01
   1.2439177e+00
   2.3358614e+00
   2.5167084e+00
   2.6567626e+00
   2.8326031e+00
   2.9650342e+00
   3.0083861e+00
   2.8459045e+00
   2.5344276e+00
   2.1993697e+00
   1.9389817e+00
   2.0004497e+00
   1.9769419e+00
   1.1299057e+00
   1.1137068e+00
   8.8911116e-01
   1.4481326e+00
   2.9794307e+00
   2.7930682e+00
   2.3373098e+00
   1.8814493e+00
   1.1877165e+00
   7.4982747e-01
   7.4138618e-01
   3.6536831e-01
   1.5349740e+00
   1.8554287e+00
   7.9393673e-01
   5.1904231e-01
  -2.1795364e-02
   5.2196127e-01
   1.1923988e+00
   3.5446611e-01
   6.2141573e-01
   1.1482842e+00
   3.5141712e-01
   6.7527050e-01
   1.7964581e+00
   2.9572821e+00
   3.5011089e+00
   3.8734972e+00
   4.0349374e+00
   4.0496759e+00
   3.9617529e+00
   3.8179059e+00
   3.6224787e+00
   3.3750238e+00
   3.0701871e+00
   1.4204042e+00
   1.0652690e+00
   8.2335925e-01
   7.3184562e-01
   1.1452986e+00
   2.2517357e+00
   3.7315719e+00
   3.2772980e+00
   2.9767737e+00
   2.6067345e+00
   1.6965976e+00
   4.1832817e-01
   1.5020788e+00
   1.2012305e+00
   6.3135618e-01
   4.9410659e-01
   1.0753025e-01
  -8.0540079e-01
  -1.3767451e-01
   9.5538807e-01
   9.2948651e-01
   1.7370133e+00
   8.8604920e-01
   6.6053385e-01
   5.6025082e-01
   1.2876509e+00
   2.6098509e+00
   3.2417827e+00
   3.6197085e+00
   3.8431127e+00
   3.9207578e+00
   3.9376116e+00
   3.9454031e+00
   3.9113815e+00
   3.7495923e+00
   3.3611069e+00
   1.3992304e+00
   1.0633671e+00
   7.2125900e-01
   5.6037271e-01
   8.6822937e-01
   1.1245974e+00
   2.1644540e+00
   2.8415490e+00
   2.9909344e+00
   3.0290465e+00
   2.5619529e+00
   1.1709880e+00
   9.0315849e-01
   6.6178193e-01
   4.0366587e-01
   2.0486517e-01
   2.3558861e-01
   1.5009387e-01
   1.2574686e-01
   4.5743873e-01
   7.2231984e-01
   1.1529582e+00
   4.9678373e-01
   4.6932537e-01
   3.8500877e-01
   6.6672963e-01
   1.3860911e+00
   1.7497461e+00
   2.0322866e+00
   2.3714137e+00
   2.6479139e+00
   2.8320847e+00
   3.0409151e+00
   3.1831249e+00
   3.1413956e+00
   2.9464825e+00
   1.2305103e+00
   9.6469170e-01
   5.8290725e-01
   5.1203281e-01
   6.2030911e-01
   6.2269114e-01
   5.5461942e-01
   1.3566145e+00
   2.2375300e+00
   2.6513454e+00
   2.6342146e+00
   1.0268284e+00
   5.8695101e-01
   3.9253822e-01
   2.7848172e-01
   9.9966380e-02
   1.0041036e-01
   1.4537188e-01
  -3.9362642e-02
   1.7734933e-01
   5.1129889e-01
   6.9361631e-01
   4.4381791e-01
   3.4168437e-01
   1.9108132e-01
   4.4650045e-01
   2.0622323e-01
  -1.5151338e-01
   9.1056837e-02
   3.0084354e-01
   6.3657475e-01
   9.2097121e-01
   1.3207306e+00
   1.6902092e+00
   1.8293644e+00
   9.6684223e-01
   4.1373369e-01
   6.0475419e-01
   3.9065972e-01
   3.7315065e-01
   2.9984217e-01
   1.9484355e-01
   3.2846406e-01
   6.4013491e-01
   1.2053491e+00
   1.5549625e+00
   1.1357636e+00
   2.7644837e-01
   3.2790318e-01
   2.1936109e-01
   1.6320169e-01
   1.3187240e-01
   1.4371333e-01
   2.2431633e-01
   3.3636665e-01
   4.9576884e-01
   5.6103587e-01
   7.5588274e-01
   3.9844167e-01
   7.1677977e-01
   5.3871197e-01
   3.1335303e-01
  -7.5605154e-01
  -7.6283646e-01
  -6.8613404e-01
  -1.2540425e+00
  -1.2685710e+00
  -8.3799827e-01
  -2.0523302e-01
   8.6936457e-03
  -2.4289195e-01
  -2.8869483e-01
   2.6912183e-01
   1.4870481e-01
   1.2932076e-01
   2.0339318e-01
   1.0209554e-01
  -7.0078587e-03
   2.4607626e-01
  -5.6887493e-02
   1.7483592e-02
  -2.0661870e-01
  -4.3530154e-01
  -1.8451598e-02
  -1.5884247e-01
   7.2479688e-02
   9.7710691e-02
   1.4541812e-01
   1.6776243e-01
   2.4898958e-01
   2.0704637e-01
   1.9449422e-01
   2.6378211e-01
   3.4598956e-01
   2.7861625e-01
   3.4474266e-01
  -6.1998572e-02
  -2.0666883e-01
   2.7639958e-01
   8.9550994e-02
  -2.9494267e-01
  -2.2810635e-01
  -6.7644769e-01
  -3.3454918e-01
  -4.7041592e-01
  -5.1251537e-01
  -3.9373718e-01
  -1.7439676e-02
  -9.6797585e-02
  -9.8727505e-02
   1.1602116e-01
   7.5476535e-02
  -4.7235200e-02
  -1.4059503e-01
   1.8728547e-01
  -3.0130013e-01
  -1.4545147e-01
  -5.9773678e-01
  -4.4788010e-01
  -7.1924084e-01
  -3.2839417e-01
  -5.6502939e-02
  -5.2026689e-02
   3.3940416e-02
   1.0802128e-02
   7.3751271e-02
   5.3596586e-02
   1.0042094e-01
  -1.1285722e-01
   1.4865865e-01
  -8.7410137e-02
  -1.2244271e-01
  -1.7761782e-01
  -1.3818005e-01
  -1.5556479e-01
  -2.2642529e-01
  -3.4483093e-01
  -3.4861279e-01
  -5.2074111e-01
  -7.3603338e-01
  -7.8968340e-01
  -9.1818434e-01
  -7.8255373e-01
  -6.1567587e-01
  -3.3006898e-01
  -6.1012004e-02
   2.4106812e-02
  -4.4364274e-02
  -8.7862991e-02
  -3.6818195e-02
  -3.2449415e-01
  -2.8130537e-01
  -2.5277674e-01
  -6.0185142e-02
   1.7567933e-01
  -3.7776265e-01
  -6.4513218e-01
  -4.5637614e-01
  -3.6536852e-01
  -4.1146368e-01
  -4.1026649e-01
  -3.5440657e-01
  -3.2004550e-01
  -3.3444175e-01
  -3.0139825e-01
  -1.8107390e-01
