  0.2279  0.2508  0.2696  0.2297  0.2965  0.3187  0.3341  0.3357  0.3616  0.3821  0.3542  0.3987  0.4110  0.4044  0.3185  0.2436  0.2263  0.1960  0.1957  0.2622  0.2819  0.2230  0.1925  0.2040  0.2232  0.4026  0.3891  0.3289  0.4184  0.4211  0.3773  0.3650  0.3275  0.2763  0.2403  0.2007
  0.1449  0.1587  0.1615  0.1478  0.1403  0.1317  0.1340  0.1298  0.1233  0.1231  0.1223  0.1215  0.1219  0.1219  0.1256  0.1267  0.1287  0.1305  0.1313  0.1351  0.2327  0.1753  0.1355  0.1176  0.2244  0.2025  0.1942  0.1415  0.1416  0.1842  0.1689  0.1560  0.1319  0.1320  0.1353  0.1450
  0.1625  0.1425  0.1400  0.1367  0.1382  0.1044  0.0982  0.0748  0.0696  0.0788  0.0937  0.0827  0.0851  0.1106  0.1125  0.1180  0.1272  0.1309  0.1330  0.1345  0.1809  0.0867  0.0962  0.0712  0.0734  0.0764  0.1055  0.1164  0.1199  0.1234  0.1261  0.1286  0.1307  0.1458  0.1722  0.1724
  0.1531  0.1513  0.1443  0.1305  0.0675  0.0682  0.0762  0.0674  0.0679  0.0680  0.0677  0.0671  0.0666  0.0803  0.1046  0.1072  0.1142  0.1222  0.1272  0.1270  0.1115  0.0677  0.0659  0.0664  0.0716  0.1059  0.1142  0.1181  0.1195  0.1196  0.1256  0.1329  0.1539  0.2123  0.1486  0.1395
  0.1314  0.1448  0.1382  0.1224  0.0648  0.0642  0.0651  0.0653  0.0654  0.0654  0.0650  0.0640  0.0631  0.0630  0.0880  0.1094  0.1136  0.1149  0.1169  0.1174  0.1113  0.0703  0.0632  0.0635  0.0627  0.0932  0.1093  0.1188  0.1280  0.1399  0.1752  0.2177  0.2364  0.2505  0.1663  0.1355
  0.1501  0.1291  0.1311  0.0921  0.0605  0.0619  0.0622  0.0621  0.0619  0.0618  0.0613  0.0603  0.0596  0.0597  0.0883  0.1173  0.1213  0.1214  0.1178  0.1006  0.0758  0.0606  0.0603  0.0604  0.0597  0.0910  0.0900  0.1038  0.1217  0.1318  0.2009  0.3435  0.3063  0.1881  0.2671  0.3015
  0.1361  0.1208  0.1135  0.0747  0.0585  0.0588  0.0588  0.0586  0.0585  0.0583  0.0579  0.0574  0.0571  0.0572  0.0826  0.1224  0.1216  0.1149  0.1114  0.0761  0.0576  0.0576  0.0576  0.0576  0.0575  0.0956  0.0585  0.0816  0.1002  0.1164  0.2808  0.3569  0.2762  0.2821  0.3499  0.3477
  0.1410  0.1157  0.0713  0.0561  0.0557  0.0556  0.0558  0.0559  0.0559  0.0557  0.0553  0.0553  0.0553  0.0555  0.0897  0.1623  0.1722  0.1094  0.0953  0.0563  0.0551  0.0550  0.0553  0.0553  0.0558  0.0929  0.1233  0.0555  0.0594  0.1286  0.3414  0.3558  0.3572  0.3562  0.3560  0.3414
  0.1499  0.1085  0.0543  0.0539  0.0537  0.0533  0.0535  0.0538  0.0538  0.0532  0.0528  0.0533  0.0536  0.0536  0.0601  0.2109  0.1953  0.1042  0.0693  0.0523  0.0526  0.0530  0.0531  0.0530  0.0846  0.1732  0.2629  0.0718  0.0534  0.2986  0.3551  0.3553  0.3551  0.3544  0.3550  0.3410
  0.1313  0.0985  0.0528  0.0528  0.0523  0.0516  0.0518  0.0524  0.0523  0.0515  0.0511  0.0518  0.0522  0.0522  0.0524  0.1792  0.2004  0.0660  0.0575  0.0507  0.0515  0.0519  0.0518  0.0514  0.1434  0.2198  0.3123  0.2377  0.2516  0.3357  0.3546  0.3549  0.3390  0.3011  0.3309  0.3341
  0.1103  0.0927  0.0509  0.0511  0.0505  0.0496  0.0500  0.0508  0.0507  0.0497  0.0493  0.0503  0.0510  0.0509  0.0503  0.0772  0.1861  0.0502  0.0495  0.0492  0.0502  0.0507  0.0503  0.0498  0.2175  0.2514  0.2614  0.2775  0.3543  0.3503  0.3206  0.2778  0.1874  0.1194  0.1281  0.1472
  0.1123  0.0642  0.0492  0.0498  0.0492  0.0483  0.0486  0.0496  0.0495  0.0484  0.0481  0.0493  0.0502  0.0498  0.0488  0.0608  0.1439  0.1093  0.0482  0.0480  0.0491  0.0498  0.0493  0.0555  0.1871  0.1610  0.1208  0.2155  0.3162  0.2854  0.2925  0.1534  0.1198  0.1104  0.1223  0.1090
  0.0995  0.0480  0.0479  0.0489  0.0482  0.0472  0.0475  0.0487  0.0486  0.0474  0.0471  0.0483  0.0494  0.0487  0.0475  0.0475  0.1146  0.1981  0.0472  0.0470  0.0482  0.0492  0.0485  0.0506  0.1309  0.1223  0.1148  0.1275  0.2041  0.1667  0.2419  0.1034  0.0868  0.1119  0.1121  0.1281
  0.1381  0.0495  0.0469  0.0482  0.0471  0.0461  0.0464  0.0479  0.0478  0.0463  0.0461  0.0472  0.0485  0.0474  0.0462  0.0465  0.0643  0.1552  0.0463  0.0461  0.0474  0.0488  0.0479  0.0533  0.1384  0.1168  0.1133  0.1173  0.1459  0.1264  0.2148  0.0997  0.0694  0.1111  0.1072  0.1246
  0.1134  0.0491  0.0463  0.0477  0.0464  0.0454  0.0457  0.0473  0.0473  0.0457  0.0454  0.0465  0.0479  0.0466  0.0454  0.0456  0.0474  0.1039  0.0458  0.0457  0.0469  0.0485  0.0475  0.0488  0.1096  0.1131  0.1120  0.1153  0.1197  0.1192  0.1889  0.0522  0.0500  0.1092  0.0980  0.1114
  0.1109  0.0575  0.0547  0.0474  0.0459  0.0449  0.0452  0.0469  0.0469  0.0452  0.0450  0.0461  0.0476  0.0461  0.0450  0.0452  0.0468  0.0471  0.0622  0.1596  0.1717  0.0479  0.0466  0.0456  0.0898  0.1106  0.1106  0.1146  0.1190  0.1246  0.1846  0.0460  0.0492  0.1088  0.0605  0.0843
  0.0922  0.1053  0.0570  0.0472  0.0456  0.0445  0.0448  0.0466  0.0466  0.0449  0.0446  0.0457  0.0474  0.0458  0.0447  0.0449  0.0466  0.0468  0.0627  0.1183  0.1797  0.0516  0.0458  0.0449  0.0611  0.0889  0.0933  0.1107  0.1412  0.2229  0.2028  0.0456  0.0488  0.0859  0.0468  0.0485
  0.0988  0.1074  0.0574  0.0472  0.0454  0.0443  0.0445  0.0463  0.0464  0.0446  0.0443  0.0454  0.0471  0.0454  0.0444  0.0447  0.0466  0.0468  0.0623  0.1106  0.1479  0.0851  0.0455  0.0446  0.0448  0.0466  0.0737  0.1110  0.1716  0.3432  0.1424  0.0456  0.0470  0.0571  0.0465  0.0487
  0.0734  0.1076  0.0575  0.0472  0.0454  0.0443  0.0446  0.0464  0.0464  0.0446  0.0442  0.0452  0.0470  0.0453  0.0444  0.0448  0.0467  0.0468  0.0768  0.1132  0.1265  0.1170  0.0483  0.0445  0.0448  0.0466  0.0733  0.1125  0.2026  0.3427  0.0850  0.0456  0.0445  0.0448  0.0467  0.0466
  0.0631  0.1058  0.0571  0.0473  0.0457  0.0446  0.0449  0.0466  0.0465  0.0447  0.0444  0.0454  0.0471  0.0456  0.0449  0.0453  0.0470  0.0470  0.0890  0.1174  0.1223  0.1186  0.0962  0.0455  0.0451  0.0469  0.0737  0.1148  0.2306  0.2403  0.0473  0.0458  0.0447  0.0451  0.0470  0.0468
  0.0453  0.0621  0.0462  0.0476  0.0462  0.0451  0.0455  0.0470  0.0469  0.0452  0.0448  0.0459  0.0474  0.0461  0.0453  0.0458  0.0476  0.0477  0.0857  0.1188  0.1213  0.1167  0.1464  0.0578  0.0459  0.0475  0.0543  0.1292  0.2069  0.2071  0.0477  0.0461  0.0451  0.0455  0.0472  0.0472
  0.0459  0.0454  0.0467  0.0480  0.0468  0.0457  0.0461  0.0476  0.0475  0.0458  0.0454  0.0464  0.0477  0.0465  0.0457  0.0462  0.0480  0.0481  0.0646  0.1130  0.1182  0.1172  0.1814  0.0460  0.0466  0.0479  0.0605  0.1578  0.1273  0.1398  0.0482  0.0466  0.0455  0.0458  0.0475  0.0476
  0.0465  0.0461  0.0473  0.0487  0.0475  0.0464  0.0468  0.0482  0.0481  0.0465  0.0461  0.0471  0.0482  0.0471  0.0461  0.0466  0.0483  0.0483  0.0517  0.1041  0.1150  0.1147  0.1583  0.0467  0.0471  0.0483  0.0557  0.1308  0.1144  0.1063  0.0489  0.0472  0.0461  0.0464  0.0480  0.0480
  0.0476  0.0472  0.0522  0.0954  0.0491  0.0473  0.0478  0.0491  0.0491  0.0476  0.0471  0.0481  0.0489  0.0480  0.0470  0.0474  0.0488  0.0489  0.0483  0.0939  0.1137  0.1125  0.1028  0.0477  0.0481  0.0491  0.0545  0.1294  0.1178  0.0881  0.0770  0.0483  0.0471  0.0474  0.0488  0.0489
  0.0488  0.0481  0.0533  0.1140  0.0528  0.0483  0.0487  0.0500  0.0500  0.0488  0.0483  0.0492  0.0497  0.0489  0.0480  0.0484  0.0495  0.0496  0.0492  0.0810  0.1144  0.1119  0.0759  0.0490  0.0492  0.0501  0.0609  0.1714  0.1172  0.0796  0.0959  0.0495  0.0483  0.0486  0.0498  0.0499
  0.0500  0.0492  0.0765  0.1039  0.0514  0.0496  0.0499  0.0509  0.0510  0.0501  0.0497  0.0505  0.0507  0.0501  0.0492  0.0496  0.0505  0.0507  0.0507  0.1090  0.1405  0.1111  0.0608  0.0506  0.0507  0.0513  0.0694  0.2265  0.1193  0.0683  0.0790  0.0510  0.0498  0.0501  0.0510  0.0512
  0.0515  0.0721  0.1261  0.1233  0.0632  0.0513  0.0517  0.0522  0.0522  0.0518  0.0515  0.0521  0.0521  0.0516  0.0510  0.0513  0.0519  0.0521  0.0522  0.1041  0.1233  0.0922  0.0536  0.0527  0.0526  0.0529  0.0651  0.2616  0.1131  0.0606  0.0531  0.0528  0.0519  0.0521  0.0526  0.0526
  0.0530  0.1021  0.1366  0.1228  0.0774  0.0529  0.0532  0.0536  0.0536  0.0533  0.0531  0.0535  0.0535  0.0532  0.0527  0.0529  0.0532  0.0535  0.0537  0.0894  0.1219  0.0814  0.0548  0.0545  0.0543  0.0543  0.0541  0.1821  0.0947  0.0543  0.0543  0.0544  0.0538  0.0539  0.0541  0.0539
  0.0806  0.1162  0.1167  0.1172  0.0943  0.0555  0.0555  0.0555  0.0556  0.0557  0.0556  0.0557  0.0556  0.0555  0.0553  0.0553  0.0553  0.0555  0.0558  0.0996  0.1535  0.0679  0.0565  0.0566  0.0565  0.0562  0.0562  0.1293  0.0806  0.0563  0.0564  0.0565  0.0564  0.0564  0.0563  0.0559
  0.0882  0.1042  0.1097  0.1277  0.1002  0.0647  0.0586  0.0582  0.0580  0.0582  0.0583  0.0581  0.0581  0.0581  0.0582  0.0579  0.0576  0.0576  0.0579  0.1024  0.1562  0.0583  0.0584  0.0587  0.0587  0.0583  0.0582  0.0584  0.0585  0.0582  0.0583  0.0586  0.0588  0.0587  0.0584  0.0581
  0.0800  0.1021  0.1047  0.1088  0.1017  0.0692  0.0617  0.0616  0.0614  0.0615  0.0618  0.0614  0.0612  0.0613  0.0615  0.0613  0.0608  0.0606  0.0609  0.1193  0.1047  0.0605  0.0610  0.0616  0.0615  0.0611  0.0610  0.0612  0.0615  0.0612  0.0610  0.0612  0.0616  0.0613  0.0608  0.0608
  0.0704  0.0808  0.0805  0.0895  0.0985  0.0689  0.0649  0.0686  0.0749  0.0652  0.0656  0.0653  0.0649  0.0649  0.0652  0.0650  0.0646  0.0645  0.0647  0.1224  0.0950  0.0635  0.0645  0.0652  0.0652  0.0647  0.0644  0.0647  0.0647  0.0643  0.0641  0.0643  0.0647  0.0645  0.0639  0.0640
  0.0678  0.0679  0.0678  0.0681  0.0751  0.0687  0.0682  0.0683  0.0688  0.0685  0.0689  0.0690  0.0687  0.0687  0.0687  0.0687  0.0685  0.0685  0.0687  0.0822  0.0691  0.0675  0.0680  0.0687  0.0687  0.0684  0.0682  0.0682  0.0680  0.0677  0.0674  0.0676  0.0678  0.0677  0.0674  0.0676
  0.0710  0.0709  0.0708  0.0711  0.0714  0.0714  0.0716  0.0720  0.0723  0.0724  0.0727  0.0729  0.0731  0.0728  0.0727  0.0726  0.0727  0.0726  0.0724  0.0722  0.0719  0.0712  0.0712  0.0714  0.0716  0.0716  0.0715  0.0714  0.0713  0.0712  0.0712  0.0711  0.0710  0.0709  0.0710  0.0711
  0.4532  0.4529  0.4524  0.3091  0.1127  0.1662  0.0768  0.0772  0.0776  0.0778  0.0779  0.0779  0.0774  0.0770  0.0767  0.0767  0.0767  0.0762  0.0758  0.3671  0.0778  0.0745  0.0746  0.0749  0.0751  0.0770  0.1438  0.2288  0.2308  0.2426  0.3925  0.4551  0.3506  0.3020  0.4054  0.4533
  0.7998  0.7997  0.7954  0.6031  0.5762  0.7481  0.3615  0.2357  0.2351  0.2343  0.2340  0.3340  0.3705  0.4903  0.3818  0.2786  0.3156  0.3330  0.4199  0.5589  0.2846  0.2621  0.2698  0.4825  0.6497  0.7661  0.7802  0.7975  0.7981  0.7994  0.7996  0.7996  0.7995  0.7996  0.7998  0.7998
