   4.4267960e+00
   7.1663890e+00
   9.8345261e+00
   7.9764619e+00
   5.7954779e+00
   5.5793667e+00
   5.4261804e+00
   4.0431795e+00
   3.0994673e+00
   2.7941010e+00
   2.5217030e+00
   2.1621828e+00
   2.0839534e+00
   2.0649331e+00
   1.7836560e+00
   1.3644432e+00
   1.1799886e+00
   1.2693187e+00
   1.1324867e+00
   8.5648763e-01
   5.1250458e-01
  -5.1479799e-01
  -2.2437634e+00
  -3.9848471e+00
  -4.4166489e+00
  -3.4318042e+00
  -2.2498200e+00
  -1.1613253e+00
  -3.2109201e-01
   2.5701895e-03
   5.9222096e-01
   1.7679543e+00
   1.9199432e+00
   9.8310602e-01
   1.1219320e+00
   2.5508420e+00
   2.7415843e+00
   3.2755477e+00
   4.8113899e+00
   4.6694226e+00
   2.8223801e+00
   2.1832008e+00
   1.7126645e+00
   1.2179414e+00
   8.0548155e-01
   5.5927622e-01
   4.6586201e-01
   4.4320601e-01
   4.5951328e-01
   4.9985555e-01
   4.9523067e-01
   4.0749523e-01
   1.8008527e-01
  -1.7559919e-01
  -4.4374248e-01
  -5.7816768e-01
  -5.5875319e-01
  -3.6963844e-01
  -1.7955922e-01
  -6.2804013e-02
  -6.4807408e-02
  -9.7086281e-02
   3.5519865e-01
   1.2373389e+00
   1.4317330e+00
   5.8615756e-01
   1.1393747e+00
   3.1450622e+00
   3.4005558e+00
   8.2504010e-01
   1.1248194e+00
   2.0121179e+00
  -5.9394687e-01
  -5.3083587e-01
  -6.6421460e-03
   6.1308658e-01
   7.4647218e-01
   6.5579498e-01
   5.5691379e-01
   8.3254293e-02
  -4.8243767e-01
  -5.6644976e-01
  -3.8689873e-01
  -1.9645293e-01
  -1.7678554e-01
  -2.3532745e-01
  -3.0468428e-01
  -4.5258462e-01
  -7.0078367e-01
  -1.0948900e+00
  -1.4439917e+00
  -1.5102422e+00
  -9.4791240e-01
  -6.1340123e-01
  -1.5959981e-01
   1.8087627e-01
   2.1726766e-01
   8.6177297e-02
  -7.5728893e-02
  -2.8863057e-01
  -4.1001481e-01
  -3.0863616e-01
   4.4086639e-02
   5.6436408e-01
   6.4588904e-01
   4.3593347e-01
   1.8464510e-01
  -3.0859599e-01
  -1.7960439e+00
  -1.6215031e+00
  -1.0190153e+00
  -5.2677977e-01
  -7.7316195e-01
  -1.2538692e-01
  -1.6901763e-01
  -6.2104136e-01
  -1.0865729e+00
  -1.0016454e+00
  -8.8372850e-01
  -6.1731803e-01
  -6.9842649e-01
  -8.7175995e-01
  -9.9372035e-01
  -1.1631844e+00
  -1.4044192e+00
  -1.7423024e+00
  -2.1587551e+00
  -2.2357564e+00
  -1.0333370e+00
  -9.4412947e-01
  -2.6724690e-01
   7.1348488e-02
  -8.1703082e-02
  -4.1732794e-01
  -8.1461102e-01
  -1.1953479e+00
  -1.2648666e+00
  -9.9674773e-01
  -5.9957033e-01
  -2.5458920e-01
  -2.7931219e-01
  -3.2377046e-01
  -6.5111428e-01
  -1.4090484e+00
  -2.1085141e+00
  -1.5238377e+00
  -1.0496677e+00
  -8.9694113e-01
  -7.1531665e-01
  -1.8831803e-01
  -3.8000214e-01
  -7.7105540e-01
  -1.1618308e+00
  -1.0944265e+00
  -1.0017469e+00
  -7.9174185e-01
  -9.7556037e-01
  -1.1809703e+00
  -1.2807435e+00
  -1.4090815e+00
  -1.5879810e+00
  -1.8154646e+00
  -1.8647289e+00
  -1.6643742e+00
  -1.2778413e+00
  -1.1172478e+00
  -2.7922761e-01
  -5.8344666e-02
  -3.7727997e-01
  -7.9620761e-01
  -1.3361356e+00
  -1.7043766e+00
  -1.5644647e+00
  -1.1935976e+00
  -7.9621661e-01
  -5.7426250e-01
  -6.1596781e-01
  -6.2702781e-01
  -1.1745136e+00
  -1.7945964e+00
  -1.3306790e+00
  -7.9198461e-01
  -6.0892103e-01
  -3.4149862e-01
  -4.6573433e-01
  -2.2841275e-01
  -4.9039528e-01
  -5.5925021e-01
  -8.1033586e-01
  -1.0702406e+00
  -1.0593501e+00
  -9.3440175e-01
  -1.0667819e+00
  -1.1092221e+00
  -1.1337478e+00
  -1.2201447e+00
  -1.3211686e+00
  -1.3900959e+00
  -1.0403711e+00
  -1.1874960e+00
  -9.1682809e-01
  -9.9678141e-01
  -2.5946213e-01
  -1.7543977e-01
  -5.7766868e-01
  -1.0081006e+00
  -1.4700224e+00
  -1.4537207e+00
  -1.0687189e+00
  -7.4115626e-01
  -5.8515734e-01
  -4.9353164e-01
  -5.3109208e-01
  -7.3955449e-01
  -1.2879488e+00
  -1.4138295e+00
  -1.6714527e-01
  -1.3647553e-01
  -2.5342274e-01
  -1.9655497e-01
  -2.2797367e-01
  -2.0830911e-01
  -2.3644072e-01
  -3.5622537e-01
  -7.4525559e-01
  -1.0576069e+00
  -1.0375382e+00
  -9.1474676e-01
  -8.4847194e-01
  -7.6978862e-01
  -7.7947932e-01
  -8.7037218e-01
  -9.2703605e-01
  -7.2939718e-01
   3.0811465e-01
  -1.6075015e-01
  -4.4941956e-01
  -9.8707128e-01
  -3.4644955e-01
  -3.7391323e-01
  -6.6695476e-01
  -9.4186163e-01
  -8.7866372e-01
  -4.8280445e-01
  -4.5021844e-01
  -3.2353118e-01
  -3.8850105e-01
  -3.6395130e-01
  -4.4444880e-01
  -7.7453738e-01
  -1.0140285e+00
  -4.4563395e-01
   1.1547831e+00
   3.0000433e-01
   1.0527019e-01
  -2.8835642e-02
  -1.1642553e-01
  -5.2796729e-02
  -2.4563186e-01
  -6.0196441e-01
  -8.3315247e-01
  -8.6267533e-01
  -7.2641355e-01
  -5.7992184e-01
  -4.3454946e-01
  -3.7898129e-01
  -4.4488186e-01
  -5.2001899e-01
  -4.5708516e-01
   1.0374831e-01
   2.0605340e+00
   8.7009341e-01
  -2.0543429e-01
  -7.6764163e-01
  -6.7001474e-01
  -5.7677913e-01
  -5.1023769e-01
  -3.5381690e-01
   8.9075583e-01
   9.8841894e-01
  -4.8452884e-02
  -4.1294247e-01
  -3.3466347e-01
  -3.7320846e-01
  -4.2213422e-01
  -5.6262027e-01
  -4.3371594e-01
   7.0229310e-01
   2.4132783e+00
   8.3768350e-01
   3.0558196e-01
   6.8259336e-02
  -1.3328348e-02
   1.6504928e-02
  -3.4508038e-01
  -4.8171467e-01
  -5.1384020e-01
  -4.7101662e-01
  -3.3351031e-01
  -2.3824026e-01
  -1.2990142e-01
  -1.3107300e-01
  -2.2690882e-01
  -2.4471551e-01
  -4.7967330e-02
   8.1870538e-01
   3.3844848e+00
   1.2666385e+00
   3.7478052e-02
  -5.6382310e-01
  -1.1359750e+00
  -7.1008170e-01
  -2.2074604e-01
   4.9696204e-01
   2.7592659e+00
   1.6654321e+00
  -2.6423591e-01
  -1.3046898e-01
  -8.8929005e-02
  -2.7386904e-01
  -2.2370479e-01
  -1.9232325e-01
   1.5534085e-01
   1.4843078e+00
   3.0597873e+00
   1.7775941e+00
   4.4491276e-01
   1.1259440e-01
   1.3315478e-01
   2.1785645e-01
   1.7348449e-01
   6.3254535e-02
  -3.1972665e-02
  -3.0914394e-02
   4.5762964e-02
   1.0129645e-01
   1.4094113e-01
   8.7812684e-02
  -1.4862306e-02
   6.8304442e-02
   4.4559658e-01
   1.6471819e+00
   4.3272624e+00
   1.2799968e+00
  -2.0210168e-01
  -4.0676805e-01
  -1.6439955e+00
  -7.1048319e-01
   3.3288324e-01
   1.7533871e+00
   4.7193232e+00
   1.6640393e+00
  -1.2303662e-01
   4.7260025e-01
  -9.0221420e-02
  -9.4785765e-02
   1.7927042e-01
   3.5265458e-01
   9.2005062e-01
   2.2254415e+00
   3.2292709e+00
   2.6115081e+00
   1.0645026e+00
   4.0940827e-01
   3.0262381e-01
   6.7169374e-01
   5.8266956e-01
   3.7472746e-01
   1.8589777e-01
   1.5590198e-01
   2.2267894e-01
   2.8511932e-01
   2.8242755e-01
   1.9807285e-01
   1.3136610e-01
   3.3012322e-01
   8.7085301e-01
   2.2560339e+00
   4.4370384e+00
   1.3032140e+00
  -3.5165757e-01
  -1.8771869e-01
  -1.5734112e+00
  -5.0895023e-01
   9.1262090e-01
   2.8003190e+00
   5.4973254e+00
   1.1614025e+00
  -6.3439116e-02
   8.2884198e-01
   1.3174944e-01
   1.9603732e-01
   5.7689220e-01
   8.7416029e-01
   1.5854409e+00
   2.6866412e+00
   3.3027186e+00
   2.9349000e+00
   1.9863675e+00
   2.4807999e-01
   4.9872369e-01
   8.9376104e-01
   6.9426352e-01
   4.0178850e-01
   1.9203679e-01
   2.1620052e-01
   3.3559129e-01
   3.9912924e-01
   3.7373802e-01
   2.9271358e-01
   3.5830122e-01
   7.0248348e-01
   1.4478688e+00
   2.8903151e+00
   4.4358830e+00
   9.2693782e-01
  -5.2974230e-01
  -4.1924065e-01
  -1.1286889e+00
   3.9142616e-02
   1.6516969e+00
   3.7707098e+00
   5.3623695e+00
   5.3262770e-01
  -2.9977649e-02
   6.5727103e-01
   1.5956990e-01
   8.6212790e-01
   1.0712371e+00
   1.4976628e+00
   2.2501214e+00
   3.0196235e+00
   3.3068953e+00
   2.9576786e+00
   1.8520552e+00
  -4.6082560e-02
   7.2277945e-01
   6.8984920e-01
   4.5413226e-01
   1.7664744e-01
   1.0099792e-01
   2.1834089e-01
   3.7900066e-01
   4.2576325e-01
   4.1792959e-01
   4.4322979e-01
   6.8913114e-01
   1.2007998e+00
   2.1107571e+00
   3.5753896e+00
   4.4649005e+00
  -4.3140061e-02
  -5.0965607e-01
  -4.4028556e-01
  -2.2040328e-01
   7.9731667e-01
   2.3839021e+00
   4.3910680e+00
   4.7837353e+00
   7.8356951e-02
  -1.4673501e-01
   6.2738746e-02
   4.4303647e-01
   1.5940377e+00
   1.5102454e+00
   1.9940890e+00
   2.6854911e+00
   3.1929705e+00
   3.0651546e+00
   2.5973065e+00
   1.2898110e+00
   1.0733476e-01
   5.8009803e-01
   2.7036035e-01
   8.1282862e-02
  -1.7500803e-02
   6.6740148e-02
   2.3563762e-01
   3.8036728e-01
   4.3787107e-01
   5.0789887e-01
   6.8845868e-01
   1.0967529e+00
   1.7294505e+00
   2.7014568e+00
   4.0773745e+00
   3.4479146e+00
  -2.4732760e-01
  -3.9825928e-01
  -2.6770926e-01
   1.6605529e-01
   1.6480479e+00
   2.9961071e+00
   4.6212330e+00
   4.2739773e+00
   3.3901110e-02
  -2.3337013e-01
  -4.4106070e-02
   1.1226466e+00
   1.9922616e+00
   1.7709292e+00
   2.2641423e+00
   2.8565371e+00
   3.1462831e+00
   2.3104470e+00
   1.7506541e+00
   5.6189579e-01
  -1.5283944e-02
  -1.6619529e-01
  -3.4691012e-01
  -3.7640783e-01
  -2.7386945e-01
  -7.8887388e-02
   1.3165079e-01
   2.9957816e-01
   4.7702643e-01
   7.1045232e-01
   1.0419451e+00
   1.5568043e+00
   2.2020943e+00
   3.0577061e+00
   3.9813945e+00
   2.3941829e+00
  -9.8947339e-02
  -2.1536306e-01
  -1.5851785e-01
   8.5018104e-01
   2.4712985e+00
   3.4586329e+00
   4.4763346e+00
   3.6052694e+00
   1.7459744e-01
   6.5470912e-02
   3.6799341e-01
   1.9544704e+00
   2.0494945e+00
   1.8058574e+00
   2.2566593e+00
   2.6685772e+00
   2.6764181e+00
   1.4909369e+00
   1.0034196e+00
  -1.9496381e-01
  -6.2815988e-01
  -8.9628726e-01
  -1.0583643e+00
  -1.0759774e+00
  -9.7783184e-01
  -8.0631477e-01
  -5.7624197e-01
  -2.7166948e-01
   1.6202499e-01
   6.3258713e-01
   1.1122993e+00
   1.6704361e+00
   2.3007054e+00
   2.9811783e+00
   3.4139607e+00
   1.3390226e+00
  -7.6480165e-02
  -1.9672877e-01
  -1.5804425e-01
   8.5978442e-01
   2.8860416e+00
   3.6167386e+00
   4.0498481e+00
   2.7059920e+00
   2.1695758e-01
   4.6624956e-01
   1.2242873e+00
   1.9907624e+00
   1.8131481e+00
   1.5066856e+00
   1.8251300e+00
   2.0404115e+00
   1.7893881e+00
   7.9932225e-01
   4.4873384e-01
  -6.3662088e-01
  -1.0477371e+00
  -1.4577050e+00
  -1.7051764e+00
  -1.8063767e+00
  -1.8547797e+00
  -1.8296512e+00
  -1.6593039e+00
  -1.3047416e+00
  -7.1322840e-01
  -4.6966065e-02
   5.8847171e-01
   1.1867740e+00
   1.7614394e+00
   2.3463011e+00
   2.6363113e+00
   4.4757938e-01
   3.3395616e-03
  -3.1544873e-01
  -4.8316282e-01
   2.1158102e-01
   3.0492892e+00
   3.3447249e+00
   3.4197812e+00
   1.6919277e+00
   1.3331199e-01
   6.2201673e-01
   2.2574224e+00
   1.9687412e+00
   1.5611641e+00
   1.1093552e+00
   1.2925085e+00
   1.3213599e+00
   9.0682036e-01
   3.5025178e-01
   1.1013027e-01
  -7.1588138e-01
  -9.9424732e-01
  -1.2899375e+00
  -1.4127571e+00
  -1.4716856e+00
  -1.5263725e+00
  -1.5522949e+00
  -1.4875250e+00
  -1.2753609e+00
  -8.3934655e-01
  -2.6256573e-01
   3.3600711e-01
   7.9117861e-01
   1.0776133e+00
   1.4185783e+00
   1.6188970e+00
   5.6135067e-02
  -2.1482930e-01
  -7.3227617e-01
  -1.0487927e+00
   3.3062666e-01
   2.7952043e+00
   2.7511760e+00
   2.7236921e+00
   9.4290812e-01
   2.5897951e-02
   4.8971853e-01
   2.9003610e+00
   2.2185473e+00
   1.4687664e+00
   9.7590328e-01
   1.2328369e+00
   9.5977974e-01
   2.7927923e-01
  -2.0463960e-01
  -7.7523714e-02
  -2.0415281e-01
   1.0293405e-01
   1.3228656e-01
   1.8305963e-01
   2.1649114e-01
   2.3604819e-01
   2.2662255e-01
   2.2952943e-01
   3.3361395e-01
   6.3211708e-01
   1.1213971e+00
   1.7317123e+00
   2.1379540e+00
   1.9576821e+00
   1.2526277e+00
   1.4801575e-01
  -3.2787644e-01
  -5.4505687e-01
  -1.5048571e+00
  -1.4633496e+00
   4.8511076e-01
   1.8916036e+00
   2.1771333e+00
   2.3009462e+00
   8.1597110e-01
  -1.4669926e-01
   7.8569835e-02
   2.4355843e+00
   2.2072961e+00
   1.5794478e+00
   8.8552774e-01
   1.4911005e+00
   1.0438019e+00
  -8.2680052e-02
  -3.7855539e-01
  -4.4542655e-01
   1.9132912e-01
   3.6085583e-02
  -8.2292840e-02
  -1.2397698e-01
  -8.5694037e-02
   1.7643914e-02
   1.2585214e-01
   1.9181670e-01
   2.6667520e-01
   4.3935323e-01
   7.5616390e-01
   1.2409723e+00
   1.6505821e+00
   1.2588053e+00
   1.2115511e-01
  -1.1978164e+00
  -1.0531148e+00
  -1.2518742e+00
  -1.9427373e+00
  -1.6387405e+00
  -6.4419931e-01
   2.8060928e-01
   1.2427704e+00
   1.4824706e+00
   7.2189152e-01
  -2.1100037e-01
  -2.2019039e-01
   1.4042923e+00
   2.1030002e+00
   1.4368676e+00
   3.7490001e-01
   9.9173033e-01
   1.3449972e+00
   3.9271139e-02
  -3.9519647e-01
  -1.0523659e+00
   2.0136873e-01
  -4.1736427e-01
  -8.0385745e-01
  -1.1264493e+00
  -1.3018816e+00
  -1.3246819e+00
  -1.2459242e+00
  -1.1878210e+00
  -1.1910191e+00
  -1.1915834e+00
  -1.0923618e+00
  -8.1273961e-01
  -2.4357975e-01
   1.7532483e-02
  -6.7736983e-01
  -1.6814715e+00
  -2.1425495e+00
  -2.2112217e+00
  -2.2535138e+00
  -1.7510533e+00
  -1.8752623e+00
  -1.3961709e+00
   5.2080649e-01
   7.8493398e-01
   3.1245467e-01
  -3.2314941e-01
  -4.3651980e-01
   4.1706190e-01
   1.6085657e+00
   1.5057604e+00
   2.3660111e-01
   4.6269661e-01
   1.5651655e+00
   4.0166616e-01
  -4.5941934e-01
  -1.0413196e+00
  -1.0584226e-01
  -5.9486026e-01
  -9.7833323e-01
  -1.4504365e+00
  -1.8307122e+00
  -2.0442419e+00
  -2.0816827e+00
  -2.0857558e+00
  -2.2224815e+00
  -2.5000067e+00
  -2.7275255e+00
  -2.7260449e+00
  -2.1149750e+00
  -9.4221812e-01
  -7.2146124e-01
  -1.3663011e+00
  -1.4630944e+00
  -1.2637824e+00
  -1.5578480e+00
  -1.9009200e+00
  -2.7200458e+00
  -2.6769438e+00
   2.2691895e-01
   4.8836771e-01
   1.8465862e-01
  -4.5211902e-01
  -6.3876444e-01
   1.6641161e-01
   9.0633976e-01
   2.2080636e+00
   2.2076258e-01
   3.5132390e-01
   8.2415342e-01
   1.6920428e-01
  -2.2872037e-01
  -6.6854501e-01
  -5.7840836e-01
  -6.2271273e-01
  -7.8857833e-01
  -1.2758430e+00
  -1.7634337e+00
  -2.0654621e+00
  -2.0734215e+00
  -1.9708470e+00
  -2.1022298e+00
  -2.5863438e+00
  -3.1770639e+00
  -3.5893357e+00
  -3.2722206e+00
  -1.6763444e+00
  -7.6622114e-02
  -8.4594500e-01
  -9.7779834e-01
  -8.4954447e-01
  -1.3133479e+00
  -1.9198676e+00
  -3.0967362e+00
  -3.9401131e+00
  -8.2112157e-01
   1.5261355e-01
   5.5632256e-02
  -4.3264076e-01
  -9.8857766e-01
  -3.1273793e-03
  -1.1348546e-01
   2.0106022e+00
   6.6504860e-01
   4.2276105e-01
   4.8348254e-01
   6.1344367e-01
  -8.9827895e-02
  -4.3991125e-01
  -7.9378045e-01
  -6.9415790e-01
  -5.8246690e-01
  -9.5915747e-01
  -1.4590513e+00
  -1.8064909e+00
  -1.7925445e+00
  -1.5070679e+00
  -1.4458914e+00
  -1.9245247e+00
  -2.7178769e+00
  -3.5456209e+00
  -3.7786074e+00
  -2.0391288e+00
  -2.7606142e-01
  -2.7572930e-01
  -5.4518044e-01
  -5.0970167e-01
  -9.8462212e-01
  -1.7017018e+00
  -3.0447023e+00
  -4.5557404e+00
  -1.6680107e+00
  -2.0623645e-01
  -6.4386293e-02
  -6.4018941e-01
  -1.7536079e+00
  -4.7221833e-01
  -1.2439100e+00
   8.8031763e-01
   6.5982747e-01
   4.2938578e-01
   1.6930664e+00
   1.1955835e+00
   2.0830078e-01
  -1.0957164e-01
  -6.3130379e-01
  -7.0090926e-01
  -3.8189542e-01
  -5.1639831e-01
  -9.6544307e-01
  -1.3725988e+00
  -1.4847429e+00
  -1.1613243e+00
  -8.3502620e-01
  -1.1351417e+00
  -2.0292854e+00
  -3.2428961e+00
  -4.0994391e+00
  -2.1084268e+00
   3.8756093e-01
   2.2570972e-01
  -1.8570676e-01
  -1.0656968e-01
  -5.3639054e-01
  -1.2737757e+00
  -2.5673640e+00
  -4.7751994e+00
  -2.5824311e+00
  -7.1595025e-01
  -3.3209535e-01
  -8.2784575e-01
  -2.7193973e+00
  -1.2298744e+00
  -2.0489991e+00
  -6.6871685e-01
  -1.4747204e-01
   4.0000010e-01
   9.8541504e-01
   6.5053540e-01
   3.0479497e-01
   5.0134443e-02
  -2.0612603e-01
  -3.2370126e-01
  -4.6050638e-02
   5.2758679e-03
  -3.2470769e-01
  -7.1211982e-01
  -9.4356495e-01
  -8.0239129e-01
  -4.3235901e-01
  -4.6903035e-01
  -1.3774282e+00
  -2.9711664e+00
  -4.3170462e+00
  -1.9442559e+00
   1.0363705e+00
   9.8454714e-01
   1.1312887e-01
   3.1763485e-01
  -4.7498405e-02
  -7.0145285e-01
  -1.8338550e+00
  -4.0182753e+00
  -3.5662160e+00
  -9.9601215e-01
  -2.1919638e-01
  -1.0133549e+00
  -2.9489498e+00
  -1.8271148e+00
  -2.1292660e+00
  -1.6610814e+00
  -1.0006691e+00
   2.2451274e-02
  -9.8179150e-01
   2.0801106e-01
   3.4319854e-01
   3.3260438e-01
   6.9303936e-03
   1.8496820e-01
   4.6191865e-01
   4.8271802e-01
   2.1521845e-01
  -1.0123661e-01
  -2.9545596e-01
  -2.6842204e-01
  -7.5043455e-02
  -2.8209044e-02
  -8.6779487e-01
  -2.7517111e+00
  -4.3706632e+00
  -1.1336758e+00
   1.1347274e+00
   1.3460649e+00
   6.2064415e-01
   8.2367420e-01
   3.9739591e-01
  -1.6479410e-01
  -1.0880184e+00
  -3.0907254e+00
  -3.7444341e+00
  -7.3017770e-01
  -2.1512207e-01
  -9.6393752e-01
  -2.9129343e+00
  -1.8336099e+00
  -1.3522799e+00
  -1.6897290e+00
  -1.7327904e+00
  -7.6477420e-01
  -6.1806136e-01
  -2.2108275e-01
  -1.3160052e-02
   5.3585422e-01
   2.0632213e-01
   2.3156857e-01
   7.5499630e-01
   8.4019393e-01
   6.3282001e-01
   3.9794704e-01
   3.6396742e-01
   4.7962713e-01
   5.4763794e-01
   4.9496347e-01
  -2.3864183e-01
  -2.3051715e+00
  -3.4395726e+00
  -1.0484830e-01
   9.4262969e-01
   1.0691277e+00
   1.1340826e+00
   1.4232155e+00
   9.4195986e-01
   4.2730233e-01
  -2.1297768e-01
  -1.7386885e+00
  -3.1423693e+00
  -4.3571597e-01
  -1.6302569e-01
  -3.6213157e-01
  -1.7617685e+00
  -1.1281369e+00
  -4.6168348e-01
  -8.5885322e-01
  -9.4686466e-01
  -5.6631124e-01
  -8.4937942e-01
  -1.8605222e-01
  -3.6689195e-02
   4.4218716e-01
   1.7817721e-01
  -1.8270899e-01
   4.2774191e-01
   7.4035013e-01
   7.0123759e-01
   5.6742436e-01
   6.5449864e-01
   9.0557457e-01
   1.0435293e+00
   9.3691278e-01
   2.8337138e-01
  -1.7809590e+00
  -2.1863534e+00
   1.8783782e-01
   5.5033612e-01
   8.9584368e-01
   8.4974273e-01
   1.7003732e+00
   1.2450544e+00
   8.1828590e-01
   3.5252628e-01
  -7.4060363e-01
  -2.2662015e+00
  -3.1700441e-01
  -8.3669107e-03
  -3.4971924e-01
  -8.6257476e-01
  -1.1608693e-01
   3.4043216e-01
  -4.3803680e-01
  -3.5499585e-01
   4.5463326e-02
  -2.5343624e-01
   3.2313433e-02
   1.5004092e-01
   1.4805578e-01
   4.5999292e-01
   4.1700318e-02
   1.9422349e-01
   6.7386752e-01
   8.1139040e-01
   7.8108484e-01
   8.6261237e-01
   1.1678299e+00
   1.4009355e+00
   1.3518142e+00
   8.0822849e-01
  -1.0718710e+00
  -8.4826863e-01
   1.6270140e-01
  -5.8376908e-02
   3.5381469e-01
   5.5070251e-01
   1.2917734e+00
   1.3942556e+00
   1.1369731e+00
   7.7673060e-01
   8.7005377e-02
  -1.1522405e+00
  -6.2626906e-02
  -7.8014314e-02
   6.1718296e-02
   1.2087283e-01
   2.9390240e-01
   9.4624229e-02
  -6.8705243e-01
  -3.9628521e-02
  -2.5233960e-01
   4.3779510e-01
   7.9234697e-02
   9.4079044e-02
  -1.2183444e-01
   1.6147497e-01
  -1.1162877e-01
  -7.4266881e-02
   4.7033754e-01
   6.7485579e-01
   7.6385093e-01
   8.6538965e-01
   1.1510154e+00
   1.4319875e+00
   1.4960893e+00
   1.1080145e+00
  -2.3148343e-01
   2.2053652e-01
   2.7069723e-02
  -2.9022464e-01
  -1.7255011e-01
   2.0547710e-01
   4.7186118e-01
   9.3052167e-01
   1.0827475e+00
   8.0729008e-01
   4.1003424e-01
  -2.1437262e-01
   3.8419309e-01
   2.6457412e-02
   1.3568151e-01
  -2.8117122e-03
   9.8726153e-03
   3.3703987e-01
  -2.3058894e-01
   3.0501347e-02
   1.1180601e-01
  -3.8227633e-01
  -7.9944640e-02
  -3.4779269e-01
  -3.6172591e-01
  -2.7269321e-01
  -4.6207720e-01
  -8.0453243e-01
  -2.1170719e-01
   7.7447891e-02
   2.9250010e-01
   4.9816409e-01
   8.0981755e-01
   1.1350961e+00
   1.3144226e+00
   1.1554694e+00
   3.3704626e-01
   6.1088114e-01
   5.8276460e-02
  -3.7431757e-01
  -3.7423621e-01
  -7.6860547e-02
   2.5245559e-01
   2.6377019e-01
   5.4932106e-01
   4.5635129e-01
   3.3725621e-01
   7.6151736e-02
   4.3923701e-01
   3.3732369e-01
   6.0125470e-02
  -5.6436405e-02
  -5.4353156e-02
   2.6783381e-02
   8.7354396e-02
   1.0659014e-01
  -1.4946350e-01
   9.4930667e-02
  -2.0581802e-01
  -3.1338038e-01
  -5.2499145e-01
  -5.7885820e-01
  -8.0148672e-01
  -1.3406870e+00
  -8.0842578e-01
  -7.5434177e-01
  -5.0325936e-01
  -2.1710964e-01
   6.4885747e-02
   3.7985340e-01
   7.7781123e-01
   8.7707018e-01
   6.6311580e-01
   5.6105840e-01
  -3.8843519e-02
  -3.3561328e-01
  -4.0140086e-01
  -2.8661375e-01
   8.9419425e-02
  -2.3103048e-01
  -2.8784569e-01
  -1.5018871e-01
  -9.3776453e-03
   1.0716077e-01
   3.0102080e-01
   2.4402702e-01
   9.0886829e-02
  -4.2690743e-02
  -3.5036091e-02
   2.0218387e-02
   2.4955241e-01
   3.7009278e-01
   3.0451592e-01
   5.3672969e-01
   1.4546493e-01
   1.2494781e-01
  -3.4804016e-02
  -3.0623722e-01
  -7.7159637e-01
  -1.3952305e+00
  -1.1219331e+00
  -1.1306013e+00
  -1.4421102e+00
  -1.2401615e+00
  -9.0058661e-01
  -3.1751165e-01
  -1.3851169e-01
   4.1561183e-01
   4.7948357e-01
   6.4494394e-02
  -1.0244775e-01
  -3.4551957e-01
  -4.7891968e-01
  -2.9701242e-01
  -1.0764670e-01
  -5.5878663e-01
  -5.0202900e-01
  -9.1642904e-01
  -3.0646920e-01
  -2.6898181e-01
  -4.1522101e-02
   1.8283394e-01
  -9.5194466e-02
  -2.2094192e-02
  -4.6806000e-02
   2.4430614e-02
   1.7328995e-01
   1.8814015e-01
   3.1380749e-01
   2.2320798e-01
   1.7479995e-01
   1.1413547e-02
  -1.7887722e-01
  -2.8039418e-02
   1.6304253e-01
  -1.5137330e-01
  -2.7868143e-01
  -2.5557914e-01
  -8.5771626e-01
  -1.2718656e+00
  -7.9925134e-01
  -3.4577271e-01
  -1.4880529e-01
   1.0563828e-01
   1.1125973e-01
  -1.1738899e-01
  -1.8849257e-01
  -3.6168224e-01
  -4.6466649e-01
  -3.7966759e-01
  -1.3077392e-01
  -6.2348479e-01
   1.1180256e-01
  -5.4872192e-02
  -5.4293680e-01
  -9.1475285e-01
  -7.5215906e-01
   2.4813144e-01
   1.3367396e-01
  -2.2991292e-01
  -2.5043231e-01
  -1.3708110e-01
  -2.7413592e-03
  -1.8654115e-02
   1.0452412e-01
   4.3411940e-01
   2.6795626e-01
   3.7187085e-02
   2.3379020e-02
   1.7742713e-01
   1.1294538e-01
  -4.7665469e-02
  -1.7074428e-01
  -1.7157598e-01
  -1.9741920e-01
  -4.3134564e-01
  -6.4206195e-01
  -4.3586293e-01
  -2.9560429e-01
  -3.7831566e-01
  -3.8084501e-01
  -2.8170589e-01
  -3.6410686e-01
  -4.2245808e-01
  -3.7099084e-01
  -3.6876628e-01
  -6.3057256e-01
  -4.0142730e-01
  -1.2062433e-01
   1.6193478e-01
   2.5285047e-01
  -3.8820475e-01
  -5.9147877e-01
  -3.1224227e-01
  -9.4404295e-02
  -1.2347576e-01
  -2.3431687e-01
  -2.6752704e-01
  -3.0529422e-01
  -2.1828978e-01
  -6.4688548e-02
   1.6051058e-01
   2.4270953e-01
