   0.0000000e+00
   0.0000000e+00
   0.0000000e+00
  -0.0000000e+00
   0.0000000e+00
   0.0000000e+00
  -6.0460965e-02
  -7.5572597e-02
  -9.5293870e-02
  -8.7550979e-02
  -8.5944275e-02
   0.0000000e+00
   0.0000000e+00
   0.0000000e+00
  -8.5650513e-02
  -1.0595080e-01
  -1.1861086e-01
  -6.8303031e-02
  -1.0285486e-01
  -0.0000000e+00
  -7.4735695e-02
  -8.0378313e-02
  -1.2829092e-01
   0.0000000e+00
   0.0000000e+00
   0.0000000e+00
   0.0000000e+00
   0.0000000e+00
   0.0000000e+00
   0.0000000e+00
   0.0000000e+00
   0.0000000e+00
   0.0000000e+00
   0.0000000e+00
   0.0000000e+00
   0.0000000e+00
   0.0000000e+00
   0.0000000e+00
   0.0000000e+00
  -1.0334459e-02
  -7.8610048e-03
   5.9840197e-03
  -8.9668644e-03
  -1.3764945e-02
  -1.4455087e-02
  -1.6193129e-02
  -1.8424202e-02
  -1.5964310e-02
  -1.7142379e-02
  -1.0156041e-02
  -1.3591136e-02
  -1.7410363e-02
  -1.9554306e-02
  -2.7232341e-02
  -1.7681328e-02
   4.7130324e-03
  -1.8921896e-02
  -1.8540207e-02
  -2.7965989e-02
  -3.3091372e-02
  -4.4103063e-02
  -6.5269247e-02
  -5.5192553e-02
  -7.0751164e-02
  -7.3570015e-02
  -8.9217195e-02
   0.0000000e+00
   0.0000000e+00
  -8.3943933e-02
  -1.0158416e-01
   0.0000000e+00
   0.0000000e+00
  -4.4083055e-02
  -3.6492371e-02
  -1.8855725e-02
   4.7890741e-03
   2.0787509e-02
   3.2129019e-02
   3.5851988e-02
   3.4652751e-02
   3.5941154e-02
   4.2033906e-02
   4.4756737e-02
   4.0507618e-02
   3.5148914e-02
   3.2948691e-02
   3.2236017e-02
   3.1598367e-02
   3.0126426e-02
   2.8493965e-02
   2.9100901e-02
   4.1465221e-02
   3.3325550e-02
   2.8450210e-02
   2.4775553e-02
   1.6741216e-02
   7.5435257e-03
  -5.0442055e-04
  -8.6282073e-03
  -1.2314761e-02
  -1.2213899e-02
  -1.4603538e-02
  -6.0260464e-03
  -1.7476390e-02
  -1.8533171e-02
  -2.4209720e-02
  -3.3266731e-02
  -4.3787972e-02
   5.2883600e-02
   5.5768866e-02
   5.8960352e-02
   6.4740397e-02
   5.6738013e-02
   5.9365332e-02
   6.7862175e-02
   7.1447574e-02
   7.1866594e-02
   7.9068644e-02
   9.1764838e-02
   9.8610282e-02
   9.2328001e-02
   8.7881923e-02
   8.6715959e-02
   8.7081035e-02
   8.7118469e-02
   8.5301407e-02
   8.4634264e-02
   7.8331498e-02
   7.4244283e-02
   6.4205013e-02
   6.5971851e-02
   6.0228650e-02
   5.3544958e-02
   5.0794594e-02
   5.2167714e-02
   5.5659835e-02
   6.0509328e-02
   6.2256593e-02
   6.0464327e-02
   5.8201492e-02
   5.3725351e-02
   5.2718369e-02
   5.2044760e-02
   5.0155174e-02
   9.4025130e-02
   8.9176869e-02
   8.1983138e-02
   0.0000000e+00
   0.0000000e+00
   6.0666950e-02
   7.1520291e-02
   8.0269711e-02
   7.6967117e-02
   8.0876142e-02
   9.6531808e-02
   1.1422686e-01
   1.1824470e-01
   1.1743109e-01
   1.1867671e-01
   1.1977026e-01
   1.1950596e-01
   1.1568249e-01
   1.0789180e-01
   0.0000000e+00
   7.1712353e-02
   7.8166232e-02
   9.0764977e-02
   9.0579927e-02
   8.7276347e-02
   8.8004760e-02
   9.0317793e-02
   9.2988051e-02
   9.5297813e-02
   9.5237203e-02
   9.5475495e-02
   9.5444173e-02
   9.2901178e-02
   9.6133389e-02
   9.6974820e-02
   9.4540201e-02
   9.5350380e-02
   0.0000000e+00
   0.0000000e+00
   0.0000000e+00
   0.0000000e+00
   4.5679218e-02
   6.0885519e-02
   6.8829237e-02
   7.3295379e-02
   7.5695483e-02
   8.4327248e-02
   9.8788771e-02
   1.0648791e-01
   1.1027042e-01
   1.1406119e-01
   1.1660727e-01
   1.1602913e-01
   1.1011828e-01
   9.8463553e-02
   0.0000000e+00
   5.3726109e-02
   7.0271722e-02
   9.1922436e-02
   1.0112642e-01
   1.0419168e-01
   1.0793777e-01
   1.0800050e-01
   1.0386061e-01
   9.8224196e-02
   9.1021914e-02
   9.3512122e-02
   9.6963811e-02
   1.0056050e-01
   1.0752642e-01
   1.0782945e-01
   1.0204348e-01
   0.0000000e+00
   0.0000000e+00
   0.0000000e+00
   0.0000000e+00
   0.0000000e+00
   3.4223714e-02
   4.7327667e-02
   5.4012589e-02
   6.0638633e-02
   6.2605835e-02
   6.5631516e-02
   7.3123321e-02
   7.8192130e-02
   8.1941158e-02
   8.5787199e-02
   8.9275129e-02
   9.0346627e-02
   8.5799389e-02
   6.9685571e-02
   0.0000000e+00
   0.0000000e+00
   4.9552420e-02
   7.1518950e-02
   9.0463497e-02
   1.0041420e-01
   1.0417654e-01
   9.7408205e-02
   8.5411176e-02
   7.7343553e-02
   6.6628367e-02
   6.8567514e-02
   7.6275125e-02
   8.6080112e-02
   9.3972780e-02
   9.3956769e-02
   8.3796844e-02
   4.5777477e-02
   0.0000000e+00
   0.0000000e+00
   0.0000000e+00
   0.0000000e+00
   2.4637146e-02
   3.0677632e-02
   3.8195118e-02
   4.2961873e-02
   4.2932092e-02
   4.1617073e-02
   4.1658401e-02
   4.3221442e-02
   4.5650940e-02
   4.9625911e-02
   5.3119757e-02
   5.4604914e-02
   5.0711267e-02
   3.4495338e-02
   0.0000000e+00
   0.0000000e+00
   2.2832337e-02
   3.8601719e-02
   6.0600478e-02
   7.3297045e-02
   7.4540034e-02
   5.9363358e-02
   5.5473731e-02
   5.2073199e-02
   4.3559611e-02
   4.0475189e-02
   4.8095237e-02
   5.8684397e-02
   6.4290672e-02
   6.2844105e-02
   5.2620970e-02
   1.9903841e-02
   0.0000000e+00
   0.0000000e+00
   0.0000000e+00
   1.9186401e-03
   1.7030194e-02
   1.9998737e-02
   2.2597386e-02
   2.1330412e-02
   1.8724237e-02
   1.5717370e-02
   1.3879757e-02
   1.3672273e-02
   1.5194715e-02
   1.8578244e-02
   2.1459799e-02
   2.2054154e-02
   1.8159030e-02
   7.0578777e-03
  -0.0000000e+00
   0.0000000e+00
  -1.1506603e-03
   1.0437475e-02
   2.9729955e-02
   3.9079759e-02
   3.6912840e-02
   1.7781312e-02
   0.0000000e+00
   0.0000000e+00
   1.1769789e-02
   9.5541505e-03
   1.6213631e-02
   2.5257137e-02
   2.8996343e-02
   2.7636874e-02
   2.1801228e-02
   3.4197997e-03
   7.6300558e-03
   0.0000000e+00
   0.0000000e+00
  -4.0378061e-03
  -3.9875042e-04
   2.6322031e-04
  -1.2689942e-03
  -4.0769386e-03
  -6.2926933e-03
  -8.2164230e-03
  -9.4397962e-03
  -9.9274702e-03
  -9.2335986e-03
  -7.0856223e-03
  -5.2835462e-03
  -5.6170151e-03
  -9.2290882e-03
  -1.2592695e-02
  -0.0000000e+00
   0.0000000e+00
  -0.0000000e+00
  -1.2329404e-02
   3.5977270e-03
   7.7237198e-03
   2.4529968e-03
  -1.1933041e-02
  -0.0000000e+00
   0.0000000e+00
  -1.4829357e-02
  -1.5841993e-02
  -1.2412366e-02
  -7.2624590e-03
  -4.8921551e-03
  -5.5945241e-03
  -6.7521119e-03
  -1.7251782e-02
  -8.2635846e-03
  -1.5834503e-02
   0.0000000e+00
  -2.4582293e-02
  -1.8968005e-02
  -1.9774399e-02
  -2.1687876e-02
  -2.3223536e-02
  -2.3866170e-02
  -2.4043849e-02
  -2.4490830e-02
  -2.4722512e-02
  -2.4518963e-02
  -2.3998197e-02
  -2.4377179e-02
  -2.6453715e-02
  -3.0532449e-02
  -2.4595766e-02
  -0.0000000e+00
   0.0000000e+00
  -0.0000000e+00
  -2.2776640e-02
  -1.4985496e-02
  -1.6140580e-02
  -2.3782920e-02
  -3.2843634e-02
   0.0000000e+00
   0.0000000e+00
  -2.7333158e-02
  -2.7594726e-02
  -2.9624470e-02
  -3.0988822e-02
  -3.1041117e-02
  -3.2148782e-02
  -3.0024022e-02
  -3.5329089e-02
  -2.1160008e-02
  -1.8721513e-02
   0.0000000e+00
  -3.3146590e-02
  -3.0951740e-02
  -3.1114865e-02
  -3.2203689e-02
  -3.2897089e-02
  -3.3428136e-02
  -3.3661485e-02
  -3.3908926e-02
  -3.3848390e-02
  -3.4210011e-02
  -3.6429103e-02
  -3.9894968e-02
  -4.4424251e-02
  -4.8448350e-02
  -3.5789821e-02
  -0.0000000e+00
   0.0000000e+00
   0.0000000e+00
  -3.0167292e-02
  -3.0886509e-02
  -3.6327675e-02
  -4.3603435e-02
  -3.9771780e-02
   0.0000000e+00
   0.0000000e+00
  -0.0000000e+00
  -0.0000000e+00
  -3.9409872e-02
  -4.7874708e-02
  -5.1784400e-02
  -5.4102644e-02
  -4.9556483e-02
  -4.6069507e-02
  -2.9101014e-02
  -2.0099383e-02
   0.0000000e+00
  -3.2887079e-02
  -3.1600289e-02
  -3.1561799e-02
  -3.2398883e-02
  -3.4373201e-02
  -3.6656745e-02
  -3.8142812e-02
  -3.8510989e-02
  -3.8916219e-02
  -4.0851757e-02
  -4.5789108e-02
  -5.1603384e-02
  -5.7494432e-02
  -6.0356051e-02
  -4.7734417e-02
  -0.0000000e+00
   0.0000000e+00
   0.0000000e+00
  -0.0000000e+00
  -4.3551695e-02
  -5.0469536e-02
  -5.2119825e-02
  -3.2915349e-02
   0.0000000e+00
   0.0000000e+00
   0.0000000e+00
  -3.6900032e-02
  -4.5033075e-02
  -5.6886528e-02
  -6.3313663e-02
  -6.6265374e-02
  -6.0595218e-02
  -4.8824854e-02
  -3.0284271e-02
  -1.6357983e-02
  -2.6191511e-02
  -2.8074886e-02
  -2.6409714e-02
  -2.7368730e-02
  -3.0044563e-02
  -3.4990322e-02
  -3.9474219e-02
  -4.1949209e-02
  -4.2928997e-02
  -4.4668701e-02
  -4.8773617e-02
  -5.5392344e-02
  -6.1832946e-02
  -6.6134378e-02
  -6.3672349e-02
  -4.2055231e-02
   0.0000000e+00
   0.0000000e+00
   0.0000000e+00
   0.0000000e+00
  -5.5081811e-02
  -6.0641143e-02
  -5.1326331e-02
  -1.9465604e-02
   0.0000000e+00
   0.0000000e+00
   0.0000000e+00
  -4.0072100e-02
  -4.8293106e-02
  -6.0082976e-02
  -6.6477932e-02
  -6.8749540e-02
  -6.3086018e-02
  -4.0014960e-02
  -2.1876663e-02
  -1.4039394e-02
  -2.0724881e-02
  -2.1272769e-02
  -2.1255944e-02
  -2.4222143e-02
  -2.9391132e-02
  -3.6204688e-02
  -4.2139195e-02
  -4.5881271e-02
  -4.8841044e-02
  -5.2347645e-02
  -5.7168528e-02
  -6.2354274e-02
  -6.5448128e-02
  -6.4384304e-02
  -5.4080378e-02
  -3.4058832e-02
   0.0000000e+00
   0.0000000e+00
   0.0000000e+00
   0.0000000e+00
  -5.9694294e-02
  -6.0585223e-02
  -4.2427544e-02
  -9.1531326e-03
   0.0000000e+00
   0.0000000e+00
  -0.0000000e+00
  -3.9950966e-02
  -4.7157645e-02
  -5.5227324e-02
  -5.8880899e-02
  -5.9067313e-02
  -5.3501736e-02
  -2.6012288e-02
  -1.5415378e-02
  -8.1963576e-03
  -1.1746993e-02
  -1.4334940e-02
  -1.7705169e-02
  -2.2123482e-02
  -2.7733164e-02
  -3.4706637e-02
  -4.1513097e-02
  -4.7410209e-02
  -5.3274028e-02
  -5.8220483e-02
  -6.2277935e-02
  -6.3996457e-02
  -6.1993923e-02
  -5.4658264e-02
  -3.6341675e-02
  -0.0000000e+00
   0.0000000e+00
   0.0000000e+00
   0.0000000e+00
   0.0000000e+00
  -5.5595165e-02
  -5.1132273e-02
  -3.0635584e-02
  -2.1245223e-03
   0.0000000e+00
   0.0000000e+00
  -0.0000000e+00
  -3.8214419e-02
  -3.8714092e-02
  -4.3470055e-02
  -4.3900155e-02
  -4.1973885e-02
  -3.6513448e-02
  -1.3508704e-02
  -0.0000000e+00
  -4.0815067e-03
  -7.8868624e-03
  -1.4579263e-02
  -2.0342473e-02
  -2.5099263e-02
  -2.9678764e-02
  -3.4979507e-02
  -4.0645108e-02
  -4.6377778e-02
  -5.2044351e-02
  -5.5977955e-02
  -5.8137435e-02
  -5.6715503e-02
  -5.0335500e-02
  -3.8220339e-02
  -1.7129779e-02
  -0.0000000e+00
   0.0000000e+00
   0.0000000e+00
   0.0000000e+00
   0.0000000e+00
  -4.0836584e-02
  -3.5301987e-02
  -1.7583342e-02
  -3.2522769e-05
   0.0000000e+00
   0.0000000e+00
  -0.0000000e+00
  -2.9647736e-02
  -2.5850199e-02
  -2.7777683e-02
  -2.5317661e-02
  -2.2272969e-02
  -1.7875524e-02
   3.9586382e-04
   0.0000000e+00
  -8.9225754e-03
  -1.6760674e-02
  -2.6362555e-02
  -3.3823285e-02
  -3.9312413e-02
  -4.3682832e-02
  -4.7547340e-02
  -5.0119679e-02
  -5.1040374e-02
  -5.0486557e-02
  -4.9052852e-02
  -4.7162753e-02
  -4.3081634e-02
  -3.4752252e-02
  -2.1582751e-02
  -3.7999661e-03
   0.0000000e+00
   0.0000000e+00
   0.0000000e+00
   0.0000000e+00
  -3.0875625e-02
  -2.3737134e-02
  -1.6101767e-02
  -4.1819178e-03
   7.3000838e-03
   0.0000000e+00
   0.0000000e+00
   0.0000000e+00
  -2.0041073e-02
  -1.2899210e-02
  -1.3516298e-02
  -1.1105103e-02
  -8.6408881e-03
  -4.6741217e-03
   0.0000000e+00
   0.0000000e+00
  -1.6454352e-02
  -2.6693067e-02
  -3.5738535e-02
  -4.2091038e-02
  -4.6792392e-02
  -5.0495043e-02
  -5.3424235e-02
  -5.4632675e-02
  -5.3425465e-02
  -4.9746353e-02
  -4.4934239e-02
  -4.0442009e-02
  -3.5517182e-02
  -2.7894504e-02
  -1.5892688e-02
   3.1003950e-04
   6.9093935e-03
   0.0000000e+00
   0.0000000e+00
  -3.7722681e-02
  -2.9206148e-02
  -8.3063738e-03
  -1.1780132e-04
   8.2438923e-03
   1.5278600e-02
   0.0000000e+00
   0.0000000e+00
   0.0000000e+00
  -7.9732835e-03
  -2.8100144e-03
  -3.4350878e-03
  -4.7523584e-03
  -3.7747065e-03
  -2.6366788e-03
   0.0000000e+00
   0.0000000e+00
  -2.0287332e-02
  -3.1187987e-02
  -3.8680167e-02
  -4.3311802e-02
  -4.6622745e-02
  -4.9678425e-02
  -5.2945974e-02
  -5.5168345e-02
  -5.4774362e-02
  -5.0950395e-02
  -4.4296595e-02
  -3.7017938e-02
  -3.1010143e-02
  -2.5006646e-02
  -1.6325416e-02
  -4.9445495e-03
   2.3404062e-03
   0.0000000e+00
   0.0000000e+00
  -4.3646568e-02
  -2.6479499e-02
   2.0505635e-03
   1.1340980e-02
   0.0000000e+00
   0.0000000e+00
   0.0000000e+00
   0.0000000e+00
   0.0000000e+00
   0.0000000e+00
   7.3216468e-03
   5.7244914e-03
  -0.0000000e+00
  -2.2529621e-04
  -5.2502203e-03
   0.0000000e+00
  -3.1853080e-02
  -2.7664614e-02
  -3.7625633e-02
  -4.5438170e-02
  -5.0426610e-02
  -5.2522764e-02
  -5.3215366e-02
  -5.4166414e-02
  -5.5398166e-02
  -5.5237222e-02
  -5.2160040e-02
  -4.4921055e-02
  -3.4267563e-02
  -2.5215009e-02
  -2.4247266e-02
  -2.7400915e-02
  -2.8224615e-02
  -2.4350217e-02
   0.0000000e+00
  -6.4768985e-02
  -5.3215684e-02
  -2.9502938e-02
   5.2760965e-03
   0.0000000e+00
   0.0000000e+00
   0.0000000e+00
   0.0000000e+00
   0.0000000e+00
   0.0000000e+00
   0.0000000e+00
   1.9317191e-02
   1.2116611e-02
   0.0000000e+00
   0.0000000e+00
  -0.0000000e+00
   0.0000000e+00
  -3.9674086e-02
  -4.2062551e-02
  -4.7825001e-02
  -5.7451796e-02
  -6.5606222e-02
  -6.9945037e-02
  -7.1109079e-02
  -7.1374543e-02
  -7.2282262e-02
  -7.2733708e-02
  -7.0506245e-02
  -6.3093588e-02
  -4.9393769e-02
  -3.2082602e-02
  -2.6397441e-02
  -3.6132511e-02
  -4.8836151e-02
  -6.8882109e-02
  -8.0727361e-02
  -6.5947709e-02
  -5.7930041e-02
  -3.6666051e-02
  -6.6143614e-04
   0.0000000e+00
   0.0000000e+00
   0.0000000e+00
   0.0000000e+00
   0.0000000e+00
   0.0000000e+00
   0.0000000e+00
   3.4923136e-02
   2.5007861e-02
   0.0000000e+00
   0.0000000e+00
   0.0000000e+00
   0.0000000e+00
  -4.9586907e-02
  -5.1820993e-02
  -5.4193474e-02
  -6.4158052e-02
  -7.4675083e-02
  -8.1438266e-02
  -8.3999947e-02
  -8.4815107e-02
  -8.6911775e-02
  -8.9984201e-02
  -9.0673909e-02
  -8.4563442e-02
  -6.8854600e-02
  -4.2171061e-02
  -2.3252821e-02
  -2.4702706e-02
  -0.0000000e+00
  -7.4540087e-02
  -7.5381018e-02
  -6.5615833e-02
  -5.9021197e-02
  -4.4224836e-02
  -1.7688520e-02
   0.0000000e+00
   0.0000000e+00
   0.0000000e+00
   0.0000000e+00
   0.0000000e+00
   0.0000000e+00
   0.0000000e+00
   5.2083853e-02
   4.5163391e-02
   0.0000000e+00
   0.0000000e+00
   0.0000000e+00
   0.0000000e+00
  -5.4447592e-02
  -5.6516573e-02
  -5.6051344e-02
  -6.4233266e-02
  -7.4836858e-02
  -8.1676332e-02
  -8.3502822e-02
  -8.2338199e-02
  -8.3352943e-02
  -8.8139519e-02
  -9.2795745e-02
  -9.0673175e-02
  -7.6031715e-02
  -4.4000890e-02
  -1.4786070e-02
  -0.0000000e+00
  -0.0000000e+00
  -5.7160106e-02
  -6.0719289e-02
  -5.9025664e-02
  -5.6944736e-02
  -5.1830787e-02
  -3.4903576e-02
   0.0000000e+00
   0.0000000e+00
   0.0000000e+00
   0.0000000e+00
   0.0000000e+00
   0.0000000e+00
   0.0000000e+00
   0.0000000e+00
   0.0000000e+00
   0.0000000e+00
   0.0000000e+00
   0.0000000e+00
   0.0000000e+00
  -4.9796677e-02
  -5.2456647e-02
  -5.2709263e-02
  -5.7520807e-02
  -6.4955890e-02
  -6.9694079e-02
  -7.0334025e-02
  -6.7685701e-02
  -6.6651396e-02
  -7.0677243e-02
  -7.7492386e-02
  -7.9099000e-02
  -6.7589305e-02
  -3.6549188e-02
  -6.5573350e-03
   0.0000000e+00
  -3.8545381e-02
  -4.1367397e-02
  -4.4255707e-02
  -4.7125898e-02
  -5.0346229e-02
  -5.3871110e-02
  -5.0130283e-02
   0.0000000e+00
   0.0000000e+00
   0.0000000e+00
   0.0000000e+00
   0.0000000e+00
   0.0000000e+00
   0.0000000e+00
   0.0000000e+00
   0.0000000e+00
   0.0000000e+00
   0.0000000e+00
   0.0000000e+00
   0.0000000e+00
  -0.0000000e+00
  -3.8576938e-02
  -4.0718846e-02
  -4.4063665e-02
  -4.8085783e-02
  -5.0598003e-02
  -5.0733484e-02
  -4.8857227e-02
  -4.8146617e-02
  -5.1007692e-02
  -5.7302509e-02
  -6.0601339e-02
  -5.2142292e-02
  -2.4212303e-02
  -2.4647980e-03
   0.0000000e+00
  -2.7898377e-02
  -2.6532890e-02
  -2.9202919e-02
  -3.3950124e-02
  -3.9212819e-02
  -4.6142165e-02
  -5.1314856e-02
  -0.0000000e+00
   0.0000000e+00
   0.0000000e+00
   0.0000000e+00
   0.0000000e+00
   0.0000000e+00
   0.0000000e+00
   0.0000000e+00
   0.0000000e+00
   0.0000000e+00
   0.0000000e+00
   0.0000000e+00
   0.0000000e+00
   0.0000000e+00
  -1.1747666e-02
  -1.3064700e-02
  -1.7230969e-02
  -2.0199377e-02
  -2.1005544e-02
  -2.0181644e-02
  -1.9347382e-02
  -2.1131057e-02
  -2.5098068e-02
  -3.0841073e-02
  -3.5295154e-02
  -3.0526780e-02
  -5.3757874e-03
   0.0000000e+00
   0.0000000e+00
  -1.1654274e-02
  -5.0939322e-03
  -8.7206586e-03
  -1.5325896e-02
  -2.1085433e-02
  -2.8877117e-02
  -3.9563815e-02
  -3.5975762e-02
   0.0000000e+00
   0.0000000e+00
   0.0000000e+00
   0.0000000e+00
   0.0000000e+00
   0.0000000e+00
   0.0000000e+00
   0.0000000e+00
   0.0000000e+00
   0.0000000e+00
   0.0000000e+00
   0.0000000e+00
   0.0000000e+00
   1.5882483e-02
   2.1755772e-02
   1.7452708e-02
   1.3568840e-02
   1.4149280e-02
   1.6319651e-02
   1.6615130e-02
   1.2079985e-02
   4.9058758e-03
  -2.3823075e-03
  -7.9420572e-03
  -6.7049507e-03
   1.2415075e-02
   0.0000000e+00
   0.0000000e+00
   0.0000000e+00
   2.4332155e-02
   1.7678084e-02
   6.6344747e-03
   4.8180245e-04
  -6.7253751e-03
  -1.9014094e-02
  -2.4337173e-02
   0.0000000e+00
   0.0000000e+00
  -0.0000000e+00
   0.0000000e+00
   0.0000000e+00
   0.0000000e+00
   0.0000000e+00
   0.0000000e+00
   0.0000000e+00
   0.0000000e+00
   0.0000000e+00
   0.0000000e+00
   0.0000000e+00
   3.2921156e-02
   4.5031140e-02
   4.6634596e-02
   4.7131550e-02
   5.1178332e-02
   5.5119686e-02
   5.5179194e-02
   4.9321014e-02
   4.0063012e-02
   3.0792093e-02
   2.3321038e-02
   2.0089973e-02
   2.5174969e-02
   0.0000000e+00
   0.0000000e+00
   0.0000000e+00
   0.0000000e+00
   4.1833690e-02
   3.2997582e-02
   2.6020221e-02
   1.9037865e-02
   7.9392539e-03
   1.3516106e-03
   0.0000000e+00
   0.0000000e+00
   0.0000000e+00
   0.0000000e+00
   0.0000000e+00
   0.0000000e+00
   0.0000000e+00
   0.0000000e+00
   0.0000000e+00
   0.0000000e+00
   0.0000000e+00
   0.0000000e+00
   0.0000000e+00
   0.0000000e+00
   5.3571501e-02
   6.0841329e-02
   6.9766566e-02
   7.8481441e-02
   8.2424097e-02
   8.1692889e-02
   7.6523243e-02
   6.9058105e-02
   6.0722172e-02
   5.1946578e-02
   4.3083720e-02
   3.3953031e-02
   0.0000000e+00
   0.0000000e+00
   0.0000000e+00
   0.0000000e+00
   5.5085523e-02
   5.6561340e-02
   4.8645461e-02
   4.2161513e-02
   3.3587944e-02
   2.1213472e-02
   0.0000000e+00
   0.0000000e+00
   0.0000000e+00
   0.0000000e+00
   0.0000000e+00
   0.0000000e+00
   0.0000000e+00
   0.0000000e+00
   0.0000000e+00
   0.0000000e+00
   0.0000000e+00
   0.0000000e+00
   0.0000000e+00
   0.0000000e+00
   5.3624944e-02
   6.2193401e-02
   7.7046603e-02
   8.5203126e-02
   8.7477826e-02
   8.5717134e-02
   8.2895361e-02
   7.9690114e-02
   7.5902790e-02
   6.9142543e-02
   5.6053355e-02
   0.0000000e+00
   0.0000000e+00
   0.0000000e+00
   0.0000000e+00
   0.0000000e+00
   0.0000000e+00
   6.2749148e-02
   5.6707159e-02
   5.5114657e-02
   5.2055355e-02
   3.9550287e-02
   0.0000000e+00
   0.0000000e+00
   0.0000000e+00
   0.0000000e+00
   0.0000000e+00
   0.0000000e+00
   0.0000000e+00
   0.0000000e+00
   0.0000000e+00
   0.0000000e+00
   0.0000000e+00
   0.0000000e+00
   0.0000000e+00
   0.0000000e+00
   0.0000000e+00
   4.0320972e-02
   5.2098706e-02
   5.8198225e-02
   6.2396728e-02
   6.4563833e-02
   6.5818593e-02
   6.7769513e-02
   6.9361001e-02
   6.6655002e-02
   5.7052385e-02
   0.0000000e+00
   0.0000000e+00
   0.0000000e+00
   0.0000000e+00
   0.0000000e+00
   0.0000000e+00
   0.0000000e+00
   4.6828305e-02
   5.2636664e-02
   5.7364266e-02
   5.1718191e-02
   0.0000000e+00
   0.0000000e+00
   0.0000000e+00
   0.0000000e+00
   0.0000000e+00
   0.0000000e+00
   0.0000000e+00
   0.0000000e+00
   0.0000000e+00
   0.0000000e+00
   0.0000000e+00
   0.0000000e+00
   0.0000000e+00
   0.0000000e+00
   0.0000000e+00
   1.2483342e-02
   1.1701473e-02
   1.5955145e-02
   2.1001897e-02
   2.6827572e-02
   3.1524729e-02
   3.7656541e-02
   4.3735581e-02
   4.4806778e-02
   4.3471753e-02
   0.0000000e+00
   0.0000000e+00
   0.0000000e+00
   0.0000000e+00
   0.0000000e+00
   0.0000000e+00
   0.0000000e+00
   2.6542311e-02
   3.8392770e-02
   4.6512010e-02
   4.6718511e-02
   0.0000000e+00
   0.0000000e+00
   0.0000000e+00
   0.0000000e+00
   0.0000000e+00
   0.0000000e+00
   0.0000000e+00
   0.0000000e+00
   0.0000000e+00
   0.0000000e+00
   0.0000000e+00
   0.0000000e+00
   0.0000000e+00
   0.0000000e+00
  -0.0000000e+00
  -1.0002906e-02
  -1.8482000e-02
  -2.0710325e-02
  -2.0843852e-02
  -1.4343589e-02
  -7.9788251e-03
   0.0000000e+00
   1.3151741e-02
   1.5310882e-02
   0.0000000e+00
   0.0000000e+00
   0.0000000e+00
   0.0000000e+00
   0.0000000e+00
   0.0000000e+00
   0.0000000e+00
   1.3296555e-02
   1.0904372e-02
   1.6392767e-02
   1.7368507e-02
   1.1035488e-02
   4.0769452e-03
   0.0000000e+00
   0.0000000e+00
   0.0000000e+00
   0.0000000e+00
   0.0000000e+00
   0.0000000e+00
   0.0000000e+00
   0.0000000e+00
   0.0000000e+00
   0.0000000e+00
   0.0000000e+00
   0.0000000e+00
   0.0000000e+00
   0.0000000e+00
   0.0000000e+00
   0.0000000e+00
  -0.0000000e+00
  -0.0000000e+00
  -0.0000000e+00
  -0.0000000e+00
   0.0000000e+00
  -0.0000000e+00
  -0.0000000e+00
   0.0000000e+00
   0.0000000e+00
   0.0000000e+00
   0.0000000e+00
   0.0000000e+00
   0.0000000e+00
   0.0000000e+00
   7.1077398e-03
   0.0000000e+00
  -0.0000000e+00
  -0.0000000e+00
  -1.6383717e-02
  -6.5452592e-03
  -4.7020465e-03
   0.0000000e+00
   0.0000000e+00
   0.0000000e+00
   0.0000000e+00
   0.0000000e+00
   0.0000000e+00
   0.0000000e+00
   0.0000000e+00
   0.0000000e+00
   0.0000000e+00
   0.0000000e+00
   0.0000000e+00
   0.0000000e+00
   0.0000000e+00
  -0.0000000e+00
  -0.0000000e+00
  -0.0000000e+00
  -0.0000000e+00
  -0.0000000e+00
  -0.0000000e+00
  -0.0000000e+00
  -0.0000000e+00
  -0.0000000e+00
  -0.0000000e+00
   0.0000000e+00
   0.0000000e+00
   0.0000000e+00
   0.0000000e+00
  -0.0000000e+00
  -3.4154614e-03
  -0.0000000e+00
   0.0000000e+00
   0.0000000e+00
  -0.0000000e+00
  -1.7119389e-02
  -1.4866900e-02
  -1.7446549e-02
  -1.5234878e-02
  -9.0112110e-03
  -7.8311998e-03
  -6.1538694e-03
  -8.8646442e-03
   0.0000000e+00
   0.0000000e+00
   0.0000000e+00
