  3.989618e-01
  3.269915e-01
  3.144665e-01
  3.085504e-01
  3.038929e-01
  3.001960e-01
  2.866205e-01
  2.757277e-01
  2.643347e-01
  2.566083e-01
  2.431374e-01
  2.359697e-01
  2.323056e-01
  2.343818e-01
  2.398556e-01
  2.518452e-01
  2.523204e-01
  2.292648e-01
  2.229715e-01
  2.387036e-01
  2.431173e-01
  2.366344e-01
  2.293716e-01
  2.263270e-01
  2.251462e-01
  2.249695e-01
  2.300461e-01
  2.373577e-01
  2.535248e-01
  2.732960e-01
  2.983269e-01
  3.273247e-01
  3.491626e-01
  3.669366e-01
  4.143376e-01
  5.497729e-01
