  0.3737  0.3749  0.3823  0.3634  0.3947  0.4025  0.4099  0.4130  0.4246  0.4331  0.4210  0.4401  0.4438  0.4386  0.3982  0.3690  0.3629  0.3531  0.3566  0.3793  0.3864  0.3664  0.3529  0.3761  0.3733  0.4384  0.4332  0.4116  0.4515  0.4529  0.4340  0.4259  0.4094  0.3855  0.3707  0.3596
  0.3087  0.3067  0.3164  0.3334  0.3310  0.3187  0.3374  0.3382  0.3281  0.3202  0.3314  0.3343  0.3350  0.3188  0.3020  0.3034  0.3064  0.3102  0.3133  0.3226  0.3552  0.3413  0.3409  0.3418  0.3598  0.3496  0.3523  0.3382  0.3310  0.3420  0.3326  0.3302  0.3145  0.3051  0.3049  0.3161
  0.2884  0.3062  0.3110  0.3336  0.3391  0.3297  0.3390  0.3419  0.3470  0.3380  0.3359  0.3251  0.3320  0.3406  0.3000  0.2882  0.2968  0.2996  0.3045  0.3139  0.3427  0.3236  0.3440  0.3335  0.3216  0.3037  0.3090  0.2971  0.2954  0.2984  0.2981  0.2998  0.2887  0.2858  0.2837  0.2848
  0.2811  0.2946  0.3034  0.3190  0.3164  0.3341  0.3474  0.3531  0.3574  0.3536  0.3440  0.3329  0.3166  0.3228  0.3245  0.2776  0.2725  0.2856  0.2963  0.3172  0.3292  0.3284  0.3438  0.3436  0.3140  0.3022  0.2782  0.2784  0.2756  0.2734  0.2721  0.2779  0.2735  0.2871  0.2824  0.2979
  0.2782  0.2821  0.2866  0.3151  0.3282  0.3488  0.3551  0.3587  0.3565  0.3516  0.3431  0.3320  0.3169  0.2911  0.3112  0.2791  0.2608  0.2680  0.2826  0.3018  0.3093  0.3119  0.3390  0.3345  0.2959  0.2861  0.2893  0.2784  0.2710  0.2633  0.2702  0.2856  0.2908  0.2988  0.2877  0.2805
  0.2657  0.2832  0.2917  0.3055  0.3300  0.3498  0.3526  0.3489  0.3434  0.3375  0.3299  0.3206  0.3049  0.2798  0.3114  0.2774  0.2586  0.2562  0.2704  0.2806  0.2970  0.3224  0.3245  0.3136  0.2804  0.2874  0.2615  0.2658  0.2600  0.2563  0.2872  0.3289  0.3154  0.2833  0.3112  0.3138
  0.2574  0.2603  0.2789  0.2981  0.3263  0.3364  0.3343  0.3286  0.3245  0.3209  0.3125  0.3039  0.2898  0.2593  0.2585  0.2589  0.2465  0.2487  0.2645  0.2481  0.2912  0.3052  0.2995  0.2860  0.2543  0.2642  0.2060  0.2443  0.2502  0.2583  0.3094  0.3254  0.3081  0.3052  0.3257  0.3289
  0.2454  0.2436  0.2763  0.3065  0.3277  0.3257  0.3198  0.3138  0.3100  0.3022  0.2917  0.2839  0.2688  0.2415  0.2496  0.2559  0.2528  0.2463  0.2506  0.2448  0.2754  0.2736  0.2670  0.2535  0.2227  0.2327  0.2349  0.2000  0.2073  0.2526  0.3267  0.3195  0.3244  0.3277  0.3271  0.3242
  0.2466  0.2473  0.2708  0.3172  0.3137  0.3021  0.2940  0.2858  0.2774  0.2670  0.2596  0.2544  0.2426  0.2223  0.1984  0.2614  0.2517  0.2257  0.2164  0.2377  0.2402  0.2351  0.2305  0.2194  0.2267  0.2572  0.2866  0.2084  0.1891  0.2973  0.3221  0.3203  0.3237  0.3237  0.3223  0.3211
  0.2522  0.2689  0.2830  0.2973  0.2857  0.2736  0.2627  0.2530  0.2439  0.2379  0.2367  0.2344  0.2280  0.2161  0.1910  0.2496  0.2494  0.1997  0.2056  0.2191  0.2164  0.2144  0.2123  0.1978  0.2156  0.2555  0.3008  0.2733  0.2731  0.3098  0.3186  0.3205  0.3153  0.2991  0.3097  0.3178
  0.2673  0.2808  0.2867  0.2713  0.2587  0.2440  0.2309  0.2228  0.2184  0.2191  0.2206  0.2207  0.2227  0.2205  0.2001  0.1954  0.2442  0.1807  0.2036  0.1986  0.1985  0.2007  0.2007  0.1805  0.2501  0.2661  0.2787  0.2851  0.3151  0.3151  0.2989  0.2838  0.2530  0.2647  0.2810  0.2739
  0.2650  0.2593  0.2731  0.2578  0.2420  0.2268  0.2160  0.2103  0.2091  0.2104  0.2115  0.2160  0.2263  0.2288  0.2112  0.1931  0.2457  0.2012  0.1887  0.1873  0.1905  0.1964  0.1968  0.1800  0.2365  0.2360  0.2364  0.2616  0.2966  0.2825  0.2855  0.2381  0.2525  0.3166  0.3190  0.2905
  0.2464  0.2521  0.2617  0.2464  0.2298  0.2184  0.2100  0.2042  0.2015  0.2010  0.2052  0.2167  0.2315  0.2347  0.2189  0.1957  0.2301  0.2518  0.1800  0.1817  0.1889  0.1998  0.2017  0.1773  0.2183  0.2428  0.2563  0.2356  0.2459  0.2359  0.2628  0.2285  0.2828  0.3234  0.3694  0.2758
  0.2663  0.2520  0.2546  0.2372  0.2236  0.2185  0.2140  0.2094  0.2061  0.2077  0.2159  0.2284  0.2421  0.2443  0.2287  0.2091  0.2039  0.2412  0.1769  0.1809  0.1967  0.2170  0.2237  0.1982  0.2411  0.2597  0.2664  0.2461  0.2331  0.2373  0.2553  0.2158  0.2581  0.3128  0.3358  0.2797
  0.2636  0.2545  0.2513  0.2387  0.2300  0.2289  0.2298  0.2321  0.2348  0.2400  0.2495  0.2606  0.2698  0.2647  0.2441  0.2175  0.1976  0.2155  0.1729  0.1769  0.1942  0.2277  0.2394  0.2152  0.2464  0.2643  0.2621  0.2477  0.2330  0.2441  0.2504  0.1957  0.2332  0.3054  0.3159  0.2873
  0.2755  0.2623  0.2603  0.2466  0.2436  0.2453  0.2487  0.2545  0.2603  0.2672  0.2781  0.2898  0.2980  0.2912  0.2681  0.2398  0.2216  0.2238  0.2099  0.2415  0.2425  0.2218  0.2337  0.2241  0.2746  0.2714  0.2645  0.2420  0.2393  0.2535  0.2467  0.1995  0.2272  0.2943  0.2585  0.2471
  0.2807  0.3136  0.2561  0.2312  0.2270  0.2286  0.2303  0.2317  0.2317  0.2347  0.2457  0.2595  0.2707  0.2729  0.2673  0.2652  0.2700  0.2810  0.2945  0.2709  0.2657  0.2185  0.2295  0.2458  0.2723  0.2658  0.2613  0.2461  0.2470  0.2765  0.2569  0.2056  0.2247  0.2590  0.2226  0.2227
  0.3044  0.3104  0.2323  0.1942  0.1787  0.1738  0.1705  0.1693  0.1700  0.1721  0.1801  0.1903  0.1993  0.2024  0.2114  0.2349  0.2716  0.3033  0.3179  0.2830  0.2613  0.2290  0.2218  0.2473  0.2420  0.2243  0.2449  0.2488  0.2519  0.3087  0.2220  0.2039  0.2161  0.2169  0.2152  0.2296
  0.2797  0.3093  0.2312  0.1938  0.1724  0.1633  0.1597  0.1605  0.1619  0.1627  0.1674  0.1742  0.1818  0.1887  0.2042  0.2267  0.2577  0.2779  0.3174  0.2740  0.2584  0.2376  0.2098  0.2370  0.2328  0.2248  0.2547  0.2504  0.2569  0.3023  0.1933  0.2043  0.2143  0.2099  0.2342  0.2416
  0.2626  0.3053  0.2537  0.2335  0.2211  0.2147  0.2120  0.2134  0.2121  0.2090  0.2080  0.2091  0.2135  0.2227  0.2410  0.2550  0.2613  0.2510  0.2887  0.2541  0.2521  0.2446  0.2313  0.2380  0.2422  0.2336  0.2430  0.2465  0.2620  0.2676  0.1916  0.2232  0.2293  0.2367  0.2583  0.2514
  0.2377  0.2512  0.2573  0.2621  0.2585  0.2563  0.2564  0.2571  0.2519  0.2393  0.2253  0.2162  0.2145  0.2203  0.2351  0.2479  0.2545  0.2397  0.2386  0.2486  0.2488  0.2481  0.2487  0.2339  0.2428  0.2282  0.2243  0.2371  0.2543  0.2636  0.2091  0.2352  0.2411  0.2497  0.2626  0.2563
  0.2376  0.2386  0.2604  0.2657  0.2662  0.2628  0.2590  0.2544  0.2448  0.2292  0.2153  0.2065  0.2017  0.2013  0.2089  0.2220  0.2360  0.2275  0.2202  0.2752  0.2588  0.2485  0.2597  0.2233  0.2327  0.2129  0.2004  0.2467  0.2398  0.2409  0.2175  0.2329  0.2358  0.2391  0.2478  0.2488
  0.2309  0.2353  0.2451  0.2502  0.2596  0.2588  0.2537  0.2464  0.2359  0.2218  0.2106  0.2049  0.1991  0.1930  0.1931  0.2012  0.2144  0.2100  0.2081  0.2818  0.2759  0.2621  0.2579  0.2151  0.2167  0.1974  0.1840  0.2390  0.2492  0.2421  0.2164  0.2260  0.2273  0.2274  0.2326  0.2342
  0.2203  0.2210  0.2220  0.2613  0.2538  0.2538  0.2529  0.2490  0.2396  0.2269  0.2165  0.2116  0.2065  0.1985  0.1933  0.1949  0.2012  0.2003  0.1904  0.2854  0.2729  0.2836  0.2550  0.2117  0.2079  0.1891  0.1785  0.2310  0.2467  0.2324  0.2372  0.2184  0.2182  0.2177  0.2230  0.2252
  0.2114  0.2059  0.2072  0.2574  0.2454  0.2475  0.2520  0.2527  0.2484  0.2376  0.2266  0.2209  0.2151  0.2072  0.2009  0.1994  0.2026  0.2020  0.1912  0.2486  0.2552  0.2868  0.2598  0.2204  0.2111  0.1923  0.1708  0.2395  0.2479  0.2204  0.2513  0.2115  0.2120  0.2113  0.2160  0.2191
  0.1972  0.1877  0.2007  0.2308  0.2431  0.2437  0.2494  0.2519  0.2524  0.2474  0.2393  0.2329  0.2258  0.2174  0.2096  0.2060  0.2080  0.2080  0.1975  0.2509  0.2468  0.2787  0.2530  0.2331  0.2174  0.2002  0.1680  0.2588  0.2494  0.2131  0.2234  0.2147  0.2110  0.2092  0.2112  0.2112
  0.1827  0.1831  0.2194  0.2330  0.2353  0.2472  0.2488  0.2513  0.2537  0.2549  0.2521  0.2485  0.2420  0.2334  0.2255  0.2190  0.2167  0.2163  0.1983  0.2395  0.2339  0.2586  0.2570  0.2503  0.2310  0.2127  0.1745  0.2750  0.2572  0.2214  0.2224  0.2264  0.2202  0.2165  0.2159  0.2079
  0.1793  0.2021  0.2311  0.2337  0.2318  0.2550  0.2572  0.2563  0.2566  0.2584  0.2588  0.2586  0.2550  0.2507  0.2445  0.2370  0.2313  0.2270  0.2026  0.2297  0.2330  0.2382  0.2603  0.2623  0.2473  0.2291  0.1883  0.2419  0.2565  0.2358  0.2406  0.2403  0.2376  0.2330  0.2295  0.2142
  0.2150  0.2336  0.2403  0.2392  0.2390  0.2495  0.2745  0.2769  0.2715  0.2680  0.2675  0.2683  0.2679  0.2686  0.2675  0.2638  0.2579  0.2499  0.2240  0.2410  0.2416  0.2294  0.2636  0.2736  0.2692  0.2575  0.2310  0.2496  0.2406  0.2549  0.2551  0.2598  0.2629  0.2606  0.2560  0.2374
  0.2664  0.2595  0.2591  0.2514  0.2600  0.2450  0.2787  0.2893  0.2894  0.2857  0.2839  0.2831  0.2818  0.2835  0.2857  0.2861  0.2832  0.2761  0.2541  0.2844  0.2482  0.2355  0.2743  0.2893  0.2914  0.2879  0.2722  0.2545  0.2530  0.2731  0.2759  0.2796  0.2839  0.2847  0.2808  0.2679
  0.3100  0.2870  0.2727  0.2703  0.2873  0.2570  0.2946  0.3052  0.2986  0.3062  0.3083  0.3093  0.3060  0.3054  0.3080  0.3110  0.3104  0.3059  0.2919  0.3401  0.2357  0.2596  0.3023  0.3165  0.3195  0.3199  0.3133  0.2967  0.2876  0.2867  0.2958  0.2999  0.3050  0.3100  0.3063  0.2997
  0.3362  0.3071  0.2965  0.3119  0.3205  0.2804  0.3144  0.3363  0.3191  0.3214  0.3325  0.3346  0.3297  0.3271  0.3316  0.3343  0.3345  0.3328  0.3319  0.3849  0.2584  0.2951  0.3391  0.3457  0.3468  0.3474  0.3434  0.3362  0.3295  0.3262  0.3289  0.3296  0.3333  0.3407  0.3356  0.3300
  0.3480  0.3377  0.3324  0.3332  0.3385  0.3188  0.3392  0.3474  0.3430  0.3439  0.3502  0.3511  0.3441  0.3414  0.3461  0.3500  0.3496  0.3493  0.3492  0.3817  0.3101  0.3351  0.3645  0.3677  0.3669  0.3666  0.3619  0.3576  0.3535  0.3510  0.3508  0.3529  0.3556  0.3637  0.3607  0.3563
  0.3742  0.3735  0.3725  0.3693  0.3674  0.3575  0.3607  0.3590  0.3565  0.3599  0.3599  0.3562  0.3521  0.3538  0.3587  0.3608  0.3608  0.3627  0.3660  0.3707  0.3639  0.3744  0.3830  0.3822  0.3810  0.3785  0.3756  0.3713  0.3667  0.3642  0.3623  0.3665  0.3680  0.3719  0.3739  0.3742
  0.5114  0.5066  0.4996  0.4467  0.3812  0.4005  0.3776  0.3767  0.3742  0.3734  0.3736  0.3764  0.3804  0.3835  0.3835  0.3857  0.3864  0.3864  0.3830  0.4650  0.3860  0.3911  0.3925  0.3842  0.3755  0.3628  0.3840  0.4199  0.4117  0.4034  0.4630  0.5020  0.4545  0.4285  0.4905  0.5147
  0.6581  0.6558  0.6460  0.5358  0.5309  0.6075  0.4781  0.4460  0.4487  0.4535  0.4502  0.4751  0.4837  0.5158  0.4855  0.4547  0.4570  0.4724  0.4852  0.5269  0.4480  0.4361  0.4167  0.5012  0.5714  0.6282  0.6369  0.6484  0.6506  0.6526  0.6542  0.6550  0.6548  0.6551  0.6571  0.6582
