0.000000000000000000e+00
0.000000000000000000e+00
0.000000000000000000e+00
0.000000000000000000e+00
0.000000000000000000e+00
0.000000000000000000e+00
0.000000000000000000e+00
0.000000000000000000e+00
0.000000000000000000e+00
0.000000000000000000e+00
0.000000000000000000e+00
0.000000000000000000e+00
0.000000000000000000e+00
0.000000000000000000e+00
0.000000000000000000e+00
0.000000000000000000e+00
0.000000000000000000e+00
0.000000000000000000e+00
0.000000000000000000e+00
0.000000000000000000e+00
0.000000000000000000e+00
0.000000000000000000e+00
0.000000000000000000e+00
0.000000000000000000e+00
0.000000000000000000e+00
0.000000000000000000e+00
0.000000000000000000e+00
0.000000000000000000e+00
0.000000000000000000e+00
0.000000000000000000e+00
0.000000000000000000e+00
0.000000000000000000e+00
0.000000000000000000e+00
0.000000000000000000e+00
0.000000000000000000e+00
0.000000000000000000e+00
0.000000000000000000e+00
4.090306799999999576e+00
2.807911600000000174e+00
4.343633200000000194e+00
4.531931900000000013e+00
2.806613000000000024e+00
1.678003899999999993e+00
1.154740499999999948e+00
3.019036700000000129e-01
9.910278000000000143e-02
9.486050199999999932e-02
2.586573999999999818e-01
4.409473799999999999e-01
3.952203400000000033e-01
1.199164399999999991e-01
-4.159005599999999747e-01
-6.167533400000000388e-01
-1.377606399999999898e-01
-1.298486599999999935e+00
-4.462621199999999844e-01
2.372522800000000043e+00
1.378795500000000063e+00
1.116856700000000036e+00
1.035195000000000087e+00
1.236134999999999984e+00
1.266403900000000027e+00
1.487861000000000100e+00
1.853679999999999994e+00
1.704505600000000065e+00
7.856214000000000253e-01
-8.624646099999999649e-02
4.190320500000000337e+00
4.801970999999999989e+00
1.394554400000000083e+00
8.646875600000000217e-01
0.000000000000000000e+00
3.566740500000000202e-01
-1.502351299999999945e-01
-8.694995599999999492e-01
-1.575598199999999949e+00
-1.905784700000000109e+00
-2.010838699999999868e+00
-1.815638499999999933e+00
-1.601010599999999950e+00
-1.254290799999999928e+00
-7.968085400000000096e-01
-3.704296899999999781e-01
-7.455015199999999453e-02
-8.267114300000000249e-02
-2.192753400000000130e-01
-5.620511200000000152e-01
-9.494860800000000101e-01
-1.319416399999999934e+00
-1.680901200000000095e+00
-1.826370000000000049e+00
-9.635527099999999789e-01
-9.550362099999999688e-02
2.375013099999999933e-01
5.761187700000000023e-01
7.725814600000000532e-01
8.054484100000000035e-01
6.375342000000000509e-01
3.077146399999999837e-01
2.856106499999999920e-03
-3.118505799999999883e-01
-6.157774900000000384e-01
-6.224288300000000440e-01
-1.929184200000000071e-01
1.925690800000000036e-01
7.448919900000000593e-02
2.017346799999999996e-01
4.995271900000000098e-01
-8.256986699999999679e-01
-1.416015100000000082e+00
-2.220342599999999944e+00
-3.011019500000000182e+00
-3.200187199999999788e+00
-2.896433800000000058e+00
-2.251343299999999825e+00
-1.823669100000000043e+00
-1.062831300000000034e+00
-3.725710199999999750e-01
-3.411751200000000261e-02
1.846124100000000046e-01
4.757417700000000221e-02
-2.793824400000000097e-01
-7.946928100000000272e-01
-1.243467600000000006e+00
-1.562724800000000025e+00
-1.919528700000000088e+00
-2.718475800000000220e+00
-2.604354300000000233e-01
-6.359720199999999712e-01
-2.254967400000000011e-01
2.290525900000000004e-01
3.643659699999999835e-01
2.463451599999999866e-02
-3.524027499999999868e-01
-6.431952699999999856e-01
-1.053388800000000014e+00
-1.424733299999999980e+00
-1.587544800000000089e+00
-1.497027000000000108e+00
-1.295978099999999911e+00
-7.564345000000000097e-01
-6.321259099999999576e-01
-5.359292599999999629e-01
-4.517534699999999903e-01
-1.118413199999999996e+00
-1.787328800000000051e+00
-2.580522100000000041e+00
-2.975965299999999925e+00
-2.727639400000000158e+00
-2.242404200000000181e+00
-1.889534700000000011e+00
-1.212687700000000035e+00
-2.332047100000000095e-01
3.528695099999999973e-01
5.869307499999999456e-01
5.042126200000000003e-01
-1.704599700000000091e-05
-6.437624699999999756e-01
-1.133510100000000076e+00
-1.469719999999999915e+00
-1.565118800000000032e+00
-1.709098199999999901e+00
-2.704324199999999845e+00
0.000000000000000000e+00
-9.806293200000000265e-01
-4.523694500000000063e-01
-1.505454200000000131e-01
-1.279238199999999936e-01
-3.257959500000000008e-01
-6.292360999999999649e-01
-1.005044700000000013e+00
-1.454766999999999921e+00
-1.716307400000000039e+00
-1.710741800000000090e+00
-1.638999600000000001e+00
-1.598543499999999895e+00
-9.723851700000000209e-01
-5.079459499999999794e-01
-2.828467199999999959e-01
-5.409975099999999593e-01
-1.277843999999999980e+00
-1.689577600000000013e+00
-2.055703299999999789e+00
-2.024760999999999811e+00
-1.535673199999999960e+00
-1.046473599999999893e+00
-9.828674800000000156e-01
-1.809301899999999907e-01
4.784823899999999797e-01
6.456276399999999471e-01
6.140588900000000239e-01
2.077888999999999986e-01
-3.330993500000000163e-01
-8.136938700000000413e-01
-1.125306700000000104e+00
-1.294083899999999954e+00
-1.293209400000000064e+00
-1.115305599999999897e+00
-2.004007600000000000e+00
0.000000000000000000e+00
-6.040212900000000440e-01
-4.830586000000000046e-01
-3.338104100000000019e-01
-1.945951399999999998e-01
-3.962585499999999872e-01
-8.067483199999999632e-01
-1.135695200000000016e+00
-1.198165799999999948e+00
-1.057237399999999994e+00
-1.126959299999999997e+00
-1.124859000000000053e+00
-1.162784800000000063e+00
-8.440379399999999865e-01
-4.148632500000000167e-01
-6.498931399999999803e-01
-9.730003499999999583e-01
-5.796477799999999458e-01
-4.932857199999999831e-01
-8.776314299999999902e-01
-6.298021099999999706e-01
-6.423312399999999700e-01
1.358259900000000076e-01
2.217782700000000065e-02
-1.100754699999999947e-01
-2.917986200000000085e-01
1.183780100000000057e-01
2.337731100000000062e-01
4.641624200000000339e-02
-2.431803800000000015e-01
-5.825885499999999828e-01
-8.666956999999999578e-01
-9.678426399999999763e-01
-8.857802200000000070e-01
-2.130494300000000119e-01
-2.034273100000000001e-01
0.000000000000000000e+00
-4.962138500000000119e-01
-3.599945900000000032e-01
-1.290132099999999893e-01
-2.592755600000000160e-01
-8.334527600000000147e-01
-9.167083499999999496e-01
-4.731620300000000112e-01
3.996107899999999935e-01
7.578139900000000484e-01
-5.954771899999999896e-02
-4.991745399999999999e-01
-5.927001200000000525e-01
-4.160484099999999796e-01
-5.577684600000000215e-01
-8.280156899999999709e-01
-7.636995899999999837e-01
1.301516399999999907e+00
1.300359100000000101e+00
2.176948599999999900e-01
4.547867800000000016e-01
0.000000000000000000e+00
1.911857999999999891e-01
1.902389899999999967e-01
2.896356299999999773e-01
5.067735900000000168e-03
4.431493599999999922e-01
5.512369900000000378e-01
3.915753399999999940e-01
9.029043100000000432e-02
-2.998694800000000216e-01
-6.178960199999999903e-01
-6.989527700000000010e-01
-3.554954200000000064e-01
1.065378900000000018e+00
1.455140199999999995e+00
0.000000000000000000e+00
-4.929356300000000135e-01
-9.557235899999999562e-01
-7.474654899999999547e-01
-8.213612999999999609e-01
-8.734855200000000153e-01
-4.416497600000000023e-01
8.358644200000000524e-01
1.858948999999999963e+00
6.110089399999999449e-01
-5.578361200000000464e-01
-8.904447699999999966e-01
-8.672391200000000300e-01
-8.456903700000000246e-01
-7.980724799999999730e-01
-3.859767299999999901e-01
2.965938200000000080e-01
3.182135800000000181e+00
2.033679499999999862e+00
6.123087999999999864e-01
0.000000000000000000e+00
0.000000000000000000e+00
-3.568186200000000169e-02
9.397449300000000616e-02
4.157921399999999768e-01
5.472205300000000383e-01
8.628810599999999775e-01
9.265726800000000374e-01
7.097201899999999730e-01
2.789952199999999882e-01
-2.615213399999999910e-01
-6.680217400000000305e-01
-6.667393400000000137e-01
2.445697000000000149e-02
2.177597500000000075e+00
2.553097000000000172e+00
0.000000000000000000e+00
0.000000000000000000e+00
-7.249939399999999479e-01
-7.795654499999999931e-01
-7.786034899999999537e-01
-5.545352099999999451e-01
2.713143499999999819e-01
2.411279200000000067e+00
3.143288399999999871e+00
0.000000000000000000e+00
-4.676677300000000037e-01
-3.099996400000000207e-01
-5.794578200000000123e-01
-7.258522499999999766e-01
-4.689090300000000044e-01
2.769666900000000154e-01
1.442991899999999994e+00
5.042183900000000385e+00
2.498285300000000042e+00
0.000000000000000000e+00
0.000000000000000000e+00
0.000000000000000000e+00
2.535060000000000091e-01
6.832537699999999825e-01
1.030546200000000079e+00
1.267927800000000049e+00
1.417656800000000050e+00
1.334667599999999954e+00
8.567710499999999785e-01
1.387124200000000029e-01
-6.091160799999999487e-01
-9.528391400000000289e-01
-6.145968400000000331e-01
6.314915399999999623e-01
3.308552499999999785e+00
3.019089199999999806e+00
0.000000000000000000e+00
0.000000000000000000e+00
-4.946044700000000183e-01
-1.115774899999999903e+00
-7.479886999999999508e-01
-5.541343199999999858e-02
1.531632099999999941e+00
4.594372299999999854e+00
3.236466599999999971e+00
0.000000000000000000e+00
8.148222400000000587e-02
1.086987100000000039e-01
-6.919040699999999822e-01
-7.330000399999999638e-01
-9.892644000000000437e-02
1.121895599999999993e+00
2.888725500000000057e+00
5.663382499999999986e+00
2.570392599999999916e+00
0.000000000000000000e+00
0.000000000000000000e+00
0.000000000000000000e+00
1.020702599999999904e+00
1.358456600000000014e+00
1.550115600000000038e+00
1.750715299999999974e+00
1.797003499999999976e+00
1.496363200000000004e+00
6.874464200000000025e-01
-2.956884799999999758e-01
-9.967228200000000093e-01
-1.069074599999999986e+00
-2.846248399999999901e-01
1.319533199999999962e+00
3.878376199999999940e+00
3.418159000000000169e+00
0.000000000000000000e+00
0.000000000000000000e+00
-4.093697700000000217e-01
-1.532345800000000091e+00
-6.495347599999999888e-01
5.436612400000000456e-01
2.636259599999999814e+00
6.051252800000000320e+00
2.524082700000000123e+00
0.000000000000000000e+00
4.913884099999999977e-01
-5.711944399999999838e-02
-9.299160199999999543e-01
-4.402481300000000153e-01
6.162430599999999536e-01
2.123463600000000007e+00
4.013539299999999699e+00
5.703714800000000196e+00
2.733917200000000047e+00
0.000000000000000000e+00
0.000000000000000000e+00
0.000000000000000000e+00
1.891241100000000008e+00
1.921591499999999897e+00
2.015499600000000058e+00
2.173101400000000183e+00
2.040583400000000047e+00
1.362719400000000025e+00
8.849145499999999664e-02
-9.630829100000000143e-01
-1.363492699999999891e+00
-9.159161999999999582e-01
3.150206799999999974e-01
2.104202299999999859e+00
4.359613399999999750e+00
3.147494800000000037e+00
0.000000000000000000e+00
0.000000000000000000e+00
0.000000000000000000e+00
-1.354588200000000020e+00
-1.231441800000000059e-01
1.532964599999999900e+00
3.811125300000000049e+00
6.419863199999999992e+00
0.000000000000000000e+00
0.000000000000000000e+00
4.317968200000000256e-01
2.854523400000000266e-01
-3.253407799999999961e-01
3.978390099999999929e-01
1.681417200000000056e+00
3.206283800000000017e+00
4.765182000000000251e+00
5.357186300000000401e+00
2.747562600000000188e+00
0.000000000000000000e+00
0.000000000000000000e+00
1.168267399999999956e+00
2.388098499999999902e+00
2.246424000000000198e+00
2.268224700000000205e+00
2.226779899999999923e+00
1.725381300000000007e+00
5.569569500000000062e-01
-7.722829599999999628e-01
-1.331385700000000005e+00
-1.104276500000000105e+00
-1.657480000000000064e-01
1.203127999999999975e+00
2.908500399999999875e+00
4.961878800000000034e+00
2.653014900000000065e+00
0.000000000000000000e+00
0.000000000000000000e+00
0.000000000000000000e+00
-6.012551800000000002e-01
8.520527500000000254e-01
2.630391799999999947e+00
4.613596000000000252e+00
5.873866999999999727e+00
0.000000000000000000e+00
0.000000000000000000e+00
0.000000000000000000e+00
9.534839500000000245e-02
5.205333199999999660e-01
1.166668100000000097e+00
2.532008400000000048e+00
3.930324999999999847e+00
5.027550200000000302e+00
4.858503299999999747e+00
2.915547399999999900e+00
0.000000000000000000e+00
0.000000000000000000e+00
1.708734500000000045e+00
2.458701099999999862e+00
2.062579200000000057e+00
1.791598999999999942e+00
1.380919299999999961e+00
5.960509800000000080e-01
-4.482350600000000185e-01
-9.968225400000000347e-01
-7.261689900000000142e-01
1.336845799999999973e-02
1.125730799999999920e+00
2.402909000000000184e+00
3.883080000000000087e+00
5.514575500000000297e+00
0.000000000000000000e+00
0.000000000000000000e+00
0.000000000000000000e+00
0.000000000000000000e+00
4.011446499999999915e-01
1.860030400000000084e+00
3.452456199999999864e+00
4.973177899999999596e+00
5.161134699999999853e+00
0.000000000000000000e+00
0.000000000000000000e+00
0.000000000000000000e+00
1.154676099999999914e-03
1.187575000000000047e+00
1.808028799999999991e+00
3.193704599999999783e+00
4.416275999999999868e+00
5.109057899999999819e+00
4.245601699999999923e+00
2.726960200000000167e+00
0.000000000000000000e+00
0.000000000000000000e+00
1.443863200000000013e+00
1.614380600000000054e+00
8.808867900000000306e-01
1.849697200000000041e-01
-3.733786900000000131e-01
-8.543405499999999764e-01
-1.112605099999999902e+00
-7.861275699999999977e-01
5.213581400000000254e-02
1.126600100000000104e+00
2.353684900000000191e+00
3.503315399999999968e+00
4.691854000000000191e+00
4.841922300000000234e+00
0.000000000000000000e+00
0.000000000000000000e+00
0.000000000000000000e+00
0.000000000000000000e+00
1.229867000000000044e+00
2.714638499999999954e+00
4.043477099999999602e+00
4.971210000000000129e+00
4.166262599999999594e+00
0.000000000000000000e+00
0.000000000000000000e+00
0.000000000000000000e+00
5.801005399999999979e-01
1.908731200000000072e+00
2.424429400000000179e+00
3.726143800000000006e+00
4.812690299999999866e+00
5.089505199999999618e+00
2.449753999999999987e+00
0.000000000000000000e+00
1.017517800000000028e+00
4.212446200000000140e-01
5.229759800000000070e-01
2.460713399999999995e-01
-1.108825100000000008e+00
-1.810721400000000036e+00
-2.162276499999999935e+00
-2.209419500000000092e+00
-1.845134999999999970e+00
-9.234931499999999849e-01
3.521738400000000158e-01
1.809186699999999925e+00
3.224228899999999953e+00
4.247585299999999897e+00
4.991535700000000020e+00
3.944254599999999833e+00
0.000000000000000000e+00
0.000000000000000000e+00
0.000000000000000000e+00
0.000000000000000000e+00
1.751084899999999944e+00
3.117420000000000080e+00
4.240363099999999719e+00
4.689371099999999792e+00
3.000633699999999848e+00
0.000000000000000000e+00
0.000000000000000000e+00
0.000000000000000000e+00
9.640123800000000021e-01
1.961068199999999928e+00
2.697826099999999894e+00
3.730161700000000025e+00
4.427170799999999851e+00
3.776882899999999932e+00
9.192633599999999738e-01
0.000000000000000000e+00
7.703872299999999784e-01
2.646545200000000042e-01
-2.173009500000000135e-02
-1.061757899999999921e+00
-2.284441699999999908e+00
-2.741760699999999940e+00
-3.005327199999999976e+00
-3.030751500000000043e+00
-2.661683099999999857e+00
-1.689419999999999922e+00
-2.919028399999999968e-01
1.260419200000000073e+00
2.741297700000000059e+00
3.796632999999999925e+00
4.306787500000000435e+00
2.674898900000000079e+00
0.000000000000000000e+00
0.000000000000000000e+00
0.000000000000000000e+00
0.000000000000000000e+00
1.646401500000000073e+00
2.821333599999999997e+00
3.837675299999999901e+00
4.035565400000000302e+00
1.767274100000000070e+00
0.000000000000000000e+00
0.000000000000000000e+00
0.000000000000000000e+00
8.202696999999999905e-01
1.238137400000000055e+00
2.355710499999999818e+00
3.141444200000000020e+00
3.512354100000000034e+00
2.415608600000000106e+00
0.000000000000000000e+00
0.000000000000000000e+00
2.574510600000000093e-01
-2.066662400000000011e-01
5.327802299999999658e-01
-4.336249899999999879e-01
-1.021711299999999989e+00
-1.321520599999999934e+00
-1.568611100000000036e+00
-1.693205899999999930e+00
-1.587710200000000071e+00
-1.068524000000000029e+00
-2.099817900000000015e-01
8.020496599999999976e-01
1.773983899999999947e+00
2.555493799999999815e+00
3.102209199999999889e+00
2.008620699999999815e+00
0.000000000000000000e+00
0.000000000000000000e+00
0.000000000000000000e+00
-5.449888699999999586e-01
1.005922999999999901e+00
2.121502099999999835e+00
3.129985399999999807e+00
3.057200499999999987e+00
8.155856400000000006e-01
0.000000000000000000e+00
0.000000000000000000e+00
0.000000000000000000e+00
6.664516099999999721e-01
1.599467800000000106e-01
1.643816799999999967e+00
2.347172500000000106e+00
2.496291100000000096e+00
1.248105100000000078e+00
0.000000000000000000e+00
0.000000000000000000e+00
1.165774799999999972e-01
2.749501999999999780e-01
1.590179000000000009e+00
1.174551099999999959e+00
1.045324300000000095e+00
8.888502799999999926e-01
7.506987200000000415e-01
6.497356699999999874e-01
7.398034599999999683e-01
1.263285699999999956e+00
2.174392699999999845e+00
3.215125899999999870e+00
4.171964599999999912e+00
4.487091000000000385e+00
3.485645400000000116e+00
1.305667700000000098e+00
0.000000000000000000e+00
0.000000000000000000e+00
0.000000000000000000e+00
-1.299264900000000056e+00
-9.302606099999999323e-02
1.267058599999999924e+00
2.214538099999999954e+00
1.952045699999999995e+00
6.187740999999999936e-01
0.000000000000000000e+00
0.000000000000000000e+00
0.000000000000000000e+00
9.219408700000000234e-01
-7.124001100000000308e-01
6.029120599999999719e-01
1.275130099999999933e+00
1.305038300000000095e+00
2.906663999999999914e-01
0.000000000000000000e+00
-1.828499100000000044e-02
2.428096299999999916e-02
5.204921999999999604e-01
6.018141500000000477e-01
-1.432637099999999920e-02
-3.003056000000000059e-01
-4.210539500000000102e-01
-3.564084800000000275e-01
-1.624353799999999903e-01
2.341054999999999942e-01
1.017332600000000031e+00
2.095303799999999939e+00
3.245572099999999960e+00
3.979208700000000043e+00
3.363365700000000125e+00
1.443302599999999991e+00
-2.655893300000000123e-01
0.000000000000000000e+00
0.000000000000000000e+00
-2.370008700000000079e+00
-2.793654200000000198e+00
-2.264635999999999871e+00
-9.910929200000000439e-01
9.068623199999999995e-01
1.077422399999999891e+00
8.277344700000000000e-01
0.000000000000000000e+00
0.000000000000000000e+00
0.000000000000000000e+00
1.004185899999999965e+00
-1.211617799999999967e+00
-6.923254699999999984e-01
2.613266100000000147e-01
6.010117499999999557e-01
-2.296912700000000029e-01
0.000000000000000000e+00
-8.602204900000000320e-02
-4.023224100000000192e-02
3.465733500000000022e-01
-3.530732100000000262e-01
-1.251198899999999892e+00
-2.038978800000000202e+00
-2.684242499999999865e+00
-3.092797800000000041e+00
-3.186171100000000145e+00
-3.014073100000000061e+00
-2.505936399999999953e+00
-1.607323400000000069e+00
-3.010578500000000157e-01
1.014919300000000080e+00
1.009223299999999934e+00
-2.060097599999999862e-01
-1.133835600000000055e+00
0.000000000000000000e+00
0.000000000000000000e+00
-2.670986699999999825e+00
-3.811319600000000030e+00
-4.000784399999999685e+00
-3.144876000000000005e+00
1.805540300000000042e-01
0.000000000000000000e+00
0.000000000000000000e+00
0.000000000000000000e+00
0.000000000000000000e+00
0.000000000000000000e+00
0.000000000000000000e+00
-8.840436900000000486e-01
-1.880971900000000030e+00
-2.627882400000000063e-01
1.071021100000000059e+00
-2.414473599999999998e-01
0.000000000000000000e+00
-8.304020800000000424e-02
2.270567000000000071e-02
3.190347000000000044e-01
-2.327842400000000034e-01
-9.748429699999999754e-01
-1.779597199999999990e+00
-2.527225699999999797e+00
-3.173732300000000173e+00
-3.677705500000000072e+00
-4.068952600000000253e+00
-4.314866999999999564e+00
-4.261936200000000063e+00
-3.624627799999999844e+00
-1.921760899999999994e+00
-2.831380700000000195e-01
-6.544583400000000273e-01
-1.398701900000000053e+00
0.000000000000000000e+00
-1.703776500000000027e+00
-2.887342499999999923e+00
-3.826574799999999943e+00
-4.542563900000000210e+00
-4.843269799999999847e+00
-8.711911399999999750e-01
0.000000000000000000e+00
0.000000000000000000e+00
0.000000000000000000e+00
0.000000000000000000e+00
0.000000000000000000e+00
0.000000000000000000e+00
-1.376639199999999952e-01
-2.415411699999999939e+00
-8.851258199999999521e-01
1.560952899999999977e+00
1.151325599999999949e-01
0.000000000000000000e+00
-3.593363800000000108e-01
1.560700299999999950e-02
2.537438599999999878e-02
6.089072699999999866e-02
-2.055427900000000030e-01
-6.787041400000000113e-01
-1.198668700000000031e+00
-1.692651300000000081e+00
-2.188689199999999779e+00
-2.760228199999999799e+00
-3.472913699999999881e+00
-4.224650399999999806e+00
-4.669330099999999817e+00
-3.709952599999999823e+00
-5.949632500000000546e-01
-6.612547600000000525e-01
0.000000000000000000e+00
-3.796448399999999834e-01
-7.785642699999999472e-01
-2.273291099999999787e+00
-3.290570499999999843e+00
-4.377587799999999696e+00
-5.776139299999999643e+00
-2.747437500000000199e+00
0.000000000000000000e+00
0.000000000000000000e+00
0.000000000000000000e+00
0.000000000000000000e+00
0.000000000000000000e+00
0.000000000000000000e+00
4.092031400000000207e-01
-2.479019399999999873e+00
-9.863738399999999462e-01
1.930823299999999909e+00
6.070244299999999482e-01
0.000000000000000000e+00
-7.480794800000000189e-01
-4.124245599999999956e-01
-4.941464400000000201e-01
-2.409505200000000014e-01
-2.096164399999999872e-01
-4.557057600000000153e-01
-7.874329700000000098e-01
-1.039221299999999903e+00
-1.271284700000000045e+00
-1.693965399999999955e+00
-2.513882900000000031e+00
-3.642999399999999888e+00
-4.688962499999999700e+00
-4.550080300000000300e+00
-5.203158900000000031e-01
0.000000000000000000e+00
6.984126000000000500e-01
7.679632899999999651e-01
-2.983531400000000167e-01
-1.604424099999999909e+00
-2.780905499999999808e+00
-4.044129400000000096e+00
-5.972706299999999580e+00
-3.977729300000000023e+00
0.000000000000000000e+00
0.000000000000000000e+00
0.000000000000000000e+00
0.000000000000000000e+00
0.000000000000000000e+00
0.000000000000000000e+00
9.912933099999999831e-01
-1.679804800000000098e+00
0.000000000000000000e+00
1.394613899999999962e+00
5.920403600000000433e-01
0.000000000000000000e+00
-1.010798499999999933e+00
-1.112892699999999957e+00
-6.406021699999999708e-01
-4.801381800000000255e-01
-2.981225000000000125e-01
-3.583201799999999881e-01
-6.191036699999999948e-01
-8.385376900000000022e-01
-9.082545600000000441e-01
-1.070140599999999997e+00
-1.740723800000000043e+00
-3.069196900000000117e+00
-4.568975400000000242e+00
-4.887093499999999757e+00
0.000000000000000000e+00
-1.075402599999999986e-01
1.235274100000000042e+00
5.136851700000000243e-01
8.637083199999999739e-01
-5.420173400000000141e-01
-1.883416699999999944e+00
-3.253336000000000006e+00
-5.374276599999999959e+00
-4.352491900000000413e+00
0.000000000000000000e+00
0.000000000000000000e+00
0.000000000000000000e+00
0.000000000000000000e+00
0.000000000000000000e+00
0.000000000000000000e+00
-2.950496400000000019e-01
-6.306251299999999782e-01
0.000000000000000000e+00
0.000000000000000000e+00
0.000000000000000000e+00
0.000000000000000000e+00
0.000000000000000000e+00
-1.644215200000000099e+00
-7.226089799999999563e-01
-4.060873700000000031e-01
-1.184015600000000029e-01
6.306195300000000392e-02
-4.623824399999999779e-02
-2.627032699999999887e-01
-3.624963800000000069e-01
-4.932452999999999976e-01
-1.085199599999999931e+00
-2.599169299999999794e+00
-4.569824699999999851e+00
-4.414224599999999832e+00
0.000000000000000000e+00
2.017525099999999960e-01
2.904095400000000216e-01
1.229146000000000072e+00
1.919937599999999911e+00
4.922754200000000191e-01
-9.251975999999999534e-01
-2.232061900000000154e+00
-4.067055700000000051e+00
-4.216547000000000267e+00
0.000000000000000000e+00
0.000000000000000000e+00
0.000000000000000000e+00
0.000000000000000000e+00
0.000000000000000000e+00
0.000000000000000000e+00
-1.108344100000000054e+00
-3.766240499999999880e-01
0.000000000000000000e+00
0.000000000000000000e+00
0.000000000000000000e+00
0.000000000000000000e+00
0.000000000000000000e+00
-1.686777900000000052e+00
-1.268632100000000040e+00
-3.983177199999999862e-01
-3.672197499999999698e-02
3.340002899999999775e-01
4.323701600000000034e-01
2.998898899999999923e-01
2.059210499999999944e-01
2.275747399999999976e-02
-5.024608400000000197e-01
-2.120595199999999902e+00
-4.492573300000000103e+00
-2.935789100000000040e+00
0.000000000000000000e+00
4.487835499999999755e-01
-7.364612800000000514e-02
1.047549000000000063e+00
2.181208400000000047e+00
1.284997200000000062e+00
-5.333348699999999887e-02
-1.370922999999999892e+00
-2.898932199999999959e+00
-3.707723899999999961e+00
0.000000000000000000e+00
0.000000000000000000e+00
0.000000000000000000e+00
0.000000000000000000e+00
0.000000000000000000e+00
0.000000000000000000e+00
0.000000000000000000e+00
0.000000000000000000e+00
0.000000000000000000e+00
0.000000000000000000e+00
0.000000000000000000e+00
0.000000000000000000e+00
0.000000000000000000e+00
-1.285860400000000014e+00
-2.150191799999999986e+00
-1.132148399999999944e+00
-5.962975600000000043e-01
4.428903399999999796e-02
5.808273600000000148e-01
7.069929200000000247e-01
8.027913599999999539e-01
6.778102499999999475e-01
1.684630699999999925e-01
-1.488261000000000056e+00
-3.864804700000000093e+00
-4.048745000000000260e-01
0.000000000000000000e+00
0.000000000000000000e+00
0.000000000000000000e+00
-3.581773300000000160e-01
1.339031800000000105e+00
1.814466799999999935e+00
8.124697800000000303e-01
-5.229024899999999976e-01
-1.747128699999999979e+00
-2.811531299999999955e+00
0.000000000000000000e+00
0.000000000000000000e+00
-8.570284400000000025e-02
-1.265644200000000108e+00
0.000000000000000000e+00
0.000000000000000000e+00
0.000000000000000000e+00
0.000000000000000000e+00
0.000000000000000000e+00
0.000000000000000000e+00
0.000000000000000000e+00
0.000000000000000000e+00
0.000000000000000000e+00
0.000000000000000000e+00
-1.090234699999999890e+00
-1.537983099999999936e+00
-1.213931099999999930e+00
-4.579130799999999724e-01
4.046449100000000243e-01
8.860727499999999646e-01
1.136217100000000091e+00
1.193970900000000057e+00
7.700569000000000441e-01
-8.529368200000000400e-01
-2.546819699999999909e+00
0.000000000000000000e+00
0.000000000000000000e+00
0.000000000000000000e+00
0.000000000000000000e+00
-1.358144500000000088e+00
-3.139477099999999909e-01
1.298181199999999924e+00
9.890165300000000048e-01
-1.160161799999999965e-01
-1.215397700000000025e+00
-1.986880200000000096e+00
1.059683800000000078e-02
-9.776322499999999527e-02
-3.608834899999999735e-01
-7.598519900000000327e-01
-1.204218299999999936e-01
0.000000000000000000e+00
0.000000000000000000e+00
0.000000000000000000e+00
0.000000000000000000e+00
0.000000000000000000e+00
0.000000000000000000e+00
0.000000000000000000e+00
0.000000000000000000e+00
0.000000000000000000e+00
-1.315074800000000099e+00
-1.020116800000000046e+00
-9.292079199999999650e-01
-4.565095900000000206e-01
2.204682500000000045e-01
8.933977499999999905e-01
1.347093499999999944e+00
1.605339800000000094e+00
1.431215200000000021e+00
1.084477499999999955e-01
-5.152394200000000035e-01
0.000000000000000000e+00
0.000000000000000000e+00
0.000000000000000000e+00
0.000000000000000000e+00
-1.867500500000000008e+00
-1.898024799999999956e+00
-5.584657900000000036e-02
4.897880600000000251e-01
1.042355100000000034e-01
-8.292809700000000062e-01
-1.332313999999999998e+00
0.000000000000000000e+00
-5.660979200000000322e-01
-1.880562899999999871e-01
0.000000000000000000e+00
0.000000000000000000e+00
0.000000000000000000e+00
0.000000000000000000e+00
0.000000000000000000e+00
0.000000000000000000e+00
0.000000000000000000e+00
0.000000000000000000e+00
0.000000000000000000e+00
0.000000000000000000e+00
0.000000000000000000e+00
-1.128237399999999946e+00
-8.825998900000000535e-01
-9.225189099999999698e-01
-7.407980800000000254e-01
-2.428930800000000112e-01
4.927280499999999730e-01
1.154052400000000089e+00
1.686070799999999981e+00
1.891657600000000050e+00
1.135348699999999988e+00
4.823821200000000253e-01
0.000000000000000000e+00
0.000000000000000000e+00
0.000000000000000000e+00
0.000000000000000000e+00
0.000000000000000000e+00
-3.654555600000000126e+00
-8.822575799999999857e-01
-2.996717500000000145e-01
1.136971700000000002e-01
-5.547347700000000437e-01
-9.331568399999999874e-01
1.317734299999999970e-01
0.000000000000000000e+00
0.000000000000000000e+00
0.000000000000000000e+00
0.000000000000000000e+00
0.000000000000000000e+00
0.000000000000000000e+00
0.000000000000000000e+00
0.000000000000000000e+00
0.000000000000000000e+00
0.000000000000000000e+00
0.000000000000000000e+00
0.000000000000000000e+00
0.000000000000000000e+00
0.000000000000000000e+00
-1.558766199999999991e+00
-1.284542300000000026e+00
-1.592411000000000021e+00
-1.267346899999999943e+00
-5.370307500000000012e-01
3.166684200000000060e-01
1.352023399999999986e+00
2.068915800000000083e+00
2.155015899999999984e+00
-5.916330999999999674e-02
0.000000000000000000e+00
0.000000000000000000e+00
0.000000000000000000e+00
0.000000000000000000e+00
0.000000000000000000e+00
0.000000000000000000e+00
-1.957268800000000031e+00
-1.247852200000000078e+00
2.090926999999999925e-01
-2.185336499999999960e-01
-7.208895100000000111e-01
-5.287131600000000153e-01
0.000000000000000000e+00
0.000000000000000000e+00
0.000000000000000000e+00
0.000000000000000000e+00
0.000000000000000000e+00
0.000000000000000000e+00
0.000000000000000000e+00
0.000000000000000000e+00
0.000000000000000000e+00
0.000000000000000000e+00
0.000000000000000000e+00
0.000000000000000000e+00
0.000000000000000000e+00
0.000000000000000000e+00
-1.644518600000000053e+00
-1.058735999999999899e+00
-2.391205199999999920e+00
-2.574556400000000078e+00
-2.117621399999999987e+00
-7.783069500000000529e-01
4.035005700000000167e-02
2.026682399999999884e+00
2.106645199999999996e+00
0.000000000000000000e+00
0.000000000000000000e+00
0.000000000000000000e+00
0.000000000000000000e+00
0.000000000000000000e+00
0.000000000000000000e+00
0.000000000000000000e+00
-4.382422000000000040e+00
-2.188105999999999884e+00
-4.137417300000000020e-02
-1.061692399999999981e-01
-2.992038000000000197e-01
0.000000000000000000e+00
0.000000000000000000e+00
0.000000000000000000e+00
0.000000000000000000e+00
0.000000000000000000e+00
0.000000000000000000e+00
0.000000000000000000e+00
0.000000000000000000e+00
0.000000000000000000e+00
0.000000000000000000e+00
0.000000000000000000e+00
0.000000000000000000e+00
0.000000000000000000e+00
0.000000000000000000e+00
0.000000000000000000e+00
0.000000000000000000e+00
0.000000000000000000e+00
-1.795863299999999940e+00
-3.111955899999999886e+00
-3.015152500000000124e+00
-1.336325900000000066e+00
-2.862077100000000041e-01
9.221485299999999663e-01
0.000000000000000000e+00
0.000000000000000000e+00
0.000000000000000000e+00
0.000000000000000000e+00
0.000000000000000000e+00
0.000000000000000000e+00
0.000000000000000000e+00
0.000000000000000000e+00
-3.630720600000000076e+00
-2.967765800000000009e+00
-1.167798600000000020e+00
-4.622563700000000275e-01
-5.234894199999999831e-01
3.944767399999999924e-01
0.000000000000000000e+00
0.000000000000000000e+00
0.000000000000000000e+00
0.000000000000000000e+00
0.000000000000000000e+00
0.000000000000000000e+00
0.000000000000000000e+00
0.000000000000000000e+00
0.000000000000000000e+00
0.000000000000000000e+00
0.000000000000000000e+00
0.000000000000000000e+00
0.000000000000000000e+00
0.000000000000000000e+00
0.000000000000000000e+00
0.000000000000000000e+00
0.000000000000000000e+00
0.000000000000000000e+00
0.000000000000000000e+00
-2.181793700000000058e+00
0.000000000000000000e+00
0.000000000000000000e+00
0.000000000000000000e+00
0.000000000000000000e+00
0.000000000000000000e+00
0.000000000000000000e+00
0.000000000000000000e+00
0.000000000000000000e+00
0.000000000000000000e+00
-3.900702200000000008e+00
-1.278420200000000007e+00
0.000000000000000000e+00
0.000000000000000000e+00
-2.846574500000000008e+00
-1.534362699999999968e+00
-2.314041099999999851e+00
4.211299399999999804e-01
1.363292200000000065e+00
0.000000000000000000e+00
0.000000000000000000e+00
0.000000000000000000e+00
0.000000000000000000e+00
0.000000000000000000e+00
0.000000000000000000e+00
0.000000000000000000e+00
0.000000000000000000e+00
-6.198736999999999719e-01
-4.115214300000000214e-01
-1.048454000000000053e-01
4.896054400000000167e-02
-1.541386500000000055e-02
-2.589011800000000085e-01
-2.850563799999999981e-01
-3.939075200000000110e-01
-6.354466699999999912e-01
-6.361094699999999547e-01
-5.729218700000000553e-01
-1.313939200000000085e+00
-1.449022199999999927e+00
4.733815400000000034e-02
1.527366900000000083e+00
1.825723500000000055e+00
1.170760599999999929e+00
7.789599900000000465e-01
-7.613309499999999785e-02
-5.788271400000000177e-01
0.000000000000000000e+00
0.000000000000000000e+00
0.000000000000000000e+00
0.000000000000000000e+00
-1.973999099999999896e+00
-1.752458599999999977e+00
-1.407670600000000105e+00
5.615563399999999872e-01
1.363847000000000032e+00
-5.128196499999999602e-01
-7.637697500000000250e-01
-1.539097200000000054e+00
-2.072557900000000064e+00
-1.401613599999999904e+00
-6.616837399999999647e-01
-4.717631299999999750e-01
