0.000000000000000000e+00
0.000000000000000000e+00
0.000000000000000000e+00
0.000000000000000000e+00
0.000000000000000000e+00
0.000000000000000000e+00
0.000000000000000000e+00
0.000000000000000000e+00
0.000000000000000000e+00
0.000000000000000000e+00
0.000000000000000000e+00
0.000000000000000000e+00
0.000000000000000000e+00
0.000000000000000000e+00
0.000000000000000000e+00
0.000000000000000000e+00
0.000000000000000000e+00
0.000000000000000000e+00
0.000000000000000000e+00
0.000000000000000000e+00
0.000000000000000000e+00
0.000000000000000000e+00
0.000000000000000000e+00
0.000000000000000000e+00
0.000000000000000000e+00
0.000000000000000000e+00
0.000000000000000000e+00
0.000000000000000000e+00
0.000000000000000000e+00
0.000000000000000000e+00
0.000000000000000000e+00
0.000000000000000000e+00
0.000000000000000000e+00
0.000000000000000000e+00
0.000000000000000000e+00
0.000000000000000000e+00
0.000000000000000000e+00
0.000000000000000000e+00
0.000000000000000000e+00
0.000000000000000000e+00
-9.600588200000000072e-02
-7.838773799999999847e-02
-5.803139799999999793e-02
-5.048597000000000154e-03
1.570716499999999863e-02
1.863043699999999969e-02
1.220066499999999943e-02
-8.136010699999999748e-03
-8.432648699999999858e-03
-1.233331000000000011e-02
-2.337646100000000116e-02
-4.300301599999999808e-02
-5.856558199999999798e-02
-5.193931699999999874e-02
-1.050809800000000044e-01
0.000000000000000000e+00
1.737661700000000045e-02
-1.234572599999999958e-02
-2.157856699999999989e-02
-3.184784699999999857e-02
-5.623516299999999773e-02
-9.811079600000000012e-02
-1.168638800000000033e-01
-1.318760599999999894e-01
-1.207434200000000041e-01
-1.098044700000000012e-01
-1.549701300000000115e-01
0.000000000000000000e+00
-1.118186300000000022e-01
-9.258316299999999610e-02
-1.725101099999999943e-01
0.000000000000000000e+00
-5.689190300000000061e-02
-5.233924400000000005e-02
-4.383461000000000302e-02
-3.645186599999999943e-02
-1.701932600000000129e-02
2.147032299999999949e-02
5.464936100000000047e-02
8.386614900000000095e-02
1.032003499999999963e-01
1.125829599999999958e-01
1.134054000000000034e-01
1.086098300000000044e-01
1.008174700000000062e-01
9.253332000000000224e-02
8.363662700000000505e-02
7.680494200000000105e-02
7.126431199999999633e-02
6.457983700000000105e-02
5.278852199999999745e-02
4.403922600000000076e-02
2.381842400000000123e-02
3.638200800000000040e-02
4.471822100000000244e-02
4.573945699999999726e-02
4.404048800000000263e-02
3.911297400000000174e-02
3.272729700000000241e-02
2.818910100000000113e-02
2.095754099999999967e-02
9.103055999999999995e-03
-1.594272000000000050e-02
-2.778030299999999925e-02
-2.275562500000000155e-02
-1.167372099999999975e-02
-3.255634200000000200e-02
-5.166014000000000023e-02
1.389840099999999912e-01
1.347373600000000005e-01
1.346425300000000103e-01
1.365014400000000017e-01
1.414921399999999885e-01
1.487866899999999992e-01
1.561768900000000126e-01
1.545420399999999916e-01
1.602533899999999956e-01
1.616138500000000033e-01
1.602226300000000048e-01
1.595866700000000138e-01
1.549470500000000028e-01
1.523702000000000112e-01
1.489561299999999922e-01
1.450818799999999964e-01
1.410563999999999985e-01
1.365997800000000040e-01
1.831040899999999971e-01
1.155168699999999937e-01
1.012182699999999991e-01
1.092054300000000061e-01
1.170626399999999956e-01
1.241503800000000046e-01
1.300202599999999986e-01
1.380012599999999867e-01
1.464563299999999957e-01
1.522567499999999963e-01
1.576421899999999876e-01
1.621577100000000105e-01
1.637992799999999916e-01
1.658043100000000103e-01
1.678847400000000045e-01
1.627403299999999886e-01
1.545745699999999945e-01
1.479699499999999890e-01
2.167413499999999993e-01
2.096662499999999985e-01
1.947234399999999976e-01
1.780631500000000034e-01
1.637109700000000112e-01
1.426156299999999932e-01
1.383841600000000061e-01
1.193501599999999968e-01
1.218651000000000040e-01
1.310540900000000120e-01
1.392727599999999955e-01
1.475762399999999974e-01
1.524825499999999945e-01
1.565650100000000045e-01
1.594401000000000013e-01
1.579385500000000109e-01
1.532352999999999910e-01
1.415576199999999951e-01
1.478721500000000078e-01
0.000000000000000000e+00
1.105752499999999999e-01
1.322544200000000114e-01
1.520591699999999935e-01
1.693338199999999960e-01
1.800901299999999872e-01
1.898809399999999981e-01
2.008368100000000045e-01
2.061761900000000092e-01
2.098388800000000054e-01
2.114003000000000132e-01
2.136914000000000036e-01
2.200370299999999946e-01
2.381871499999999864e-01
2.370434299999999994e-01
2.251869599999999916e-01
2.229769400000000124e-01
2.125554400000000121e-01
2.023787700000000134e-01
1.817734900000000098e-01
1.604094500000000090e-01
1.551388900000000015e-01
1.019689200000000046e-01
9.598316499999999529e-02
7.102732600000000174e-02
7.137384200000000678e-02
8.209719299999999886e-02
9.428970100000000354e-02
1.060822299999999996e-01
1.148236799999999974e-01
1.226245799999999969e-01
1.294257500000000061e-01
1.317248000000000030e-01
1.305580299999999916e-01
1.186289600000000055e-01
9.265076799999999446e-02
0.000000000000000000e+00
7.343718999999999941e-02
9.616936299999999382e-02
1.236174200000000056e-01
1.482873100000000055e-01
1.658125500000000030e-01
1.764391499999999890e-01
1.812366199999999872e-01
1.792417000000000038e-01
1.719190899999999966e-01
1.649763399999999991e-01
1.649471899999999935e-01
1.714179799999999976e-01
1.986934800000000056e-01
2.283313899999999952e-01
2.219233200000000072e-01
2.187865099999999896e-01
1.690124000000000071e-01
1.540999399999999908e-01
1.348341899999999927e-01
1.145569899999999974e-01
1.637874699999999906e-01
6.142223599999999811e-02
4.414896399999999888e-02
4.868723900000000021e-02
3.964340300000000067e-02
4.641597299999999926e-02
5.306535999999999892e-02
6.206925199999999837e-02
7.003378899999999907e-02
7.837073499999999693e-02
8.601415900000000669e-02
9.216553700000000571e-02
9.474531599999999609e-02
8.530621200000000626e-02
6.273694300000000335e-02
0.000000000000000000e+00
5.960236700000000332e-02
5.679434500000000302e-02
8.034168899999999391e-02
1.095554900000000054e-01
1.305212199999999934e-01
1.379751700000000081e-01
1.342773600000000123e-01
1.193449899999999980e-01
1.018797599999999998e-01
8.961880199999999741e-02
9.815548400000000118e-02
1.029509299999999961e-01
1.254321200000000081e-01
1.572053099999999870e-01
1.688928899999999900e-01
1.743777099999999913e-01
9.562687200000000165e-02
7.957453300000000285e-02
6.888414900000000562e-02
6.232400500000000176e-02
0.000000000000000000e+00
2.122671699999999911e-02
1.385763100000000046e-02
2.182143099999999877e-02
1.083339900000000050e-02
1.100554800000000041e-02
1.380757799999999917e-02
1.983970200000000073e-02
2.663188099999999961e-02
3.397101200000000182e-02
4.272642000000000106e-02
5.141671500000000172e-02
5.575834200000000240e-02
4.766125599999999907e-02
2.879589399999999896e-02
0.000000000000000000e+00
3.857500199999999713e-02
2.931833699999999987e-02
4.366107699999999953e-02
6.636854300000000206e-02
8.150279300000000393e-02
9.068314700000000561e-02
8.917992600000000658e-02
6.943936600000000237e-02
5.969199499999999770e-02
3.487318400000000151e-02
4.242240900000000120e-02
4.748515400000000164e-02
6.292974199999999685e-02
7.718067400000000466e-02
9.168619699999999706e-02
1.000114000000000003e-01
3.131404899999999658e-02
3.398531500000000205e-02
3.350702099999999795e-02
0.000000000000000000e+00
0.000000000000000000e+00
9.734881999999999607e-04
-4.714442899999999985e-03
-9.898502600000000633e-04
-9.442283799999999505e-03
-1.266142999999999956e-02
-1.222748700000000042e-02
-8.357563999999999618e-03
-2.475265400000000067e-03
4.552870500000000265e-03
1.473995999999999987e-02
2.320568799999999862e-02
2.555893199999999948e-02
1.762013100000000068e-02
4.759951000000000113e-03
0.000000000000000000e+00
0.000000000000000000e+00
-3.607289400000000205e-03
8.144371200000000144e-03
2.501487399999999944e-02
3.566406700000000068e-02
3.974081200000000036e-02
3.279558899999999999e-02
1.905349300000000121e-02
0.000000000000000000e+00
-3.649711600000000240e-04
-7.883784399999999720e-03
-2.730767700000000069e-03
8.272229699999999672e-03
2.024041700000000013e-02
3.117185999999999915e-02
3.653179499999999885e-02
-2.085758700000000035e-02
-2.352093499999999976e-02
0.000000000000000000e+00
0.000000000000000000e+00
0.000000000000000000e+00
-1.312014300000000078e-02
-1.913104200000000088e-02
-2.250368300000000002e-02
-2.868984100000000065e-02
-3.232433299999999676e-02
-3.190799799999999992e-02
-2.753618000000000038e-02
-2.098389299999999999e-02
-1.275907000000000083e-02
-3.910168999999999798e-03
9.316109899999999537e-05
-1.898184000000000026e-03
-8.924252400000000710e-03
-8.424258800000000713e-03
0.000000000000000000e+00
0.000000000000000000e+00
-2.430828900000000029e-02
-1.583189100000000071e-02
-3.360601099999999987e-03
3.412400799999999843e-04
-3.010275299999999859e-03
-1.836201499999999889e-02
-2.744678399999999838e-02
0.000000000000000000e+00
-3.477843099999999854e-02
-4.404356699999999875e-02
-3.761438300000000123e-02
-2.834611000000000075e-02
-1.864900599999999922e-02
-1.288490200000000016e-02
-1.328189999999999926e-02
-5.244426199999999844e-02
-4.329424400000000256e-02
0.000000000000000000e+00
0.000000000000000000e+00
0.000000000000000000e+00
-3.156569299999999884e-02
-3.850718899999999723e-02
-4.307101299999999827e-02
-4.730120699999999789e-02
-4.853080800000000167e-02
-4.582556699999999761e-02
-3.864413500000000307e-02
-2.937953199999999987e-02
-2.125524700000000142e-02
-1.808070999999999984e-02
-2.142369499999999954e-02
-2.836333599999999941e-02
-3.108472899999999844e-02
-1.044719000000000030e-02
0.000000000000000000e+00
0.000000000000000000e+00
-3.334745199999999965e-02
-2.723737400000000169e-02
-2.178781999999999941e-02
-2.528305800000000061e-02
-3.503776000000000113e-02
-5.181298000000000153e-02
-4.520643099999999831e-02
0.000000000000000000e+00
-4.335449599999999931e-02
-5.121533999999999809e-02
-5.365929800000000111e-02
-5.022699800000000186e-02
-4.687548999999999882e-02
-4.765524699999999780e-02
-5.215181800000000256e-02
-6.446431599999999373e-02
-4.305446899999999799e-02
0.000000000000000000e+00
0.000000000000000000e+00
0.000000000000000000e+00
-4.933575099999999714e-02
-5.558190500000000089e-02
-6.046616999999999964e-02
-6.241846100000000147e-02
-5.993150900000000086e-02
-5.311570300000000022e-02
-4.183015600000000028e-02
-3.197458400000000034e-02
-2.862568199999999952e-02
-3.408283399999999935e-02
-4.417509599999999703e-02
-5.340636499999999731e-02
-4.989275299999999802e-02
-1.797522799999999935e-02
0.000000000000000000e+00
0.000000000000000000e+00
0.000000000000000000e+00
-3.484099499999999960e-02
-4.017266600000000271e-02
-4.878243100000000110e-02
-6.036615399999999826e-02
-6.517116700000000207e-02
0.000000000000000000e+00
0.000000000000000000e+00
-3.327541800000000105e-02
-4.022520400000000051e-02
-5.658201999999999676e-02
-6.642080799999999785e-02
-7.375339399999999990e-02
-8.039512499999999784e-02
-8.101375399999999338e-02
-6.390447900000000014e-02
-3.747956499999999941e-02
0.000000000000000000e+00
0.000000000000000000e+00
0.000000000000000000e+00
-6.155477499999999907e-02
-6.199783500000000114e-02
-6.735123699999999436e-02
-6.749603899999999379e-02
-6.194140399999999852e-02
-5.126757900000000062e-02
-3.944560500000000164e-02
-3.453314300000000225e-02
-3.935273000000000243e-02
-5.104775699999999916e-02
-6.214187999999999656e-02
-6.847090999999999594e-02
-6.396997000000000100e-02
-3.473607599999999768e-02
0.000000000000000000e+00
0.000000000000000000e+00
0.000000000000000000e+00
-4.523624999999999868e-02
-5.738787399999999844e-02
-6.659503999999999424e-02
-7.282292099999999879e-02
-5.378311899999999729e-02
0.000000000000000000e+00
0.000000000000000000e+00
0.000000000000000000e+00
-2.829791400000000040e-02
-5.476642600000000000e-02
-7.462488899999999981e-02
-8.980604999999999838e-02
-9.772513800000000306e-02
-9.138406799999999885e-02
-5.839281500000000069e-02
-2.366124299999999847e-02
0.000000000000000000e+00
0.000000000000000000e+00
-7.113720099999999713e-02
-5.486386599999999725e-02
-5.665672599999999753e-02
-6.095649699999999838e-02
-5.873779199999999701e-02
-4.972905700000000012e-02
-3.934642299999999843e-02
-3.788942800000000277e-02
-4.680377200000000043e-02
-6.114943700000000093e-02
-7.383251200000000292e-02
-7.955654700000000523e-02
-7.883947299999999325e-02
-6.804591399999999901e-02
0.000000000000000000e+00
0.000000000000000000e+00
0.000000000000000000e+00
0.000000000000000000e+00
-5.858772999999999759e-02
-7.515873800000000271e-02
-8.029415500000000594e-02
-7.313962999999999715e-02
-3.646149900000000138e-02
0.000000000000000000e+00
0.000000000000000000e+00
0.000000000000000000e+00
-1.894799000000000136e-02
-5.081216999999999678e-02
-7.521140599999999454e-02
-9.419608100000000095e-02
-1.019649700000000020e-01
-9.221031500000000103e-02
-4.916340899999999819e-02
-1.632471900000000142e-02
0.000000000000000000e+00
0.000000000000000000e+00
-8.091361299999999535e-02
-4.403211900000000151e-02
-4.061565899999999840e-02
-4.003830600000000267e-02
-3.606342500000000312e-02
-2.977079900000000057e-02
-2.894370300000000118e-02
-4.191642999999999758e-02
-6.125621099999999791e-02
-7.961622599999999828e-02
-9.079262600000000127e-02
-9.068923399999999357e-02
-8.078961099999999729e-02
-5.106122800000000017e-02
0.000000000000000000e+00
0.000000000000000000e+00
0.000000000000000000e+00
0.000000000000000000e+00
-6.741560600000000292e-02
-8.310132500000000366e-02
-8.060692299999999699e-02
-6.122009800000000057e-02
-2.316003300000000001e-02
0.000000000000000000e+00
0.000000000000000000e+00
0.000000000000000000e+00
-1.652852000000000141e-02
-4.317937799999999743e-02
-7.058481099999999731e-02
-8.829849200000000620e-02
-9.270428899999999528e-02
-8.236885100000000681e-02
-3.265430799999999995e-02
0.000000000000000000e+00
-1.316960000000000006e-02
-5.500449200000000205e-02
-9.587127700000000474e-02
-3.400819000000000064e-02
-2.395029900000000128e-02
-2.015561399999999878e-02
-1.830551399999999843e-02
-1.903251900000000121e-02
-2.668504400000000151e-02
-4.559470000000000189e-02
-6.746972399999999481e-02
-8.518456700000000270e-02
-9.318037299999999690e-02
-8.749215999999999938e-02
-6.991283600000000598e-02
-4.170165199999999878e-02
0.000000000000000000e+00
0.000000000000000000e+00
0.000000000000000000e+00
0.000000000000000000e+00
-6.726531199999999378e-02
-7.863192300000000634e-02
-7.017742100000000371e-02
-4.497288199999999875e-02
-1.150263200000000048e-02
0.000000000000000000e+00
0.000000000000000000e+00
0.000000000000000000e+00
-2.286395000000000094e-02
-3.574445500000000137e-02
-5.937704800000000172e-02
-7.428585000000000049e-02
-7.325401900000000355e-02
-6.069673600000000113e-02
-2.210387299999999958e-02
0.000000000000000000e+00
-4.310209500000000346e-03
-2.241313299999999828e-02
-2.082975100000000052e-02
-2.068060099999999984e-02
-1.764270999999999895e-02
-1.907542200000000160e-02
-2.286302999999999946e-02
-2.816350000000000103e-02
-3.650409000000000292e-02
-5.099171400000000048e-02
-6.659020499999999954e-02
-7.773173599999999572e-02
-8.067603399999999370e-02
-7.244210700000000558e-02
-5.109722500000000306e-02
-2.309419700000000034e-02
0.000000000000000000e+00
0.000000000000000000e+00
0.000000000000000000e+00
0.000000000000000000e+00
-5.483788299999999699e-02
-6.261318899999999965e-02
-5.252188399999999785e-02
-2.738989699999999985e-02
4.279883599999999939e-05
0.000000000000000000e+00
0.000000000000000000e+00
0.000000000000000000e+00
-2.129345900000000069e-02
-2.452386499999999886e-02
-3.794795599999999797e-02
-4.913020099999999835e-02
-4.720142900000000308e-02
-3.736995099999999848e-02
0.000000000000000000e+00
0.000000000000000000e+00
-8.352060800000000182e-04
-4.488552199999999996e-04
-2.222828400000000093e-02
-2.239010300000000148e-02
-2.820455499999999921e-02
-3.616918999999999690e-02
-4.347895100000000179e-02
-4.991895300000000202e-02
-5.553011599999999742e-02
-6.033559499999999881e-02
-6.161761699999999953e-02
-5.819388100000000286e-02
-4.968082900000000274e-02
-3.877962599999999760e-02
-2.310990400000000056e-02
-3.465489400000000119e-03
0.000000000000000000e+00
0.000000000000000000e+00
0.000000000000000000e+00
-6.641540299999999786e-02
-3.876203899999999813e-02
-3.442843300000000134e-02
-2.724976800000000060e-02
-8.259696000000000399e-03
9.135598999999999456e-03
0.000000000000000000e+00
0.000000000000000000e+00
0.000000000000000000e+00
-2.036210899999999976e-02
-1.296052699999999946e-02
-1.406093700000000078e-02
-1.784048300000000073e-02
-1.597068600000000130e-02
-1.072525700000000019e-02
0.000000000000000000e+00
0.000000000000000000e+00
6.172717200000000159e-04
-6.911420599999999921e-03
-2.358245399999999922e-02
-2.488390700000000025e-02
-3.258729400000000276e-02
-3.919607800000000225e-02
-4.436974199999999674e-02
-4.929089500000000124e-02
-5.408691599999999877e-02
-5.775983299999999654e-02
-5.726496500000000101e-02
-5.089263200000000015e-02
-3.905003499999999683e-02
-2.525646600000000172e-02
-9.389246800000000670e-03
4.635588000000000382e-03
0.000000000000000000e+00
0.000000000000000000e+00
0.000000000000000000e+00
-6.843186199999999608e-02
-3.221298400000000006e-02
-1.570261100000000173e-02
-8.281230900000000408e-03
7.592407100000000270e-03
1.853814700000000135e-02
0.000000000000000000e+00
0.000000000000000000e+00
0.000000000000000000e+00
-2.091450699999999885e-02
-1.050372899999999984e-02
-3.464217999999999811e-03
5.257732099999999967e-05
4.180822100000000305e-03
7.634725400000000328e-03
0.000000000000000000e+00
0.000000000000000000e+00
-3.574507899999999753e-04
-1.357835100000000066e-02
-2.462457399999999977e-02
-2.885644999999999877e-02
-3.604578800000000222e-02
-3.997528999999999666e-02
-4.220410899999999660e-02
-4.460724700000000265e-02
-4.756940400000000263e-02
-5.126611799999999941e-02
-5.246970399999999896e-02
-4.752173500000000245e-02
-3.568204900000000040e-02
-2.066713499999999967e-02
-6.249538399999999931e-03
3.422283300000000025e-03
0.000000000000000000e+00
0.000000000000000000e+00
0.000000000000000000e+00
-6.134894099999999711e-02
-2.726970399999999878e-02
-5.479533400000000110e-03
7.041909399999999979e-03
1.399989299999999937e-02
2.539788899999999988e-02
0.000000000000000000e+00
0.000000000000000000e+00
0.000000000000000000e+00
-2.256010799999999886e-02
-1.346300199999999996e-02
-6.651572999999999817e-04
1.058304200000000084e-02
1.768471900000000152e-02
2.211808300000000019e-02
0.000000000000000000e+00
1.497435899999999959e-02
-6.020093600000000003e-03
-2.061683300000000107e-02
-3.655996499999999982e-02
-5.169929899999999717e-02
-6.455077200000000626e-02
-7.156497200000000447e-02
-7.381858700000000495e-02
-7.168003200000000463e-02
-6.544092299999999807e-02
-5.563717700000000294e-02
-4.291665900000000283e-02
-2.858685299999999888e-02
-1.840195799999999951e-02
-1.677986799999999987e-02
-1.558835700000000060e-02
-9.811801300000000739e-03
0.000000000000000000e+00
0.000000000000000000e+00
-9.761233699999999347e-02
-7.340653399999999551e-02
-4.801610099999999853e-02
-8.423084399999999222e-03
1.832433600000000010e-02
0.000000000000000000e+00
0.000000000000000000e+00
0.000000000000000000e+00
0.000000000000000000e+00
0.000000000000000000e+00
0.000000000000000000e+00
-1.174558799999999952e-02
-1.968300899999999957e-03
2.234663300000000116e-02
3.303170400000000201e-02
3.345972800000000108e-02
0.000000000000000000e+00
9.242632199999999826e-03
-1.351689499999999926e-02
-2.699702799999999930e-02
-4.892577599999999721e-02
-7.256261299999999803e-02
-9.192210400000000448e-02
-1.057376000000000010e-01
-1.148100600000000054e-01
-1.176745399999999941e-01
-1.137270900000000029e-01
-9.967668400000000151e-02
-7.461673000000000611e-02
-4.255364500000000105e-02
-1.925574199999999930e-02
-2.475251300000000029e-02
-2.700897699999999998e-02
-2.266787300000000158e-02
0.000000000000000000e+00
0.000000000000000000e+00
-9.591323599999999894e-02
-9.572551399999999766e-02
-7.734835900000000541e-02
-2.975148899999999902e-02
2.327841699999999917e-02
0.000000000000000000e+00
0.000000000000000000e+00
0.000000000000000000e+00
0.000000000000000000e+00
0.000000000000000000e+00
0.000000000000000000e+00
-7.747267099999999990e-03
5.190407399999999883e-04
3.254295499999999841e-02
4.458221799999999985e-02
4.823506899999999847e-02
0.000000000000000000e+00
4.312533399999999607e-03
-2.041599800000000117e-02
-3.053797800000000034e-02
-5.012436599999999659e-02
-7.314509199999999489e-02
-9.202458700000000491e-02
-1.065514300000000025e-01
-1.177120200000000005e-01
-1.247199300000000066e-01
-1.274370099999999895e-01
-1.205451000000000022e-01
-1.008917099999999956e-01
-6.850939999999999808e-02
-3.051697499999999827e-02
-2.915532499999999930e-02
-3.568989300000000031e-02
0.000000000000000000e+00
-1.225253300000000017e-01
-1.056238500000000052e-01
-1.080572800000000055e-01
-1.092367499999999936e-01
-9.806867700000000687e-02
-5.895081499999999669e-02
-3.238666400000000251e-02
0.000000000000000000e+00
0.000000000000000000e+00
0.000000000000000000e+00
0.000000000000000000e+00
0.000000000000000000e+00
0.000000000000000000e+00
-4.462880399999999935e-03
6.773895599999999600e-03
3.663174100000000238e-02
4.488128899999999782e-02
5.587009600000000104e-02
0.000000000000000000e+00
-2.578781600000000160e-02
-3.539227000000000345e-02
-3.872946199999999922e-02
-4.850211000000000106e-02
-6.445838500000000693e-02
-8.017074899999999948e-02
-9.401618700000000106e-02
-1.051620500000000069e-01
-1.128404900000000016e-01
-1.178987900000000033e-01
-1.168512500000000037e-01
-1.055317300000000041e-01
-7.899108500000000255e-02
-3.462909499999999863e-02
-1.542920000000000055e-02
0.000000000000000000e+00
-7.476455499999999643e-02
-1.093364299999999983e-01
-1.050830199999999992e-01
-1.040773499999999990e-01
-1.105636900000000061e-01
-1.107860100000000042e-01
-8.645299100000000680e-02
-6.204611399999999943e-02
0.000000000000000000e+00
0.000000000000000000e+00
0.000000000000000000e+00
0.000000000000000000e+00
0.000000000000000000e+00
0.000000000000000000e+00
7.375761300000000312e-03
1.837518100000000085e-02
0.000000000000000000e+00
4.149062800000000162e-02
4.283869299999999714e-02
0.000000000000000000e+00
-5.948648299999999972e-02
-5.318549599999999877e-02
-4.856285099999999716e-02
-4.770155599999999912e-02
-5.428281100000000026e-02
-6.569753600000000082e-02
-7.802948399999999618e-02
-8.803607500000000530e-02
-9.426563999999999777e-02
-9.878860400000000208e-02
-9.998016099999999795e-02
-9.187749000000000610e-02
-6.669191300000000544e-02
-2.272474600000000053e-02
0.000000000000000000e+00
0.000000000000000000e+00
-5.074968900000000060e-02
-4.627193999999999752e-02
-7.279667300000000618e-02
-8.248705400000000409e-02
-9.686842599999999359e-02
-1.085113999999999940e-01
-1.029766899999999957e-01
-8.489172200000000279e-02
0.000000000000000000e+00
0.000000000000000000e+00
0.000000000000000000e+00
0.000000000000000000e+00
0.000000000000000000e+00
0.000000000000000000e+00
0.000000000000000000e+00
3.004211299999999876e-02
0.000000000000000000e+00
0.000000000000000000e+00
0.000000000000000000e+00
0.000000000000000000e+00
0.000000000000000000e+00
-6.487797900000000229e-02
-4.864989599999999803e-02
-4.193754100000000179e-02
-4.160278700000000218e-02
-4.714067999999999731e-02
-5.587597600000000081e-02
-6.430845699999999943e-02
-6.946196400000000104e-02
-7.327482100000000387e-02
-7.546099300000000398e-02
-6.969624800000000231e-02
-4.464794700000000033e-02
-1.834076600000000010e-03
0.000000000000000000e+00
-4.399166699999999819e-02
-4.611497199999999713e-02
-3.477586800000000145e-02
-4.086163799999999874e-02
-5.429498900000000183e-02
-7.242514899999999423e-02
-8.950688699999999332e-02
-9.725013400000000197e-02
-8.972495799999999355e-02
0.000000000000000000e+00
0.000000000000000000e+00
0.000000000000000000e+00
0.000000000000000000e+00
0.000000000000000000e+00
0.000000000000000000e+00
0.000000000000000000e+00
2.393379500000000076e-02
0.000000000000000000e+00
0.000000000000000000e+00
0.000000000000000000e+00
0.000000000000000000e+00
0.000000000000000000e+00
-6.136774500000000132e-02
-3.480801299999999876e-02
-2.393271699999999919e-02
-2.034479900000000022e-02
-1.943533600000000097e-02
-2.232634799999999933e-02
-2.797469899999999871e-02
-3.296796999999999922e-02
-3.743490900000000232e-02
-4.090813100000000035e-02
-3.836462899999999732e-02
-1.320769299999999952e-02
1.654207800000000173e-02
0.000000000000000000e+00
-4.036367800000000006e-02
-3.006205699999999967e-02
-1.020096000000000024e-02
-1.083613100000000058e-02
-2.216959500000000027e-02
-4.016562399999999700e-02
-5.840742599999999840e-02
-6.943022399999999872e-02
-5.987163499999999944e-02
0.000000000000000000e+00
0.000000000000000000e+00
0.000000000000000000e+00
0.000000000000000000e+00
0.000000000000000000e+00
0.000000000000000000e+00
0.000000000000000000e+00
0.000000000000000000e+00
0.000000000000000000e+00
0.000000000000000000e+00
0.000000000000000000e+00
0.000000000000000000e+00
0.000000000000000000e+00
-4.595011200000000129e-02
-2.036912000000000098e-02
-3.428062899999999823e-03
5.243058800000000366e-03
1.070987900000000027e-02
1.389483199999999932e-02
1.198205800000000029e-02
6.474361799999999931e-03
8.402713600000000444e-04
-3.920677099999999617e-03
-4.876931699999999953e-03
1.624575400000000114e-02
3.005812100000000014e-02
0.000000000000000000e+00
0.000000000000000000e+00
0.000000000000000000e+00
1.701439500000000160e-02
1.653664200000000070e-02
6.194645099999999960e-03
-1.134950499999999932e-02
-2.655211999999999850e-02
-3.448616000000000181e-02
-2.827978899999999962e-02
0.000000000000000000e+00
0.000000000000000000e+00
0.000000000000000000e+00
0.000000000000000000e+00
0.000000000000000000e+00
0.000000000000000000e+00
0.000000000000000000e+00
0.000000000000000000e+00
0.000000000000000000e+00
0.000000000000000000e+00
0.000000000000000000e+00
0.000000000000000000e+00
0.000000000000000000e+00
0.000000000000000000e+00
-2.050595100000000143e-02
6.531773400000000403e-03
2.351171900000000037e-02
3.710153699999999694e-02
4.666093400000000113e-02
5.153439900000000157e-02
4.851780800000000254e-02
4.313478999999999924e-02
3.645284800000000297e-02
3.036683199999999985e-02
3.159943600000000158e-02
0.000000000000000000e+00
0.000000000000000000e+00
0.000000000000000000e+00
0.000000000000000000e+00
3.259755100000000239e-02
3.868168200000000195e-02
3.682123899999999866e-02
2.188395900000000144e-02
1.010587100000000065e-02
5.787644500000000379e-03
4.802685200000000182e-03
0.000000000000000000e+00
0.000000000000000000e+00
2.298998400000000150e-02
2.884928700000000124e-02
2.854653000000000052e-02
0.000000000000000000e+00
0.000000000000000000e+00
0.000000000000000000e+00
0.000000000000000000e+00
0.000000000000000000e+00
0.000000000000000000e+00
0.000000000000000000e+00
0.000000000000000000e+00
0.000000000000000000e+00
4.009003100000000167e-03
1.402040100000000004e-02
3.997423499999999685e-02
5.950606700000000276e-02
7.170466300000000182e-02
7.989232200000000172e-02
8.053118500000000513e-02
7.757613100000000650e-02
7.023739800000000644e-02
5.694966499999999654e-02
4.077975699999999981e-02
0.000000000000000000e+00
0.000000000000000000e+00
0.000000000000000000e+00
0.000000000000000000e+00
1.242875000000000056e-02
1.602273400000000028e-02
4.597729400000000188e-02
4.979755100000000240e-02
4.834433600000000164e-02
4.513619499999999701e-02
4.293990100000000254e-02
0.000000000000000000e+00
3.807168899999999884e-02
2.872356100000000162e-02
0.000000000000000000e+00
0.000000000000000000e+00
0.000000000000000000e+00
0.000000000000000000e+00
0.000000000000000000e+00
0.000000000000000000e+00
0.000000000000000000e+00
0.000000000000000000e+00
0.000000000000000000e+00
0.000000000000000000e+00
0.000000000000000000e+00
2.274574099999999988e-02
3.986915399999999693e-02
5.160796299999999975e-02
6.884995800000000277e-02
8.243421500000000512e-02
9.163325999999999416e-02
9.488622100000000670e-02
9.280377600000000449e-02
8.548279899999999820e-02
6.307099800000000311e-02
3.430418699999999987e-02
0.000000000000000000e+00
0.000000000000000000e+00
0.000000000000000000e+00
0.000000000000000000e+00
0.000000000000000000e+00
-8.844911299999999241e-03
1.273123299999999979e-02
4.837609500000000090e-02
7.685533199999999843e-02
8.008352700000000157e-02
7.787338300000000435e-02
0.000000000000000000e+00
0.000000000000000000e+00
0.000000000000000000e+00
0.000000000000000000e+00
0.000000000000000000e+00
0.000000000000000000e+00
0.000000000000000000e+00
0.000000000000000000e+00
0.000000000000000000e+00
0.000000000000000000e+00
0.000000000000000000e+00
0.000000000000000000e+00
0.000000000000000000e+00
0.000000000000000000e+00
0.000000000000000000e+00
2.785540099999999838e-02
2.912465900000000066e-02
3.919441199999999792e-02
5.430484599999999690e-02
6.880614899999999701e-02
7.846341799999999311e-02
7.912973299999999377e-02
7.007529599999999526e-02
3.066894400000000007e-02
-2.513437400000000099e-02
0.000000000000000000e+00
0.000000000000000000e+00
0.000000000000000000e+00
0.000000000000000000e+00
0.000000000000000000e+00
0.000000000000000000e+00
1.088840499999999944e-03
4.409174800000000005e-02
8.704335200000000439e-02
1.016934399999999961e-01
1.103496699999999969e-01
9.580706499999999681e-02
0.000000000000000000e+00
0.000000000000000000e+00
0.000000000000000000e+00
0.000000000000000000e+00
0.000000000000000000e+00
0.000000000000000000e+00
0.000000000000000000e+00
0.000000000000000000e+00
0.000000000000000000e+00
0.000000000000000000e+00
0.000000000000000000e+00
0.000000000000000000e+00
0.000000000000000000e+00
0.000000000000000000e+00
8.626197800000000651e-03
2.134339299999999957e-03
-9.875800100000000151e-03
-1.564573500000000046e-03
1.764910100000000037e-02
2.748235099999999861e-02
3.263490599999999825e-02
2.640400000000000039e-02
-2.187591499999999925e-02
0.000000000000000000e+00
0.000000000000000000e+00
0.000000000000000000e+00
0.000000000000000000e+00
0.000000000000000000e+00
0.000000000000000000e+00
0.000000000000000000e+00
5.999470900000000023e-02
6.063863600000000270e-02
8.364713699999999641e-02
1.022467900000000041e-01
1.111466599999999944e-01
0.000000000000000000e+00
0.000000000000000000e+00
0.000000000000000000e+00
0.000000000000000000e+00
0.000000000000000000e+00
0.000000000000000000e+00
0.000000000000000000e+00
0.000000000000000000e+00
0.000000000000000000e+00
0.000000000000000000e+00
0.000000000000000000e+00
0.000000000000000000e+00
0.000000000000000000e+00
0.000000000000000000e+00
0.000000000000000000e+00
0.000000000000000000e+00
0.000000000000000000e+00
-4.819220800000000027e-02
-5.782480499999999995e-02
-4.139430399999999982e-02
-3.696222500000000133e-02
-3.161818000000000267e-02
-4.099531800000000281e-02
0.000000000000000000e+00
0.000000000000000000e+00
0.000000000000000000e+00
0.000000000000000000e+00
0.000000000000000000e+00
0.000000000000000000e+00
0.000000000000000000e+00
0.000000000000000000e+00
6.019816299999999898e-02
4.594132199999999971e-03
3.495217099999999716e-02
6.043594000000000049e-02
5.099243299999999673e-02
1.849524300000000149e-02
0.000000000000000000e+00
0.000000000000000000e+00
0.000000000000000000e+00
0.000000000000000000e+00
0.000000000000000000e+00
0.000000000000000000e+00
0.000000000000000000e+00
0.000000000000000000e+00
0.000000000000000000e+00
0.000000000000000000e+00
0.000000000000000000e+00
0.000000000000000000e+00
0.000000000000000000e+00
0.000000000000000000e+00
0.000000000000000000e+00
0.000000000000000000e+00
0.000000000000000000e+00
0.000000000000000000e+00
0.000000000000000000e+00
-4.731028500000000053e-02
0.000000000000000000e+00
0.000000000000000000e+00
0.000000000000000000e+00
0.000000000000000000e+00
0.000000000000000000e+00
0.000000000000000000e+00
0.000000000000000000e+00
0.000000000000000000e+00
0.000000000000000000e+00
4.123843299999999795e-02
1.508361199999999971e-02
0.000000000000000000e+00
0.000000000000000000e+00
-8.897989200000000487e-02
-7.945237900000000353e-02
-4.599676099999999712e-02
-6.582431700000000371e-03
1.671197199999999855e-02
0.000000000000000000e+00
0.000000000000000000e+00
0.000000000000000000e+00
0.000000000000000000e+00
0.000000000000000000e+00
0.000000000000000000e+00
0.000000000000000000e+00
0.000000000000000000e+00
0.000000000000000000e+00
-6.084147600000000024e-03
-1.472001000000000039e-02
-2.579650500000000082e-02
-2.433228399999999916e-02
-2.570377000000000078e-02
-3.072510300000000014e-02
-3.425291500000000183e-02
-4.819138800000000167e-02
-7.376842499999999858e-02
-5.974542099999999994e-02
-4.088168100000000305e-02
-2.006797999999999915e-02
-9.622616900000000376e-03
1.673254799999999943e-04
1.124721799999999980e-02
2.135993599999999951e-02
0.000000000000000000e+00
2.273750600000000108e-02
3.135293000000000108e-02
0.000000000000000000e+00
0.000000000000000000e+00
0.000000000000000000e+00
0.000000000000000000e+00
-4.170865599999999673e-02
-3.485480299999999670e-02
-4.694172199999999996e-03
-7.482849399999999887e-03
-3.747574199999999939e-02
-1.003403200000000002e-02
-1.527137200000000007e-02
-2.485091199999999931e-02
-3.853922600000000281e-02
-4.028715000000000074e-02
-6.290273799999999971e-02
0.000000000000000000e+00
