0.000000000000000000e+00
0.000000000000000000e+00
0.000000000000000000e+00
0.000000000000000000e+00
0.000000000000000000e+00
0.000000000000000000e+00
0.000000000000000000e+00
0.000000000000000000e+00
0.000000000000000000e+00
0.000000000000000000e+00
0.000000000000000000e+00
0.000000000000000000e+00
0.000000000000000000e+00
0.000000000000000000e+00
0.000000000000000000e+00
0.000000000000000000e+00
0.000000000000000000e+00
0.000000000000000000e+00
0.000000000000000000e+00
0.000000000000000000e+00
0.000000000000000000e+00
0.000000000000000000e+00
0.000000000000000000e+00
0.000000000000000000e+00
0.000000000000000000e+00
0.000000000000000000e+00
0.000000000000000000e+00
0.000000000000000000e+00
0.000000000000000000e+00
0.000000000000000000e+00
0.000000000000000000e+00
0.000000000000000000e+00
0.000000000000000000e+00
0.000000000000000000e+00
0.000000000000000000e+00
0.000000000000000000e+00
0.000000000000000000e+00
-1.178554500000000005e-01
-1.471172000000000035e-01
-1.353931399999999952e-01
-6.936745699999999348e-02
-3.682674600000000048e-02
-1.072644799999999954e-02
2.997901799999999964e-02
4.972884799999999911e-02
5.558220700000000153e-02
4.728765800000000324e-02
3.290846900000000269e-02
2.338655900000000121e-02
1.710768999999999831e-02
1.202996800000000026e-02
-5.318246799999999837e-03
-1.746480200000000149e-02
-8.107748799999999964e-03
-9.407133099999999415e-03
-2.791971399999999999e-03
-2.793470900000000028e-03
-1.206704899999999940e-03
-6.878299199999999463e-04
-5.862170800000000154e-03
-1.872100399999999942e-02
-4.252130099999999746e-02
-5.744408799999999732e-02
-5.613161500000000276e-02
-3.820436199999999866e-02
-7.931729399999999652e-02
-1.249938899999999964e-01
-1.179741900000000066e-01
-6.928327200000000685e-02
-8.209611199999999887e-02
-1.236818499999999960e-01
0.000000000000000000e+00
5.119644899999999804e-02
5.621788300000000321e-02
6.042933100000000279e-02
7.096014200000000383e-02
9.551709099999999841e-02
1.202829900000000063e-01
1.338145000000000029e-01
1.404026300000000005e-01
1.413596900000000101e-01
1.363899299999999926e-01
1.293052100000000038e-01
1.204850100000000035e-01
1.115797899999999981e-01
1.048795500000000019e-01
9.912580299999999844e-02
9.317263200000000523e-02
8.735862399999999583e-02
8.400356800000000068e-02
7.072457299999999891e-02
4.575523299999999932e-02
5.180291100000000010e-02
5.846779800000000138e-02
5.826227400000000278e-02
5.715629099999999796e-02
6.133881199999999950e-02
6.566727199999999876e-02
6.965342200000000650e-02
7.514796399999999765e-02
8.135294199999999754e-02
7.947036600000000062e-02
6.515467199999999681e-02
6.062561300000000181e-02
6.429183500000000551e-02
5.826205799999999851e-02
4.727975699999999865e-02
4.569821799999999878e-02
1.638287900000000019e-01
1.616215699999999922e-01
1.527170399999999983e-01
1.452297899999999975e-01
1.420139400000000052e-01
1.385643599999999975e-01
1.357698400000000027e-01
1.326564699999999986e-01
1.398497800000000069e-01
1.409194000000000002e-01
1.427398900000000082e-01
1.438860399999999928e-01
1.424702300000000033e-01
1.384910199999999925e-01
1.349353199999999975e-01
1.280380600000000091e-01
1.199949299999999996e-01
1.114729099999999945e-01
1.169256300000000026e-01
7.968981399999999771e-02
8.873275699999999544e-02
1.036659300000000034e-01
1.120136800000000044e-01
1.155576400000000031e-01
1.260948299999999911e-01
1.389499200000000045e-01
1.494977899999999915e-01
1.588652299999999962e-01
1.672633900000000118e-01
1.730881900000000029e-01
1.781140900000000027e-01
1.861242800000000031e-01
1.889283099999999882e-01
1.781696500000000127e-01
1.751543700000000037e-01
1.678810099999999972e-01
1.940565999999999958e-01
1.817211099999999913e-01
1.615821699999999972e-01
1.419972599999999863e-01
1.210453100000000032e-01
1.054390000000000049e-01
1.012189500000000020e-01
8.051742600000000305e-02
8.955075599999999525e-02
1.031473100000000059e-01
1.127510099999999987e-01
1.224979300000000049e-01
1.306260700000000108e-01
1.342473499999999875e-01
1.357707499999999956e-01
1.324025799999999919e-01
1.259389800000000059e-01
1.100493099999999974e-01
1.207520100000000068e-01
0.000000000000000000e+00
8.348930599999999924e-02
1.059849900000000011e-01
1.243632300000000052e-01
1.391721099999999878e-01
1.526043699999999892e-01
1.648667900000000131e-01
1.738664699999999952e-01
1.763509799999999905e-01
1.783408700000000124e-01
1.784293200000000024e-01
1.819781799999999894e-01
2.010723700000000003e-01
2.194015500000000007e-01
2.208714200000000127e-01
2.124533700000000025e-01
2.042288200000000054e-01
1.778300399999999948e-01
1.556768199999999935e-01
1.322972299999999879e-01
1.106883599999999995e-01
8.507225200000000098e-02
6.032901599999999920e-02
3.832015800000000000e-02
4.091265599999999864e-02
5.023748699999999734e-02
6.775647799999999499e-02
7.890737300000000287e-02
8.825518000000000252e-02
9.821031099999999459e-02
1.053794400000000048e-01
1.094604700000000042e-01
1.099426899999999957e-01
1.051523000000000041e-01
8.644550800000000423e-02
0.000000000000000000e+00
0.000000000000000000e+00
6.016736100000000254e-02
8.429015199999999319e-02
1.100902500000000006e-01
1.341245399999999866e-01
1.444488700000000070e-01
1.483094699999999988e-01
1.468619300000000016e-01
1.380300000000000138e-01
1.274754600000000127e-01
1.286113899999999921e-01
1.321674100000000129e-01
1.472530099999999897e-01
1.802748499999999865e-01
2.049132899999999979e-01
2.013298199999999927e-01
1.936049400000000031e-01
1.226666700000000054e-01
1.007396299999999967e-01
8.156897100000000400e-02
7.475479399999999941e-02
4.971957899999999986e-02
2.214309000000000069e-02
2.115690099999999879e-02
2.408697099999999869e-02
2.805865899999999968e-02
3.708736599999999661e-02
4.390964700000000304e-02
5.014247100000000096e-02
5.757635500000000267e-02
6.450564400000000087e-02
7.089520200000000438e-02
7.589972000000000385e-02
7.322794200000000420e-02
5.418630700000000300e-02
0.000000000000000000e+00
0.000000000000000000e+00
4.647983599999999660e-02
5.553497000000000294e-02
8.288335800000000420e-02
1.069880200000000031e-01
1.170129300000000011e-01
1.160603399999999980e-01
1.016168999999999961e-01
8.143302800000000452e-02
6.117976499999999707e-02
6.872863299999999731e-02
7.865606199999999881e-02
9.060254700000000549e-02
1.182300000000000018e-01
1.358165299999999909e-01
1.445954100000000075e-01
1.407673500000000133e-01
5.656987799999999705e-02
4.909393100000000038e-02
3.531628700000000176e-02
5.349768600000000263e-02
0.000000000000000000e+00
-3.693688000000000093e-03
1.434791199999999999e-03
3.884430800000000187e-03
1.419827800000000081e-03
4.176747100000000219e-03
8.583930199999999233e-03
1.367449199999999990e-02
1.997416299999999964e-02
2.706125100000000144e-02
3.430963299999999910e-02
3.985232899999999884e-02
3.794182799999999689e-02
2.174706599999999893e-02
0.000000000000000000e+00
0.000000000000000000e+00
2.440060700000000124e-02
2.575721799999999839e-02
4.369597699999999696e-02
5.824234300000000197e-02
6.663774000000000086e-02
6.497630399999999862e-02
4.569755500000000081e-02
4.470608499999999957e-02
2.995556699999999892e-02
1.633355800000000149e-02
2.385284400000000152e-02
3.453803400000000218e-02
4.980459799999999854e-02
6.141783700000000290e-02
6.952334100000000239e-02
6.855918499999999471e-02
5.479415300000000169e-03
0.000000000000000000e+00
1.351861300000000050e-02
0.000000000000000000e+00
0.000000000000000000e+00
-1.322734400000000025e-02
-1.385630700000000000e-02
-1.549007799999999914e-02
-1.833444999999999867e-02
-1.732475500000000071e-02
-1.474025600000000019e-02
-1.014071000000000070e-02
-3.220037099999999847e-03
4.307088399999999852e-03
1.055055400000000018e-02
1.402575600000000033e-02
1.059674000000000033e-02
1.255304699999999914e-04
0.000000000000000000e+00
0.000000000000000000e+00
0.000000000000000000e+00
-4.623037800000000253e-03
9.795829699999999626e-03
2.030358800000000088e-02
2.374523699999999890e-02
1.712144399999999955e-02
-6.262194799999999846e-03
0.000000000000000000e+00
0.000000000000000000e+00
-2.331273999999999846e-02
-2.020786100000000057e-02
-8.802768799999999283e-03
2.807391299999999895e-03
1.262592600000000086e-02
1.756358699999999856e-02
1.505481799999999933e-02
-3.682411199999999912e-02
0.000000000000000000e+00
0.000000000000000000e+00
0.000000000000000000e+00
0.000000000000000000e+00
-3.088508400000000015e-02
-3.730928199999999917e-02
-4.026114900000000302e-02
-4.108703899999999881e-02
-3.897623699999999691e-02
-3.454398699999999822e-02
-2.762547500000000003e-02
-1.915998000000000007e-02
-1.378303500000000077e-02
-1.219983999999999999e-02
-1.516256900000000074e-02
-2.106453700000000123e-02
-1.737486900000000112e-02
-6.539681799999999719e-03
0.000000000000000000e+00
0.000000000000000000e+00
-2.741548599999999933e-02
-1.693860800000000083e-02
-1.309078699999999956e-02
-1.730139600000000014e-02
-3.198436600000000019e-02
-4.447773700000000330e-02
0.000000000000000000e+00
0.000000000000000000e+00
-4.669929099999999694e-02
-4.731078500000000103e-02
-3.901942800000000183e-02
-3.371034600000000214e-02
-3.078119099999999941e-02
-3.156746199999999752e-02
-3.661512599999999784e-02
-4.769770799999999839e-02
0.000000000000000000e+00
0.000000000000000000e+00
0.000000000000000000e+00
0.000000000000000000e+00
-4.799056799999999734e-02
-5.591636199999999723e-02
-5.791319500000000065e-02
-5.680704100000000256e-02
-5.171094100000000332e-02
-4.352354299999999787e-02
-3.338902800000000115e-02
-2.575758300000000056e-02
-2.491329600000000144e-02
-2.951244299999999932e-02
-3.775133900000000181e-02
-4.400375499999999857e-02
-2.755532800000000046e-02
-8.167405299999999646e-03
0.000000000000000000e+00
0.000000000000000000e+00
-3.337483200000000011e-02
-3.046151299999999909e-02
-3.312494199999999750e-02
-4.360395699999999874e-02
-6.082817900000000305e-02
-6.460156400000000021e-02
0.000000000000000000e+00
0.000000000000000000e+00
-3.763908099999999785e-02
-5.139994600000000191e-02
-5.469724900000000334e-02
-5.887561999999999657e-02
-6.242651099999999703e-02
-6.544478200000000689e-02
-6.482955799999999547e-02
-4.723880300000000282e-02
-4.119665399999999922e-02
0.000000000000000000e+00
0.000000000000000000e+00
0.000000000000000000e+00
-6.137910900000000114e-02
-6.811212699999999454e-02
-6.958348300000000153e-02
-6.608873599999999515e-02
-5.720654099999999964e-02
-4.525025900000000101e-02
-3.526611600000000013e-02
-3.295342300000000252e-02
-3.859820199999999812e-02
-4.877044999999999991e-02
-5.858091599999999677e-02
-6.188749899999999859e-02
-4.239491399999999882e-02
-1.132787000000000030e-02
0.000000000000000000e+00
0.000000000000000000e+00
0.000000000000000000e+00
-4.437501399999999735e-02
-5.402469599999999705e-02
-6.605278700000000169e-02
-7.289355999999999614e-02
-5.044127799999999912e-02
0.000000000000000000e+00
0.000000000000000000e+00
-2.586845600000000148e-02
-5.371965699999999705e-02
-6.940276900000000304e-02
-8.446957200000000665e-02
-9.282733499999999693e-02
-9.264150300000000005e-02
-7.982191399999999382e-02
-3.999631900000000240e-02
-3.244255900000000276e-02
0.000000000000000000e+00
0.000000000000000000e+00
-6.530044200000000021e-02
-6.270282000000000633e-02
-6.792772599999999383e-02
-6.775254799999999578e-02
-6.075572199999999812e-02
-4.840523000000000048e-02
-3.927536300000000064e-02
-3.908408099999999968e-02
-4.725759499999999946e-02
-5.824015300000000284e-02
-6.781606399999999535e-02
-7.299724200000000385e-02
-7.206409399999999521e-02
-5.719773400000000008e-02
0.000000000000000000e+00
0.000000000000000000e+00
0.000000000000000000e+00
0.000000000000000000e+00
-5.821150900000000156e-02
-7.132902700000000318e-02
-7.698146999999999629e-02
-6.471823200000000054e-02
-2.806604500000000127e-02
0.000000000000000000e+00
0.000000000000000000e+00
0.000000000000000000e+00
-5.625414100000000056e-02
-7.602860000000000174e-02
-9.825536599999999676e-02
-1.078585600000000061e-01
-1.026828099999999994e-01
-8.093023300000000420e-02
-3.316700100000000151e-02
-1.622994599999999857e-02
0.000000000000000000e+00
0.000000000000000000e+00
-5.410998599999999881e-02
-5.217838999999999811e-02
-5.320472300000000238e-02
-4.903666999999999748e-02
-4.045064000000000298e-02
-3.247065100000000315e-02
-3.603216599999999742e-02
-4.930197800000000324e-02
-6.582696700000000012e-02
-7.856427900000000075e-02
-8.519577999999999873e-02
-8.363786300000000673e-02
-7.349713900000000300e-02
-4.776096299999999656e-02
0.000000000000000000e+00
0.000000000000000000e+00
0.000000000000000000e+00
0.000000000000000000e+00
-6.728752000000000344e-02
-7.892449899999999519e-02
-7.416334700000000446e-02
-4.920863000000000320e-02
-1.612927600000000142e-02
0.000000000000000000e+00
0.000000000000000000e+00
0.000000000000000000e+00
-5.578218000000000065e-02
-7.518075400000000241e-02
-9.915823499999999735e-02
-1.077136000000000066e-01
-1.002607499999999957e-01
-7.478550100000000422e-02
-2.424195800000000095e-02
-1.139616499999999977e-02
0.000000000000000000e+00
0.000000000000000000e+00
-4.633041499999999979e-02
-3.306901799999999864e-02
-2.715228700000000064e-02
-2.181742500000000140e-02
-1.883433400000000119e-02
-2.298544199999999829e-02
-3.771607200000000326e-02
-5.763290399999999869e-02
-7.731283499999999642e-02
-8.984510599999999403e-02
-9.249887599999999377e-02
-8.276353000000000182e-02
-6.175419299999999889e-02
-2.879553300000000163e-02
0.000000000000000000e+00
0.000000000000000000e+00
0.000000000000000000e+00
0.000000000000000000e+00
-6.718442400000000647e-02
-7.389808400000000277e-02
-5.934181799999999757e-02
-2.997859799999999866e-02
-6.204761199999999678e-03
0.000000000000000000e+00
0.000000000000000000e+00
0.000000000000000000e+00
-4.239192299999999802e-02
-6.627730299999999575e-02
-8.684383299999999528e-02
-9.167894699999999675e-02
-8.378726200000000124e-02
-6.061351699999999870e-02
-1.109456299999999999e-02
0.000000000000000000e+00
-2.328338500000000019e-02
-7.694810100000000486e-02
-2.188487399999999861e-02
-1.979135900000000142e-02
-1.603033599999999920e-02
-1.652873900000000063e-02
-2.009089299999999856e-02
-2.899945300000000142e-02
-4.359972100000000100e-02
-6.123669100000000282e-02
-7.795885199999999515e-02
-8.719886799999999882e-02
-8.609587700000000121e-02
-7.074369499999999533e-02
-4.543006399999999917e-02
-2.720464800000000141e-02
0.000000000000000000e+00
0.000000000000000000e+00
0.000000000000000000e+00
0.000000000000000000e+00
-5.438589600000000301e-02
-5.766544099999999784e-02
-3.992287800000000192e-02
-1.300240299999999918e-02
3.493031900000000047e-03
0.000000000000000000e+00
0.000000000000000000e+00
0.000000000000000000e+00
-3.717111099999999974e-02
-4.887407600000000241e-02
-6.319355999999999585e-02
-6.356672900000000237e-02
-5.351968499999999740e-02
-3.649192300000000250e-02
-6.673374200000000214e-03
0.000000000000000000e+00
-7.472066700000000103e-03
0.000000000000000000e+00
-2.088340699999999966e-02
-2.441830000000000042e-02
-3.027007899999999835e-02
-3.629561500000000329e-02
-4.229049000000000003e-02
-4.907511199999999713e-02
-5.622911500000000312e-02
-6.280481799999999837e-02
-6.709893000000000107e-02
-6.709177800000000469e-02
-6.261193800000000587e-02
-4.849328800000000245e-02
-2.505282099999999942e-02
-9.797660600000000775e-03
0.000000000000000000e+00
0.000000000000000000e+00
0.000000000000000000e+00
0.000000000000000000e+00
-3.500453700000000223e-02
-3.489548299999999798e-02
-2.011425400000000155e-02
9.001442199999999541e-04
1.009430899999999923e-02
0.000000000000000000e+00
0.000000000000000000e+00
0.000000000000000000e+00
-2.582426900000000039e-02
-2.805874300000000057e-02
-3.493496399999999891e-02
-3.349607400000000068e-02
-2.598653199999999969e-02
-2.092642700000000092e-02
0.000000000000000000e+00
0.000000000000000000e+00
-3.106244199999999827e-03
-2.964833899999999925e-02
-2.745686899999999833e-02
-3.406269099999999911e-02
-4.275834099999999832e-02
-4.905480300000000099e-02
-5.443074299999999671e-02
-5.868197700000000322e-02
-6.001447199999999926e-02
-5.794404899999999747e-02
-5.265705799999999964e-02
-4.443619199999999936e-02
-3.518638000000000321e-02
-2.390866399999999961e-02
-8.208590499999999721e-03
1.210698200000000056e-04
0.000000000000000000e+00
0.000000000000000000e+00
0.000000000000000000e+00
-2.818032499999999912e-02
-1.870402599999999860e-02
-1.267378499999999991e-02
-1.077121699999999916e-03
1.330117400000000068e-02
1.632707200000000150e-02
0.000000000000000000e+00
0.000000000000000000e+00
0.000000000000000000e+00
-1.842737900000000068e-02
-1.208427299999999954e-02
-1.118901100000000044e-02
-7.283944700000000334e-03
-2.361468700000000052e-03
8.018367399999999688e-04
0.000000000000000000e+00
0.000000000000000000e+00
-9.710894700000000102e-03
-2.629520600000000152e-02
-2.851007200000000089e-02
-3.405943899999999691e-02
-4.044312099999999854e-02
-4.448450200000000215e-02
-4.788102000000000330e-02
-5.121173799999999970e-02
-5.361242000000000091e-02
-5.412033299999999963e-02
-5.080491399999999963e-02
-4.135718099999999980e-02
-2.875600600000000062e-02
-1.290680999999999946e-02
1.527404599999999989e-03
7.230424000000000052e-03
0.000000000000000000e+00
0.000000000000000000e+00
0.000000000000000000e+00
-4.177381000000000150e-02
-1.291840500000000086e-02
2.285815000000000069e-03
1.540567999999999972e-02
2.606592699999999915e-02
2.334353299999999964e-02
0.000000000000000000e+00
0.000000000000000000e+00
0.000000000000000000e+00
-1.428306600000000051e-02
-5.952748699999999699e-03
1.927766000000000028e-03
1.017105100000000040e-02
1.221486199999999994e-02
1.091216799999999987e-02
0.000000000000000000e+00
-4.242871300000000158e-03
-1.368411200000000001e-02
-2.805836100000000041e-02
-3.448962800000000134e-02
-4.505942400000000070e-02
-5.325590100000000132e-02
-5.701595200000000169e-02
-5.793520399999999709e-02
-5.562010800000000144e-02
-5.147089800000000104e-02
-4.616726599999999847e-02
-3.785423899999999786e-02
-2.586464999999999945e-02
-1.451423999999999943e-02
-6.098947000000000396e-03
-5.328518999999999660e-04
6.116145600000000120e-03
0.000000000000000000e+00
0.000000000000000000e+00
-6.217485700000000004e-02
-4.407231899999999869e-02
-1.715285100000000021e-02
1.040723300000000011e-02
2.082191099999999850e-02
2.920976900000000001e-02
0.000000000000000000e+00
0.000000000000000000e+00
0.000000000000000000e+00
0.000000000000000000e+00
-1.323670000000000055e-02
-6.358592799999999989e-03
6.432592899999999871e-03
2.206575300000000045e-02
1.911458900000000127e-02
1.288529499999999973e-02
0.000000000000000000e+00
-4.890291500000000340e-03
-2.044092000000000131e-02
-3.627610600000000241e-02
-5.357127300000000258e-02
-7.314936099999999608e-02
-8.906612499999999599e-02
-9.841539700000000168e-02
-1.018699099999999941e-01
-9.785391400000000017e-02
-8.737938900000000175e-02
-7.055179000000000311e-02
-4.529029100000000335e-02
-1.934188599999999911e-02
-5.755357899999999881e-03
-8.866135000000000682e-03
-9.663317200000000329e-03
-1.953171999999999981e-03
0.000000000000000000e+00
0.000000000000000000e+00
-7.774612200000000084e-02
-6.488436499999999940e-02
-3.383210300000000226e-02
1.427119100000000078e-02
0.000000000000000000e+00
0.000000000000000000e+00
0.000000000000000000e+00
0.000000000000000000e+00
0.000000000000000000e+00
0.000000000000000000e+00
0.000000000000000000e+00
-5.375469100000000375e-03
1.119052100000000015e-02
3.163649300000000164e-02
2.814637099999999989e-02
1.680647600000000075e-02
0.000000000000000000e+00
-4.106790400000000056e-03
-2.850322900000000145e-02
-4.323970199999999792e-02
-6.288378699999999655e-02
-8.322624900000000214e-02
-1.008453400000000055e-01
-1.137193900000000035e-01
-1.226467200000000007e-01
-1.260795100000000057e-01
-1.221262899999999985e-01
-1.072831499999999938e-01
-7.720227500000000076e-02
-3.919769800000000304e-02
-1.205220100000000023e-02
-1.727806399999999923e-02
-1.418842199999999915e-02
-1.112741099999999955e-01
0.000000000000000000e+00
-9.547917599999999894e-02
-9.503527700000000134e-02
-8.151133400000000473e-02
-5.473657299999999670e-02
-1.245779099999999931e-02
0.000000000000000000e+00
0.000000000000000000e+00
0.000000000000000000e+00
0.000000000000000000e+00
0.000000000000000000e+00
0.000000000000000000e+00
0.000000000000000000e+00
1.058457299999999946e-03
1.914944600000000052e-02
3.386170399999999941e-02
3.448968799999999751e-02
2.266281699999999830e-02
0.000000000000000000e+00
-2.205159199999999833e-02
-4.110277600000000059e-02
-4.703938199999999764e-02
-5.904696899999999776e-02
-7.234928799999999771e-02
-8.545386800000000227e-02
-9.680571400000000104e-02
-1.065280100000000063e-01
-1.134156399999999981e-01
-1.153605600000000009e-01
-1.086942600000000009e-01
-8.789141500000000051e-02
-5.246938799999999875e-02
-1.490026900000000071e-02
-2.102166899999999977e-02
-2.075484699999999988e-02
0.000000000000000000e+00
-1.088833800000000018e-01
-9.705881800000000503e-02
-9.499978300000000431e-02
-8.700383500000000159e-02
-7.031533099999999481e-02
-4.038814300000000135e-02
0.000000000000000000e+00
0.000000000000000000e+00
0.000000000000000000e+00
0.000000000000000000e+00
0.000000000000000000e+00
0.000000000000000000e+00
0.000000000000000000e+00
1.262910599999999932e-02
2.168743000000000060e-02
2.818439600000000045e-02
3.331366100000000136e-02
2.395389300000000041e-02
0.000000000000000000e+00
-5.546690900000000174e-02
-5.079694099999999823e-02
-5.116743599999999670e-02
-5.578969799999999868e-02
-6.382154700000000624e-02
-7.348771399999999565e-02
-8.206182700000000385e-02
-9.012066600000000205e-02
-9.680857499999999394e-02
-1.004625600000000063e-01
-9.856285900000000266e-02
-8.325258600000000342e-02
-5.026397099999999757e-02
-1.347753099999999919e-02
0.000000000000000000e+00
0.000000000000000000e+00
-6.666889700000000474e-02
-9.674832799999999455e-02
-8.429431199999999624e-02
-8.416933599999999738e-02
-8.278868300000000180e-02
-7.693971700000000469e-02
-5.873475100000000171e-02
0.000000000000000000e+00
0.000000000000000000e+00
0.000000000000000000e+00
0.000000000000000000e+00
0.000000000000000000e+00
0.000000000000000000e+00
0.000000000000000000e+00
2.676505200000000098e-02
3.360894899999999907e-02
0.000000000000000000e+00
2.405308999999999919e-02
0.000000000000000000e+00
0.000000000000000000e+00
-7.381378099999999498e-02
-5.185368700000000247e-02
-4.749830099999999972e-02
-4.800784999999999775e-02
-5.214200499999999822e-02
-5.874666199999999810e-02
-6.429615599999999320e-02
-6.922692099999999682e-02
-7.465911699999999707e-02
-7.880657200000000528e-02
-8.030149300000000157e-02
-6.706476199999999999e-02
-3.393273399999999912e-02
-4.433364700000000207e-03
0.000000000000000000e+00
-4.357505999999999879e-02
-4.281113200000000174e-02
-4.657902600000000254e-02
-5.509928199999999943e-02
-6.014587700000000037e-02
-6.467882499999999535e-02
-6.849514700000000622e-02
-6.548021399999999492e-02
0.000000000000000000e+00
0.000000000000000000e+00
0.000000000000000000e+00
0.000000000000000000e+00
0.000000000000000000e+00
0.000000000000000000e+00
0.000000000000000000e+00
2.642360800000000121e-02
3.839763799999999783e-02
0.000000000000000000e+00
0.000000000000000000e+00
0.000000000000000000e+00
0.000000000000000000e+00
0.000000000000000000e+00
-4.490301399999999804e-02
-3.029350000000000098e-02
-2.872007500000000116e-02
-2.851868800000000037e-02
-3.100442100000000076e-02
-3.336522399999999888e-02
-3.609063500000000285e-02
-4.123258999999999952e-02
-4.776367499999999849e-02
-5.290321299999999755e-02
-4.219298099999999746e-02
-8.761868799999999319e-03
1.007492100000000057e-02
0.000000000000000000e+00
-3.660520500000000177e-02
-1.622120499999999896e-02
-2.078736899999999999e-02
-2.309816300000000142e-02
-3.124709200000000062e-02
-3.835254899999999967e-02
-4.466830200000000001e-02
-4.592171500000000184e-02
0.000000000000000000e+00
0.000000000000000000e+00
0.000000000000000000e+00
0.000000000000000000e+00
0.000000000000000000e+00
0.000000000000000000e+00
0.000000000000000000e+00
1.438445399999999964e-02
0.000000000000000000e+00
0.000000000000000000e+00
0.000000000000000000e+00
0.000000000000000000e+00
0.000000000000000000e+00
0.000000000000000000e+00
-3.073804299999999962e-02
-8.465613199999999505e-03
-3.843610400000000045e-03
4.308822099999999730e-04
2.055648199999999832e-03
1.983219999999999948e-03
-4.371161300000000029e-04
-6.693364099999999858e-03
-1.497928100000000054e-02
-2.227208400000000102e-02
-1.441131499999999920e-02
1.573504100000000169e-02
1.445396799999999933e-02
0.000000000000000000e+00
-2.818186400000000091e-02
3.627893000000000090e-03
1.312741700000000060e-02
7.456331000000000070e-03
-9.953193400000000940e-04
-9.183791499999999913e-03
-1.666127699999999864e-02
-2.276162199999999872e-02
0.000000000000000000e+00
0.000000000000000000e+00
0.000000000000000000e+00
0.000000000000000000e+00
0.000000000000000000e+00
0.000000000000000000e+00
0.000000000000000000e+00
0.000000000000000000e+00
0.000000000000000000e+00
0.000000000000000000e+00
0.000000000000000000e+00
0.000000000000000000e+00
0.000000000000000000e+00
0.000000000000000000e+00
-1.453062100000000051e-02
2.210472299999999887e-03
1.587243899999999860e-02
3.089128999999999833e-02
4.043095900000000242e-02
4.476594899999999932e-02
4.413387900000000086e-02
3.716869999999999896e-02
2.866216599999999934e-02
1.963266400000000106e-02
2.062748000000000012e-02
3.472699299999999767e-02
0.000000000000000000e+00
0.000000000000000000e+00
0.000000000000000000e+00
0.000000000000000000e+00
4.944853899999999969e-02
5.525955600000000134e-02
4.464906800000000009e-02
3.157272199999999751e-02
2.060593100000000094e-02
9.734198499999999199e-03
5.313015899999999798e-03
0.000000000000000000e+00
0.000000000000000000e+00
1.882436700000000157e-02
2.817388100000000131e-02
0.000000000000000000e+00
0.000000000000000000e+00
0.000000000000000000e+00
0.000000000000000000e+00
0.000000000000000000e+00
0.000000000000000000e+00
0.000000000000000000e+00
0.000000000000000000e+00
0.000000000000000000e+00
0.000000000000000000e+00
6.614937000000000421e-03
1.934748400000000160e-02
4.529162500000000202e-02
5.845171200000000289e-02
6.800063600000000319e-02
7.119919399999999343e-02
6.730365000000000653e-02
6.077210999999999724e-02
5.105412799999999723e-02
4.165164799999999945e-02
3.784129099999999912e-02
0.000000000000000000e+00
0.000000000000000000e+00
0.000000000000000000e+00
0.000000000000000000e+00
8.005385499999999321e-02
8.766911600000000526e-02
7.559398600000000190e-02
5.898587400000000064e-02
4.396708500000000297e-02
3.082870500000000138e-02
2.580633599999999916e-02
2.558604500000000170e-02
1.213023000000000053e-02
2.169987099999999905e-02
2.690219599999999975e-02
0.000000000000000000e+00
0.000000000000000000e+00
0.000000000000000000e+00
0.000000000000000000e+00
0.000000000000000000e+00
0.000000000000000000e+00
0.000000000000000000e+00
0.000000000000000000e+00
0.000000000000000000e+00
0.000000000000000000e+00
2.482443900000000023e-02
3.828733699999999768e-02
5.683920900000000165e-02
6.623326200000000108e-02
7.558483600000000246e-02
8.225105000000000610e-02
8.575080300000000044e-02
8.275432900000000147e-02
7.232953599999999983e-02
5.113397499999999818e-02
0.000000000000000000e+00
0.000000000000000000e+00
0.000000000000000000e+00
0.000000000000000000e+00
0.000000000000000000e+00
7.255992999999999471e-02
7.600524300000000011e-02
7.414509399999999473e-02
7.131361199999999845e-02
5.386243799999999859e-02
3.964108599999999899e-02
2.954108000000000081e-02
0.000000000000000000e+00
1.995244900000000057e-02
1.974606799999999857e-02
0.000000000000000000e+00
0.000000000000000000e+00
0.000000000000000000e+00
0.000000000000000000e+00
0.000000000000000000e+00
0.000000000000000000e+00
0.000000000000000000e+00
0.000000000000000000e+00
0.000000000000000000e+00
0.000000000000000000e+00
0.000000000000000000e+00
2.482443999999999970e-02
3.008598499999999912e-02
3.036884800000000037e-02
4.569517800000000296e-02
5.686334500000000264e-02
6.733604499999999715e-02
7.622377599999999309e-02
7.570482900000000126e-02
6.362499300000000468e-02
3.562408699999999873e-02
0.000000000000000000e+00
0.000000000000000000e+00
0.000000000000000000e+00
0.000000000000000000e+00
0.000000000000000000e+00
0.000000000000000000e+00
3.067040600000000075e-02
3.318606799999999912e-02
5.924015099999999784e-02
4.436846600000000224e-02
2.843561400000000142e-02
1.544285999999999923e-02
1.043447399999999914e-02
0.000000000000000000e+00
0.000000000000000000e+00
0.000000000000000000e+00
0.000000000000000000e+00
0.000000000000000000e+00
0.000000000000000000e+00
0.000000000000000000e+00
0.000000000000000000e+00
0.000000000000000000e+00
0.000000000000000000e+00
0.000000000000000000e+00
0.000000000000000000e+00
0.000000000000000000e+00
0.000000000000000000e+00
-4.160415399999999909e-03
-1.466280900000000061e-02
-1.713822399999999965e-03
1.251244800000000067e-02
2.636351300000000161e-02
3.884630900000000248e-02
3.944963600000000320e-02
2.603383199999999981e-02
-9.765105099999999219e-03
0.000000000000000000e+00
0.000000000000000000e+00
0.000000000000000000e+00
0.000000000000000000e+00
0.000000000000000000e+00
0.000000000000000000e+00
0.000000000000000000e+00
5.343099500000000196e-02
4.423946000000000128e-02
2.235953699999999877e-02
7.609078699999999827e-03
-2.821063600000000161e-03
-1.246138200000000001e-02
0.000000000000000000e+00
0.000000000000000000e+00
0.000000000000000000e+00
0.000000000000000000e+00
0.000000000000000000e+00
0.000000000000000000e+00
0.000000000000000000e+00
0.000000000000000000e+00
0.000000000000000000e+00
0.000000000000000000e+00
0.000000000000000000e+00
0.000000000000000000e+00
0.000000000000000000e+00
0.000000000000000000e+00
-2.385806099999999985e-02
-4.229543699999999823e-02
-5.575117100000000214e-02
-4.667641899999999677e-02
-2.950036899999999851e-02
-2.988095400000000124e-02
-2.291241800000000037e-02
-3.696448799999999674e-02
-3.455041100000000309e-02
0.000000000000000000e+00
0.000000000000000000e+00
0.000000000000000000e+00
0.000000000000000000e+00
0.000000000000000000e+00
0.000000000000000000e+00
0.000000000000000000e+00
6.592839600000000022e-02
4.531564699999999883e-03
-1.333832400000000036e-02
-1.833115499999999828e-02
-2.388732500000000092e-02
0.000000000000000000e+00
0.000000000000000000e+00
0.000000000000000000e+00
0.000000000000000000e+00
0.000000000000000000e+00
0.000000000000000000e+00
0.000000000000000000e+00
0.000000000000000000e+00
0.000000000000000000e+00
0.000000000000000000e+00
0.000000000000000000e+00
0.000000000000000000e+00
0.000000000000000000e+00
0.000000000000000000e+00
0.000000000000000000e+00
0.000000000000000000e+00
0.000000000000000000e+00
-8.827369799999999767e-02
-8.042942699999999778e-02
-5.759402400000000061e-02
-4.906606899999999688e-02
-7.007763599999999871e-02
-6.498551599999999318e-02
0.000000000000000000e+00
0.000000000000000000e+00
0.000000000000000000e+00
0.000000000000000000e+00
0.000000000000000000e+00
0.000000000000000000e+00
0.000000000000000000e+00
0.000000000000000000e+00
4.227071999999999774e-02
-5.686596900000000232e-02
-5.269908899999999757e-02
-6.374032100000000256e-02
-7.494858699999999707e-02
-1.891029899999999847e-02
0.000000000000000000e+00
0.000000000000000000e+00
0.000000000000000000e+00
0.000000000000000000e+00
0.000000000000000000e+00
0.000000000000000000e+00
0.000000000000000000e+00
0.000000000000000000e+00
0.000000000000000000e+00
0.000000000000000000e+00
0.000000000000000000e+00
0.000000000000000000e+00
0.000000000000000000e+00
0.000000000000000000e+00
0.000000000000000000e+00
0.000000000000000000e+00
0.000000000000000000e+00
0.000000000000000000e+00
0.000000000000000000e+00
-1.188892000000000004e-01
0.000000000000000000e+00
0.000000000000000000e+00
0.000000000000000000e+00
0.000000000000000000e+00
0.000000000000000000e+00
0.000000000000000000e+00
0.000000000000000000e+00
0.000000000000000000e+00
0.000000000000000000e+00
4.025957599999999831e-02
2.182376200000000002e-02
0.000000000000000000e+00
0.000000000000000000e+00
-5.741157300000000047e-02
-4.838697599999999821e-02
-4.649490600000000251e-02
-2.243125500000000064e-02
-1.634654500000000052e-02
0.000000000000000000e+00
0.000000000000000000e+00
0.000000000000000000e+00
0.000000000000000000e+00
0.000000000000000000e+00
0.000000000000000000e+00
0.000000000000000000e+00
0.000000000000000000e+00
-1.062405699999999925e-02
-1.740765600000000052e-02
-2.450606899999999838e-02
-2.464825899999999875e-02
-2.170558100000000157e-02
-2.449209899999999981e-02
-2.518913999999999875e-02
-2.585725300000000018e-02
-3.717832699999999713e-02
-3.690992399999999674e-02
-2.297062899999999935e-02
-1.474846999999999964e-02
-8.688868100000000233e-03
-4.682834000000000302e-03
-2.670588000000000215e-03
2.350188400000000099e-04
-5.790364099999999702e-03
-6.171765499999999800e-03
4.271570999999999702e-02
1.520346799999999950e-02
0.000000000000000000e+00
0.000000000000000000e+00
0.000000000000000000e+00
0.000000000000000000e+00
-7.964044499999999721e-03
-5.187668700000000119e-03
-1.135782899999999984e-02
-1.866741200000000128e-02
-7.608952100000000024e-03
-8.044192599999999693e-03
-6.462690499999999838e-03
-9.796975799999999707e-03
-1.016725700000000072e-02
-1.796968900000000049e-02
-1.592125299999999893e-04
-2.066076200000000092e-03
