0.000000000000000000e+00
0.000000000000000000e+00
0.000000000000000000e+00
0.000000000000000000e+00
0.000000000000000000e+00
0.000000000000000000e+00
0.000000000000000000e+00
0.000000000000000000e+00
0.000000000000000000e+00
0.000000000000000000e+00
0.000000000000000000e+00
0.000000000000000000e+00
0.000000000000000000e+00
0.000000000000000000e+00
0.000000000000000000e+00
0.000000000000000000e+00
0.000000000000000000e+00
0.000000000000000000e+00
0.000000000000000000e+00
0.000000000000000000e+00
0.000000000000000000e+00
0.000000000000000000e+00
0.000000000000000000e+00
0.000000000000000000e+00
0.000000000000000000e+00
0.000000000000000000e+00
0.000000000000000000e+00
0.000000000000000000e+00
0.000000000000000000e+00
0.000000000000000000e+00
0.000000000000000000e+00
0.000000000000000000e+00
0.000000000000000000e+00
0.000000000000000000e+00
0.000000000000000000e+00
0.000000000000000000e+00
0.000000000000000000e+00
-1.179836074329278173e+00
-1.009558444469188077e+00
-5.523301123067403395e-01
1.863730722396006734e-01
8.741055570520608331e-01
1.313402260843385072e+00
1.469477942885885957e+00
1.437774953959215729e+00
1.330824841739434383e+00
1.159302358795169630e+00
9.329481710698142027e-01
7.300148937392002546e-01
6.165900195378007931e-01
5.765052793641289863e-01
5.257615003321018943e-01
4.445350628453724751e-01
3.669236843287009830e-01
3.668549340480674048e-01
5.290085278044004413e-01
6.256098371750060672e-01
4.557227946272026653e-01
1.524017062584841764e-01
-2.341446428945892777e-01
-6.743600175944178821e-01
-1.053320219912908362e+00
-1.261290434463066434e+00
-1.264556709005659307e+00
-1.239735429099559916e+00
-1.380399685478089111e+00
-1.467246878104798702e+00
-1.242768681418116916e+00
-1.152554695702869614e+00
-1.583433486643063715e+00
-2.010113710909565476e+00
0.000000000000000000e+00
1.382578248777675878e+00
1.422407572528011199e+00
1.473497452131421026e+00
1.710449235881901897e+00
2.193441143118644021e+00
2.704820102138054239e+00
3.074083145263502015e+00
3.296511298026113312e+00
3.462599393719108853e+00
3.589035555900970120e+00
3.655051775347829768e+00
3.661837255691118731e+00
3.620295130939182648e+00
3.559443154431110479e+00
3.485986103404933534e+00
3.381456872889955889e+00
3.231952896872705150e+00
2.988971173863159692e+00
2.644526159122687403e+00
2.359622323060901916e+00
2.253514862279831998e+00
2.287497065083634151e+00
2.374780598002460774e+00
2.413627985244534369e+00
2.364290543669935296e+00
2.278270680341785148e+00
2.227437795351864480e+00
2.232093256587442731e+00
2.205418659853169761e+00
2.040514993364608731e+00
1.869261203983492825e+00
1.935611768783097597e+00
2.037636972731777796e+00
1.787817039301492938e+00
1.377281070772220506e+00
1.164753995189178548e+00
5.023398928359575244e+00
4.994161506063629297e+00
4.918180925420651661e+00
4.842510015246538124e+00
4.808001043334686919e+00
4.780452330371447900e+00
4.696901828067552742e+00
4.581711030052694866e+00
4.582264502352358271e+00
4.693765718120162411e+00
4.840427853560194116e+00
4.991712794195163561e+00
5.116835827029546202e+00
5.212713666182447803e+00
5.269899163005197451e+00
5.264359023555391204e+00
5.160139189517544800e+00
4.872817267098516147e+00
4.418381855693357174e+00
3.985851430606881518e+00
3.743983260479008646e+00
3.824875723323647669e+00
4.116977320888300262e+00
4.419027809386243177e+00
4.646928288995792578e+00
4.827652946507547504e+00
4.989983265873369156e+00
5.110596458194983427e+00
5.165895857197324581e+00
5.156558692804096289e+00
5.155802737599112007e+00
5.280116689955419496e+00
5.445270417356970150e+00
5.411878168337682204e+00
5.234419710280252325e+00
5.118184263123166211e+00
7.134555175769689228e+00
6.988611280247687851e+00
6.697578939355392613e+00
6.273222335940122463e+00
5.750407858737477618e+00
5.207991276338335140e+00
4.714201402933260177e+00
4.378010319492749325e+00
4.329055473765677675e+00
4.491164740385555021e+00
4.738481396004716295e+00
5.018749093126603888e+00
5.289754404550174982e+00
5.532673062879408299e+00
5.723955229430411684e+00
5.819378949891866881e+00
5.734131128574983194e+00
5.326392851358485281e+00
4.735449864126114683e+00
0.000000000000000000e+00
4.191078767610389555e+00
4.408644497699437892e+00
4.904107165634839838e+00
5.422249271962985340e+00
5.819142783335490066e+00
6.089275917438865982e+00
6.249194535877623302e+00
6.283170048579560074e+00
6.231476547479084971e+00
6.192831670765944097e+00
6.269788704984978978e+00
6.544134169123633882e+00
6.949283822944156697e+00
7.215894908311196509e+00
7.274756093852844607e+00
7.274946085192635969e+00
7.274886787197551108e+00
6.980053930787872396e+00
6.471309243906172348e+00
5.768612746242117950e+00
4.927471459309651358e+00
4.127544986669646754e+00
3.482841141447806876e+00
3.130665811880654736e+00
3.133624270485417362e+00
3.343989705625290743e+00
3.642102361480262118e+00
3.991525357847615307e+00
4.351752909576689810e+00
4.695777568256478851e+00
4.996290429340385586e+00
5.194246872496418810e+00
5.156377982016622674e+00
4.694717426458407061e+00
4.018024028301499406e+00
0.000000000000000000e+00
3.584747114383180833e+00
3.903316415967299946e+00
4.557568682276802896e+00
5.279209108128447347e+00
5.841913095384023258e+00
6.159214207983866096e+00
6.196508642446341142e+00
5.967078486159659967e+00
5.628068116415703592e+00
5.410484638135727664e+00
5.467309184337239003e+00
5.822128946570563457e+00
6.407549575439109191e+00
6.967073620092420150e+00
7.312713433677368258e+00
7.472210199381390083e+00
5.688425586367432452e+00
5.297285680251522244e+00
4.732905248618020977e+00
4.024868768320637891e+00
3.204922495794651827e+00
2.484247312875274449e+00
1.951280968088564993e+00
1.681464432357346883e+00
1.670847606421648424e+00
1.796961262405547544e+00
2.018974459211257066e+00
2.337790540454996790e+00
2.714265269712861972e+00
3.113387233759294048e+00
3.503195362706958527e+00
3.803067623766604566e+00
3.844070697322698571e+00
3.441729605453093033e+00
2.804978889038103773e+00
0.000000000000000000e+00
2.346806640955160450e+00
2.630261363091946247e+00
3.302853923175251616e+00
4.121154425177796732e+00
4.784666533898489504e+00
5.111388768319418574e+00
4.996557394209682812e+00
4.509955494016192112e+00
3.929997850515941860e+00
3.530917574861807573e+00
3.510466062506733653e+00
3.858029558774559220e+00
4.475321796634904814e+00
5.164454453833731584e+00
5.712464528461110191e+00
6.011374799345536424e+00
3.040378801429020506e+00
2.720177057262504583e+00
2.374290938072368462e+00
1.992448673472729359e+00
0.000000000000000000e+00
9.892977631485058154e-01
5.894605116936624256e-01
3.633108502501872228e-01
2.516225933903796230e-01
2.158349597175584500e-01
3.163045404754429302e-01
5.720785477416377995e-01
9.342452873995755747e-01
1.354599260356663892e+00
1.784410912218278300e+00
2.116591092846054956e+00
2.194753927874956378e+00
1.924049449245937016e+00
1.473244443142954774e+00
0.000000000000000000e+00
9.214423358768523142e-01
1.040454754620819600e+00
1.601287304520600863e+00
2.369209737381699377e+00
2.978638689654975469e+00
3.198584579163635588e+00
2.953027660727074899e+00
2.433756063680663217e+00
1.882454256177769736e+00
1.362219263025034710e+00
1.146126799398881069e+00
1.381000805088714811e+00
1.936906966543712860e+00
2.595657595400704842e+00
3.152542995564021844e+00
3.462707288555039398e+00
2.863340996607132150e-01
2.255161521615998976e-01
2.623975964806324335e-01
0.000000000000000000e+00
0.000000000000000000e+00
-2.134508465176260250e-01
-6.408485056773963739e-01
-9.322096044720695751e-01
-1.131290491747011684e+00
-1.242521273585993180e+00
-1.178780444565125540e+00
-9.302488347889433795e-01
-5.661968025555079720e-01
-1.641049518231371407e-01
1.951726985970706485e-01
4.104302422792623917e-01
4.399130682586560037e-01
3.793622120109682028e-01
3.180970514717328390e-01
0.000000000000000000e+00
0.000000000000000000e+00
-3.148485665166860237e-01
-3.394697326077756455e-02
4.835051910479212234e-01
8.320700579548261366e-01
8.234048666257848259e-01
5.820367100673979888e-01
3.878122094240888384e-01
0.000000000000000000e+00
-4.390009649846486894e-01
-9.458756186718548786e-01
-9.503131703988970669e-01
-5.669512338046753808e-01
-8.844792059482023405e-02
2.913259076613106124e-01
4.865686945182796097e-01
-1.846625999426185105e+00
-1.574563389125295476e+00
0.000000000000000000e+00
0.000000000000000000e+00
0.000000000000000000e+00
-1.318370887707050576e+00
-1.885054763568235758e+00
-2.267039474762172713e+00
-2.462209733575533299e+00
-2.502829001015057120e+00
-2.353439353857085248e+00
-2.038911723009256161e+00
-1.663947471462223993e+00
-1.354568213941318877e+00
-1.213721235591769920e+00
-1.262860227454201789e+00
-1.334376521923465564e+00
-1.105259366540396027e+00
-6.025138732018932020e-01
0.000000000000000000e+00
0.000000000000000000e+00
-1.127505289998060434e+00
-1.315387845854649074e+00
-1.281741704480351629e+00
-1.331281120650757099e+00
-1.518734194564651530e+00
-1.476209114938826783e+00
-1.045017623114396832e+00
0.000000000000000000e+00
-1.434087107558718488e+00
-2.208344791642637528e+00
-2.623320844379251504e+00
-2.647370261914941736e+00
-2.533471939619594160e+00
-2.435210654699047517e+00
-2.380283631069530337e+00
-3.019488148994409649e+00
-2.471408773461632791e+00
0.000000000000000000e+00
0.000000000000000000e+00
0.000000000000000000e+00
-2.354178559739526833e+00
-3.049994232021364660e+00
-3.448252382298071517e+00
-3.554661852837964098e+00
-3.441867763884711273e+00
-3.149878146658995348e+00
-2.766467004927692486e+00
-2.448978079230850202e+00
-2.353487537396580453e+00
-2.535279404218004906e+00
-2.867698771404927349e+00
-2.989044450223547589e+00
-2.434319640494737147e+00
-1.348479970276893480e+00
0.000000000000000000e+00
0.000000000000000000e+00
-1.492539215898218252e+00
-2.252133461891692168e+00
-2.823032511267461686e+00
-3.211365882171483666e+00
-3.325819305168074891e+00
-2.749687305430220441e+00
-1.681371525072733020e+00
0.000000000000000000e+00
-1.611775623458850726e+00
-2.500594989093523068e+00
-3.437751667082933338e+00
-4.102034944235879443e+00
-4.462912691134939713e+00
-4.600688279318160490e+00
-4.594768664711745387e+00
-3.394503430680747780e+00
-2.658738304034978572e+00
0.000000000000000000e+00
0.000000000000000000e+00
0.000000000000000000e+00
-3.189497198891435570e+00
-3.902158203971062278e+00
-4.220627501878232657e+00
-4.201741079543084290e+00
-3.943164857655763633e+00
-3.569570326005726546e+00
-3.251816188868574820e+00
-3.168219276727519684e+00
-3.410942795113068637e+00
-3.897384997374701676e+00
-4.361320829150044709e+00
-4.373090858527081792e+00
-3.455434867585806646e+00
-1.858484413219393616e+00
0.000000000000000000e+00
0.000000000000000000e+00
0.000000000000000000e+00
-3.022927087620046471e+00
-4.136398660876722921e+00
-4.646363579328602889e+00
-4.400443316577667296e+00
-3.208204255979404174e+00
0.000000000000000000e+00
0.000000000000000000e+00
-1.397652602385893061e+00
-2.289255114146974801e+00
-3.676504879976151052e+00
-4.973781464918044293e+00
-5.747453584043435093e+00
-5.986939017295623167e+00
-5.924269889536395439e+00
-3.285822180360745914e+00
-2.436743693677167144e+00
0.000000000000000000e+00
0.000000000000000000e+00
-2.780457477959506818e+00
-3.604880266286773605e+00
-4.159368281948666812e+00
-4.327232320629353701e+00
-4.204297903995404262e+00
-3.909575166511913835e+00
-3.661101088527952019e+00
-3.675877275715613290e+00
-4.030278076995814196e+00
-4.631871285191235366e+00
-5.252160568057871792e+00
-5.593040870929766761e+00
-5.290468977392253080e+00
-3.946926252070814378e+00
-1.966278637568965149e+00
0.000000000000000000e+00
0.000000000000000000e+00
0.000000000000000000e+00
-3.711273806657053420e+00
-5.136521987151302149e+00
-5.518766932442970230e+00
-4.774661197187265671e+00
-3.086934982668954941e+00
0.000000000000000000e+00
0.000000000000000000e+00
0.000000000000000000e+00
-2.077499117147994401e+00
-3.725921284734580841e+00
-5.391345728068097642e+00
-6.375546444160407056e+00
-6.600658525529595089e+00
-6.443394874366816794e+00
-2.852741063912873187e+00
-1.995666922641062158e+00
0.000000000000000000e+00
0.000000000000000000e+00
-2.665948343597569270e+00
-3.357377152168678602e+00
-3.676183972105359299e+00
-3.708532766683302118e+00
-3.578919193745041305e+00
-3.446048588181100047e+00
-3.580339791721944387e+00
-4.135418115856486665e+00
-4.968701352524803383e+00
-5.787873611088287795e+00
-6.317918080016643678e+00
-6.339628399111482793e+00
-5.607305799608582220e+00
-3.879013071338957008e+00
0.000000000000000000e+00
0.000000000000000000e+00
0.000000000000000000e+00
0.000000000000000000e+00
-4.140399975941697619e+00
-5.630305625139348180e+00
-5.751417406526750042e+00
-4.564198907817563544e+00
-2.618664491852112253e+00
0.000000000000000000e+00
0.000000000000000000e+00
0.000000000000000000e+00
-2.057370236020350074e+00
-3.708742431243584825e+00
-5.391284248401389867e+00
-6.373104224089611414e+00
-6.513936562117232043e+00
-6.263416748044834392e+00
-2.106864409106324665e+00
-1.403164466111998188e+00
0.000000000000000000e+00
0.000000000000000000e+00
-2.049920366643478431e+00
-2.615262622222379818e+00
-2.839158245251073964e+00
-2.870186675298870504e+00
-2.882440307286413539e+00
-3.061298777375038416e+00
-3.633723461469278604e+00
-4.621765487072489798e+00
-5.710524838578530549e+00
-6.522234842375173258e+00
-6.823692017778589580e+00
-6.487219677662445783e+00
-5.371570628527202018e+00
-3.462864631375783819e+00
0.000000000000000000e+00
0.000000000000000000e+00
0.000000000000000000e+00
0.000000000000000000e+00
-4.119405756990537348e+00
-5.516581354371592028e+00
-5.385450187722143234e+00
-3.900362653892088804e+00
-1.910152358442910536e+00
0.000000000000000000e+00
0.000000000000000000e+00
0.000000000000000000e+00
-2.099630504653257290e+00
-3.483946128101374828e+00
-4.890215191074648970e+00
-5.722614637763873802e+00
-5.746420131167346845e+00
-5.409995535798930000e+00
-1.164556089997681454e+00
0.000000000000000000e+00
-5.034110676508843918e-01
-8.110264414161677538e-01
-1.495949455384686377e+00
-2.135996139088439438e+00
-2.494146321867534599e+00
-2.699216783626487093e+00
-2.949494578327699124e+00
-3.385265723110917335e+00
-4.134054509967526769e+00
-5.146515333393653080e+00
-6.107824110475410073e+00
-6.682308518570692968e+00
-6.689890201391438751e+00
-6.039612946799826965e+00
-4.657176854823326551e+00
-2.787455002752602162e+00
0.000000000000000000e+00
0.000000000000000000e+00
0.000000000000000000e+00
0.000000000000000000e+00
-3.746179427957746277e+00
-4.899736069278554318e+00
-4.545381683579833521e+00
-2.918441696990811351e+00
-1.051440673179227847e+00
0.000000000000000000e+00
0.000000000000000000e+00
0.000000000000000000e+00
-1.966639017638197817e+00
-2.894664670367365744e+00
-3.843087140145123648e+00
-4.432524936097707702e+00
-4.349730944959088852e+00
-3.967730636912862874e+00
-3.359956916360059553e-01
0.000000000000000000e+00
-2.186200914126656403e-01
-6.918888416368613736e-01
-1.562433001480403760e+00
-2.413668862871066079e+00
-3.009155843407067987e+00
-3.466458762243168845e+00
-3.917795385210136594e+00
-4.422545225983236961e+00
-5.035083972788438444e+00
-5.709983971716779294e+00
-6.235948224549838770e+00
-6.381432892159220494e+00
-6.018608353703521097e+00
-5.072915275475644137e+00
-3.533907157965054946e+00
-1.877351319429211740e+00
0.000000000000000000e+00
0.000000000000000000e+00
0.000000000000000000e+00
0.000000000000000000e+00
-3.275616720716720387e+00
-3.937430870556106743e+00
-3.315631108345600264e+00
-1.703243950957019637e+00
-1.436070842523074209e-01
0.000000000000000000e+00
0.000000000000000000e+00
0.000000000000000000e+00
-1.700302892912289865e+00
-2.120610710658590303e+00
-2.500428998265270764e+00
-2.725941321865062772e+00
-2.528023604943705482e+00
-2.155346681602840597e+00
0.000000000000000000e+00
0.000000000000000000e+00
-2.140845452449785802e-01
-1.003303416440538554e+00
-2.102865923488747679e+00
-3.061917663378968424e+00
-3.791223069572826176e+00
-4.395726355670151797e+00
-4.907955927572485777e+00
-5.350836845227116889e+00
-5.750322952503791107e+00
-6.063889612185143996e+00
-6.150366899569158718e+00
-5.860314716401381574e+00
-5.123758688906387526e+00
-3.919799092217298053e+00
-2.342621240930875537e+00
-1.006294081008721975e+00
0.000000000000000000e+00
0.000000000000000000e+00
0.000000000000000000e+00
-2.244265030358360669e+00
-2.865490644341941895e+00
-2.746294267858488514e+00
-1.770953335370659465e+00
-3.249977534153447589e-01
7.359150572453990735e-01
0.000000000000000000e+00
0.000000000000000000e+00
0.000000000000000000e+00
-1.455806627331756475e+00
-1.463653795096365950e+00
-1.264627367718280215e+00
-1.016182939320956269e+00
-6.620895930006226449e-01
-3.398279766094173260e-01
0.000000000000000000e+00
0.000000000000000000e+00
-3.949448609978854496e-01
-1.444995227543809602e+00
-2.623933360134520498e+00
-3.558279397464938487e+00
-4.293010555890072411e+00
-4.882947900548160192e+00
-5.316736890729760745e+00
-5.632071482724526845e+00
-5.849664426540062578e+00
-5.916885700626582256e+00
-5.713232019273030815e+00
-5.141141314587795108e+00
-4.209916207393670007e+00
-2.986129785149659099e+00
-1.614095703868618337e+00
-6.375729707838382332e-01
0.000000000000000000e+00
0.000000000000000000e+00
0.000000000000000000e+00
-2.788366929245915227e+00
-2.672255867293545695e+00
-1.641768980848130832e+00
-3.146680633358820978e-01
8.045493878169581725e-01
1.284592546445892491e+00
0.000000000000000000e+00
0.000000000000000000e+00
0.000000000000000000e+00
-1.261002393556305279e+00
-1.020839330110061560e+00
-3.644045136220811498e-01
3.353848731077803125e-01
8.152197294650641579e-01
1.025518980057987362e+00
0.000000000000000000e+00
1.766802670129118125e-01
-5.759147176552318337e-01
-1.799925216683554874e+00
-3.074902916612840986e+00
-4.106379962040287879e+00
-4.903467619519251031e+00
-5.454144083064575099e+00
-5.765932416487443923e+00
-5.899965228435362974e+00
-5.872180642966061015e+00
-5.625056107497771407e+00
-5.073094804806101088e+00
-4.233000586289670686e+00
-3.296952148887731582e+00
-2.425191613805049773e+00
-1.597509560973879195e+00
-1.033494190636131682e+00
0.000000000000000000e+00
0.000000000000000000e+00
-3.291802424816335115e+00
-3.796988508407633578e+00
-3.007112245760733771e+00
-1.207174077862290140e+00
3.684769190413797468e-01
1.089201594663188111e+00
1.114708980950302575e+00
0.000000000000000000e+00
0.000000000000000000e+00
0.000000000000000000e+00
-1.058709573875446619e+00
-7.104450926450127657e-01
2.157252625173512461e-01
1.209916877117406919e+00
1.698002676434401614e+00
1.740824699871323267e+00
0.000000000000000000e+00
1.202520748474089768e-01
-7.779373302983598748e-01
-2.175588828531391350e+00
-3.658456820736482484e+00
-4.934706752288229303e+00
-5.892571464949602600e+00
-6.483948095972369430e+00
-6.755834386644088418e+00
-6.778378021374661166e+00
-6.549445574695091921e+00
-5.988067646339169769e+00
-5.028575128897465163e+00
-3.829242218060734171e+00
-2.848892451452096353e+00
-2.372688771283347986e+00
-2.160989828491925113e+00
-2.121893673945494108e+00
0.000000000000000000e+00
0.000000000000000000e+00
-4.962663364484718009e+00
-5.209783265151803455e+00
-3.993106209921084115e+00
-1.767483434835376288e+00
-5.964948309106323301e-03
0.000000000000000000e+00
0.000000000000000000e+00
0.000000000000000000e+00
0.000000000000000000e+00
0.000000000000000000e+00
0.000000000000000000e+00
-4.807705836020608192e-01
5.739460534626950050e-01
1.665369724277123487e+00
2.070070780858991544e+00
1.984902700794919594e+00
0.000000000000000000e+00
-1.424958866913754174e-01
-1.133954876621091623e+00
-2.585490101230272231e+00
-4.149893870276617491e+00
-5.546660901599818061e+00
-6.599430408516158586e+00
-7.258291365490115332e+00
-7.592832621978134355e+00
-7.669869213064799851e+00
-7.468505837632275934e+00
-6.870085834958620907e+00
-5.763202454804990715e+00
-4.304152517228029495e+00
-3.088671471457044237e+00
-2.618521827971764804e+00
-2.805190030299178794e+00
-3.507185382835075416e+00
0.000000000000000000e+00
-5.791135826491744076e+00
-6.572991969144475810e+00
-6.509893147321555773e+00
-5.234799228676486393e+00
-3.039124567834289969e+00
-1.203989977897706121e+00
0.000000000000000000e+00
0.000000000000000000e+00
0.000000000000000000e+00
0.000000000000000000e+00
0.000000000000000000e+00
0.000000000000000000e+00
-2.974131560990679324e-01
8.083659377152776493e-01
1.804328046025699406e+00
2.083844955024880985e+00
1.945503347238004777e+00
0.000000000000000000e+00
-7.206285147979469841e-01
-1.709644397597217980e+00
-2.932427095555635965e+00
-4.240716848670564865e+00
-5.470947205131494684e+00
-6.462977341434398504e+00
-7.153105180783377648e+00
-7.579802537997211154e+00
-7.786866064196023451e+00
-7.748310232948375287e+00
-7.331961646298685409e+00
-6.362870767958641594e+00
-4.850751333899411044e+00
-3.311352844669982698e+00
-2.534815525256171043e+00
-2.943496606887664679e+00
0.000000000000000000e+00
-5.958364963957708760e+00
-6.951636606943551122e+00
-7.339467075148022879e+00
-7.165079072158917484e+00
-6.176760577071686242e+00
-4.391333431117063313e+00
-2.695416781566614350e+00
0.000000000000000000e+00
0.000000000000000000e+00
0.000000000000000000e+00
0.000000000000000000e+00
0.000000000000000000e+00
0.000000000000000000e+00
2.139085856580909273e-02
1.120683557079490633e+00
1.882985200401889880e+00
1.971563390979838459e+00
1.751049551295657869e+00
0.000000000000000000e+00
-1.353093822031445681e+00
-2.306190690813793687e+00
-3.133615679880644933e+00
-3.941498952105782383e+00
-4.792155580920677060e+00
-5.602842716312196991e+00
-6.275977046191779429e+00
-6.771092508695231160e+00
-7.086616813183125529e+00
-7.196600438566161273e+00
-6.966904367521146391e+00
-6.161756161349040362e+00
-4.649844205156379751e+00
-2.894495288066667449e+00
-1.978482066521000338e+00
0.000000000000000000e+00
-4.200431312375719983e+00
-5.657639048152800498e+00
-6.508118943879488860e+00
-6.932097940903735100e+00
-7.006972790218668479e+00
-6.492707645739885791e+00
-5.241679565950303932e+00
-3.778143813042127430e+00
0.000000000000000000e+00
0.000000000000000000e+00
0.000000000000000000e+00
0.000000000000000000e+00
0.000000000000000000e+00
0.000000000000000000e+00
4.892260166738963134e-01
1.573484966660246620e+00
0.000000000000000000e+00
1.873817606720624473e+00
1.466783106997372466e+00
0.000000000000000000e+00
-1.536037005223298557e+00
-2.450307363029931462e+00
-2.962420333334478073e+00
-3.276902449912198367e+00
-3.689574173657602874e+00
-4.241952185228363703e+00
-4.829006278658271256e+00
-5.341121223693525266e+00
-5.722971257916678489e+00
-5.938058537309189866e+00
-5.839163766469367189e+00
-5.121213328631783135e+00
-3.603819105672552592e+00
-1.913960715745329999e+00
0.000000000000000000e+00
-2.153372924779322961e+00
-3.424095072916202742e+00
-4.272002207243875915e+00
-4.904472308669695302e+00
-5.540256638500835606e+00
-6.023314873112894929e+00
-6.016254006638523499e+00
-5.242085268424842681e+00
-3.956731485628058653e+00
0.000000000000000000e+00
0.000000000000000000e+00
0.000000000000000000e+00
0.000000000000000000e+00
0.000000000000000000e+00
0.000000000000000000e+00
9.003756348212736960e-01
1.902493799639536354e+00
0.000000000000000000e+00
0.000000000000000000e+00
0.000000000000000000e+00
0.000000000000000000e+00
0.000000000000000000e+00
-2.014824063067888638e+00
-2.304433647305594413e+00
-2.268260481647030868e+00
-2.302537951527897864e+00
-2.552543559370405113e+00
-2.953279393133897202e+00
-3.393978389636499227e+00
-3.786793468408927055e+00
-4.065779855423376610e+00
-4.059756430757397894e+00
-3.418839586777528528e+00
-2.025553754871725953e+00
-7.384944454343260745e-01
0.000000000000000000e+00
-1.659864831311007372e+00
-2.392067729958219591e+00
-2.585525830586573814e+00
-2.874473027474615971e+00
-3.553237062082461595e+00
-4.336522112415580388e+00
-4.741721837293785491e+00
-4.358925061490658948e+00
-3.260315999308503354e+00
0.000000000000000000e+00
0.000000000000000000e+00
0.000000000000000000e+00
0.000000000000000000e+00
0.000000000000000000e+00
0.000000000000000000e+00
1.113914226320757983e+00
1.813791736656889420e+00
0.000000000000000000e+00
0.000000000000000000e+00
0.000000000000000000e+00
0.000000000000000000e+00
0.000000000000000000e+00
-1.360209931962220509e+00
-1.412238544798631867e+00
-1.155268829447183121e+00
-9.146103425018224931e-01
-8.437806361786986953e-01
-9.432167317666153572e-01
-1.177245553983548687e+00
-1.479542168268027202e+00
-1.755967673390641304e+00
-1.816499031637495154e+00
-1.342315682593218762e+00
-3.640275455120224879e-01
2.450958716002332449e-01
0.000000000000000000e+00
-9.811718940613951556e-01
-1.194377368004380324e+00
-9.301601062451788637e-01
-9.135449665695584143e-01
-1.468540152585010361e+00
-2.312399648484027459e+00
-2.907097735479963418e+00
-2.812750571621601470e+00
-2.008616632212640862e+00
0.000000000000000000e+00
0.000000000000000000e+00
0.000000000000000000e+00
0.000000000000000000e+00
0.000000000000000000e+00
0.000000000000000000e+00
0.000000000000000000e+00
0.000000000000000000e+00
0.000000000000000000e+00
0.000000000000000000e+00
0.000000000000000000e+00
0.000000000000000000e+00
0.000000000000000000e+00
-7.185751758162209901e-01
-5.855618888596391125e-01
-2.318113052690934650e-01
1.773201862917959115e-01
5.542951454653249899e-01
8.236060746917087672e-01
9.167431832214869569e-01
8.296851018668461863e-01
6.428531235035322977e-01
5.222051943198580126e-01
6.672840485127057297e-01
9.481514491893872076e-01
8.285600915069359917e-01
0.000000000000000000e+00
0.000000000000000000e+00
0.000000000000000000e+00
1.890177391030371523e-01
4.467594924650917232e-01
1.859241533648591516e-01
-4.239833521901968383e-01
-9.252478208262773229e-01
-9.654152873419677983e-01
-5.218926774828124282e-01
0.000000000000000000e+00
0.000000000000000000e+00
5.712707134827980093e-01
8.078301129553944193e-01
0.000000000000000000e+00
0.000000000000000000e+00
0.000000000000000000e+00
0.000000000000000000e+00
0.000000000000000000e+00
0.000000000000000000e+00
0.000000000000000000e+00
0.000000000000000000e+00
0.000000000000000000e+00
0.000000000000000000e+00
8.151236579368098534e-02
4.143338360876641646e-01
8.854373026624702270e-01
1.461171863608862642e+00
2.013885952385176648e+00
2.416794366751408685e+00
2.599647915225687722e+00
2.570870499371846751e+00
2.387400892605908709e+00
2.073527484151751921e+00
1.598732057837725096e+00
0.000000000000000000e+00
0.000000000000000000e+00
0.000000000000000000e+00
0.000000000000000000e+00
4.236212125232933778e-01
8.526357381158016224e-01
9.904859048872993732e-01
8.680298487384634498e-01
7.223323256965998862e-01
7.256660134338500656e-01
8.471882305903153387e-01
9.646174971770803408e-01
1.019373367744615733e+00
1.011783417564583454e+00
9.397485583192977110e-01
7.146465119356710805e-01
0.000000000000000000e+00
0.000000000000000000e+00
0.000000000000000000e+00
0.000000000000000000e+00
0.000000000000000000e+00
0.000000000000000000e+00
0.000000000000000000e+00
0.000000000000000000e+00
0.000000000000000000e+00
5.645546105377995394e-01
8.278929429514629845e-01
1.273586745574665002e+00
1.863153494388223752e+00
2.486266833675045529e+00
3.041572677685741244e+00
3.434792597937005976e+00
3.570100479480442068e+00
3.317396398430448645e+00
2.528782408776014456e+00
1.456227410490666729e+00
0.000000000000000000e+00
0.000000000000000000e+00
0.000000000000000000e+00
0.000000000000000000e+00
1.852328743938680133e-01
6.469518390956617848e-01
1.012127963619533721e+00
1.410541317926617300e+00
1.772291143229304922e+00
1.964040124187365510e+00
1.865126931849020897e+00
0.000000000000000000e+00
1.164466879210024786e+00
8.336294781219677485e-01
0.000000000000000000e+00
0.000000000000000000e+00
0.000000000000000000e+00
0.000000000000000000e+00
0.000000000000000000e+00
0.000000000000000000e+00
0.000000000000000000e+00
0.000000000000000000e+00
0.000000000000000000e+00
0.000000000000000000e+00
0.000000000000000000e+00
7.617755457898651716e-01
9.210228631325476645e-01
1.220745519243505495e+00
1.633511671576895141e+00
2.136118232132079076e+00
2.680380527663116297e+00
3.153202753253351975e+00
3.358142118604853898e+00
2.974304715578093283e+00
1.770730031923240189e+00
3.782389275856469779e-01
0.000000000000000000e+00
0.000000000000000000e+00
0.000000000000000000e+00
0.000000000000000000e+00
0.000000000000000000e+00
7.533744320523088067e-01
1.007963491691562075e+00
1.608709802250421372e+00
2.301089686276446056e+00
2.671438893545248661e+00
2.449281920088791420e+00
1.684559283144354547e+00
0.000000000000000000e+00
0.000000000000000000e+00
0.000000000000000000e+00
0.000000000000000000e+00
0.000000000000000000e+00
0.000000000000000000e+00
0.000000000000000000e+00
0.000000000000000000e+00
0.000000000000000000e+00
0.000000000000000000e+00
0.000000000000000000e+00
0.000000000000000000e+00
0.000000000000000000e+00
0.000000000000000000e+00
6.264003800900946883e-01
6.326550030632853705e-01
7.388485587260651410e-01
1.018165176307910924e+00
1.443971617940020380e+00
1.839582182526025234e+00
1.941989640338784406e+00
1.385851530690017430e+00
9.328975552539425786e-02
-9.716020807727743236e-01
0.000000000000000000e+00
0.000000000000000000e+00
0.000000000000000000e+00
0.000000000000000000e+00
0.000000000000000000e+00
0.000000000000000000e+00
1.672815706348107723e+00
1.913422577431344473e+00
2.412154896023282813e+00
2.739892305390324356e+00
2.399843319248739615e+00
1.381032654475288890e+00
0.000000000000000000e+00
0.000000000000000000e+00
0.000000000000000000e+00
0.000000000000000000e+00
0.000000000000000000e+00
0.000000000000000000e+00
0.000000000000000000e+00
0.000000000000000000e+00
0.000000000000000000e+00
0.000000000000000000e+00
0.000000000000000000e+00
0.000000000000000000e+00
0.000000000000000000e+00
0.000000000000000000e+00
1.480933158754739742e-01
-1.449539154292130705e-01
-3.293899462682828849e-01
-2.991988692354955459e-01
-6.932309785390929069e-02
1.016648833207159652e-01
-2.596742615556544426e-02
-5.465756531192937917e-01
-1.181501752753000956e+00
0.000000000000000000e+00
0.000000000000000000e+00
0.000000000000000000e+00
0.000000000000000000e+00
0.000000000000000000e+00
0.000000000000000000e+00
0.000000000000000000e+00
2.387606583448558251e+00
1.820483818191961145e+00
1.776761499635945984e+00
1.891417812632574025e+00
1.495957414992188594e+00
0.000000000000000000e+00
0.000000000000000000e+00
0.000000000000000000e+00
0.000000000000000000e+00
0.000000000000000000e+00
0.000000000000000000e+00
0.000000000000000000e+00
0.000000000000000000e+00
0.000000000000000000e+00
0.000000000000000000e+00
0.000000000000000000e+00
0.000000000000000000e+00
0.000000000000000000e+00
0.000000000000000000e+00
0.000000000000000000e+00
0.000000000000000000e+00
0.000000000000000000e+00
-8.571875261273171898e-01
-9.836054341724592698e-01
-9.562591251913887813e-01
-1.020526588183018335e+00
-1.265912305001078098e+00
-1.429958036826664891e+00
0.000000000000000000e+00
0.000000000000000000e+00
0.000000000000000000e+00
0.000000000000000000e+00
0.000000000000000000e+00
0.000000000000000000e+00
0.000000000000000000e+00
0.000000000000000000e+00
1.907034228497427097e+00
7.884913731740840204e-01
4.740199441345431253e-01
4.487409917198596498e-01
1.648393325438806123e-01
-3.542723538942047501e-01
0.000000000000000000e+00
0.000000000000000000e+00
0.000000000000000000e+00
0.000000000000000000e+00
0.000000000000000000e+00
0.000000000000000000e+00
0.000000000000000000e+00
0.000000000000000000e+00
0.000000000000000000e+00
0.000000000000000000e+00
0.000000000000000000e+00
0.000000000000000000e+00
0.000000000000000000e+00
0.000000000000000000e+00
0.000000000000000000e+00
0.000000000000000000e+00
0.000000000000000000e+00
0.000000000000000000e+00
0.000000000000000000e+00
-1.222096392175137769e+00
0.000000000000000000e+00
0.000000000000000000e+00
0.000000000000000000e+00
0.000000000000000000e+00
0.000000000000000000e+00
0.000000000000000000e+00
0.000000000000000000e+00
0.000000000000000000e+00
0.000000000000000000e+00
2.122790509361636158e+00
7.529508900235287738e-01
0.000000000000000000e+00
0.000000000000000000e+00
-3.395730180384253644e-02
-3.310936627488760275e-01
-5.899759358624671046e-01
-4.754431975399885935e-01
1.335314347745991392e-01
0.000000000000000000e+00
0.000000000000000000e+00
0.000000000000000000e+00
0.000000000000000000e+00
0.000000000000000000e+00
0.000000000000000000e+00
0.000000000000000000e+00
0.000000000000000000e+00
-1.289327538266289430e-01
-2.429375683402715536e-01
-3.887591656274427820e-01
-4.616207478567409539e-01
-4.952495573576882748e-01
-5.820190896754049437e-01
-7.033705339249981536e-01
-8.224886184667330458e-01
-9.752508861620509117e-01
-1.149815130455323020e+00
-1.183563100781003685e+00
-9.091434160908546946e-01
-3.692539731576777728e-01
4.245275590801599885e-01
1.386466246836408178e+00
2.089348994678718263e+00
2.350396108914458715e+00
2.392254023383570960e+00
2.080236576502268342e+00
1.142511678492365901e+00
0.000000000000000000e+00
0.000000000000000000e+00
0.000000000000000000e+00
0.000000000000000000e+00
2.545712071276373667e-01
-2.603732266117631533e-01
-4.002028745376785546e-01
-1.249902165418051159e-01
4.103684075351187177e-01
7.188344799001767926e-01
6.429875367967408106e-01
4.677621933042049873e-01
2.304103397533188158e-01
-8.944614665720120039e-02
-3.190126941775379144e-01
-3.741962255061085929e-01
