0.000000000000000000e+00
0.000000000000000000e+00
0.000000000000000000e+00
0.000000000000000000e+00
0.000000000000000000e+00
0.000000000000000000e+00
0.000000000000000000e+00
0.000000000000000000e+00
0.000000000000000000e+00
0.000000000000000000e+00
0.000000000000000000e+00
0.000000000000000000e+00
0.000000000000000000e+00
0.000000000000000000e+00
0.000000000000000000e+00
0.000000000000000000e+00
0.000000000000000000e+00
0.000000000000000000e+00
0.000000000000000000e+00
0.000000000000000000e+00
0.000000000000000000e+00
0.000000000000000000e+00
0.000000000000000000e+00
0.000000000000000000e+00
0.000000000000000000e+00
0.000000000000000000e+00
0.000000000000000000e+00
0.000000000000000000e+00
0.000000000000000000e+00
0.000000000000000000e+00
0.000000000000000000e+00
0.000000000000000000e+00
0.000000000000000000e+00
0.000000000000000000e+00
0.000000000000000000e+00
0.000000000000000000e+00
0.000000000000000000e+00
-2.814466879375841432e-02
-2.423204276894231138e-02
-1.398507327208773493e-02
3.379378003134789459e-03
2.296582091407821727e-02
4.149846575637396173e-02
5.578121164118706593e-02
6.333734650550677803e-02
6.330068036649180718e-02
5.620789094510793976e-02
4.612939398455297851e-02
3.822900403613277431e-02
3.069703186295013458e-02
1.986831230792180519e-02
8.927659695238066018e-03
3.829883220809258970e-03
9.189879928762231809e-03
2.446998013956306478e-02
3.184294016693649948e-02
2.725940175399447357e-02
2.153057116668884510e-02
1.750397623974873224e-02
1.511706599227543267e-02
1.546455547890717222e-02
1.396100957791090134e-02
1.088311920074840240e-02
9.577645775375915466e-03
7.393331368608553784e-03
-9.696236094741503438e-05
-7.529919613708475033e-03
-6.880448314682378191e-03
-3.853591110678410842e-03
-9.871223283005462965e-03
-2.121515188529289608e-02
0.000000000000000000e+00
4.562191450380519847e-02
4.610719746682731546e-02
4.828237859776563640e-02
5.521483489556230223e-02
6.769877879626629014e-02
8.167069322461804892e-02
9.437190004454838743e-02
1.049268603712333880e-01
1.124125934272542232e-01
1.156795510835398055e-01
1.146044037679704169e-01
1.107006953220295992e-01
1.060087397153704897e-01
1.009077435469493272e-01
9.476325519627021299e-02
8.837140599385777395e-02
8.447184565611752516e-02
8.658273487115178413e-02
8.772329295814065842e-02
7.719249373067557651e-02
6.955694298875386705e-02
7.177569011517596909e-02
7.598534493175698734e-02
7.852930138599796550e-02
8.018710645189473796e-02
8.095034782949984964e-02
8.144351167420819937e-02
8.254140642385039695e-02
8.217526719333642649e-02
7.763423783966900971e-02
7.302915689598105109e-02
7.416265960606244212e-02
7.622934637499986787e-02
7.033738564959383932e-02
5.948194425252528728e-02
5.156284779794033379e-02
1.403521403368533926e-01
1.366153546085051018e-01
1.311802325494976218e-01
1.266880787394589480e-01
1.238258524696151525e-01
1.219915884046605392e-01
1.212615799267656586e-01
1.223513310145723509e-01
1.262127746824009966e-01
1.310746726412025387e-01
1.346329217308747384e-01
1.364988827874660526e-01
1.371179856748336034e-01
1.366447065919539627e-01
1.347738835989008843e-01
1.313098889843735961e-01
1.283316213058225408e-01
1.300365533372952465e-01
1.269509268684715364e-01
1.098196233890723489e-01
1.020615659359390553e-01
1.104807491128180219e-01
1.225501288536652161e-01
1.325679795168188957e-01
1.405073350593225856e-01
1.467587078825459412e-01
1.511974657543939393e-01
1.538597928826550554e-01
1.548627401009249338e-01
1.547257826825393090e-01
1.561216316187734043e-01
1.611594602275551735e-01
1.655400741080983729e-01
1.634816424082200237e-01
1.570542872749079721e-01
1.518707008355366372e-01
1.818824820534648279e-01
1.736593281920426335e-01
1.613481552078920023e-01
1.479525115963809256e-01
1.320104384972801970e-01
1.151943602276130074e-01
1.034090742454324974e-01
9.882561710583112613e-02
1.013975556460918470e-01
1.082908035735986180e-01
1.157007927525054020e-01
1.221827038709532437e-01
1.275596139389319483e-01
1.314912173522053696e-01
1.332831971624361678e-01
1.318054660078312179e-01
1.264446111724403521e-01
1.186151561282285799e-01
1.084087419737519015e-01
0.000000000000000000e+00
1.001700278971854735e-01
1.146884279040641247e-01
1.329338152884194935e-01
1.489693545447874634e-01
1.608057810212396299e-01
1.681706131500379786e-01
1.711328047315585077e-01
1.704267543841337385e-01
1.685344545152225870e-01
1.686667217806390728e-01
1.734472201601755803e-01
1.837971300184660373e-01
1.950970115720735421e-01
2.003005718027754400e-01
1.991891800982462102e-01
1.967822537365275237e-01
1.659690749304687518e-01
1.563695539555534642e-01
1.434256505773564283e-01
1.295219088970547550e-01
1.087531489334525869e-01
8.392369920933398508e-02
6.748037072303150752e-02
6.209584178289553891e-02
6.428651871140241003e-02
7.087771715179856657e-02
7.890404964284410128e-02
8.691379835245835461e-02
9.446074098321395607e-02
1.010070022624183911e-01
1.056329223038533632e-01
1.062911122495329846e-01
9.905109780508405959e-02
8.177145746421267403e-02
6.599670356037816432e-02
0.000000000000000000e+00
7.559483431683598764e-02
9.096903980500387066e-02
1.110051259704215448e-01
1.299691358957823784e-01
1.428418369143031053e-01
1.479905778943979566e-01
1.459060823679504126e-01
1.387834816157210160e-01
1.315540575015828328e-01
1.295430856374117923e-01
1.348606636303815165e-01
1.477859059322889912e-01
1.645373336283212917e-01
1.769587384520203144e-01
1.816669130432970736e-01
1.821886841160509918e-01
1.174948357639561958e-01
1.100852868048331490e-01
1.012325488049205802e-01
9.091603873136995528e-02
7.139521471425565313e-02
4.834694672286504735e-02
3.475480732983164678e-02
3.051722209506842892e-02
3.091811636138163538e-02
3.456304732423479131e-02
4.042670449704936775e-02
4.747802500647323870e-02
5.507663689930553108e-02
6.262622358479842666e-02
6.905631504982348567e-02
7.170232873955359465e-02
6.570267575799440540e-02
4.920445913220106854e-02
3.678194931711787491e-02
0.000000000000000000e+00
4.865949633383116757e-02
5.846956783416065728e-02
7.531316588158908087e-02
9.302172808816876193e-02
1.045785329156719429e-01
1.071940024112894574e-01
1.015987157099864091e-01
9.097015243755769698e-02
8.005645537289657332e-02
7.503872449932784405e-02
7.866115376942614534e-02
9.018237340694508497e-02
1.064072473960301912e-01
1.208090808239618563e-01
1.290306888830927978e-01
1.318999703384999833e-01
6.064952557162515967e-02
5.822205798647447916e-02
5.513683010903679821e-02
4.817922352711311029e-02
0.000000000000000000e+00
1.731009289302463255e-02
9.373915682084147868e-03
5.918901652956917551e-03
3.906509097180338279e-03
4.404944023914058281e-03
7.888179327463837667e-03
1.357670853335879793e-02
2.066207113966363543e-02
2.839376999639842136e-02
3.533795533963095259e-02
3.864323084149832305e-02
3.484119918562558066e-02
2.462037368523820741e-02
1.884986495562280401e-02
0.000000000000000000e+00
2.310068165865079154e-02
2.655421365613317222e-02
3.839602523435180215e-02
5.193735454375167371e-02
6.012710654607691246e-02
6.027107838884154800e-02
5.434964807580466850e-02
4.576953184544921976e-02
3.487259180974972006e-02
2.668020093239467302e-02
2.695827935636830111e-02
3.513499097078294497e-02
4.752558548973907088e-02
5.945293179017235863e-02
6.723104656797286582e-02
7.027657985188036360e-02
1.307226197942940212e-02
1.734710324627036088e-02
1.977348697184195397e-02
0.000000000000000000e+00
0.000000000000000000e+00
-6.073811457892468874e-03
-1.141643696437428732e-02
-1.513878817261988044e-02
-1.820136996374040889e-02
-1.882419161069461000e-02
-1.611390280612235576e-02
-1.074321464144997393e-02
-3.821039158848766638e-03
3.341879185983176199e-03
8.912754822333035162e-03
1.083044384032700799e-02
8.489434285850284978e-03
4.676268323419961737e-03
4.262268018902544940e-03
0.000000000000000000e+00
0.000000000000000000e+00
1.119659029419320124e-03
7.537130044561810363e-03
1.555462539308734293e-02
1.862352234172686902e-02
1.571045797554270623e-02
1.163918769096731858e-02
8.549286011732642326e-03
0.000000000000000000e+00
-9.880788802146687339e-03
-1.278516410820273660e-02
-7.957526587591426392e-03
5.135407597053909820e-04
8.522818853315896823e-03
1.326493493898304142e-02
1.463598749254528021e-02
-1.695279601519227367e-02
-5.946436881612394455e-03
0.000000000000000000e+00
0.000000000000000000e+00
0.000000000000000000e+00
-2.462123003421686288e-02
-3.027456093543583887e-02
-3.430355571304883472e-02
-3.674553329759146919e-02
-3.629822471248456833e-02
-3.245708594746473524e-02
-2.619664078272873273e-02
-1.937154776886408636e-02
-1.412391569520566291e-02
-1.205258200129651763e-02
-1.310545658264373158e-02
-1.428740088412877411e-02
-1.164611753185012914e-02
-5.844696527748890515e-03
0.000000000000000000e+00
0.000000000000000000e+00
-1.395238071604493375e-02
-1.447595224512830854e-02
-1.285635170330584783e-02
-1.519095367551575627e-02
-1.984344665365034635e-02
-1.867555026027056461e-02
-1.304782649353716101e-02
0.000000000000000000e+00
-2.970582435216651690e-02
-3.697188384567655361e-02
-3.685372203947708675e-02
-3.334022037700201668e-02
-3.023225042012797972e-02
-2.915865915310899767e-02
-2.945190100589492946e-02
-3.167144746810428291e-02
-1.761621197940737779e-02
0.000000000000000000e+00
0.000000000000000000e+00
0.000000000000000000e+00
-4.028419083413441876e-02
-4.636407073505660614e-02
-4.979819730929092858e-02
-5.047300065083661080e-02
-4.764879933080334168e-02
-4.174430375509281810e-02
-3.470073311755196566e-02
-2.928536061440509958e-02
-2.774098678692659553e-02
-3.026909624366442425e-02
-3.424839159184505516e-02
-3.392173837476417791e-02
-2.493225611111938092e-02
-1.207001342916210092e-02
0.000000000000000000e+00
0.000000000000000000e+00
-2.237066510330814120e-02
-3.002725606020275120e-02
-3.437274080757531797e-02
-3.992780168787505440e-02
-4.274880604723974020e-02
-3.384541523943581515e-02
-1.872573341106253952e-02
0.000000000000000000e+00
-3.265745456393484569e-02
-4.605712091700361194e-02
-5.300965034729254038e-02
-5.650370815067034397e-02
-5.893859024241084738e-02
-6.020155714241001016e-02
-6.022497538117496663e-02
-3.670237422507771630e-02
-2.393006587615882294e-02
0.000000000000000000e+00
0.000000000000000000e+00
0.000000000000000000e+00
-5.095233282864111701e-02
-5.638131884972507474e-02
-5.848625607219291866e-02
-5.696500358285660343e-02
-5.174782847726171198e-02
-4.479470722107038033e-02
-3.926778883229485595e-02
-3.789587169549649137e-02
-4.135265924966636392e-02
-4.766519983479527295e-02
-5.266813400990719152e-02
-5.003785595074575904e-02
-3.542888098239162231e-02
-1.607702474640958570e-02
0.000000000000000000e+00
0.000000000000000000e+00
0.000000000000000000e+00
-4.327014558478964323e-02
-5.153270103802502083e-02
-5.625981003519152368e-02
-5.292908307630123099e-02
-3.649370262861557912e-02
0.000000000000000000e+00
0.000000000000000000e+00
-2.871367524015130610e-02
-4.656516041472852363e-02
-6.042951489557815692e-02
-7.119752378156764261e-02
-7.838189353392788217e-02
-7.987591986168575409e-02
-7.765850468842724896e-02
-3.393337516841918311e-02
-2.392719039190926295e-02
0.000000000000000000e+00
0.000000000000000000e+00
-4.178078886142846948e-02
-5.346474234032838613e-02
-5.692766730717134516e-02
-5.733360454574718684e-02
-5.414530405323444984e-02
-4.835584906954102508e-02
-4.362049006284423464e-02
-4.338006045784942311e-02
-4.844583777364486893e-02
-5.662795340751271972e-02
-6.416744951468503211e-02
-6.705277334824163993e-02
-6.046209149999336174e-02
-4.097890696539379513e-02
-1.724263324646519574e-02
0.000000000000000000e+00
0.000000000000000000e+00
0.000000000000000000e+00
-5.518031509437185123e-02
-6.438787082446023602e-02
-6.452879703401642741e-02
-5.303243784801980887e-02
-3.162020574066192607e-02
0.000000000000000000e+00
0.000000000000000000e+00
0.000000000000000000e+00
-4.374874252868639346e-02
-6.196067251558642214e-02
-7.768402905835586347e-02
-8.749958042722277840e-02
-8.798256472871887612e-02
-8.330151912736798170e-02
-2.708405846976476988e-02
-2.134672703139248520e-02
0.000000000000000000e+00
0.000000000000000000e+00
-4.481871874521765192e-02
-4.849069382007578644e-02
-4.786356042601996180e-02
-4.648718468456392028e-02
-4.328094207601212995e-02
-4.011975162348857538e-02
-4.118589359495310187e-02
-4.852111255026388126e-02
-5.998860294238295837e-02
-7.089377390600307138e-02
-7.680646409452182577e-02
-7.478882298699368603e-02
-6.255393406011022783e-02
-3.960945681676390773e-02
0.000000000000000000e+00
0.000000000000000000e+00
0.000000000000000000e+00
0.000000000000000000e+00
-6.244328159279217971e-02
-7.030776121350779118e-02
-6.449170601851107743e-02
-4.657602381949434156e-02
-2.410909547439195680e-02
0.000000000000000000e+00
0.000000000000000000e+00
0.000000000000000000e+00
-3.897432909961257019e-02
-5.841458714510939371e-02
-7.574656996208507798e-02
-8.564343039436984883e-02
-8.465102631131773969e-02
-7.844770148139938726e-02
-2.003745457142019556e-02
-1.951753413390118833e-02
0.000000000000000000e+00
0.000000000000000000e+00
-4.575350625548590955e-02
-3.938269953696695025e-02
-3.473381240969971445e-02
-3.278064442381533466e-02
-3.174582527342232480e-02
-3.333540392666147628e-02
-4.056371197658698718e-02
-5.346830333674060243e-02
-6.799188937816107170e-02
-7.855690977366458494e-02
-8.097041645617827910e-02
-7.338852060001857525e-02
-5.632410415806002324e-02
-3.294135020240220729e-02
0.000000000000000000e+00
0.000000000000000000e+00
0.000000000000000000e+00
0.000000000000000000e+00
-6.002183494858080726e-02
-6.687102725644059054e-02
-5.665756630100440144e-02
-3.601426967160497455e-02
-1.599793683200122912e-02
0.000000000000000000e+00
0.000000000000000000e+00
0.000000000000000000e+00
-3.314024977620545070e-02
-5.026933774818925782e-02
-6.583294246709119057e-02
-7.369556285348509428e-02
-7.115680176183891703e-02
-6.454881880456223020e-02
-1.388894627703607734e-02
0.000000000000000000e+00
-2.474260414841154831e-02
-3.665622850267589300e-02
-3.637778557398428647e-02
-2.976502002046470946e-02
-2.649866882962129827e-02
-2.669977472394626308e-02
-2.899143352268440665e-02
-3.426298016486760412e-02
-4.385727184504981807e-02
-5.673639314623480506e-02
-6.890973010437155544e-02
-7.567018790536744755e-02
-7.379070847447800896e-02
-6.230435279789953845e-02
-4.380113590519807421e-02
-2.366595061776004608e-02
0.000000000000000000e+00
0.000000000000000000e+00
0.000000000000000000e+00
0.000000000000000000e+00
-4.840315957478510955e-02
-5.479672304422593399e-02
-4.311638884285338286e-02
-2.341181429278427900e-02
-7.933154342376175575e-03
0.000000000000000000e+00
0.000000000000000000e+00
0.000000000000000000e+00
-2.680935464687791286e-02
-3.843401595604054727e-02
-4.932657493529215426e-02
-5.425394405696001149e-02
-5.117303960442256411e-02
-4.564050077860391796e-02
-7.591728190294137930e-03
0.000000000000000000e+00
-1.357146154984543128e-02
-2.174681547708555082e-02
-2.525626348924426764e-02
-2.564044468662654216e-02
-2.743214486828836340e-02
-3.102733289046824203e-02
-3.578973900090186983e-02
-4.194918824312325600e-02
-4.968985572228654113e-02
-5.779453643710464467e-02
-6.349288122968373138e-02
-6.401536401711409308e-02
-5.777780359376532421e-02
-4.464193670973001793e-02
-2.780244979989710333e-02
-1.309407178881052784e-02
0.000000000000000000e+00
0.000000000000000000e+00
0.000000000000000000e+00
0.000000000000000000e+00
-3.653012842965038670e-02
-3.842529577015306452e-02
-2.674845702362681557e-02
-1.048114771687009769e-02
-4.202050690099660285e-04
0.000000000000000000e+00
0.000000000000000000e+00
0.000000000000000000e+00
-2.016169134106738509e-02
-2.508930076195277012e-02
-2.976590643912110923e-02
-3.144206676465598205e-02
-2.861344460066060635e-02
-2.486731784587343022e-02
0.000000000000000000e+00
0.000000000000000000e+00
-7.947858679038922666e-03
-1.635889728066673016e-02
-2.313321461072084459e-02
-2.800136424603243135e-02
-3.308578543187559035e-02
-3.836087963599888601e-02
-4.347952956931210727e-02
-4.855873750061256988e-02
-5.327706020255855435e-02
-5.636857347756501352e-02
-5.598073668238967571e-02
-5.096582453118531780e-02
-4.135360218929348686e-02
-2.801720179171312067e-02
-1.408491492609863054e-02
-4.647055127811841602e-03
0.000000000000000000e+00
0.000000000000000000e+00
0.000000000000000000e+00
-2.908019941634536198e-02
-2.916845023001642806e-02
-2.225904221706741237e-02
-1.041399973810728553e-02
1.528404424223355146e-03
6.034982064543318973e-03
0.000000000000000000e+00
0.000000000000000000e+00
0.000000000000000000e+00
-1.419204688647428096e-02
-1.391322352472279707e-02
-1.237015490484649760e-02
-1.014427796765362579e-02
-6.766440779282696834e-03
-3.860538904192997983e-03
0.000000000000000000e+00
0.000000000000000000e+00
-8.095139562643866721e-03
-1.866414621116490105e-02
-2.755468812495711489e-02
-3.463855413353111173e-02
-4.097389497667488362e-02
-4.603950544874184370e-02
-4.982093783867886511e-02
-5.270237540768463180e-02
-5.442130108791135013e-02
-5.382370956479017032e-02
-4.955803253257992647e-02
-4.150451308297791603e-02
-3.078532303749753271e-02
-1.879538688090658452e-02
-7.948361070411989748e-03
-2.055108088991488158e-03
0.000000000000000000e+00
0.000000000000000000e+00
0.000000000000000000e+00
-3.888179085749692704e-02
-2.540770238390701805e-02
-1.021596612660242986e-02
1.990515763100594426e-03
9.569046295381172101e-03
9.098728010604656413e-03
0.000000000000000000e+00
0.000000000000000000e+00
0.000000000000000000e+00
-9.943599364264595064e-03
-7.131371988456507681e-03
-3.343298415807929727e-04
6.366461606776117541e-03
1.149064091094024326e-02
1.477843188456056701e-02
0.000000000000000000e+00
1.292652602706563080e-03
-1.101019041039353642e-02
-2.462064190782280171e-02
-3.700018182402672884e-02
-4.761563070977655604e-02
-5.612569087930507905e-02
-6.166058426651557095e-02
-6.432292551415805248e-02
-6.446837959056170297e-02
-6.192660054367121053e-02
-5.597976787039007224e-02
-4.648043477207342705e-02
-3.541030082875806090e-02
-2.549170835812054892e-02
-1.741216059779368899e-02
-1.114681722383141678e-02
-8.969779762652259694e-03
0.000000000000000000e+00
0.000000000000000000e+00
-5.415362085645140239e-02
-5.003606062424054840e-02
-2.837453757692937756e-02
-7.000733148960011296e-03
5.612687380890083247e-03
9.662030799787800495e-03
6.806494677217612456e-03
0.000000000000000000e+00
0.000000000000000000e+00
0.000000000000000000e+00
-7.404009187511525862e-03
-3.423632159586058581e-03
7.419457197470931929e-03
1.843326165294371238e-02
2.589155046350678779e-02
3.029088365916707964e-02
0.000000000000000000e+00
-7.216204493995644021e-04
-1.557746423719508395e-02
-3.255230111210282579e-02
-4.919690372410671225e-02
-6.443509207127695593e-02
-7.672538691099750618e-02
-8.482648932574983480e-02
-8.858943066791503951e-02
-8.785721495444649698e-02
-8.190029078820963704e-02
-6.987049300683109698e-02
-5.287307847844791020e-02
-3.612719110580605436e-02
-2.575284331729443127e-02
-2.245800425704191222e-02
-2.442532812552817081e-02
-3.182792226359579257e-02
0.000000000000000000e+00
0.000000000000000000e+00
-7.485157613762197237e-02
-6.652847137627376783e-02
-4.170483171427442903e-02
-1.531085670391030100e-02
-9.953940712624333230e-05
0.000000000000000000e+00
0.000000000000000000e+00
0.000000000000000000e+00
0.000000000000000000e+00
0.000000000000000000e+00
0.000000000000000000e+00
1.165494874721894301e-04
1.353490586822971888e-02
2.757119758113609279e-02
3.740584017179587883e-02
4.344452846810455821e-02
0.000000000000000000e+00
-7.463028736179753465e-03
-2.196281082208037527e-02
-3.918946836594668776e-02
-5.722744899149481007e-02
-7.481544618229953036e-02
-8.979573929517285780e-02
-1.006912842997117752e-01
-1.071421425161439012e-01
-1.085683949662963055e-01
-1.033675423048201342e-01
-8.960890554781378303e-02
-6.784354742164441787e-02
-4.472223270510895798e-02
-3.063280375031110156e-02
-2.994446799862282571e-02
-4.187334464337179318e-02
-6.281158570934992913e-02
0.000000000000000000e+00
-9.048536268776738445e-02
-9.378305108264591017e-02
-8.500548666437426903e-02
-6.198674395413507343e-02
-3.207875067892053400e-02
-9.645641479467351176e-03
0.000000000000000000e+00
0.000000000000000000e+00
0.000000000000000000e+00
0.000000000000000000e+00
0.000000000000000000e+00
0.000000000000000000e+00
4.163339290183911898e-03
1.783585220489737611e-02
3.216376856436975462e-02
4.350326823072975246e-02
5.098916775094441967e-02
0.000000000000000000e+00
-2.201890696942298067e-02
-3.166204098930017891e-02
-4.369574234469059126e-02
-5.812557702444751812e-02
-7.388634248611015976e-02
-8.859169344348434560e-02
-1.003958730229529139e-01
-1.086465973166984844e-01
-1.127245224603969087e-01
-1.107659779586457893e-01
-9.983861761481412078e-02
-7.846274668299683952e-02
-5.174054790233199169e-02
-3.270975879937088743e-02
-3.190750396029964214e-02
-4.947830263891712932e-02
0.000000000000000000e+00
-9.406043025859645024e-02
-9.988072635415731759e-02
-1.012077806010762415e-01
-9.712092896881074910e-02
-8.044356044028710961e-02
-4.977057621015507083e-02
-1.857899341941033483e-02
0.000000000000000000e+00
0.000000000000000000e+00
0.000000000000000000e+00
0.000000000000000000e+00
0.000000000000000000e+00
0.000000000000000000e+00
8.557668781136127181e-03
1.905817694277703658e-02
2.897611760088186078e-02
3.802752569792863802e-02
4.346492816345484678e-02
0.000000000000000000e+00
-3.987864500313499649e-02
-4.299724612227615039e-02
-4.659816859553223001e-02
-5.414657649024747638e-02
-6.516752508599978067e-02
-7.728040854491560752e-02
-8.810357481867406304e-02
-9.639109769039161391e-02
-1.015466705760664917e-01
-1.020215225104649098e-01
-9.444721041592164801e-02
-7.549870816308101862e-02
-4.830791280790789483e-02
-2.675935230334778453e-02
-2.589492303486281080e-02
0.000000000000000000e+00
-6.697945096143145816e-02
-8.174522257587972518e-02
-8.855385799571474648e-02
-9.403136172997496323e-02
-9.743635420906171518e-02
-8.933118019876390425e-02
-6.124637248564210323e-02
-2.463036908516290022e-02
0.000000000000000000e+00
0.000000000000000000e+00
0.000000000000000000e+00
0.000000000000000000e+00
0.000000000000000000e+00
0.000000000000000000e+00
1.288480837091170346e-02
1.851867063115416462e-02
0.000000000000000000e+00
2.350798134471980896e-02
2.358366470560502651e-02
0.000000000000000000e+00
-4.942439746680458296e-02
-4.959834486023845246e-02
-4.555998031827316469e-02
-4.582926834712895692e-02
-5.109851756796597588e-02
-5.922345533130830147e-02
-6.773667152239000455e-02
-7.490178755673812527e-02
-7.992322363360639115e-02
-8.150590139434052417e-02
-7.611047408618840104e-02
-5.942179079575581752e-02
-3.424369870743467631e-02
-1.530071504069434665e-02
0.000000000000000000e+00
-3.441167889000142088e-02
-4.823764958897531346e-02
-5.631118409158696742e-02
-6.395806020766794942e-02
-7.426188825233719093e-02
-8.448245540133127174e-02
-8.456108580454341217e-02
-6.216891460634148964e-02
-2.607687872785706407e-02
0.000000000000000000e+00
0.000000000000000000e+00
0.000000000000000000e+00
0.000000000000000000e+00
0.000000000000000000e+00
0.000000000000000000e+00
1.323313516868993359e-02
1.518093071358096388e-02
0.000000000000000000e+00
0.000000000000000000e+00
0.000000000000000000e+00
0.000000000000000000e+00
0.000000000000000000e+00
-4.667899848438063909e-02
-3.759408749772154973e-02
-3.184895212968336803e-02
-3.155729244471242034e-02
-3.490181906657352506e-02
-4.013118960120987122e-02
-4.566553483632014576e-02
-5.036177509556485216e-02
-5.276194911085491795e-02
-4.924064936114853214e-02
-3.535941193762139750e-02
-1.493031515191872195e-02
-2.987017064232596469e-03
0.000000000000000000e+00
-2.338390937695248445e-02
-2.812684815832713556e-02
-2.906249765885874151e-02
-3.522301430656930854e-02
-4.739745560022501358e-02
-6.109824513462316919e-02
-6.662453186271827255e-02
-5.166646126867034672e-02
-2.230746269148676728e-02
0.000000000000000000e+00
0.000000000000000000e+00
0.000000000000000000e+00
0.000000000000000000e+00
0.000000000000000000e+00
0.000000000000000000e+00
8.144239485369440118e-03
7.980056275432474699e-03
0.000000000000000000e+00
0.000000000000000000e+00
0.000000000000000000e+00
0.000000000000000000e+00
0.000000000000000000e+00
-3.581907184904924851e-02
-2.394592049195517006e-02
-1.346619688279701750e-02
-7.823404848516230317e-03
-5.883794990674305961e-03
-7.043765459559556651e-03
-1.048796265224940377e-02
-1.487256046344851909e-02
-1.832099830538126348e-02
-1.741618447296798891e-02
-8.658787256178249875e-03
3.022032824811649119e-03
5.546516967448249583e-03
0.000000000000000000e+00
-1.131632278042030149e-02
-8.448324918929044081e-03
-4.027698210589711163e-03
-7.349461906763201692e-03
-1.830183368777442768e-02
-3.184989778136488453e-02
-3.957020966922368543e-02
-3.235582559141741976e-02
-1.380682709763820896e-02
0.000000000000000000e+00
0.000000000000000000e+00
0.000000000000000000e+00
0.000000000000000000e+00
0.000000000000000000e+00
0.000000000000000000e+00
0.000000000000000000e+00
0.000000000000000000e+00
0.000000000000000000e+00
0.000000000000000000e+00
0.000000000000000000e+00
0.000000000000000000e+00
0.000000000000000000e+00
-2.169739887833448122e-02
-8.901043104796882086e-03
5.227942205565705262e-03
1.627923353737847911e-02
2.386491457021277379e-02
2.736004672942957128e-02
2.675781471042891144e-02
2.322028178298321185e-02
1.869811332622676320e-02
1.569806147982490130e-02
1.601400323676162307e-02
1.544964990743263183e-02
8.698085866193796742e-03
0.000000000000000000e+00
0.000000000000000000e+00
0.000000000000000000e+00
1.381491982770218299e-02
1.533480563018662333e-02
9.413826388779931997e-03
-2.058172614579397829e-04
-7.086239913818370185e-03
-5.997253327184302353e-03
1.747337341860628630e-03
0.000000000000000000e+00
0.000000000000000000e+00
1.414040946550721746e-02
1.224905727344353414e-02
0.000000000000000000e+00
0.000000000000000000e+00
0.000000000000000000e+00
0.000000000000000000e+00
0.000000000000000000e+00
0.000000000000000000e+00
0.000000000000000000e+00
0.000000000000000000e+00
0.000000000000000000e+00
0.000000000000000000e+00
5.252732562502569237e-03
2.119615120147767470e-02
3.614195881758321127e-02
4.822266016567625796e-02
5.578602073060007216e-02
5.829025110092660167e-02
5.633973778063397497e-02
5.107824862522451076e-02
4.312016290943867375e-02
3.269484240644539297e-02
2.006313398095580999e-02
0.000000000000000000e+00
0.000000000000000000e+00
0.000000000000000000e+00
0.000000000000000000e+00
1.606212545018844556e-02
2.428836820716960554e-02
2.857201546775687065e-02
2.848185442688866420e-02
2.666959014974952871e-02
2.571289687417305930e-02
2.585846028702755775e-02
2.475396155411753105e-02
2.237398727438193874e-02
1.983782188627487147e-02
1.402534042889245353e-02
5.787707878042608681e-03
0.000000000000000000e+00
0.000000000000000000e+00
0.000000000000000000e+00
0.000000000000000000e+00
0.000000000000000000e+00
0.000000000000000000e+00
0.000000000000000000e+00
0.000000000000000000e+00
0.000000000000000000e+00
1.587445743610308574e-02
3.134334734977402975e-02
4.659347854272328365e-02
6.019553825287733695e-02
7.027062309880897917e-02
7.557308320675830415e-02
7.560209716475639607e-02
6.983985337221650103e-02
5.661863922522564208e-02
3.643840925670499553e-02
1.663875679480262063e-02
0.000000000000000000e+00
0.000000000000000000e+00
0.000000000000000000e+00
0.000000000000000000e+00
7.175172046658129243e-03
1.865257236291171725e-02
3.425090831547605852e-02
4.828626204177741826e-02
5.622035839924217210e-02
5.755814535547233018e-02
5.289514876467497212e-02
0.000000000000000000e+00
2.879047773556182160e-02
1.774829379601332302e-02
0.000000000000000000e+00
0.000000000000000000e+00
0.000000000000000000e+00
0.000000000000000000e+00
0.000000000000000000e+00
0.000000000000000000e+00
0.000000000000000000e+00
0.000000000000000000e+00
0.000000000000000000e+00
0.000000000000000000e+00
0.000000000000000000e+00
1.737718908938812312e-02
2.892183734192783906e-02
3.967071401711194656e-02
5.101405169621903157e-02
6.199587609483962758e-02
6.991086256824209644e-02
7.212432384071350289e-02
6.595951902393318300e-02
4.841201574838868704e-02
2.451154175150528289e-02
7.826924513965900082e-03
0.000000000000000000e+00
0.000000000000000000e+00
0.000000000000000000e+00
0.000000000000000000e+00
0.000000000000000000e+00
1.322457841929483048e-02
3.456434012095441211e-02
5.859379997473673080e-02
7.563175221275209026e-02
8.108551335706609686e-02
7.334271580327460238e-02
5.195878944331452226e-02
0.000000000000000000e+00
0.000000000000000000e+00
0.000000000000000000e+00
0.000000000000000000e+00
0.000000000000000000e+00
0.000000000000000000e+00
0.000000000000000000e+00
0.000000000000000000e+00
0.000000000000000000e+00
0.000000000000000000e+00
0.000000000000000000e+00
0.000000000000000000e+00
0.000000000000000000e+00
0.000000000000000000e+00
1.402065859714232178e-02
1.620523173103158646e-02
2.087007182330326283e-02
2.972919173568391860e-02
3.877550587930217452e-02
4.262610820612207363e-02
3.698037912917673253e-02
1.964155985072893809e-02
1.734807214805011988e-03
-2.712608051156052084e-03
0.000000000000000000e+00
0.000000000000000000e+00
0.000000000000000000e+00
0.000000000000000000e+00
0.000000000000000000e+00
0.000000000000000000e+00
3.952169634865729253e-02
5.967029544444762273e-02
7.713786651510358416e-02
8.330728428725085732e-02
7.010397149837349628e-02
3.811193770000243647e-02
0.000000000000000000e+00
0.000000000000000000e+00
0.000000000000000000e+00
0.000000000000000000e+00
0.000000000000000000e+00
0.000000000000000000e+00
0.000000000000000000e+00
0.000000000000000000e+00
0.000000000000000000e+00
0.000000000000000000e+00
0.000000000000000000e+00
0.000000000000000000e+00
0.000000000000000000e+00
0.000000000000000000e+00
-2.405092400433872426e-03
-8.444641086787751591e-03
-1.389985165282281963e-02
-1.199061838491583681e-02
-5.623526333429870738e-03
-1.893729495391831535e-03
-4.668383434747884302e-03
-1.295352458020586350e-02
-1.538751220051789818e-02
0.000000000000000000e+00
0.000000000000000000e+00
0.000000000000000000e+00
0.000000000000000000e+00
0.000000000000000000e+00
0.000000000000000000e+00
0.000000000000000000e+00
3.475122479432368738e-02
3.719615624360242401e-02
4.660852097291021123e-02
5.101964525254104599e-02
3.513881595923369627e-02
0.000000000000000000e+00
0.000000000000000000e+00
0.000000000000000000e+00
0.000000000000000000e+00
0.000000000000000000e+00
0.000000000000000000e+00
0.000000000000000000e+00
0.000000000000000000e+00
0.000000000000000000e+00
0.000000000000000000e+00
0.000000000000000000e+00
0.000000000000000000e+00
0.000000000000000000e+00
0.000000000000000000e+00
0.000000000000000000e+00
0.000000000000000000e+00
0.000000000000000000e+00
-3.363566019007648011e-02
-4.025436330173098182e-02
-4.067559413125710482e-02
-3.928561305120041591e-02
-3.610341557454849887e-02
-3.021722919819360212e-02
0.000000000000000000e+00
0.000000000000000000e+00
0.000000000000000000e+00
0.000000000000000000e+00
0.000000000000000000e+00
0.000000000000000000e+00
0.000000000000000000e+00
0.000000000000000000e+00
7.852037194370588280e-03
-1.256376126393956606e-02
-1.343514397694815961e-02
-6.591426531563509411e-03
-1.029070735596167643e-02
-2.497033167424055414e-02
0.000000000000000000e+00
0.000000000000000000e+00
0.000000000000000000e+00
0.000000000000000000e+00
0.000000000000000000e+00
0.000000000000000000e+00
0.000000000000000000e+00
0.000000000000000000e+00
0.000000000000000000e+00
0.000000000000000000e+00
0.000000000000000000e+00
0.000000000000000000e+00
0.000000000000000000e+00
0.000000000000000000e+00
0.000000000000000000e+00
0.000000000000000000e+00
0.000000000000000000e+00
0.000000000000000000e+00
0.000000000000000000e+00
-5.272489212789210206e-02
0.000000000000000000e+00
0.000000000000000000e+00
0.000000000000000000e+00
0.000000000000000000e+00
0.000000000000000000e+00
0.000000000000000000e+00
0.000000000000000000e+00
0.000000000000000000e+00
0.000000000000000000e+00
1.727381681899212498e-02
-1.082090443989813106e-02
0.000000000000000000e+00
0.000000000000000000e+00
-4.013861559017865149e-02
-3.134092450895049203e-02
-2.603775476301347508e-02
-1.826321431532202180e-02
-4.833393130149998482e-03
0.000000000000000000e+00
0.000000000000000000e+00
0.000000000000000000e+00
0.000000000000000000e+00
0.000000000000000000e+00
0.000000000000000000e+00
0.000000000000000000e+00
0.000000000000000000e+00
-6.883698293954444714e-03
-9.080483413349925773e-03
-1.147372476733237237e-02
-1.317238014652626250e-02
-1.611352629825060778e-02
-2.204591767040865735e-02
-2.962659512011231455e-02
-3.775299190839442876e-02
-4.556265408775318076e-02
-4.695396179256033226e-02
-3.723730233657605859e-02
-2.317489495378753650e-02
-1.048132412873683042e-02
-1.225548065406702105e-03
6.185725473706174538e-03
1.188786000566457481e-02
1.473687119870835394e-02
1.989006367997278937e-02
2.295015792568276189e-02
1.539355718284501039e-02
0.000000000000000000e+00
0.000000000000000000e+00
0.000000000000000000e+00
0.000000000000000000e+00
-2.314703167492524957e-02
-1.757783507211254162e-02
-1.206285641682284561e-02
-4.695754350502228704e-03
1.326818405296144960e-03
1.502889640694695305e-03
-2.978381660408805330e-03
-6.370686207174925189e-03
-7.795471047805255412e-03
-6.820366864677787286e-03
-3.111301886113225241e-03
-7.067878442107667844e-04
