0.000000000000000000e+00
0.000000000000000000e+00
0.000000000000000000e+00
0.000000000000000000e+00
0.000000000000000000e+00
0.000000000000000000e+00
0.000000000000000000e+00
0.000000000000000000e+00
0.000000000000000000e+00
0.000000000000000000e+00
0.000000000000000000e+00
0.000000000000000000e+00
0.000000000000000000e+00
0.000000000000000000e+00
0.000000000000000000e+00
0.000000000000000000e+00
0.000000000000000000e+00
0.000000000000000000e+00
0.000000000000000000e+00
0.000000000000000000e+00
0.000000000000000000e+00
0.000000000000000000e+00
0.000000000000000000e+00
0.000000000000000000e+00
0.000000000000000000e+00
0.000000000000000000e+00
0.000000000000000000e+00
0.000000000000000000e+00
0.000000000000000000e+00
0.000000000000000000e+00
0.000000000000000000e+00
0.000000000000000000e+00
0.000000000000000000e+00
0.000000000000000000e+00
0.000000000000000000e+00
0.000000000000000000e+00
0.000000000000000000e+00
3.290600600000000153e-02
2.298205899999999913e-02
4.113417600000000146e-02
4.518008500000000177e-02
3.387389400000000161e-02
3.531634899999999688e-02
1.650883599999999896e-02
2.051284500000000096e-05
1.057570799999999920e-03
4.967422699999999788e-03
9.004394500000000370e-03
1.146626799999999995e-02
4.999865800000000311e-03
-5.268030299999999604e-03
-2.039394699999999908e-02
-1.360555100000000045e-02
-1.981479499999999963e-02
-6.054230399999999818e-02
4.357862800000000120e-02
4.264114799999999678e-02
2.476762799999999987e-02
2.389737200000000006e-02
2.412834800000000085e-02
2.567954199999999965e-02
2.616131299999999854e-02
2.861103699999999889e-02
2.918016699999999991e-02
1.096698699999999922e-02
-2.760821499999999845e-02
1.195546200000000003e-02
7.785720100000000088e-02
5.081775699999999812e-02
-1.620160100000000080e-03
3.153277899999999689e-02
0.000000000000000000e+00
3.814685200000000019e-03
-1.271326799999999979e-02
-3.315709499999999754e-02
-5.197044800000000242e-02
-5.884816899999999879e-02
-5.636153700000000322e-02
-4.710192199999999746e-02
-3.867593799999999998e-02
-2.456270500000000065e-02
-9.472477199999999181e-03
1.383817299999999962e-03
4.410021899999999953e-03
-3.839194500000000262e-04
-8.093202500000000466e-03
-1.762986600000000098e-02
-2.741624599999999828e-02
-3.374941599999999736e-02
-3.910221900000000056e-02
-3.362217900000000204e-02
-5.602343800000000353e-03
6.076999500000000200e-03
1.294938799999999918e-02
1.981657200000000105e-02
2.003596900000000069e-02
1.720401800000000148e-02
9.630126899999999143e-03
2.561286099999999892e-03
-4.714341799999999770e-03
-1.172647199999999994e-02
-1.688039699999999838e-02
-1.099279199999999949e-02
2.515123699999999990e-03
5.173205400000000301e-03
1.509443600000000057e-03
1.039719199999999955e-02
1.269235999999999975e-02
-2.208454500000000056e-02
-3.822371000000000102e-02
-5.709221200000000329e-02
-6.870809199999999839e-02
-6.380482799999999399e-02
-5.123358199999999973e-02
-3.636071500000000178e-02
-2.566146899999999925e-02
-7.999116599999999896e-03
5.598809100000000198e-03
1.183884200000000046e-02
1.182483900000000018e-02
3.412243000000000134e-03
-1.004669099999999995e-02
-2.155397300000000058e-02
-3.048355300000000004e-02
-3.520753199999999972e-02
-4.554516100000000067e-02
-2.530598200000000117e-02
-3.019160700000000138e-03
-5.840866400000000250e-03
3.017116099999999843e-03
1.121544699999999992e-02
6.550181700000000211e-03
-5.410852399999999986e-03
-1.327148600000000074e-02
-2.084520100000000070e-02
-3.075089699999999926e-02
-3.550259000000000054e-02
-3.555924399999999680e-02
-3.170499999999999707e-02
-2.335136399999999945e-02
-9.175475699999999582e-03
-1.105750399999999925e-02
-3.361342199999999870e-03
-8.256368300000000576e-03
-2.519832199999999869e-02
-4.249021399999999837e-02
-5.663939199999999674e-02
-5.571965499999999988e-02
-4.434329599999999733e-02
-3.493679300000000071e-02
-2.342108099999999984e-02
-3.996689299999999986e-03
1.003816800000000009e-02
1.964750100000000124e-02
2.042873599999999942e-02
1.253763599999999957e-02
-2.704737699999999832e-03
-1.702827000000000160e-02
-2.629101799999999933e-02
-3.106842400000000073e-02
-3.236194700000000202e-02
-3.862104200000000126e-02
4.426224900000000177e-03
0.000000000000000000e+00
-7.766803299999999743e-03
-1.743438500000000103e-03
7.034616999999999737e-04
-1.804279999999999903e-03
-9.951772200000000290e-03
-1.701929400000000078e-02
-2.633048199999999880e-02
-3.403679700000000058e-02
-3.408527699999999716e-02
-3.302681100000000314e-02
-3.249888499999999819e-02
-2.490494799999999967e-02
-1.109342099999999914e-02
-2.648196500000000184e-04
1.951000499999999997e-03
-8.838417899999999328e-03
-2.560467599999999982e-02
-3.435681399999999941e-02
-3.844471900000000220e-02
-3.243626799999999727e-02
-2.062641100000000074e-02
-1.480636500000000015e-02
1.222392599999999976e-04
1.370864200000000005e-02
1.454300199999999932e-02
1.783961499999999964e-02
1.261785600000000021e-02
1.398765200000000016e-03
-1.054606999999999940e-02
-1.881024699999999869e-02
-2.371010499999999868e-02
-2.539221700000000165e-02
-2.360869300000000004e-02
-2.402855400000000058e-02
0.000000000000000000e+00
0.000000000000000000e+00
-3.069533699999999962e-03
-3.468065000000000210e-03
-2.382562999999999868e-03
-2.954902100000000170e-03
-1.255320199999999942e-02
-1.873042299999999952e-02
-2.042812199999999995e-02
-1.653740500000000155e-02
-1.359558400000000083e-02
-1.593366499999999963e-02
-1.875368999999999994e-02
-1.612788600000000100e-02
-7.545518699999999995e-03
-4.711990499999999839e-03
-1.095043499999999968e-02
-1.680160199999999882e-02
-7.031094699999999691e-03
-1.052926399999999998e-02
-1.390866500000000061e-02
-1.239960000000000021e-02
-4.710911000000000135e-04
2.184192900000000038e-03
-8.567871199999999758e-04
-2.483030299999999888e-03
1.300500499999999960e-03
5.870092700000000170e-03
3.679546799999999958e-03
-2.021385399999999812e-03
-8.338292100000000220e-03
-1.391552100000000014e-02
-1.698051999999999895e-02
-1.712620800000000040e-02
-1.205769299999999954e-02
-2.363011700000000170e-03
0.000000000000000000e+00
0.000000000000000000e+00
-3.851591599999999900e-03
-1.352216100000000086e-03
-2.889146300000000091e-03
-1.211928200000000032e-02
-1.961187299999999842e-02
-1.304723500000000078e-02
1.155526000000000036e-03
1.639945199999999839e-02
1.343097300000000056e-02
-6.961101300000000240e-04
-8.258165799999999876e-03
-8.812231900000000104e-03
-7.115540099999999660e-03
-1.197671600000000010e-02
-1.158211200000000031e-02
-8.952877499999999447e-03
2.440412100000000084e-02
6.865775200000000245e-03
6.516834699999999800e-03
-2.012745700000000051e-03
0.000000000000000000e+00
4.534870899999999747e-03
4.586326299999999613e-03
1.104842300000000079e-03
5.241159300000000111e-03
9.044895900000000585e-03
7.320945700000000382e-03
2.981914699999999811e-03
-2.645172400000000024e-03
-7.988081299999999843e-03
-1.105400200000000027e-02
-9.392442200000000047e-03
-2.898662599999999903e-05
2.390361800000000148e-02
0.000000000000000000e+00
0.000000000000000000e+00
-1.067356499999999944e-02
-1.040527100000000066e-02
-1.275084200000000008e-02
-1.547931200000000028e-02
-1.143401599999999997e-02
1.516575199999999892e-03
2.354711899999999830e-02
1.761386900000000075e-02
7.815868199999999322e-03
-9.731305799999999395e-03
-1.142135499999999936e-02
-1.311253599999999929e-02
-1.350548799999999952e-02
-7.341127799999999648e-03
1.938323999999999950e-03
1.189876100000000075e-02
5.663816099999999937e-02
0.000000000000000000e+00
0.000000000000000000e+00
0.000000000000000000e+00
0.000000000000000000e+00
1.447721600000000108e-03
4.894091300000000255e-03
5.988895900000000029e-03
1.162273500000000036e-02
1.405651100000000070e-02
1.243635199999999948e-02
7.895557200000000164e-03
9.428234800000000020e-04
-6.041544499999999991e-03
-9.278426899999999214e-03
-5.637661999999999882e-03
8.827487000000000181e-03
4.359967599999999693e-02
0.000000000000000000e+00
0.000000000000000000e+00
0.000000000000000000e+00
-7.684014700000000100e-03
-9.743630899999999526e-03
-8.190758500000000844e-03
-9.682995700000000469e-04
1.559822400000000081e-02
4.821638000000000313e-02
0.000000000000000000e+00
0.000000000000000000e+00
1.380782500000000057e-03
-1.729118499999999928e-03
-6.022323900000000306e-03
-6.215082900000000118e-03
2.284691900000000025e-03
1.368431200000000056e-02
2.962253600000000139e-02
8.316763200000000522e-02
0.000000000000000000e+00
0.000000000000000000e+00
0.000000000000000000e+00
0.000000000000000000e+00
8.337684899999999594e-03
1.267439899999999939e-02
1.569854500000000125e-02
1.965158599999999867e-02
2.089070499999999900e-02
1.746856800000000029e-02
1.018602400000000012e-02
-1.406636400000000090e-04
-7.497837299999999920e-03
-8.725692499999999907e-03
-1.878804199999999992e-04
2.059177099999999830e-02
5.701388000000000289e-02
1.635238699999999948e-02
0.000000000000000000e+00
0.000000000000000000e+00
-9.461739999999999734e-03
-8.105102899999999319e-03
-1.830514600000000087e-03
9.857620100000000565e-03
3.684739000000000070e-02
7.238532300000000141e-02
0.000000000000000000e+00
0.000000000000000000e+00
1.368441800000000028e-02
-2.591668800000000261e-04
-3.928119800000000154e-03
-1.327922100000000077e-03
9.943552300000000135e-03
2.555531299999999964e-02
5.341954200000000041e-02
8.490182000000000284e-02
0.000000000000000000e+00
0.000000000000000000e+00
0.000000000000000000e+00
0.000000000000000000e+00
1.865899600000000061e-02
2.036849799999999877e-02
2.266974199999999967e-02
2.566999600000000048e-02
2.518742200000000098e-02
1.883635999999999991e-02
7.590538800000000245e-03
-4.304166400000000031e-03
-9.344985700000000770e-03
-6.610219799999999916e-03
6.546400499999999699e-03
3.004977500000000079e-02
5.508603200000000005e-02
2.026997599999999858e-02
0.000000000000000000e+00
0.000000000000000000e+00
-1.441670700000000083e-02
-8.286831899999999584e-03
1.816909399999999935e-03
1.867189099999999949e-02
5.597523599999999766e-02
9.756276599999999521e-02
0.000000000000000000e+00
0.000000000000000000e+00
1.552339500000000060e-02
-6.249500800000000120e-03
-2.887669499999999997e-03
4.417557699999999712e-03
1.968212800000000012e-02
3.975161199999999867e-02
6.933554299999999948e-02
7.357539500000000177e-02
2.807063900000000140e-02
0.000000000000000000e+00
0.000000000000000000e+00
0.000000000000000000e+00
2.742455300000000082e-02
2.653364999999999890e-02
2.904793400000000095e-02
3.103003299999999853e-02
2.725983599999999910e-02
1.506679099999999952e-02
-1.016465799999999954e-05
-1.009324999999999979e-02
-1.055091200000000083e-02
-2.302142999999999985e-03
1.485700899999999915e-02
3.923398300000000005e-02
5.311315099999999734e-02
2.176289199999999896e-02
0.000000000000000000e+00
0.000000000000000000e+00
0.000000000000000000e+00
-5.946497900000000114e-03
8.774857000000000490e-03
3.168165299999999712e-02
7.045996200000000098e-02
8.826541100000000195e-02
0.000000000000000000e+00
0.000000000000000000e+00
0.000000000000000000e+00
-2.146282700000000029e-03
4.075065299999999779e-03
1.552204400000000047e-02
3.516876000000000030e-02
5.617793299999999934e-02
7.617675499999999877e-02
5.754132900000000217e-02
2.539655000000000037e-02
0.000000000000000000e+00
0.000000000000000000e+00
3.611398700000000017e-02
3.075438700000000108e-02
3.008406200000000169e-02
3.184777500000000178e-02
3.043654599999999835e-02
2.034862900000000002e-02
4.257373000000000060e-03
-7.764281199999999682e-03
-1.094348199999999917e-02
-5.394285500000000136e-03
6.564969200000000428e-03
2.469140499999999960e-02
4.864297800000000338e-02
5.718467900000000215e-02
0.000000000000000000e+00
0.000000000000000000e+00
0.000000000000000000e+00
0.000000000000000000e+00
2.049230999999999882e-03
2.035773499999999833e-02
4.492755200000000254e-02
7.134190199999999871e-02
6.327138499999999943e-02
0.000000000000000000e+00
0.000000000000000000e+00
0.000000000000000000e+00
8.985013700000000700e-03
1.231734699999999932e-02
2.646139100000000077e-02
4.861744900000000008e-02
6.604592500000000532e-02
7.397705300000000095e-02
4.820820299999999808e-02
2.005930599999999897e-02
0.000000000000000000e+00
0.000000000000000000e+00
3.329856300000000324e-02
2.884254199999999879e-02
2.622661700000000068e-02
2.355720999999999857e-02
1.760091800000000012e-02
6.190431300000000248e-03
-3.872506600000000156e-03
-6.483166900000000149e-03
-1.801376599999999920e-03
8.071523199999999787e-03
2.173639100000000074e-02
3.889080899999999841e-02
5.958749399999999780e-02
6.335857500000000031e-02
0.000000000000000000e+00
0.000000000000000000e+00
0.000000000000000000e+00
0.000000000000000000e+00
1.281821799999999928e-02
3.185182400000000080e-02
5.239294500000000326e-02
6.470686900000000019e-02
4.583746200000000243e-02
0.000000000000000000e+00
0.000000000000000000e+00
0.000000000000000000e+00
1.908627300000000082e-02
1.967581200000000086e-02
3.574053900000000172e-02
5.766434200000000038e-02
7.073237000000000274e-02
6.968537700000000668e-02
4.012326199999999982e-02
1.801308500000000160e-02
0.000000000000000000e+00
0.000000000000000000e+00
2.642300599999999888e-02
1.862445700000000051e-02
9.385218799999999265e-03
3.303510600000000158e-03
-1.761648200000000058e-03
-6.108633199999999666e-03
-6.866326600000000058e-03
-2.120945400000000085e-03
8.305435099999999501e-03
2.236004399999999906e-02
3.731535700000000039e-02
5.142673500000000120e-02
6.152641400000000149e-02
4.046248899999999732e-02
0.000000000000000000e+00
0.000000000000000000e+00
0.000000000000000000e+00
0.000000000000000000e+00
2.382352299999999923e-02
3.993966799999999762e-02
5.279936600000000035e-02
5.325033900000000070e-02
2.999671699999999913e-02
0.000000000000000000e+00
0.000000000000000000e+00
0.000000000000000000e+00
1.800649699999999978e-02
2.647857199999999883e-02
4.175181699999999663e-02
6.060798800000000153e-02
6.994776399999999561e-02
6.181596200000000207e-02
2.873533699999999969e-02
0.000000000000000000e+00
1.377216900000000077e-02
3.221498799999999996e-02
0.000000000000000000e+00
-2.655656399999999865e-04
-1.049496899999999983e-02
-1.513406100000000074e-02
-1.747011600000000081e-02
-1.664973800000000073e-02
-1.166821099999999951e-02
-1.911531699999999973e-03
1.360629499999999915e-02
3.142272299999999963e-02
4.652324299999999885e-02
5.499473600000000240e-02
5.350333100000000119e-02
4.136967300000000264e-02
0.000000000000000000e+00
0.000000000000000000e+00
0.000000000000000000e+00
0.000000000000000000e+00
2.885701800000000164e-02
4.058665000000000189e-02
4.770948400000000339e-02
4.084182499999999827e-02
1.604380899999999915e-02
0.000000000000000000e+00
0.000000000000000000e+00
0.000000000000000000e+00
1.889774199999999862e-02
2.831149499999999902e-02
4.002548000000000217e-02
5.188067300000000215e-02
5.132092500000000335e-02
3.657791400000000304e-02
3.905652899999999955e-02
0.000000000000000000e+00
1.076828500000000070e-02
0.000000000000000000e+00
7.625941100000000047e-04
-1.283170900000000017e-02
-1.960881600000000113e-02
-2.365360600000000063e-02
-2.631392700000000084e-02
-2.586122999999999894e-02
-2.029653799999999939e-02
-9.046896400000000588e-03
7.114395499999999657e-03
2.310693600000000153e-02
3.626793600000000062e-02
4.255324600000000290e-02
3.578951999999999828e-02
2.160785299999999978e-02
0.000000000000000000e+00
0.000000000000000000e+00
0.000000000000000000e+00
0.000000000000000000e+00
2.579398499999999844e-02
3.283149400000000273e-02
3.791086400000000245e-02
2.741982999999999920e-02
8.757367699999999214e-03
0.000000000000000000e+00
0.000000000000000000e+00
0.000000000000000000e+00
7.947241900000000595e-03
2.125899100000000139e-02
3.006527800000000084e-02
3.697714600000000240e-02
3.247309100000000254e-02
2.451022900000000143e-02
0.000000000000000000e+00
0.000000000000000000e+00
2.690276499999999862e-03
6.422258400000000270e-03
4.287599900000000318e-03
-5.777715899999999981e-03
-8.960170499999999677e-03
-1.179316000000000045e-02
-1.404410099999999981e-02
-1.470144500000000048e-02
-1.183531900000000039e-02
-5.049238299999999832e-03
4.634299199999999778e-03
1.352210799999999970e-02
2.037335700000000166e-02
2.538521499999999917e-02
2.216321300000000105e-02
1.534093499999999999e-02
0.000000000000000000e+00
0.000000000000000000e+00
0.000000000000000000e+00
3.627024400000000096e-03
1.630223999999999909e-02
2.245677899999999963e-02
2.597161400000000051e-02
1.603684000000000012e-02
3.164819499999999876e-03
0.000000000000000000e+00
0.000000000000000000e+00
0.000000000000000000e+00
-5.311790700000000066e-03
9.874210399999999721e-03
1.858062400000000045e-02
2.266870699999999975e-02
1.833247199999999896e-02
1.085052599999999923e-02
0.000000000000000000e+00
0.000000000000000000e+00
-2.864090400000000045e-04
6.986586900000000232e-03
1.004670300000000058e-02
7.060567000000000232e-03
6.252296499999999806e-03
5.525180900000000069e-03
4.741460900000000166e-03
4.677088799999999658e-03
7.479257900000000313e-03
1.405725700000000009e-02
2.367876199999999903e-02
3.216387300000000254e-02
3.724017300000000141e-02
3.279102200000000300e-02
1.705447900000000086e-02
7.164628800000000415e-03
0.000000000000000000e+00
0.000000000000000000e+00
0.000000000000000000e+00
-1.315145199999999924e-02
4.503704100000000335e-03
1.411675400000000045e-02
1.575014900000000148e-02
1.005378900000000048e-02
1.817050200000000027e-03
0.000000000000000000e+00
0.000000000000000000e+00
0.000000000000000000e+00
-1.753670400000000018e-02
-1.816148999999999975e-03
8.327501799999999579e-03
1.144490299999999933e-02
7.634817200000000408e-03
7.953997900000000067e-04
0.000000000000000000e+00
1.166823499999999946e-03
-4.068647099999999814e-04
3.252583800000000136e-03
-1.381155200000000081e-03
-5.982012499999999830e-03
-8.427707499999999297e-03
-8.671400100000000583e-03
-7.359872600000000147e-03
-4.132377900000000319e-03
1.687960100000000102e-03
1.044161799999999973e-02
2.210844299999999846e-02
3.190693599999999686e-02
3.321464400000000150e-02
1.950228600000000062e-02
3.223218999999999824e-03
-9.807867199999999262e-04
0.000000000000000000e+00
0.000000000000000000e+00
-0.000000000000000000e+00
-3.040625500000000009e-02
-1.971081100000000169e-02
-7.669485599999999745e-04
1.032151599999999933e-02
0.000000000000000000e+00
0.000000000000000000e+00
0.000000000000000000e+00
0.000000000000000000e+00
0.000000000000000000e+00
-0.000000000000000000e+00
-1.323413199999999915e-02
-1.954212800000000149e-03
6.372990599999999589e-03
3.632242099999999970e-03
-3.172899600000000063e-03
0.000000000000000000e+00
-3.681701900000000204e-03
-1.436565799999999947e-03
-3.888059900000000006e-03
-1.318978799999999917e-02
-2.321839499999999931e-02
-3.345373299999999939e-02
-4.115358699999999842e-02
-4.541546099999999725e-02
-4.502081100000000086e-02
-4.025544999999999818e-02
-3.156474599999999769e-02
-1.705190399999999967e-02
2.208587199999999880e-04
1.050203400000000037e-02
3.291991099999999788e-03
-4.898448500000000295e-03
-6.002565999999999978e-03
0.000000000000000000e+00
0.000000000000000000e+00
-4.490256200000000003e-02
-4.785560099999999761e-02
-4.211404199999999737e-02
-1.613333999999999949e-02
0.000000000000000000e+00
0.000000000000000000e+00
0.000000000000000000e+00
0.000000000000000000e+00
0.000000000000000000e+00
0.000000000000000000e+00
0.000000000000000000e+00
-1.871424199999999899e-02
-1.221260600000000085e-02
1.116284600000000057e-02
9.974231000000000069e-03
-8.600879199999999494e-04
0.000000000000000000e+00
-3.481650299999999865e-03
-4.133228800000000348e-03
-4.526887999999999745e-03
-1.094958700000000021e-02
-1.986826400000000006e-02
-3.093990300000000124e-02
-4.128645000000000231e-02
-5.067242300000000116e-02
-5.852568899999999880e-02
-6.255640799999999391e-02
-6.186956200000000294e-02
-5.369186799999999676e-02
-3.522311200000000087e-02
-8.080564400000000286e-03
-3.965816500000000216e-03
-5.759210100000000318e-03
-1.285796500000000071e-02
0.000000000000000000e+00
-3.131475699999999862e-02
-4.520623800000000275e-02
-5.233691599999999722e-02
-5.775869299999999984e-02
-4.824469499999999716e-02
0.000000000000000000e+00
0.000000000000000000e+00
0.000000000000000000e+00
0.000000000000000000e+00
0.000000000000000000e+00
0.000000000000000000e+00
0.000000000000000000e+00
-1.147553299999999957e-02
-2.065027100000000129e-02
2.642948599999999856e-02
1.984794800000000067e-02
7.256292299999999793e-03
0.000000000000000000e+00
-1.937029700000000160e-02
-1.342840499999999916e-02
-7.146482800000000281e-03
-6.301905000000000007e-03
-9.601704799999999373e-03
-1.548827099999999964e-02
-2.151731600000000161e-02
-2.791822100000000001e-02
-3.615674399999999761e-02
-4.495702299999999874e-02
-5.395518199999999737e-02
-6.029469099999999748e-02
-5.426196400000000281e-02
-2.088679699999999861e-02
-4.807020199999999591e-03
-1.319908699999999997e-02
0.000000000000000000e+00
-5.091549400000000038e-03
-2.006228999999999998e-02
-3.638298100000000174e-02
-4.882566599999999674e-02
-6.502120200000000017e-02
-7.563692299999999480e-02
0.000000000000000000e+00
0.000000000000000000e+00
0.000000000000000000e+00
0.000000000000000000e+00
0.000000000000000000e+00
0.000000000000000000e+00
0.000000000000000000e+00
-5.102816500000000206e-03
-2.874835099999999838e-02
0.000000000000000000e+00
2.295241300000000137e-02
1.108573499999999934e-02
0.000000000000000000e+00
-3.054020500000000082e-02
-2.179302600000000006e-02
-1.536985599999999945e-02
-1.069745400000000034e-02
-1.095665799999999933e-02
-1.409063800000000082e-02
-1.686277599999999946e-02
-1.864111599999999924e-02
-2.208728299999999922e-02
-2.919608699999999904e-02
-4.110908499999999660e-02
-5.525780500000000012e-02
-5.841228700000000024e-02
-3.401002799999999771e-02
0.000000000000000000e+00
0.000000000000000000e+00
4.110388199999999610e-03
-2.499466499999999838e-03
-1.163238599999999977e-02
-2.682720300000000085e-02
-4.280384599999999956e-02
-6.576079899999999478e-02
-8.804589499999999902e-02
0.000000000000000000e+00
0.000000000000000000e+00
0.000000000000000000e+00
0.000000000000000000e+00
0.000000000000000000e+00
0.000000000000000000e+00
0.000000000000000000e+00
3.103570700000000179e-03
-2.261638200000000085e-02
0.000000000000000000e+00
2.374475499999999933e-02
0.000000000000000000e+00
0.000000000000000000e+00
-5.509972500000000217e-02
-2.483190600000000081e-02
-1.929429400000000003e-02
-1.401844499999999917e-02
-1.247165899999999952e-02
-1.422192199999999969e-02
-1.669181900000000010e-02
-1.695183299999999949e-02
-1.638041299999999992e-02
-1.932856399999999947e-02
-3.046204099999999873e-02
-4.875719199999999781e-02
-5.684693200000000279e-02
-4.417971799999999977e-02
0.000000000000000000e+00
2.776306599999999857e-03
6.360031200000000433e-03
1.148130699999999962e-02
1.394021999999999969e-03
-1.362502900000000031e-02
-3.058805100000000152e-02
-5.588938999999999713e-02
-8.608166400000000218e-02
0.000000000000000000e+00
0.000000000000000000e+00
0.000000000000000000e+00
0.000000000000000000e+00
0.000000000000000000e+00
0.000000000000000000e+00
0.000000000000000000e+00
0.000000000000000000e+00
-0.000000000000000000e+00
0.000000000000000000e+00
0.000000000000000000e+00
0.000000000000000000e+00
0.000000000000000000e+00
0.000000000000000000e+00
-3.756565199999999799e-02
-1.730307600000000057e-02
-1.203157000000000011e-02
-8.626387500000000721e-03
-7.910154799999999375e-03
-9.970684500000000228e-03
-1.042809299999999939e-02
-9.256987799999999780e-03
-1.071854000000000036e-02
-2.165379699999999893e-02
-4.530438400000000310e-02
-5.480749900000000258e-02
-4.024659399999999665e-02
0.000000000000000000e+00
-5.378290499999999717e-03
-4.156164500000000123e-03
1.895261900000000041e-02
1.104454900000000073e-02
-3.203902399999999928e-03
-1.882547700000000018e-02
-3.906483899999999704e-02
-6.718113800000000135e-02
0.000000000000000000e+00
0.000000000000000000e+00
0.000000000000000000e+00
0.000000000000000000e+00
0.000000000000000000e+00
0.000000000000000000e+00
0.000000000000000000e+00
0.000000000000000000e+00
0.000000000000000000e+00
0.000000000000000000e+00
0.000000000000000000e+00
0.000000000000000000e+00
0.000000000000000000e+00
0.000000000000000000e+00
-5.724325000000000246e-02
-1.760924599999999854e-02
-9.681384100000000811e-03
-4.723522800000000237e-03
-9.383531899999999516e-04
-1.832669299999999980e-03
-1.645743600000000063e-03
-8.787164700000000541e-04
-2.304387299999999857e-03
-1.309634699999999950e-02
-4.319946100000000150e-02
-5.273503999999999692e-02
-4.506331200000000120e-02
0.000000000000000000e+00
-0.000000000000000000e+00
-4.411927500000000120e-03
2.172855500000000009e-02
1.866437899999999830e-02
4.942762699999999655e-03
-1.024542600000000019e-02
-2.617615599999999904e-02
-5.324322699999999714e-02
0.000000000000000000e+00
0.000000000000000000e+00
0.000000000000000000e+00
0.000000000000000000e+00
0.000000000000000000e+00
0.000000000000000000e+00
0.000000000000000000e+00
0.000000000000000000e+00
0.000000000000000000e+00
0.000000000000000000e+00
0.000000000000000000e+00
0.000000000000000000e+00
0.000000000000000000e+00
0.000000000000000000e+00
-5.811962200000000273e-02
-2.786390899999999921e-02
-1.796704500000000093e-02
-8.540748600000000121e-03
2.249718600000000148e-03
5.887019900000000153e-03
8.775753900000000593e-03
1.156195299999999981e-02
9.202625600000000072e-03
-2.458821700000000162e-03
-4.012367099999999964e-02
-5.429798000000000263e-02
0.000000000000000000e+00
0.000000000000000000e+00
0.000000000000000000e+00
0.000000000000000000e+00
2.819908800000000149e-03
2.248933499999999919e-02
1.369335699999999975e-02
-2.517471099999999892e-03
-1.452479500000000007e-02
-3.325171400000000166e-02
-4.550173899999999938e-02
0.000000000000000000e+00
0.000000000000000000e+00
-0.000000000000000000e+00
-0.000000000000000000e+00
0.000000000000000000e+00
0.000000000000000000e+00
0.000000000000000000e+00
0.000000000000000000e+00
0.000000000000000000e+00
0.000000000000000000e+00
0.000000000000000000e+00
0.000000000000000000e+00
0.000000000000000000e+00
0.000000000000000000e+00
-0.000000000000000000e+00
-3.601573100000000222e-02
-1.804474199999999903e-02
-8.790325999999999565e-04
9.367477900000000662e-03
1.505924299999999993e-02
2.039030899999999882e-02
1.924699499999999938e-02
7.457856100000000155e-03
-3.141447099999999937e-02
-4.836513099999999871e-02
0.000000000000000000e+00
0.000000000000000000e+00
0.000000000000000000e+00
0.000000000000000000e+00
-2.993378500000000095e-02
7.700607200000000006e-03
1.103280400000000022e-02
-7.225540500000000518e-04
-1.022795399999999917e-02
-2.229712199999999908e-02
-3.068853399999999995e-02
-0.000000000000000000e+00
-0.000000000000000000e+00
-0.000000000000000000e+00
-0.000000000000000000e+00
0.000000000000000000e+00
0.000000000000000000e+00
0.000000000000000000e+00
0.000000000000000000e+00
0.000000000000000000e+00
0.000000000000000000e+00
0.000000000000000000e+00
0.000000000000000000e+00
0.000000000000000000e+00
0.000000000000000000e+00
-3.037898500000000071e-02
-3.246494099999999716e-02
-1.314609700000000068e-02
9.063891500000000089e-04
1.073062500000000058e-02
1.910527100000000006e-02
2.597942400000000096e-02
2.804156400000000146e-02
1.974119599999999905e-02
-8.123115300000000732e-03
0.000000000000000000e+00
0.000000000000000000e+00
0.000000000000000000e+00
0.000000000000000000e+00
0.000000000000000000e+00
-0.000000000000000000e+00
-1.189430900000000048e-02
-1.258439600000000073e-03
-4.963971699999999987e-03
-8.826274400000000409e-03
-1.702179800000000118e-02
-1.883044099999999985e-02
0.000000000000000000e+00
-0.000000000000000000e+00
-0.000000000000000000e+00
0.000000000000000000e+00
0.000000000000000000e+00
0.000000000000000000e+00
0.000000000000000000e+00
0.000000000000000000e+00
0.000000000000000000e+00
0.000000000000000000e+00
0.000000000000000000e+00
0.000000000000000000e+00
0.000000000000000000e+00
0.000000000000000000e+00
-3.037898699999999966e-02
-3.214838500000000154e-02
-1.552140200000000012e-02
-5.179874600000000315e-03
3.999151799999999674e-03
1.382818400000000031e-02
2.391697699999999899e-02
3.148879100000000208e-02
2.920888699999999935e-02
1.409655200000000004e-02
0.000000000000000000e+00
0.000000000000000000e+00
0.000000000000000000e+00
0.000000000000000000e+00
0.000000000000000000e+00
0.000000000000000000e+00
-4.033345399999999775e-02
-2.408474099999999979e-02
-1.200033799999999928e-02
-6.735257199999999771e-03
-1.493910199999999924e-02
-1.163207200000000024e-02
-1.036841699999999956e-02
0.000000000000000000e+00
0.000000000000000000e+00
0.000000000000000000e+00
0.000000000000000000e+00
0.000000000000000000e+00
0.000000000000000000e+00
0.000000000000000000e+00
0.000000000000000000e+00
0.000000000000000000e+00
0.000000000000000000e+00
0.000000000000000000e+00
0.000000000000000000e+00
0.000000000000000000e+00
0.000000000000000000e+00
-3.650690799999999764e-02
-3.228977000000000236e-02
-3.108903799999999940e-02
-1.817635800000000010e-02
-5.865101499999999905e-03
1.191427400000000074e-02
2.856430800000000006e-02
3.562759199999999959e-02
4.242071499999999773e-02
0.000000000000000000e+00
0.000000000000000000e+00
0.000000000000000000e+00
0.000000000000000000e+00
0.000000000000000000e+00
0.000000000000000000e+00
0.000000000000000000e+00
-9.941479799999999867e-02
-1.601173399999999969e-02
-1.997572399999999950e-04
-1.072571100000000062e-02
-1.075093799999999981e-02
-1.389124499999999998e-02
0.000000000000000000e+00
0.000000000000000000e+00
0.000000000000000000e+00
0.000000000000000000e+00
0.000000000000000000e+00
0.000000000000000000e+00
0.000000000000000000e+00
0.000000000000000000e+00
0.000000000000000000e+00
0.000000000000000000e+00
0.000000000000000000e+00
0.000000000000000000e+00
0.000000000000000000e+00
0.000000000000000000e+00
-3.253515299999999721e-02
-5.849133599999999794e-02
-6.559687100000000104e-02
-5.848783600000000138e-02
-3.942537699999999756e-02
-1.018561400000000082e-02
1.932982700000000081e-02
4.335264900000000005e-02
5.677278399999999975e-02
0.000000000000000000e+00
0.000000000000000000e+00
0.000000000000000000e+00
0.000000000000000000e+00
0.000000000000000000e+00
0.000000000000000000e+00
0.000000000000000000e+00
-1.489631999999999901e-01
-2.155810000000000018e-02
1.343877100000000083e-03
-1.004400400000000047e-02
6.617285900000000401e-03
0.000000000000000000e+00
0.000000000000000000e+00
0.000000000000000000e+00
0.000000000000000000e+00
0.000000000000000000e+00
0.000000000000000000e+00
0.000000000000000000e+00
0.000000000000000000e+00
0.000000000000000000e+00
0.000000000000000000e+00
0.000000000000000000e+00
0.000000000000000000e+00
0.000000000000000000e+00
0.000000000000000000e+00
0.000000000000000000e+00
0.000000000000000000e+00
0.000000000000000000e+00
-7.608565100000000414e-02
-1.056063700000000050e-01
-9.053725699999999599e-02
-9.743500199999999625e-03
0.000000000000000000e+00
0.000000000000000000e+00
0.000000000000000000e+00
0.000000000000000000e+00
0.000000000000000000e+00
0.000000000000000000e+00
0.000000000000000000e+00
0.000000000000000000e+00
0.000000000000000000e+00
0.000000000000000000e+00
-1.056426000000000032e-01
-5.117682300000000323e-02
-1.979787300000000055e-02
-1.049770199999999938e-02
-2.016797700000000013e-02
1.096605600000000007e-02
0.000000000000000000e+00
0.000000000000000000e+00
0.000000000000000000e+00
0.000000000000000000e+00
0.000000000000000000e+00
0.000000000000000000e+00
0.000000000000000000e+00
0.000000000000000000e+00
0.000000000000000000e+00
0.000000000000000000e+00
0.000000000000000000e+00
0.000000000000000000e+00
0.000000000000000000e+00
0.000000000000000000e+00
0.000000000000000000e+00
0.000000000000000000e+00
0.000000000000000000e+00
0.000000000000000000e+00
0.000000000000000000e+00
-8.005108299999999510e-02
0.000000000000000000e+00
0.000000000000000000e+00
0.000000000000000000e+00
0.000000000000000000e+00
0.000000000000000000e+00
0.000000000000000000e+00
0.000000000000000000e+00
0.000000000000000000e+00
0.000000000000000000e+00
-1.169796099999999978e-01
-2.953684700000000149e-02
0.000000000000000000e+00
0.000000000000000000e+00
-4.288133499999999959e-02
-5.452654099999999782e-02
-4.775730300000000095e-02
8.359665199999999699e-03
2.034355399999999980e-02
0.000000000000000000e+00
0.000000000000000000e+00
0.000000000000000000e+00
0.000000000000000000e+00
0.000000000000000000e+00
0.000000000000000000e+00
0.000000000000000000e+00
0.000000000000000000e+00
-8.610596700000000547e-03
-4.927440400000000081e-03
1.209125599999999901e-03
1.894402299999999994e-03
-3.128020899999999892e-03
-5.871733399999999777e-03
-6.945835000000000030e-03
-1.215746900000000061e-02
-1.930384599999999951e-02
-9.577663800000000421e-03
-1.222992999999999997e-02
-2.514243199999999928e-02
-1.235834499999999975e-02
5.487593300000000347e-03
2.120255000000000056e-02
2.905773700000000015e-02
1.404314899999999956e-02
5.361897800000000290e-03
-2.682176699999999983e-02
-2.032711099999999840e-02
0.000000000000000000e+00
0.000000000000000000e+00
0.000000000000000000e+00
0.000000000000000000e+00
-3.801975300000000335e-02
-3.516272699999999779e-02
-1.346495299999999999e-02
1.660120099999999946e-02
6.821389599999999956e-03
-9.725460899999999881e-03
-1.455621399999999961e-02
-4.811989800000000123e-02
-3.079071200000000133e-02
-1.713497099999999884e-02
-1.099006100000000062e-02
-9.160703900000000816e-03
