0.000000000000000000e+00
0.000000000000000000e+00
0.000000000000000000e+00
0.000000000000000000e+00
0.000000000000000000e+00
0.000000000000000000e+00
0.000000000000000000e+00
0.000000000000000000e+00
0.000000000000000000e+00
0.000000000000000000e+00
0.000000000000000000e+00
0.000000000000000000e+00
0.000000000000000000e+00
0.000000000000000000e+00
0.000000000000000000e+00
0.000000000000000000e+00
0.000000000000000000e+00
0.000000000000000000e+00
0.000000000000000000e+00
0.000000000000000000e+00
0.000000000000000000e+00
0.000000000000000000e+00
0.000000000000000000e+00
0.000000000000000000e+00
0.000000000000000000e+00
0.000000000000000000e+00
0.000000000000000000e+00
0.000000000000000000e+00
0.000000000000000000e+00
0.000000000000000000e+00
0.000000000000000000e+00
0.000000000000000000e+00
0.000000000000000000e+00
0.000000000000000000e+00
0.000000000000000000e+00
0.000000000000000000e+00
0.000000000000000000e+00
0.000000000000000000e+00
0.000000000000000000e+00
0.000000000000000000e+00
-9.562508299999999961e-02
-9.086738599999999444e-02
-6.141223600000000199e-02
-1.683861399999999828e-02
5.298039000000000047e-04
3.519380500000000075e-03
-3.781580699999999713e-05
-1.306090700000000007e-02
-2.478371799999999972e-02
-2.911885499999999904e-02
-3.299185000000000312e-02
-3.973106600000000238e-02
-6.434668400000000121e-02
-5.069904199999999972e-02
-4.034873199999999827e-02
0.000000000000000000e+00
4.480212899999999783e-03
-5.678847400000000024e-03
-7.356493000000000407e-03
-1.395017399999999921e-02
-2.952039600000000083e-02
-6.331845999999999308e-02
-9.414466000000000501e-02
-1.036443799999999943e-01
-9.380961499999999897e-02
-8.333159699999999337e-02
-1.519307000000000019e-01
0.000000000000000000e+00
-1.054464900000000038e-01
-7.437944700000000131e-02
-1.107439199999999957e-01
0.000000000000000000e+00
-4.608774300000000046e-02
-3.839197200000000337e-02
-4.182285200000000064e-02
-4.812139700000000325e-02
-1.569728100000000043e-02
2.174501300000000054e-02
5.910399599999999892e-02
8.621697100000000336e-02
1.026197799999999938e-01
1.085046900000000009e-01
1.030976400000000043e-01
9.280136199999999835e-02
8.161312900000000647e-02
7.362297900000000506e-02
6.646903599999999523e-02
5.939609199999999756e-02
5.219209200000000243e-02
4.728441700000000220e-02
3.947371499999999950e-02
2.608928300000000131e-02
1.058511600000000032e-02
2.419045699999999854e-02
2.608948200000000064e-02
2.502625400000000125e-02
2.415660299999999872e-02
1.996695299999999909e-02
1.436688099999999975e-02
1.322324199999999964e-02
1.589659400000000000e-02
8.174680199999999342e-03
-2.584565899999999999e-02
-4.596350099999999689e-02
-3.789837299999999909e-02
-2.141846500000000111e-02
-3.962558199999999947e-02
-5.143292900000000223e-02
1.205324299999999960e-01
1.234473199999999993e-01
1.253610099999999949e-01
1.259182199999999974e-01
1.312465700000000068e-01
1.391169999999999907e-01
1.461519099999999960e-01
1.456504200000000027e-01
1.512308300000000105e-01
1.492443499999999978e-01
1.442051699999999936e-01
1.418326500000000046e-01
1.354982999999999882e-01
1.306457699999999944e-01
1.254279299999999930e-01
1.192781900000000062e-01
1.123876399999999970e-01
1.038749999999999951e-01
1.034691600000000045e-01
8.045472600000000418e-02
7.291246199999999733e-02
8.289979199999999993e-02
8.771568500000000157e-02
8.799249700000000285e-02
9.172749199999999381e-02
1.005699800000000033e-01
1.098985400000000029e-01
1.178233399999999986e-01
1.266575299999999904e-01
1.342641599999999935e-01
1.370643199999999895e-01
1.384150100000000050e-01
1.407213800000000070e-01
1.349202700000000088e-01
1.288416199999999900e-01
1.225847699999999957e-01
1.900495399999999890e-01
1.834175100000000058e-01
1.707512999999999947e-01
1.542687000000000086e-01
1.420365600000000061e-01
1.277657899999999902e-01
1.255649600000000032e-01
1.079866599999999982e-01
1.118202499999999960e-01
1.200504000000000016e-01
1.261451199999999995e-01
1.347716999999999943e-01
1.385546000000000000e-01
1.395897399999999899e-01
1.400829700000000011e-01
1.363327099999999958e-01
1.313346800000000092e-01
1.212832400000000005e-01
1.072538700000000012e-01
0.000000000000000000e+00
8.129262199999999494e-02
1.005385399999999957e-01
1.164311999999999986e-01
1.282912900000000023e-01
1.385204499999999894e-01
1.529555499999999957e-01
1.668077000000000032e-01
1.744217299999999971e-01
1.808012699999999862e-01
1.853659900000000083e-01
1.895486000000000115e-01
1.968407600000000035e-01
2.136286799999999875e-01
2.104091899999999959e-01
2.032331199999999893e-01
1.977721600000000024e-01
1.987563599999999930e-01
1.839056799999999881e-01
1.620795700000000061e-01
1.396613100000000107e-01
1.183249400000000034e-01
8.951169700000000118e-02
8.431977400000000011e-02
5.887204800000000321e-02
6.103451599999999699e-02
7.620417899999999689e-02
8.927758500000000652e-02
1.018876499999999963e-01
1.118930399999999992e-01
1.195077100000000031e-01
1.250722099999999892e-01
1.248170400000000041e-01
1.221306800000000053e-01
1.114265599999999939e-01
9.283311299999999489e-02
0.000000000000000000e+00
6.194697700000000029e-02
8.530075600000000535e-02
1.086600900000000008e-01
1.310042100000000098e-01
1.453345699999999963e-01
1.549807300000000110e-01
1.616164400000000001e-01
1.628129100000000051e-01
1.590437600000000062e-01
1.553365100000000110e-01
1.581248600000000060e-01
1.635880999999999863e-01
1.930370499999999878e-01
2.218080299999999894e-01
2.169588699999999981e-01
2.091436100000000076e-01
1.642895299999999892e-01
1.428986499999999882e-01
1.192314299999999994e-01
9.679158399999999995e-02
9.246981999999999424e-02
4.857550599999999746e-02
3.383150399999999836e-02
3.195237699999999709e-02
3.453119100000000274e-02
4.707948099999999941e-02
5.752149200000000046e-02
6.624284399999999517e-02
7.371798200000000134e-02
8.174554300000000384e-02
8.827085799999999371e-02
9.258994500000000683e-02
9.325303100000000012e-02
8.357575500000000157e-02
6.147324700000000169e-02
0.000000000000000000e+00
5.050520000000000009e-02
5.680814800000000275e-02
8.302925499999999626e-02
1.116526899999999989e-01
1.285690800000000023e-01
1.366369299999999898e-01
1.314092900000000119e-01
1.187642299999999984e-01
1.025092999999999976e-01
9.279929100000000597e-02
1.039246199999999953e-01
1.083639899999999934e-01
1.320828500000000016e-01
1.653993300000000111e-01
1.758091900000000041e-01
1.759116599999999975e-01
9.650975100000000473e-02
7.567523399999999401e-02
6.082760499999999987e-02
5.067744300000000257e-02
0.000000000000000000e+00
1.063746599999999994e-02
7.801460100000000113e-03
1.190725400000000080e-02
1.292531300000000077e-02
1.598337500000000105e-02
2.149226499999999998e-02
2.773537499999999961e-02
3.366570900000000199e-02
4.019068600000000324e-02
4.765665899999999705e-02
5.438296199999999997e-02
5.706810999999999828e-02
4.884611800000000087e-02
2.947723099999999957e-02
0.000000000000000000e+00
4.369175499999999879e-02
3.583002400000000198e-02
5.236715100000000067e-02
7.633522900000000444e-02
8.845892199999999539e-02
9.429857099999999770e-02
8.441540599999999839e-02
6.240482299999999816e-02
5.136934299999999787e-02
3.522710099999999678e-02
4.746474099999999779e-02
5.516117100000000190e-02
7.378629600000000122e-02
8.969829699999999628e-02
1.019071299999999985e-01
1.058012700000000028e-01
3.473066500000000084e-02
3.459272299999999883e-02
2.863441400000000039e-02
0.000000000000000000e+00
0.000000000000000000e+00
-6.675496000000000381e-03
-8.685573900000000125e-03
-4.946298899999999887e-03
-8.209871100000000130e-03
-8.444508499999999612e-03
-5.900085000000000225e-03
-1.623630499999999992e-03
3.832371399999999918e-03
1.071046999999999971e-02
1.834961200000000126e-02
2.441802599999999893e-02
2.635286400000000015e-02
1.835743700000000075e-02
4.796556700000000235e-03
0.000000000000000000e+00
0.000000000000000000e+00
5.099970100000000145e-03
1.649370000000000003e-02
3.295575500000000324e-02
4.179234800000000000e-02
4.446868600000000032e-02
3.136136800000000058e-02
1.532490899999999941e-02
0.000000000000000000e+00
-1.795304900000000044e-04
-4.220338500000000298e-03
3.970058599999999605e-03
1.743229099999999906e-02
2.955229599999999873e-02
3.886223999999999928e-02
4.233533899999999961e-02
-1.703210200000000035e-02
-1.897837000000000135e-02
0.000000000000000000e+00
0.000000000000000000e+00
0.000000000000000000e+00
-1.930586999999999928e-02
-2.374108100000000068e-02
-2.584786000000000028e-02
-2.938220799999999994e-02
-2.950996499999999911e-02
-2.758912399999999959e-02
-2.335416900000000101e-02
-1.674369699999999836e-02
-9.021609999999999352e-03
-2.984806400000000141e-03
-4.484261199999999871e-04
-2.251274900000000030e-03
-9.110172300000000251e-03
-8.787727000000000385e-03
0.000000000000000000e+00
0.000000000000000000e+00
-1.929233199999999884e-02
-1.208352400000000000e-02
-5.607756299999999867e-04
2.821718300000000072e-03
-1.634746899999999946e-03
-2.082090600000000014e-02
-3.031083399999999831e-02
0.000000000000000000e+00
-3.493228000000000305e-02
-4.178408499999999859e-02
-3.167521200000000120e-02
-2.115014600000000161e-02
-1.322669400000000064e-02
-8.843364200000000327e-03
-9.637894100000000616e-03
-4.884898099999999965e-02
-3.899511700000000275e-02
0.000000000000000000e+00
0.000000000000000000e+00
0.000000000000000000e+00
-3.594237200000000021e-02
-4.375671800000000000e-02
-4.804061400000000231e-02
-4.944596400000000197e-02
-4.766670399999999724e-02
-4.289355100000000198e-02
-3.520035400000000314e-02
-2.632939499999999849e-02
-2.023917299999999919e-02
-1.919225399999999887e-02
-2.273604200000000145e-02
-2.921675699999999945e-02
-3.174192099999999933e-02
-1.130553299999999955e-02
0.000000000000000000e+00
0.000000000000000000e+00
-3.280178899999999786e-02
-2.730368600000000062e-02
-2.205580099999999988e-02
-2.541486600000000123e-02
-3.658298799999999684e-02
-5.578393499999999977e-02
-4.924840099999999721e-02
0.000000000000000000e+00
-4.147541999999999895e-02
-4.837198300000000034e-02
-4.799234100000000086e-02
-4.573266599999999821e-02
-4.516826399999999964e-02
-4.622267599999999727e-02
-4.993314299999999928e-02
-6.203471099999999933e-02
-4.033503699999999720e-02
0.000000000000000000e+00
0.000000000000000000e+00
0.000000000000000000e+00
-5.374968100000000054e-02
-6.090783699999999939e-02
-6.524159000000000208e-02
-6.497138700000000544e-02
-6.022248399999999974e-02
-5.158810300000000321e-02
-3.968292799999999926e-02
-3.096300899999999967e-02
-2.954892099999999883e-02
-3.554244299999999995e-02
-4.500719899999999773e-02
-5.348224599999999718e-02
-4.992611000000000271e-02
-1.859893099999999910e-02
0.000000000000000000e+00
0.000000000000000000e+00
0.000000000000000000e+00
-3.595852699999999708e-02
-4.081641099999999689e-02
-5.017542500000000266e-02
-6.395242399999999383e-02
-6.823532999999999682e-02
0.000000000000000000e+00
0.000000000000000000e+00
-3.148687599999999698e-02
-3.897942499999999810e-02
-5.645724299999999723e-02
-6.948545600000000100e-02
-7.745697299999999841e-02
-8.188277500000000486e-02
-8.058625499999999553e-02
-6.348413199999999867e-02
-3.755472900000000197e-02
0.000000000000000000e+00
0.000000000000000000e+00
0.000000000000000000e+00
-6.583509899999999415e-02
-6.700716199999999512e-02
-7.124966400000000422e-02
-6.925915200000000438e-02
-6.126094199999999879e-02
-4.922257700000000347e-02
-3.824685099999999838e-02
-3.585411599999999838e-02
-4.147369000000000056e-02
-5.213944599999999902e-02
-6.187183000000000266e-02
-6.759568999999999994e-02
-6.290880599999999767e-02
-3.481216699999999803e-02
0.000000000000000000e+00
0.000000000000000000e+00
0.000000000000000000e+00
-4.484834299999999885e-02
-5.727406599999999848e-02
-6.790935200000000616e-02
-7.532316399999999801e-02
-5.377875599999999701e-02
0.000000000000000000e+00
0.000000000000000000e+00
0.000000000000000000e+00
-1.881099899999999839e-02
-6.233035499999999701e-02
-8.498464499999999755e-02
-9.820722799999999364e-02
-1.018070400000000014e-01
-9.242857999999999630e-02
-5.757565399999999695e-02
-2.412337100000000109e-02
0.000000000000000000e+00
0.000000000000000000e+00
-5.878485499999999697e-02
-5.853096800000000266e-02
-6.042949100000000184e-02
-6.200370899999999713e-02
-5.634166699999999806e-02
-4.551588699999999793e-02
-3.681217500000000253e-02
-3.938962099999999966e-02
-5.020161000000000068e-02
-6.334786100000000530e-02
-7.406915000000000027e-02
-7.870466299999999416e-02
-7.752723999999999727e-02
-6.629013300000000108e-02
0.000000000000000000e+00
0.000000000000000000e+00
0.000000000000000000e+00
0.000000000000000000e+00
-5.534575900000000132e-02
-7.224396600000000668e-02
-7.853501999999999705e-02
-7.165185400000000093e-02
-3.460732799999999970e-02
0.000000000000000000e+00
0.000000000000000000e+00
0.000000000000000000e+00
-1.418831299999999927e-02
-6.394523900000000094e-02
-9.060700200000000593e-02
-1.067261999999999933e-01
-1.083437399999999939e-01
-9.255319800000000319e-02
-4.836578700000000036e-02
-1.713717899999999891e-02
0.000000000000000000e+00
0.000000000000000000e+00
-7.727994400000000319e-02
-4.307396699999999773e-02
-4.096970300000000315e-02
-3.681331899999999713e-02
-3.013105500000000034e-02
-2.529788399999999965e-02
-2.929344600000000076e-02
-4.566349499999999839e-02
-6.443691999999999476e-02
-8.070588099999999321e-02
-9.020835200000000553e-02
-8.948494499999999630e-02
-7.928467499999999890e-02
-4.917237900000000217e-02
0.000000000000000000e+00
0.000000000000000000e+00
0.000000000000000000e+00
0.000000000000000000e+00
-6.032433200000000134e-02
-7.621263699999999974e-02
-7.470624100000000656e-02
-5.615250000000000102e-02
-1.973592700000000033e-02
0.000000000000000000e+00
0.000000000000000000e+00
0.000000000000000000e+00
-2.254879799999999837e-02
-5.857134199999999846e-02
-8.516793699999999911e-02
-9.943329500000000487e-02
-9.903293100000000460e-02
-8.316052000000000166e-02
-3.154316199999999959e-02
0.000000000000000000e+00
-1.575601299999999927e-02
-6.195615499999999887e-02
-9.102406600000000070e-02
-2.756345300000000165e-02
-2.155682999999999905e-02
-1.678194900000000087e-02
-1.513285600000000009e-02
-1.866990699999999948e-02
-3.017173899999999950e-02
-4.995056999999999969e-02
-6.979925200000000607e-02
-8.576775300000000213e-02
-9.246595200000000403e-02
-8.614572900000000422e-02
-6.867024300000000581e-02
-4.056414800000000126e-02
0.000000000000000000e+00
0.000000000000000000e+00
0.000000000000000000e+00
0.000000000000000000e+00
-5.695059899999999758e-02
-6.812831799999999327e-02
-6.139877099999999782e-02
-3.809466599999999925e-02
-7.653171200000000347e-03
0.000000000000000000e+00
0.000000000000000000e+00
0.000000000000000000e+00
-3.068379599999999929e-02
-4.924602399999999935e-02
-7.036593600000000392e-02
-8.031036699999999362e-02
-7.654041100000000264e-02
-6.127335500000000157e-02
-1.881309299999999948e-02
0.000000000000000000e+00
-7.246292599999999869e-03
-2.653535200000000163e-02
-2.125395399999999851e-02
-1.942632299999999881e-02
-1.924085600000000063e-02
-2.173690699999999976e-02
-2.625906299999999916e-02
-3.251074300000000167e-02
-4.203307600000000255e-02
-5.553915400000000030e-02
-6.876528299999999649e-02
-7.830581100000000294e-02
-8.109065099999999970e-02
-7.238026000000000182e-02
-5.126329899999999828e-02
-2.409875900000000085e-02
0.000000000000000000e+00
0.000000000000000000e+00
0.000000000000000000e+00
0.000000000000000000e+00
-4.299078900000000147e-02
-4.899406099999999847e-02
-4.129529700000000164e-02
-1.920343700000000028e-02
3.912300599999999837e-03
0.000000000000000000e+00
0.000000000000000000e+00
0.000000000000000000e+00
-2.660068200000000049e-02
-3.398342099999999977e-02
-4.606328900000000032e-02
-5.171569100000000113e-02
-4.590477400000000235e-02
-3.378264599999999951e-02
0.000000000000000000e+00
0.000000000000000000e+00
-3.269031999999999841e-03
-3.642045000000000005e-03
-2.451636800000000019e-02
-2.678431900000000088e-02
-3.552767800000000004e-02
-4.328081799999999868e-02
-5.012967399999999907e-02
-5.561902700000000144e-02
-5.993803200000000220e-02
-6.162084599999999995e-02
-6.019870900000000302e-02
-5.562625499999999945e-02
-4.839612499999999817e-02
-3.948735300000000281e-02
-2.461802199999999982e-02
-6.761199399999999991e-03
0.000000000000000000e+00
0.000000000000000000e+00
0.000000000000000000e+00
-3.014103099999999869e-02
-2.572895299999999885e-02
-2.279118100000000063e-02
-1.627046299999999890e-02
1.919994199999999914e-04
1.262428500000000071e-02
0.000000000000000000e+00
0.000000000000000000e+00
0.000000000000000000e+00
-2.186900099999999902e-02
-1.747093699999999888e-02
-1.865408600000000028e-02
-1.914408700000000060e-02
-1.409865700000000055e-02
-8.822833599999999749e-03
0.000000000000000000e+00
0.000000000000000000e+00
-3.451921599999999927e-03
-1.345568599999999969e-02
-2.872093400000000005e-02
-3.070120299999999983e-02
-3.864720099999999908e-02
-4.463361600000000096e-02
-4.963426299999999791e-02
-5.376843399999999690e-02
-5.687072099999999908e-02
-5.724541100000000299e-02
-5.448564899999999711e-02
-4.755838600000000110e-02
-3.641896699999999654e-02
-2.452457300000000090e-02
-9.980768900000000846e-03
2.438323100000000087e-03
0.000000000000000000e+00
0.000000000000000000e+00
0.000000000000000000e+00
-6.602037700000000509e-02
-2.341630299999999942e-02
-8.520184999999999564e-03
1.189929300000000046e-03
1.586906600000000112e-02
2.134879699999999922e-02
0.000000000000000000e+00
0.000000000000000000e+00
0.000000000000000000e+00
-2.017631500000000022e-02
-1.146837700000000008e-02
-5.377043500000000358e-03
-5.919564300000000525e-04
5.037068399999999717e-03
6.757509000000000085e-03
0.000000000000000000e+00
0.000000000000000000e+00
-5.541655000000000365e-03
-1.999492699999999915e-02
-2.758010400000000112e-02
-3.155390899999999804e-02
-3.859757500000000202e-02
-4.307496300000000083e-02
-4.598654600000000314e-02
-4.793243800000000082e-02
-4.912041000000000324e-02
-4.963083399999999867e-02
-4.844258299999999740e-02
-4.231460499999999819e-02
-3.034616099999999997e-02
-1.633707900000000088e-02
-3.041361399999999941e-03
6.161386599999999804e-03
0.000000000000000000e+00
0.000000000000000000e+00
0.000000000000000000e+00
-5.737530700000000039e-02
-2.489849800000000155e-02
-2.026792600000000121e-03
1.349537399999999922e-02
2.201425200000000151e-02
2.746816399999999977e-02
0.000000000000000000e+00
0.000000000000000000e+00
0.000000000000000000e+00
-1.795700600000000105e-02
-1.132294699999999987e-02
-9.333797999999999704e-04
9.705170600000000147e-03
1.665165099999999995e-02
1.268311800000000017e-02
0.000000000000000000e+00
8.319544800000000170e-04
-1.184608000000000015e-02
-2.432939799999999861e-02
-3.673655900000000196e-02
-5.220754100000000314e-02
-6.614637399999999390e-02
-7.473380100000000248e-02
-7.820521299999999565e-02
-7.587996099999999577e-02
-6.865882900000000455e-02
-5.751268200000000247e-02
-4.358446199999999743e-02
-2.612031999999999896e-02
-1.041996300000000084e-02
-5.785913699999999972e-03
-6.380511000000000169e-03
-2.966702400000000017e-03
0.000000000000000000e+00
0.000000000000000000e+00
-6.884101099999999362e-02
-6.278402600000000666e-02
-4.140418399999999666e-02
-5.813894800000000279e-03
2.192470399999999972e-02
0.000000000000000000e+00
0.000000000000000000e+00
0.000000000000000000e+00
0.000000000000000000e+00
0.000000000000000000e+00
0.000000000000000000e+00
-7.048355000000000072e-03
-9.863603600000000072e-04
1.914397600000000005e-02
2.941391499999999881e-02
1.671185999999999852e-02
0.000000000000000000e+00
-2.544825699999999930e-03
-2.072428000000000117e-02
-3.160924500000000109e-02
-5.005203200000000324e-02
-7.275772099999999742e-02
-9.252618299999999796e-02
-1.075229300000000027e-01
-1.177866699999999961e-01
-1.210378000000000009e-01
-1.171907300000000068e-01
-1.039618699999999979e-01
-7.986206599999999545e-02
-4.643565000000000192e-02
-1.434325200000000078e-02
-9.726972299999999197e-03
-1.411361300000000055e-02
-1.245512099999999955e-02
0.000000000000000000e+00
0.000000000000000000e+00
-9.034551100000000334e-02
-8.471724399999999711e-02
-6.306413600000000674e-02
-2.216520900000000169e-02
2.883120700000000106e-02
0.000000000000000000e+00
0.000000000000000000e+00
0.000000000000000000e+00
0.000000000000000000e+00
0.000000000000000000e+00
0.000000000000000000e+00
-1.524314699999999943e-03
2.694578400000000127e-03
2.328416900000000039e-02
3.855372499999999703e-02
2.398414199999999996e-02
0.000000000000000000e+00
-5.444921800000000409e-03
-3.104068299999999947e-02
-3.805386999999999659e-02
-5.226369899999999680e-02
-7.088744600000000673e-02
-8.710506599999999489e-02
-1.008641900000000063e-01
-1.125380799999999987e-01
-1.200889299999999965e-01
-1.229963500000000043e-01
-1.175006900000000049e-01
-9.932028499999999427e-02
-6.795192499999999636e-02
-2.657079500000000122e-02
-1.445218199999999918e-02
-1.980850400000000108e-02
0.000000000000000000e+00
-1.168257699999999955e-01
-9.783880000000000354e-02
-9.819358599999999937e-02
-9.225302900000000028e-02
-7.623769299999999527e-02
-4.204302699999999671e-02
-1.789061299999999965e-02
0.000000000000000000e+00
0.000000000000000000e+00
0.000000000000000000e+00
0.000000000000000000e+00
0.000000000000000000e+00
0.000000000000000000e+00
8.569311699999999834e-04
1.199332300000000018e-02
2.695573100000000014e-02
3.669308599999999976e-02
2.762215299999999998e-02
0.000000000000000000e+00
-2.988074099999999886e-02
-4.631712400000000118e-02
-4.760926399999999836e-02
-5.262953799999999654e-02
-6.267794999999999617e-02
-7.330501700000000009e-02
-8.385964499999999655e-02
-9.433618200000000453e-02
-1.025395499999999932e-01
-1.077548599999999940e-01
-1.081452599999999931e-01
-9.813780699999999357e-02
-7.321149100000000354e-02
-3.065738499999999880e-02
-8.299062299999999948e-03
0.000000000000000000e+00
-8.318455800000000566e-02
-1.034672100000000039e-01
-9.698708999999999802e-02
-9.219688900000000409e-02
-8.973543800000000070e-02
-8.222819900000000182e-02
-6.079976599999999815e-02
-4.106246699999999833e-02
0.000000000000000000e+00
0.000000000000000000e+00
0.000000000000000000e+00
0.000000000000000000e+00
0.000000000000000000e+00
0.000000000000000000e+00
1.334929900000000023e-02
2.464640099999999834e-02
0.000000000000000000e+00
3.244476000000000304e-02
2.746972099999999903e-02
0.000000000000000000e+00
-6.472049200000000446e-02
-5.606265700000000185e-02
-5.179842600000000158e-02
-5.090365899999999694e-02
-5.532377200000000023e-02
-6.256674199999999464e-02
-6.999955300000000602e-02
-7.657276799999999939e-02
-8.271468399999999666e-02
-8.763804999999999512e-02
-9.012507599999999841e-02
-8.470954699999999615e-02
-6.190241099999999747e-02
-2.172301700000000071e-02
0.000000000000000000e+00
0.000000000000000000e+00
-4.654735599999999807e-02
-4.006557499999999911e-02
-6.775255500000000597e-02
-7.051184800000000197e-02
-7.348046499999999481e-02
-7.487535500000000455e-02
-7.029844799999999949e-02
-5.998233699999999669e-02
0.000000000000000000e+00
0.000000000000000000e+00
0.000000000000000000e+00
0.000000000000000000e+00
0.000000000000000000e+00
0.000000000000000000e+00
0.000000000000000000e+00
3.401893699999999909e-02
0.000000000000000000e+00
0.000000000000000000e+00
0.000000000000000000e+00
0.000000000000000000e+00
0.000000000000000000e+00
-6.114921000000000245e-02
-4.432585800000000270e-02
-4.055058999999999747e-02
-4.147519899999999732e-02
-4.504595000000000127e-02
-4.973047600000000262e-02
-5.344131199999999776e-02
-5.782264100000000101e-02
-6.288027799999999778e-02
-6.801759500000000014e-02
-6.581334799999999374e-02
-4.239690299999999967e-02
-4.537280200000000374e-03
0.000000000000000000e+00
-3.880760999999999933e-02
-4.100412999999999974e-02
-3.172137500000000304e-02
-3.678976199999999669e-02
-4.393964599999999887e-02
-5.060579300000000308e-02
-5.592274299999999698e-02
-6.087165299999999779e-02
-5.949149299999999946e-02
0.000000000000000000e+00
0.000000000000000000e+00
0.000000000000000000e+00
0.000000000000000000e+00
0.000000000000000000e+00
0.000000000000000000e+00
0.000000000000000000e+00
2.332086200000000123e-02
0.000000000000000000e+00
0.000000000000000000e+00
0.000000000000000000e+00
0.000000000000000000e+00
0.000000000000000000e+00
-5.303451099999999946e-02
-2.506861499999999895e-02
-1.684423300000000012e-02
-1.453497400000000085e-02
-1.350043299999999918e-02
-1.466170299999999989e-02
-1.595681700000000161e-02
-1.999392499999999920e-02
-2.656437099999999982e-02
-3.455132999999999815e-02
-3.591064299999999904e-02
-1.246542200000000031e-02
1.236296100000000044e-02
0.000000000000000000e+00
-3.297893400000000141e-02
-2.186181499999999972e-02
-2.297494699999999990e-03
-4.301654599999999579e-03
-1.162039100000000075e-02
-1.984990299999999860e-02
-2.642682099999999965e-02
-3.434498600000000096e-02
-3.034163900000000011e-02
0.000000000000000000e+00
0.000000000000000000e+00
0.000000000000000000e+00
0.000000000000000000e+00
0.000000000000000000e+00
0.000000000000000000e+00
0.000000000000000000e+00
0.000000000000000000e+00
0.000000000000000000e+00
0.000000000000000000e+00
0.000000000000000000e+00
0.000000000000000000e+00
0.000000000000000000e+00
-3.231877699999999992e-02
-8.093001299999999509e-03
4.945092800000000163e-03
1.362927300000000078e-02
2.077789600000000056e-02
2.387350800000000162e-02
2.408887399999999970e-02
1.913471500000000006e-02
1.158364299999999937e-02
1.905575899999999937e-03
-2.537474000000000066e-03
1.741250800000000015e-02
2.940222600000000006e-02
0.000000000000000000e+00
0.000000000000000000e+00
0.000000000000000000e+00
3.312608400000000008e-02
3.210492100000000154e-02
2.570054299999999931e-02
1.587735300000000030e-02
7.069833600000000398e-03
-3.030220499999999872e-03
-5.380984099999999715e-03
0.000000000000000000e+00
0.000000000000000000e+00
0.000000000000000000e+00
0.000000000000000000e+00
0.000000000000000000e+00
0.000000000000000000e+00
0.000000000000000000e+00
0.000000000000000000e+00
0.000000000000000000e+00
0.000000000000000000e+00
0.000000000000000000e+00
0.000000000000000000e+00
0.000000000000000000e+00
0.000000000000000000e+00
-5.669977100000000124e-03
9.329845899999999678e-03
2.849024899999999874e-02
4.519663399999999942e-02
5.403379400000000304e-02
5.947368599999999783e-02
5.618542399999999770e-02
4.983068599999999904e-02
4.012524700000000277e-02
3.223557800000000084e-02
3.403410700000000094e-02
0.000000000000000000e+00
0.000000000000000000e+00
0.000000000000000000e+00
0.000000000000000000e+00
5.750459299999999968e-02
7.372735399999999495e-02
6.893054399999999637e-02
5.379002900000000309e-02
3.977099099999999859e-02
2.663119099999999850e-02
1.698768800000000079e-02
0.000000000000000000e+00
0.000000000000000000e+00
1.538098499999999980e-02
2.549869800000000020e-02
2.782597200000000090e-02
0.000000000000000000e+00
0.000000000000000000e+00
0.000000000000000000e+00
0.000000000000000000e+00
0.000000000000000000e+00
0.000000000000000000e+00
0.000000000000000000e+00
0.000000000000000000e+00
0.000000000000000000e+00
5.297859900000000122e-03
1.343581100000000063e-02
4.313246899999999967e-02
5.961317599999999689e-02
6.966575199999999746e-02
7.842446100000000087e-02
7.982066799999999740e-02
7.795982099999999859e-02
6.984278600000000392e-02
5.694769799999999799e-02
4.343006600000000328e-02
0.000000000000000000e+00
0.000000000000000000e+00
0.000000000000000000e+00
0.000000000000000000e+00
8.529207499999999498e-02
9.011946599999999530e-02
8.810012799999999977e-02
7.712417700000000209e-02
6.047815100000000083e-02
4.404085900000000164e-02
3.330725400000000141e-02
0.000000000000000000e+00
2.468034499999999937e-02
1.795556300000000077e-02
0.000000000000000000e+00
0.000000000000000000e+00
0.000000000000000000e+00
0.000000000000000000e+00
0.000000000000000000e+00
0.000000000000000000e+00
0.000000000000000000e+00
0.000000000000000000e+00
0.000000000000000000e+00
0.000000000000000000e+00
0.000000000000000000e+00
2.275017699999999990e-02
3.858033799999999874e-02
4.389505800000000069e-02
5.409179599999999755e-02
6.467475699999999939e-02
7.381880300000000228e-02
8.192043799999999820e-02
8.496686100000000463e-02
7.856441299999999961e-02
5.944518399999999814e-02
3.677974999999999994e-02
0.000000000000000000e+00
0.000000000000000000e+00
0.000000000000000000e+00
0.000000000000000000e+00
0.000000000000000000e+00
4.135308000000000039e-02
4.973492399999999980e-02
6.191931299999999666e-02
5.993037300000000206e-02
4.199840099999999771e-02
2.952720400000000134e-02
0.000000000000000000e+00
0.000000000000000000e+00
0.000000000000000000e+00
0.000000000000000000e+00
0.000000000000000000e+00
0.000000000000000000e+00
0.000000000000000000e+00
0.000000000000000000e+00
0.000000000000000000e+00
0.000000000000000000e+00
0.000000000000000000e+00
0.000000000000000000e+00
0.000000000000000000e+00
0.000000000000000000e+00
0.000000000000000000e+00
1.803344800000000053e-02
6.231888700000000336e-03
1.484415300000000056e-02
3.173937599999999970e-02
4.353843599999999980e-02
5.625828399999999868e-02
6.281723799999999747e-02
5.654146499999999909e-02
3.258354900000000332e-02
-2.148236799999999821e-03
0.000000000000000000e+00
0.000000000000000000e+00
0.000000000000000000e+00
0.000000000000000000e+00
0.000000000000000000e+00
0.000000000000000000e+00
2.518709599999999910e-02
4.813544599999999840e-02
4.706022499999999720e-02
2.582682500000000117e-02
1.293143300000000086e-02
1.579971699999999915e-03
0.000000000000000000e+00
0.000000000000000000e+00
0.000000000000000000e+00
0.000000000000000000e+00
0.000000000000000000e+00
0.000000000000000000e+00
0.000000000000000000e+00
0.000000000000000000e+00
0.000000000000000000e+00
0.000000000000000000e+00
0.000000000000000000e+00
0.000000000000000000e+00
0.000000000000000000e+00
0.000000000000000000e+00
-8.448578400000000127e-03
-1.956506100000000165e-02
-3.271645599999999793e-02
-2.406540799999999994e-02
-8.468572900000000472e-03
2.054287599999999898e-03
1.150698099999999946e-02
7.251510499999999811e-03
-1.681582699999999847e-02
0.000000000000000000e+00
0.000000000000000000e+00
0.000000000000000000e+00
0.000000000000000000e+00
0.000000000000000000e+00
0.000000000000000000e+00
0.000000000000000000e+00
7.561683499999999336e-02
4.330665200000000103e-02
1.639039200000000016e-02
-1.481068799999999937e-03
-6.986178899999999879e-03
0.000000000000000000e+00
0.000000000000000000e+00
0.000000000000000000e+00
0.000000000000000000e+00
0.000000000000000000e+00
0.000000000000000000e+00
0.000000000000000000e+00
0.000000000000000000e+00
0.000000000000000000e+00
0.000000000000000000e+00
0.000000000000000000e+00
0.000000000000000000e+00
0.000000000000000000e+00
0.000000000000000000e+00
0.000000000000000000e+00
0.000000000000000000e+00
0.000000000000000000e+00
-6.516959399999999736e-02
-8.048307899999999904e-02
-5.928475799999999990e-02
-4.493074300000000215e-02
-4.861626899999999668e-02
-5.228466799999999942e-02
0.000000000000000000e+00
0.000000000000000000e+00
0.000000000000000000e+00
0.000000000000000000e+00
0.000000000000000000e+00
0.000000000000000000e+00
0.000000000000000000e+00
0.000000000000000000e+00
1.152423699999999968e-01
-3.525436399999999984e-03
-3.061284300000000069e-02
-3.387808400000000275e-02
-3.585929399999999989e-02
-4.176946200000000026e-02
0.000000000000000000e+00
0.000000000000000000e+00
0.000000000000000000e+00
0.000000000000000000e+00
0.000000000000000000e+00
0.000000000000000000e+00
0.000000000000000000e+00
0.000000000000000000e+00
0.000000000000000000e+00
0.000000000000000000e+00
0.000000000000000000e+00
0.000000000000000000e+00
0.000000000000000000e+00
0.000000000000000000e+00
0.000000000000000000e+00
0.000000000000000000e+00
0.000000000000000000e+00
0.000000000000000000e+00
0.000000000000000000e+00
-4.351265700000000319e-02
0.000000000000000000e+00
0.000000000000000000e+00
0.000000000000000000e+00
0.000000000000000000e+00
0.000000000000000000e+00
0.000000000000000000e+00
0.000000000000000000e+00
0.000000000000000000e+00
0.000000000000000000e+00
6.128465599999999985e-02
5.393439600000000250e-02
0.000000000000000000e+00
0.000000000000000000e+00
-6.405691800000000435e-02
-7.611064500000000455e-02
-5.266473499999999724e-02
-2.079299500000000162e-02
-1.007949500000000082e-02
0.000000000000000000e+00
0.000000000000000000e+00
0.000000000000000000e+00
0.000000000000000000e+00
0.000000000000000000e+00
0.000000000000000000e+00
0.000000000000000000e+00
0.000000000000000000e+00
0.000000000000000000e+00
-8.895067799999999830e-03
-2.094742000000000132e-02
-3.425506799999999963e-02
-3.201777799999999674e-02
-3.048879599999999856e-02
-3.375600499999999865e-02
-3.454636600000000196e-02
-4.543629500000000154e-02
-7.389752300000000662e-02
-5.284744499999999984e-02
-3.113519999999999829e-02
-1.356497599999999942e-02
-8.412516099999999691e-03
-1.151014600000000061e-02
3.224056999999999791e-03
1.329024399999999967e-02
0.000000000000000000e+00
5.162843999999999767e-02
4.278330899999999853e-02
0.000000000000000000e+00
0.000000000000000000e+00
0.000000000000000000e+00
0.000000000000000000e+00
-3.521652799999999695e-02
-3.226244400000000123e-02
-1.719191899999999995e-02
-2.280899899999999994e-02
-2.650559099999999849e-02
-1.649632800000000107e-02
-2.123700699999999872e-02
-2.215833099999999986e-02
-2.471811599999999831e-02
-3.168402599999999708e-02
-5.554254599999999820e-02
0.000000000000000000e+00
