0.000000000000000000e+00
0.000000000000000000e+00
0.000000000000000000e+00
0.000000000000000000e+00
0.000000000000000000e+00
0.000000000000000000e+00
0.000000000000000000e+00
0.000000000000000000e+00
0.000000000000000000e+00
0.000000000000000000e+00
0.000000000000000000e+00
0.000000000000000000e+00
0.000000000000000000e+00
0.000000000000000000e+00
0.000000000000000000e+00
0.000000000000000000e+00
0.000000000000000000e+00
0.000000000000000000e+00
0.000000000000000000e+00
0.000000000000000000e+00
0.000000000000000000e+00
0.000000000000000000e+00
0.000000000000000000e+00
0.000000000000000000e+00
0.000000000000000000e+00
0.000000000000000000e+00
0.000000000000000000e+00
0.000000000000000000e+00
0.000000000000000000e+00
0.000000000000000000e+00
0.000000000000000000e+00
0.000000000000000000e+00
0.000000000000000000e+00
0.000000000000000000e+00
0.000000000000000000e+00
0.000000000000000000e+00
0.000000000000000000e+00
-5.346919100000000036e+00
-5.581689800000000368e+00
-4.239657399999999576e+00
-2.497350700000000145e+00
-1.870709200000000072e+00
-8.942184399999999478e-01
1.182849799999999979e-01
1.138778000000000068e+00
1.594996499999999928e+00
1.674329500000000026e+00
1.391630200000000039e+00
1.032909999999999995e+00
8.413988399999999812e-01
5.970193700000000492e-01
2.535451100000000180e-01
-5.454784599999999983e-01
-5.551412700000000200e-01
-8.528593199999999763e-01
-1.114130300000000018e+00
3.696094099999999716e-02
-7.558607300000000362e-02
1.099948399999999965e-01
1.233046099999999951e-01
-2.075376499999999902e-01
-9.679897400000000429e-01
-1.643278999999999934e+00
-1.922519899999999948e+00
-2.098188400000000176e+00
-3.339891399999999955e+00
-4.767245299999999908e+00
-3.701433900000000055e+00
-1.578455699999999906e+00
-2.779162200000000027e+00
-5.395991300000000379e+00
0.000000000000000000e+00
1.795868000000000020e+00
2.022945899999999853e+00
2.169849399999999928e+00
2.250836599999999965e+00
2.533520000000000216e+00
3.269755099999999803e+00
3.916156799999999993e+00
4.045164100000000040e+00
4.103682499999999678e+00
4.147170499999999649e+00
4.252338899999999811e+00
4.283876399999999585e+00
4.123312000000000310e+00
3.987587200000000109e+00
3.823757200000000189e+00
3.683374600000000054e+00
3.561289100000000207e+00
3.457564099999999918e+00
3.467177899999999813e+00
2.306119699999999995e+00
1.340711599999999892e+00
1.826158799999999971e+00
2.081664099999999795e+00
2.072662799999999805e+00
2.217985200000000212e+00
2.371938699999999844e+00
2.540812499999999918e+00
2.660559899999999978e+00
2.841654800000000147e+00
2.890756600000000009e+00
2.537517499999999870e+00
2.076449900000000071e+00
2.040172099999999933e+00
1.890955900000000023e+00
1.714345500000000078e+00
1.578856500000000107e+00
5.749288599999999860e+00
5.906443600000000238e+00
6.042291200000000195e+00
5.941374800000000178e+00
5.903461499999999695e+00
5.951721199999999712e+00
6.092537400000000325e+00
5.470487099999999714e+00
5.366604800000000175e+00
5.108498100000000264e+00
4.934007199999999926e+00
5.229522700000000413e+00
5.378592499999999887e+00
5.570400700000000427e+00
5.711746699999999954e+00
5.744515899999999675e+00
5.706804299999999941e+00
5.532852600000000010e+00
5.434836400000000012e+00
5.009125199999999722e+00
4.031965300000000418e+00
3.897688200000000158e+00
4.147262600000000354e+00
4.235841800000000212e+00
4.244607399999999586e+00
4.591001000000000332e+00
5.036365499999999606e+00
5.351091399999999609e+00
5.661291600000000201e+00
5.911701700000000059e+00
6.035827600000000182e+00
6.116288199999999620e+00
6.360476000000000241e+00
5.778686999999999685e+00
5.756986099999999773e+00
5.776826899999999654e+00
7.963421300000000258e+00
7.903384700000000151e+00
7.561138599999999599e+00
6.977303000000000033e+00
6.355638500000000413e+00
5.510144699999999673e+00
5.130435000000000301e+00
4.396174399999999594e+00
4.430860000000000021e+00
4.738668900000000406e+00
4.980547399999999847e+00
5.455361800000000372e+00
5.845833800000000302e+00
6.147715999999999958e+00
6.383968799999999888e+00
6.393149400000000426e+00
6.316491599999999984e+00
6.011779299999999715e+00
4.766812800000000294e+00
0.000000000000000000e+00
4.549229600000000318e+00
5.113280299999999556e+00
5.632655100000000026e+00
6.097935200000000222e+00
6.132972200000000207e+00
6.236775899999999595e+00
6.685454400000000241e+00
6.916798100000000282e+00
7.066126299999999638e+00
7.133041900000000268e+00
7.230258499999999700e+00
7.382128699999999988e+00
8.291829099999999286e+00
8.401323299999999605e+00
8.138669999999999405e+00
8.062662100000000720e+00
8.192211199999999138e+00
7.641515199999999730e+00
6.836443799999999626e+00
5.961051199999999994e+00
5.026902500000000273e+00
3.780822699999999870e+00
2.633882600000000185e+00
2.164922400000000025e+00
2.542071700000000156e+00
3.181369899999999973e+00
3.745336500000000068e+00
4.291359700000000110e+00
4.752948899999999810e+00
5.144059500000000007e+00
5.450830299999999795e+00
5.602929800000000071e+00
5.643817799999999885e+00
5.408513400000000360e+00
4.085836900000000327e+00
0.000000000000000000e+00
3.289140699999999917e+00
4.175392200000000109e+00
5.193349200000000110e+00
6.014165300000000158e+00
6.480680800000000019e+00
6.805721199999999804e+00
6.946344800000000319e+00
6.850614900000000063e+00
6.421700900000000267e+00
6.032729500000000300e+00
6.165076499999999626e+00
6.305051200000000300e+00
7.110157400000000294e+00
8.145593699999999160e+00
8.345554800000000384e+00
8.382971299999999459e+00
6.535608299999999815e+00
5.569565800000000344e+00
4.669643899999999626e+00
3.712299300000000191e+00
2.321970499999999937e+00
1.645233799999999968e+00
1.408635499999999929e+00
1.165761599999999953e+00
1.650987900000000064e+00
1.953768399999999961e+00
2.303156400000000215e+00
2.701900000000000190e+00
3.055121900000000057e+00
3.433953499999999881e+00
3.841219399999999951e+00
4.206840500000000205e+00
4.408456300000000105e+00
4.180791400000000380e+00
2.466766100000000073e+00
0.000000000000000000e+00
2.002012699999999867e+00
2.729454500000000117e+00
3.779759900000000172e+00
4.930950199999999839e+00
5.552177900000000221e+00
5.927990900000000174e+00
5.715385000000000382e+00
4.774765999999999622e+00
3.602657999999999916e+00
3.154796600000000062e+00
3.815871000000000013e+00
4.148047000000000040e+00
5.051766399999999990e+00
5.976886699999999664e+00
6.637229900000000349e+00
6.913252400000000186e+00
3.326135199999999958e+00
2.039969399999999933e+00
1.684629900000000013e+00
1.278323700000000063e+00
0.000000000000000000e+00
2.434403599999999945e-01
-1.104610300000000017e-01
5.628189999999999582e-01
2.644661400000000162e-01
2.018618899999999883e-01
3.863352500000000189e-01
6.737825899999999590e-01
1.008813699999999924e+00
1.408081300000000091e+00
1.882823099999999972e+00
2.335828999999999933e+00
2.581263499999999933e+00
2.255152199999999940e+00
1.165670999999999902e+00
0.000000000000000000e+00
4.643499600000000060e-01
1.064768799999999960e+00
1.909693700000000049e+00
2.912970099999999896e+00
3.551082699999999814e+00
3.902882099999999799e+00
3.321806000000000036e+00
1.736429999999999918e+00
1.708223100000000105e+00
7.967443499999999901e-01
1.055180999999999925e+00
1.455867299999999975e+00
2.275140799999999963e+00
3.055287700000000051e+00
3.730768199999999979e+00
3.936447600000000158e+00
3.268918100000000049e-01
-3.908382100000000192e-01
-1.202393199999999968e-01
0.000000000000000000e+00
0.000000000000000000e+00
-3.810647699999999971e-01
-9.913254999999999706e-01
-9.100093200000000104e-01
-1.137185099999999949e+00
-1.222804500000000072e+00
-1.115373799999999971e+00
-8.609859300000000104e-01
-5.045827600000000190e-01
-8.411677200000000632e-02
3.688391699999999940e-01
6.996895100000000145e-01
7.638955699999999682e-01
4.332103700000000113e-01
3.496731499999999881e-01
0.000000000000000000e+00
0.000000000000000000e+00
-9.211154000000000286e-01
-5.202464799999999973e-02
9.323796600000000545e-01
1.410633999999999943e+00
1.365172300000000005e+00
3.214675200000000066e-01
-6.651023600000000036e-01
0.000000000000000000e+00
-1.073329699999999942e+00
-1.691298100000000026e+00
-1.088222299999999976e+00
-2.874414000000000136e-01
4.102894699999999895e-01
8.410630799999999629e-01
8.530132799999999849e-01
-2.536398199999999825e+00
-2.061924499999999938e+00
0.000000000000000000e+00
0.000000000000000000e+00
0.000000000000000000e+00
-1.517541199999999924e+00
-2.596330399999999816e+00
-2.808087299999999953e+00
-2.877349900000000016e+00
-2.791406600000000182e+00
-2.558361800000000130e+00
-2.171048400000000100e+00
-1.720224900000000057e+00
-1.339222799999999935e+00
-1.203070000000000084e+00
-1.357178400000000007e+00
-1.722629100000000024e+00
-1.791111499999999968e+00
-2.613007399999999758e-01
0.000000000000000000e+00
0.000000000000000000e+00
-1.662576300000000007e+00
-1.804942599999999953e+00
-1.249929700000000032e+00
-1.363216500000000053e+00
-2.020778200000000080e+00
-2.975249799999999833e+00
-1.483969600000000000e+00
0.000000000000000000e+00
-1.825464100000000034e+00
-3.424151900000000026e+00
-3.058017700000000172e+00
-2.718726600000000104e+00
-2.647186800000000062e+00
-2.692896100000000015e+00
-2.755751099999999898e+00
-3.783949400000000018e+00
-2.158800600000000181e+00
0.000000000000000000e+00
0.000000000000000000e+00
0.000000000000000000e+00
-2.706900399999999873e+00
-3.880183900000000019e+00
-4.120062400000000125e+00
-4.057641000000000275e+00
-3.802131199999999822e+00
-3.359138999999999875e+00
-2.784402399999999833e+00
-2.282529799999999831e+00
-2.150701999999999892e+00
-2.461740700000000004e+00
-3.070859399999999795e+00
-3.633958100000000080e+00
-3.294618400000000058e+00
-9.501432800000000345e-01
0.000000000000000000e+00
0.000000000000000000e+00
-1.557073600000000058e+00
-2.810865399999999958e+00
-2.865084599999999870e+00
-3.471765800000000013e+00
-4.229516000000000275e+00
-4.407657099999999772e+00
-1.216836199999999923e+00
0.000000000000000000e+00
-1.399483000000000033e+00
-2.358494499999999938e+00
-4.122200999999999560e+00
-4.521062399999999926e+00
-4.981301799999999780e+00
-5.156349200000000188e+00
-4.899223300000000059e+00
-4.388614200000000132e+00
-1.972937500000000011e+00
0.000000000000000000e+00
0.000000000000000000e+00
0.000000000000000000e+00
-4.043479399999999835e+00
-4.856846299999999950e+00
-5.068467599999999962e+00
-4.886112699999999975e+00
-4.430450000000000443e+00
-3.812775600000000153e+00
-3.153075499999999920e+00
-2.906183200000000078e+00
-3.217691900000000160e+00
-4.010250599999999999e+00
-4.811667400000000150e+00
-5.203220800000000423e+00
-4.548267799999999639e+00
-1.733073899999999945e+00
0.000000000000000000e+00
0.000000000000000000e+00
0.000000000000000000e+00
-3.414365800000000117e+00
-4.644800199999999712e+00
-5.352036499999999641e+00
-5.638769599999999826e+00
-4.305158600000000391e+00
0.000000000000000000e+00
0.000000000000000000e+00
-1.237474799999999986e+00
-1.770651699999999940e+00
-4.313073600000000063e+00
-6.175120800000000187e+00
-6.790944600000000442e+00
-6.820029299999999850e+00
-6.127418999999999727e+00
-4.336127300000000240e+00
-1.748331999999999997e+00
0.000000000000000000e+00
0.000000000000000000e+00
-3.053931500000000021e+00
-4.728685399999999817e+00
-5.082296799999999948e+00
-5.162910499999999736e+00
-4.773140399999999950e+00
-4.137351999999999919e+00
-3.554347299999999876e+00
-3.475087900000000118e+00
-4.005227600000000443e+00
-4.854403500000000093e+00
-5.700026000000000259e+00
-6.162751700000000277e+00
-6.100331800000000193e+00
-5.311223499999999653e+00
-1.350270599999999988e+00
0.000000000000000000e+00
0.000000000000000000e+00
0.000000000000000000e+00
-4.226724100000000206e+00
-6.023158999999999708e+00
-6.362360500000000307e+00
-5.853065499999999588e+00
-3.293179799999999879e+00
0.000000000000000000e+00
0.000000000000000000e+00
0.000000000000000000e+00
-1.706604199999999905e+00
-4.679162500000000335e+00
-6.907251800000000053e+00
-7.518561400000000283e+00
-7.368975200000000392e+00
-6.402457199999999737e+00
-3.784001099999999784e+00
-1.522992799999999924e+00
0.000000000000000000e+00
0.000000000000000000e+00
-3.767071200000000175e+00
-4.303317999999999977e+00
-4.201339700000000121e+00
-4.009728400000000192e+00
-3.474312100000000125e+00
-2.988256199999999918e+00
-3.149021400000000082e+00
-4.257145399999999746e+00
-5.476005100000000070e+00
-6.433345799999999670e+00
-6.969091399999999936e+00
-6.967426800000000142e+00
-6.393477899999999714e+00
-4.798697899999999628e+00
0.000000000000000000e+00
0.000000000000000000e+00
0.000000000000000000e+00
0.000000000000000000e+00
-4.962766600000000139e+00
-6.632360499999999881e+00
-6.484904300000000177e+00
-5.267006399999999644e+00
-2.343279400000000123e+00
0.000000000000000000e+00
0.000000000000000000e+00
0.000000000000000000e+00
-1.539584999999999981e+00
-4.748693499999999901e+00
-6.969090500000000077e+00
-7.551138899999999765e+00
-7.259040399999999948e+00
-6.101304500000000353e+00
-3.008625299999999836e+00
-1.170793999999999890e+00
0.000000000000000000e+00
0.000000000000000000e+00
-3.047775699999999865e+00
-2.838530299999999951e+00
-2.456857900000000150e+00
-2.068288299999999857e+00
-1.826266399999999956e+00
-2.127533899999999978e+00
-3.276522400000000168e+00
-5.029537200000000041e+00
-6.385287299999999888e+00
-7.201434599999999797e+00
-7.416548699999999883e+00
-7.015817199999999865e+00
-5.989674599999999849e+00
-3.895821600000000107e+00
0.000000000000000000e+00
0.000000000000000000e+00
0.000000000000000000e+00
0.000000000000000000e+00
-4.087508699999999884e+00
-6.489651199999999953e+00
-5.876378100000000160e+00
-4.031861300000000092e+00
-1.130909900000000023e+00
0.000000000000000000e+00
0.000000000000000000e+00
0.000000000000000000e+00
-2.969267599999999785e+00
-4.798864400000000252e+00
-6.425424099999999861e+00
-6.953581800000000257e+00
-6.542497599999999913e+00
-5.335452599999999990e+00
-1.647969599999999923e+00
0.000000000000000000e+00
-4.170293800000000051e-01
-6.540000999999999731e-01
-7.702264199999999672e-01
-2.158402399999999943e+00
-1.862195800000000068e+00
-1.862233199999999922e+00
-2.191485600000000034e+00
-2.888021499999999797e+00
-4.024688699999999564e+00
-5.503981099999999849e+00
-6.683133599999999674e+00
-7.322349499999999622e+00
-7.305022700000000313e+00
-6.641749899999999762e+00
-5.324468600000000329e+00
-2.812781800000000221e+00
0.000000000000000000e+00
0.000000000000000000e+00
0.000000000000000000e+00
0.000000000000000000e+00
-3.190643099999999954e+00
-5.533285099999999623e+00
-4.730955599999999706e+00
-2.560987499999999972e+00
1.749779599999999880e-01
0.000000000000000000e+00
0.000000000000000000e+00
0.000000000000000000e+00
-2.862495700000000198e+00
-3.620907499999999946e+00
-4.987474899999999600e+00
-5.523875199999999985e+00
-4.964856100000000438e+00
-3.714794599999999836e+00
-2.635835100000000208e-01
0.000000000000000000e+00
-2.497359799999999963e-01
-1.827981899999999993e-01
-1.359823100000000062e+00
-2.956547299999999989e+00
-3.478277199999999958e+00
-4.025755900000000054e+00
-4.539820699999999931e+00
-5.001756699999999611e+00
-5.534251700000000440e+00
-6.150948500000000152e+00
-6.609272500000000328e+00
-6.730897399999999919e+00
-6.450538200000000444e+00
-5.691450599999999582e+00
-4.144999000000000322e+00
-1.413932600000000095e+00
0.000000000000000000e+00
0.000000000000000000e+00
0.000000000000000000e+00
0.000000000000000000e+00
-2.747878099999999879e+00
-3.784372600000000197e+00
-3.118821399999999855e+00
-1.020474899999999963e+00
1.266154999999999919e+00
0.000000000000000000e+00
0.000000000000000000e+00
0.000000000000000000e+00
-2.386229999999999851e+00
-2.307456300000000127e+00
-2.914815200000000051e+00
-3.286767999999999912e+00
-2.711790600000000051e+00
-1.648087300000000033e+00
0.000000000000000000e+00
0.000000000000000000e+00
-6.694053099999999756e-02
-8.177976799999999713e-01
-3.492364199999999919e+00
-4.332894300000000420e+00
-5.203793400000000346e+00
-5.811657699999999593e+00
-6.246805900000000022e+00
-6.534583300000000428e+00
-6.701835299999999940e+00
-6.654719000000000051e+00
-6.363946199999999997e+00
-5.806230799999999803e+00
-4.947176800000000263e+00
-3.936173000000000144e+00
-2.337094500000000075e+00
-1.149278999999999995e-01
0.000000000000000000e+00
0.000000000000000000e+00
0.000000000000000000e+00
-1.851991200000000060e+00
-3.057087099999999946e+00
-1.874706999999999901e+00
-1.142612600000000089e+00
7.741052200000000383e-01
2.171356199999999959e+00
0.000000000000000000e+00
0.000000000000000000e+00
0.000000000000000000e+00
-1.933617099999999978e+00
-1.514363200000000020e+00
-1.168806900000000093e+00
-9.636101799999999828e-01
-3.045093700000000014e-01
2.777021199999999967e-01
0.000000000000000000e+00
0.000000000000000000e+00
-8.212888499999999592e-01
-2.870359800000000128e+00
-3.889625999999999806e+00
-4.045743500000000381e+00
-4.772042199999999568e+00
-5.284223899999999752e+00
-5.694679500000000338e+00
-6.035362499999999741e+00
-6.297160400000000102e+00
-6.411397199999999685e+00
-6.270385899999999957e+00
-5.647828399999999860e+00
-4.440511200000000436e+00
-2.859835799999999928e+00
-8.343950100000000480e-01
9.012326699999999580e-01
0.000000000000000000e+00
0.000000000000000000e+00
0.000000000000000000e+00
-3.211084200000000166e+00
-2.925932299999999930e+00
-5.550436300000000100e-01
1.146175399999999955e+00
2.782161400000000118e+00
3.190142300000000208e+00
0.000000000000000000e+00
0.000000000000000000e+00
0.000000000000000000e+00
-1.683988999999999958e+00
-1.140641900000000097e+00
-1.680046400000000106e-01
7.841076500000000449e-01
1.476701800000000064e+00
1.434125000000000094e+00
0.000000000000000000e+00
8.803026399999999696e-02
-8.239793800000000390e-01
-2.599888800000000000e+00
-3.351955400000000029e+00
-4.044048799999999666e+00
-4.820904299999999587e+00
-5.242182299999999628e+00
-5.449477199999999577e+00
-5.493287999999999727e+00
-5.370814300000000152e+00
-5.077853199999999845e+00
-4.557815100000000008e+00
-3.587709700000000002e+00
-2.230856399999999962e+00
-1.179795399999999939e+00
-5.058112099999999556e-01
5.156403200000000409e-01
0.000000000000000000e+00
0.000000000000000000e+00
-3.063049299999999864e+00
-4.944552899999999696e+00
-3.006552699999999856e+00
5.619241299999999661e-02
2.391483800000000048e+00
1.693234300000000081e+00
1.974178800000000011e+00
0.000000000000000000e+00
0.000000000000000000e+00
0.000000000000000000e+00
-1.448262900000000020e+00
-8.144983599999999768e-01
7.001563199999999432e-02
1.694979199999999908e+00
2.087377800000000061e+00
1.506693599999999966e+00
0.000000000000000000e+00
-2.865693700000000038e-02
-7.357875099999999779e-01
-2.802217999999999876e+00
-4.190237999999999907e+00
-5.687045600000000256e+00
-6.773055099999999662e+00
-7.341020600000000229e+00
-7.515322699999999578e+00
-7.353564699999999732e+00
-6.895903099999999952e+00
-6.025542299999999685e+00
-4.631436800000000353e+00
-2.693496699999999855e+00
-8.907772299999999754e-01
-7.732543899999999581e-01
-1.437966800000000100e+00
-9.811890699999999965e-01
0.000000000000000000e+00
0.000000000000000000e+00
-5.472139399999999654e+00
-6.187722199999999617e+00
-4.294676299999999891e+00
-6.090437199999999551e-01
2.175951700000000155e+00
0.000000000000000000e+00
0.000000000000000000e+00
0.000000000000000000e+00
0.000000000000000000e+00
0.000000000000000000e+00
0.000000000000000000e+00
-4.312365100000000173e-01
2.082663200000000048e-01
2.435893500000000156e+00
2.240864000000000189e+00
1.646357400000000082e+00
0.000000000000000000e+00
-2.958340400000000064e-02
-1.046845900000000107e+00
-3.251314900000000119e+00
-4.931220099999999995e+00
-6.580888700000000036e+00
-7.609736400000000067e+00
-8.202593800000000712e+00
-8.521653199999999373e+00
-8.604436899999999611e+00
-8.480329499999999854e+00
-7.955327999999999733e+00
-6.692915900000000029e+00
-4.451891899999999680e+00
-1.918043399999999954e+00
-1.660434100000000024e+00
-2.118071099999999873e+00
-2.645489500000000049e+00
0.000000000000000000e+00
-5.964980100000000007e+00
-7.572490700000000352e+00
-7.026827800000000401e+00
-5.641296900000000392e+00
-2.269456599999999824e+00
1.046599599999999963e+00
0.000000000000000000e+00
0.000000000000000000e+00
0.000000000000000000e+00
0.000000000000000000e+00
0.000000000000000000e+00
0.000000000000000000e+00
-6.689411400000000452e-01
6.578978300000000168e-01
2.640625500000000070e+00
1.673370100000000082e+00
1.593534599999999912e+00
0.000000000000000000e+00
-6.077312799999999848e-01
-1.789607299999999901e+00
-3.443607300000000038e+00
-4.638374800000000242e+00
-5.825739900000000304e+00
-6.646897799999999634e+00
-7.260657300000000092e+00
-7.735502699999999621e+00
-8.025103599999999560e+00
-8.128482800000000452e+00
-7.900363399999999814e+00
-7.083827999999999570e+00
-5.409378099999999634e+00
-2.805571099999999873e+00
-1.564624199999999909e+00
-1.274389100000000052e+00
0.000000000000000000e+00
-9.093080499999999233e+00
-8.175946200000000275e+00
-7.537969099999999756e+00
-7.075863799999999593e+00
-6.169518499999999683e+00
-3.849833499999999908e+00
-8.351735500000000423e-01
0.000000000000000000e+00
0.000000000000000000e+00
0.000000000000000000e+00
0.000000000000000000e+00
0.000000000000000000e+00
0.000000000000000000e+00
-2.796712499999999824e-01
1.295513399999999926e+00
2.177409899999999787e+00
1.592167000000000110e+00
1.494155300000000075e+00
0.000000000000000000e+00
-2.030253899999999945e+00
-3.046640599999999921e+00
-3.645732900000000054e+00
-4.234495199999999571e+00
-4.938870399999999883e+00
-5.588259700000000052e+00
-6.151069599999999582e+00
-6.633380400000000066e+00
-7.049179099999999920e+00
-7.353502299999999714e+00
-7.373750700000000435e+00
-6.785480500000000248e+00
-5.280989599999999839e+00
-2.610446200000000161e+00
-2.213347900000000035e-01
0.000000000000000000e+00
-5.414018600000000347e+00
-6.118372400000000155e+00
-7.055348399999999742e+00
-6.941957999999999629e+00
-6.644120700000000213e+00
-6.063951000000000313e+00
-4.665076299999999954e+00
-2.738825100000000123e+00
0.000000000000000000e+00
0.000000000000000000e+00
0.000000000000000000e+00
0.000000000000000000e+00
0.000000000000000000e+00
0.000000000000000000e+00
5.643690199999999990e-01
2.293595799999999851e+00
0.000000000000000000e+00
1.590305300000000033e+00
7.577698200000000384e-01
0.000000000000000000e+00
-1.861064599999999958e+00
-3.409188299999999838e+00
-3.337722100000000136e+00
-3.456782599999999928e+00
-3.819066999999999990e+00
-4.335433000000000092e+00
-4.839247699999999597e+00
-5.222531299999999987e+00
-5.606883999999999979e+00
-5.990597700000000359e+00
-6.240685000000000038e+00
-5.904584899999999692e+00
-4.305435199999999796e+00
-1.325560199999999966e+00
0.000000000000000000e+00
-1.897604599999999975e+00
-4.512910399999999989e+00
-3.587347999999999981e+00
-5.004400300000000357e+00
-5.309993300000000360e+00
-5.300967199999999657e+00
-5.090353000000000350e+00
-4.555762299999999598e+00
-3.090694899999999912e+00
0.000000000000000000e+00
0.000000000000000000e+00
0.000000000000000000e+00
0.000000000000000000e+00
0.000000000000000000e+00
0.000000000000000000e+00
5.698653500000000482e-01
2.833384300000000078e+00
0.000000000000000000e+00
0.000000000000000000e+00
0.000000000000000000e+00
0.000000000000000000e+00
0.000000000000000000e+00
-2.300759100000000057e+00
-2.291353500000000043e+00
-1.937836399999999903e+00
-2.000186699999999984e+00
-2.286429599999999951e+00
-2.692692800000000108e+00
-3.018951700000000127e+00
-3.388222900000000148e+00
-3.850196099999999788e+00
-4.298840499999999842e+00
-4.170638600000000196e+00
-2.323221399999999992e+00
5.542819500000000232e-01
0.000000000000000000e+00
-2.451222899999999871e+00
-2.805261900000000086e+00
-2.178255099999999889e+00
-2.256040099999999882e+00
-2.764375699999999991e+00
-3.194496599999999908e+00
-3.307671299999999981e+00
-3.276191900000000157e+00
-2.114739399999999936e+00
0.000000000000000000e+00
0.000000000000000000e+00
0.000000000000000000e+00
0.000000000000000000e+00
0.000000000000000000e+00
0.000000000000000000e+00
9.964315900000000337e-01
2.319880700000000129e+00
0.000000000000000000e+00
0.000000000000000000e+00
0.000000000000000000e+00
0.000000000000000000e+00
0.000000000000000000e+00
-1.279169900000000082e+00
-1.151694999999999913e+00
-4.829271399999999770e-01
-2.553732400000000013e-01
-2.396927799999999942e-01
-4.444253100000000178e-01
-7.060665499999999595e-01
-1.063041600000000031e+00
-1.535349999999999993e+00
-2.044258600000000037e+00
-2.001966200000000029e+00
1.559473599999999967e-02
1.722298600000000013e+00
0.000000000000000000e+00
-1.578082100000000043e+00
-7.718924900000000422e-01
5.523158900000000315e-01
5.292345899999999492e-01
-1.881615199999999988e-01
-9.333728000000000025e-01
-1.353808799999999923e+00
-1.561849499999999891e+00
-1.014524500000000051e+00
0.000000000000000000e+00
0.000000000000000000e+00
0.000000000000000000e+00
0.000000000000000000e+00
0.000000000000000000e+00
0.000000000000000000e+00
0.000000000000000000e+00
0.000000000000000000e+00
0.000000000000000000e+00
0.000000000000000000e+00
0.000000000000000000e+00
0.000000000000000000e+00
0.000000000000000000e+00
-9.796985400000000066e-01
-6.478170199999999657e-01
2.165617900000000040e-01
8.322004699999999700e-01
1.465264700000000087e+00
1.808218700000000068e+00
1.883908600000000044e+00
1.692552899999999916e+00
1.348437899999999967e+00
8.777374000000000009e-01
8.271852699999999725e-01
2.326356399999999880e+00
1.574373999999999940e+00
0.000000000000000000e+00
0.000000000000000000e+00
0.000000000000000000e+00
1.742878099999999986e+00
3.072756099999999879e+00
2.703660499999999800e+00
1.679663899999999988e+00
9.466531900000000332e-01
5.941485800000000372e-01
4.316990399999999783e-01
0.000000000000000000e+00
0.000000000000000000e+00
6.717079900000000325e-01
1.445174200000000075e+00
0.000000000000000000e+00
0.000000000000000000e+00
0.000000000000000000e+00
0.000000000000000000e+00
0.000000000000000000e+00
0.000000000000000000e+00
0.000000000000000000e+00
0.000000000000000000e+00
0.000000000000000000e+00
0.000000000000000000e+00
2.219865199999999927e-01
1.913476699999999975e-01
9.254490100000000163e-01
2.015341999999999967e+00
2.811601899999999876e+00
3.329729100000000219e+00
3.410292899999999960e+00
3.275228300000000203e+00
2.913685599999999987e+00
2.692041999999999824e+00
2.439097400000000082e+00
0.000000000000000000e+00
0.000000000000000000e+00
0.000000000000000000e+00
0.000000000000000000e+00
1.903286699999999998e+00
4.040538800000000208e+00
3.919875400000000010e+00
3.091593399999999825e+00
2.290095800000000015e+00
1.800871399999999900e+00
1.622249899999999911e+00
1.180131299999999994e+00
1.305010999999999921e+00
9.796264799999999662e-01
1.740923199999999893e+00
1.100191700000000106e+00
0.000000000000000000e+00
0.000000000000000000e+00
0.000000000000000000e+00
0.000000000000000000e+00
0.000000000000000000e+00
0.000000000000000000e+00
0.000000000000000000e+00
0.000000000000000000e+00
0.000000000000000000e+00
6.351278999999999675e-01
6.866111200000000192e-01
1.466775299999999893e+00
2.307580900000000046e+00
3.208656799999999976e+00
3.972613299999999903e+00
4.402735200000000404e+00
4.545526999999999873e+00
4.338343100000000341e+00
3.777460099999999876e+00
1.363438799999999951e+00
0.000000000000000000e+00
0.000000000000000000e+00
0.000000000000000000e+00
0.000000000000000000e+00
1.066972400000000043e+00
2.878253700000000137e+00
3.449568000000000190e+00
3.384505700000000061e+00
2.962769999999999904e+00
2.340029200000000031e+00
1.823812999999999906e+00
0.000000000000000000e+00
1.394721399999999889e+00
1.051372500000000043e+00
0.000000000000000000e+00
0.000000000000000000e+00
0.000000000000000000e+00
0.000000000000000000e+00
0.000000000000000000e+00
0.000000000000000000e+00
0.000000000000000000e+00
0.000000000000000000e+00
0.000000000000000000e+00
0.000000000000000000e+00
0.000000000000000000e+00
6.295340200000000275e-01
9.468893400000000238e-01
1.121936899999999904e+00
1.548359000000000041e+00
2.386730200000000135e+00
3.338359800000000099e+00
4.015124799999999716e+00
4.339864300000000341e+00
4.173019400000000267e+00
3.349886600000000048e+00
7.207514600000000105e-01
0.000000000000000000e+00
0.000000000000000000e+00
0.000000000000000000e+00
0.000000000000000000e+00
0.000000000000000000e+00
1.846865900000000060e+00
7.315676800000000535e-01
1.896520200000000100e+00
2.560543500000000083e+00
1.965262199999999959e+00
1.345002800000000054e+00
7.832059900000000185e-01
0.000000000000000000e+00
0.000000000000000000e+00
0.000000000000000000e+00
0.000000000000000000e+00
0.000000000000000000e+00
0.000000000000000000e+00
0.000000000000000000e+00
0.000000000000000000e+00
0.000000000000000000e+00
0.000000000000000000e+00
0.000000000000000000e+00
0.000000000000000000e+00
0.000000000000000000e+00
0.000000000000000000e+00
3.370566600000000079e-01
-2.543289699999999876e-01
-1.121506200000000064e-01
4.892100699999999969e-01
1.340392400000000039e+00
2.119447899999999940e+00
2.580319300000000204e+00
2.352176599999999951e+00
1.043859400000000104e+00
-2.323249500000000189e+00
0.000000000000000000e+00
0.000000000000000000e+00
0.000000000000000000e+00
0.000000000000000000e+00
0.000000000000000000e+00
0.000000000000000000e+00
-8.455633099999999569e-01
1.493954199999999899e+00
1.591207899999999897e+00
9.972457300000000524e-01
5.163673199999999630e-01
-2.604504500000000000e-01
0.000000000000000000e+00
0.000000000000000000e+00
0.000000000000000000e+00
0.000000000000000000e+00
0.000000000000000000e+00
0.000000000000000000e+00
0.000000000000000000e+00
0.000000000000000000e+00
0.000000000000000000e+00
0.000000000000000000e+00
0.000000000000000000e+00
0.000000000000000000e+00
0.000000000000000000e+00
0.000000000000000000e+00
-3.697331799999999946e-01
-1.014113499999999890e+00
-1.286969000000000030e+00
-1.829161199999999932e+00
-1.413616999999999901e+00
-8.772314700000000132e-01
-4.800757500000000233e-01
-9.814189700000000016e-01
-3.679029400000000116e+00
0.000000000000000000e+00
0.000000000000000000e+00
0.000000000000000000e+00
0.000000000000000000e+00
0.000000000000000000e+00
0.000000000000000000e+00
0.000000000000000000e+00
2.858108999999999789e+00
8.138725599999999671e-01
-1.368967000000000100e-01
-4.659116600000000052e-01
-7.638483499999999538e-01
0.000000000000000000e+00
0.000000000000000000e+00
0.000000000000000000e+00
0.000000000000000000e+00
0.000000000000000000e+00
0.000000000000000000e+00
0.000000000000000000e+00
0.000000000000000000e+00
0.000000000000000000e+00
0.000000000000000000e+00
0.000000000000000000e+00
0.000000000000000000e+00
0.000000000000000000e+00
0.000000000000000000e+00
0.000000000000000000e+00
0.000000000000000000e+00
0.000000000000000000e+00
-1.804687399999999942e+00
-2.528036800000000195e+00
-1.850784900000000066e+00
-1.033651400000000109e+00
-2.219833099999999781e+00
-2.741483899999999974e+00
0.000000000000000000e+00
0.000000000000000000e+00
0.000000000000000000e+00
0.000000000000000000e+00
0.000000000000000000e+00
0.000000000000000000e+00
0.000000000000000000e+00
0.000000000000000000e+00
2.871405399999999997e+00
-1.427652399999999933e+00
-1.976832700000000109e+00
-1.897382399999999913e+00
-3.060225200000000090e+00
-1.435356300000000029e+00
0.000000000000000000e+00
0.000000000000000000e+00
0.000000000000000000e+00
0.000000000000000000e+00
0.000000000000000000e+00
0.000000000000000000e+00
0.000000000000000000e+00
0.000000000000000000e+00
0.000000000000000000e+00
0.000000000000000000e+00
0.000000000000000000e+00
0.000000000000000000e+00
0.000000000000000000e+00
0.000000000000000000e+00
0.000000000000000000e+00
0.000000000000000000e+00
0.000000000000000000e+00
0.000000000000000000e+00
0.000000000000000000e+00
-1.037585600000000108e+00
0.000000000000000000e+00
0.000000000000000000e+00
0.000000000000000000e+00
0.000000000000000000e+00
0.000000000000000000e+00
0.000000000000000000e+00
0.000000000000000000e+00
0.000000000000000000e+00
0.000000000000000000e+00
2.876553499999999985e+00
-2.919913499999999829e-01
0.000000000000000000e+00
0.000000000000000000e+00
-2.076247899999999813e+00
-1.835420700000000016e+00
-2.091943699999999851e+00
-1.490699500000000066e+00
6.977946499999999608e-01
0.000000000000000000e+00
0.000000000000000000e+00
0.000000000000000000e+00
0.000000000000000000e+00
0.000000000000000000e+00
0.000000000000000000e+00
0.000000000000000000e+00
0.000000000000000000e+00
-5.940108899999999581e-01
-7.433676700000000359e-01
-8.611967000000000372e-01
-8.911694900000000086e-01
-8.391198500000000005e-01
-8.007638500000000548e-01
-8.292564199999999941e-01
-7.914027000000000145e-01
-8.821852199999999922e-01
-1.112791400000000097e+00
-1.341959600000000030e+00
-8.931501499999999760e-01
-5.488664500000000057e-01
-9.122829999999999551e-01
-2.321946900000000091e-01
4.231480400000000031e-01
3.049994100000000263e-01
1.031226600000000104e+00
1.639114900000000041e+00
3.774436099999999850e-01
0.000000000000000000e+00
0.000000000000000000e+00
0.000000000000000000e+00
0.000000000000000000e+00
6.093434100000000297e-01
-1.870773400000000086e-01
-2.835892400000000202e-01
-1.450920599999999894e+00
-1.069091299999999967e+00
-4.375951900000000228e-01
-3.818746199999999980e-01
3.455652900000000249e-01
-7.892876899999999585e-02
-8.032951400000000186e-01
-1.071363599999999972e+00
-8.796101800000000193e-01
