0.000000000000000000e+00
0.000000000000000000e+00
0.000000000000000000e+00
0.000000000000000000e+00
0.000000000000000000e+00
0.000000000000000000e+00
0.000000000000000000e+00
0.000000000000000000e+00
0.000000000000000000e+00
0.000000000000000000e+00
0.000000000000000000e+00
0.000000000000000000e+00
0.000000000000000000e+00
0.000000000000000000e+00
0.000000000000000000e+00
0.000000000000000000e+00
0.000000000000000000e+00
0.000000000000000000e+00
0.000000000000000000e+00
0.000000000000000000e+00
0.000000000000000000e+00
0.000000000000000000e+00
0.000000000000000000e+00
0.000000000000000000e+00
0.000000000000000000e+00
0.000000000000000000e+00
0.000000000000000000e+00
0.000000000000000000e+00
0.000000000000000000e+00
0.000000000000000000e+00
0.000000000000000000e+00
0.000000000000000000e+00
0.000000000000000000e+00
0.000000000000000000e+00
0.000000000000000000e+00
0.000000000000000000e+00
0.000000000000000000e+00
-1.310928000000000093e-01
-1.300266700000000109e-01
-1.214853300000000025e-01
-6.655284699999999831e-02
-4.140315299999999810e-02
-6.168773399999999928e-03
3.476586200000000154e-02
5.761203499999999894e-02
6.655377099999999768e-02
6.402718999999999772e-02
5.505967900000000026e-02
4.212896499999999739e-02
3.330460200000000259e-02
2.222667999999999866e-02
8.758276699999999540e-03
4.402695699999999678e-03
-1.867938800000000163e-02
-9.000894900000000476e-03
9.366435899999999218e-03
5.268204000000000289e-03
7.621800500000000360e-03
5.040052300000000263e-03
-8.141554900000000372e-03
-2.761349100000000042e-02
-4.955067300000000341e-02
-6.479313400000000223e-02
-7.022652999999999535e-02
-5.570875299999999974e-02
-8.798150899999999941e-02
-1.195656100000000027e-01
-1.135861299999999935e-01
-6.249311500000000186e-02
-1.025128899999999954e-01
-1.296409099999999981e-01
0.000000000000000000e+00
4.845638199999999923e-02
5.518599600000000105e-02
6.356723599999999919e-02
7.435408999999999768e-02
9.637989099999999532e-02
1.204431499999999988e-01
1.344598700000000091e-01
1.427905100000000094e-01
1.476063699999999868e-01
1.471120300000000047e-01
1.442121600000000059e-01
1.385838500000000084e-01
1.319760500000000114e-01
1.257827300000000093e-01
1.199722700000000059e-01
1.151751699999999934e-01
1.109144499999999978e-01
1.111571600000000049e-01
1.171894099999999939e-01
6.788227700000000475e-02
7.015495700000000390e-02
8.065469599999999795e-02
8.591858300000000670e-02
8.853672399999999720e-02
9.341415000000000135e-02
9.754078800000000327e-02
1.005807999999999980e-01
1.026911600000000035e-01
1.041609399999999935e-01
9.999687200000000054e-02
8.940371099999999682e-02
8.593982499999999747e-02
8.858063100000000689e-02
8.281188500000000174e-02
6.990562399999999954e-02
5.317936799999999770e-02
1.867204600000000048e-01
1.805401100000000036e-01
1.720758400000000077e-01
1.651465000000000016e-01
1.592489300000000108e-01
1.538688400000000067e-01
1.494046699999999894e-01
1.450274000000000008e-01
1.514255899999999988e-01
1.559065699999999943e-01
1.591172100000000089e-01
1.610382099999999872e-01
1.619410799999999873e-01
1.614554699999999898e-01
1.603729100000000074e-01
1.563312299999999877e-01
1.493763800000000030e-01
1.484315200000000112e-01
2.588855099999999854e-01
1.103972099999999956e-01
1.211257500000000042e-01
1.349887800000000027e-01
1.491802299999999970e-01
1.572925300000000137e-01
1.667803700000000111e-01
1.767842799999999881e-01
1.850933899999999965e-01
1.914601300000000061e-01
1.966874200000000017e-01
2.004337800000000058e-01
2.042384299999999986e-01
2.122296499999999919e-01
2.180092799999999997e-01
2.043382199999999871e-01
1.997000399999999953e-01
1.941444999999999976e-01
2.175503099999999967e-01
2.053999200000000136e-01
1.840669199999999950e-01
1.636324100000000059e-01
1.378433400000000086e-01
1.173741299999999932e-01
1.109749099999999961e-01
9.035099300000000444e-02
9.761499599999999555e-02
1.115880199999999961e-01
1.218438800000000016e-01
1.307502500000000123e-01
1.389983300000000033e-01
1.444376699999999902e-01
1.478537600000000007e-01
1.462223800000000129e-01
1.397419599999999984e-01
1.257957500000000117e-01
1.208575199999999961e-01
0.000000000000000000e+00
1.055259300000000039e-01
1.330903300000000067e-01
1.556667499999999926e-01
1.726440900000000001e-01
1.851742299999999952e-01
1.950423699999999927e-01
2.016874399999999956e-01
2.021713400000000049e-01
1.997539100000000067e-01
1.973753099999999983e-01
2.003680899999999987e-01
2.169418899999999983e-01
2.370037299999999958e-01
2.377916900000000000e-01
2.294039599999999901e-01
2.248989799999999983e-01
1.890625599999999906e-01
1.722093100000000043e-01
1.507347300000000112e-01
1.475421000000000094e-01
1.329630199999999873e-01
7.121581300000000281e-02
5.080135399999999996e-02
5.445741700000000102e-02
5.833626100000000037e-02
6.892449100000000439e-02
7.913182900000000075e-02
8.819207299999999583e-02
9.727666399999999880e-02
1.050022399999999967e-01
1.109642700000000037e-01
1.135319300000000031e-01
1.101157200000000003e-01
8.686306100000000530e-02
0.000000000000000000e+00
0.000000000000000000e+00
6.496850799999999426e-02
8.630899899999999736e-02
1.138657000000000002e-01
1.402492599999999867e-01
1.548214199999999874e-01
1.575220900000000035e-01
1.533571900000000043e-01
1.412864400000000131e-01
1.275889299999999893e-01
1.274682099999999985e-01
1.307683400000000107e-01
1.452029999999999987e-01
1.783111500000000016e-01
2.021095599999999937e-01
2.006442599999999910e-01
1.991169999999999884e-01
1.276733600000000135e-01
1.107305999999999985e-01
9.476242199999999893e-02
1.008339800000000036e-01
8.205569999999999531e-02
3.084890499999999938e-02
2.827969699999999947e-02
2.401476699999999936e-02
2.618344300000000069e-02
3.048751099999999839e-02
3.635656100000000251e-02
4.383143400000000245e-02
5.194773200000000341e-02
5.981955299999999753e-02
6.748197200000000118e-02
7.458433500000000160e-02
7.318742599999999987e-02
5.396372099999999922e-02
0.000000000000000000e+00
0.000000000000000000e+00
4.711236399999999686e-02
5.219585399999999986e-02
7.670979199999999887e-02
1.014456999999999998e-01
1.139194699999999949e-01
1.164392900000000008e-01
1.069428000000000045e-01
8.476725200000000127e-02
6.251340399999999464e-02
6.603580700000000192e-02
7.288936499999999763e-02
8.329279700000000175e-02
1.070412899999999973e-01
1.249794600000000006e-01
1.372605100000000022e-01
1.394354999999999900e-01
5.595037900000000147e-02
5.326777800000000174e-02
4.276084000000000135e-02
6.679054399999999336e-02
0.000000000000000000e+00
3.898951700000000131e-03
7.146909699999999706e-03
7.640707000000000054e-03
-1.984084699999999913e-03
-2.101513599999999937e-03
7.704458799999999805e-04
6.451817200000000384e-03
1.303390100000000051e-02
2.141116100000000147e-02
3.092978000000000047e-02
3.834487500000000049e-02
3.678902500000000297e-02
2.105867700000000134e-02
0.000000000000000000e+00
0.000000000000000000e+00
1.394762599999999943e-02
1.564504200000000136e-02
3.342954800000000337e-02
4.961656400000000189e-02
6.016353099999999926e-02
6.515481300000000586e-02
5.056700100000000031e-02
5.403433500000000278e-02
3.442803199999999730e-02
1.255243600000000015e-02
1.714806600000000000e-02
2.503973300000000152e-02
3.799362900000000098e-02
5.116499199999999942e-02
6.172237600000000241e-02
6.379675099999999877e-02
2.024373700000000123e-03
0.000000000000000000e+00
1.735756000000000104e-02
0.000000000000000000e+00
0.000000000000000000e+00
-7.369095499999999722e-03
-1.091946599999999920e-02
-1.426735699999999961e-02
-2.029946599999999865e-02
-2.216272400000000170e-02
-2.028731099999999885e-02
-1.531403299999999947e-02
-8.802556399999999712e-03
2.099386199999999974e-04
9.377141500000000032e-03
1.392136000000000068e-02
1.020430500000000032e-02
1.398828800000000074e-04
0.000000000000000000e+00
0.000000000000000000e+00
0.000000000000000000e+00
-1.196808000000000073e-02
3.915185600000000050e-03
1.508630799999999966e-02
1.942685099999999845e-02
1.583874399999999835e-02
-4.364052799999999614e-03
0.000000000000000000e+00
0.000000000000000000e+00
-2.425209099999999993e-02
-2.466988900000000040e-02
-1.616838899999999829e-02
-5.164148300000000018e-03
5.823132100000000429e-03
1.213199600000000079e-02
1.066341300000000006e-02
-4.119678300000000071e-02
0.000000000000000000e+00
0.000000000000000000e+00
0.000000000000000000e+00
0.000000000000000000e+00
-2.581139699999999981e-02
-3.242630900000000038e-02
-3.681040900000000227e-02
-4.122504999999999920e-02
-4.192491999999999747e-02
-3.808956599999999831e-02
-3.136418800000000118e-02
-2.223842399999999969e-02
-1.441941499999999966e-02
-1.129299700000000080e-02
-1.412618900000000080e-02
-2.046971800000000133e-02
-1.682313900000000084e-02
-5.618330999999999846e-03
0.000000000000000000e+00
0.000000000000000000e+00
-2.940384999999999874e-02
-1.748800500000000091e-02
-1.384400799999999966e-02
-1.772773799999999983e-02
-2.983371900000000160e-02
-4.043472800000000311e-02
0.000000000000000000e+00
0.000000000000000000e+00
-4.765574100000000146e-02
-5.171937299999999904e-02
-4.575281600000000171e-02
-3.832263500000000073e-02
-3.341115299999999899e-02
-3.401748100000000219e-02
-3.967992199999999942e-02
-5.138237799999999939e-02
0.000000000000000000e+00
0.000000000000000000e+00
0.000000000000000000e+00
0.000000000000000000e+00
-4.326909000000000310e-02
-5.043661199999999872e-02
-5.398771499999999862e-02
-5.567440800000000162e-02
-5.303019300000000325e-02
-4.610478099999999746e-02
-3.632823799999999881e-02
-2.677142100000000011e-02
-2.399937200000000145e-02
-2.804716999999999974e-02
-3.684636200000000056e-02
-4.341397799999999890e-02
-2.680023399999999917e-02
-7.204511499999999985e-03
0.000000000000000000e+00
0.000000000000000000e+00
-3.290275799999999723e-02
-2.925189799999999840e-02
-3.263391200000000103e-02
-4.191849400000000059e-02
-5.698767999999999889e-02
-6.048640000000000266e-02
0.000000000000000000e+00
0.000000000000000000e+00
-3.990756499999999901e-02
-5.443955699999999953e-02
-5.805344500000000213e-02
-5.881075899999999718e-02
-6.206293400000000016e-02
-6.625417599999999796e-02
-6.715345400000000131e-02
-4.878838399999999714e-02
-4.117689199999999966e-02
0.000000000000000000e+00
0.000000000000000000e+00
0.000000000000000000e+00
-5.637751900000000094e-02
-6.316399600000000003e-02
-6.610214000000000367e-02
-6.488316500000000653e-02
-5.803587300000000171e-02
-4.706854399999999689e-02
-3.627454100000000042e-02
-3.178818499999999658e-02
-3.707385099999999795e-02
-4.781889500000000015e-02
-5.884148899999999682e-02
-6.250414999999999444e-02
-4.286459100000000050e-02
-1.034062399999999965e-02
0.000000000000000000e+00
0.000000000000000000e+00
0.000000000000000000e+00
-4.399592399999999875e-02
-5.338139799999999657e-02
-6.343375099999999656e-02
-7.013973599999999420e-02
-4.968181099999999933e-02
0.000000000000000000e+00
0.000000000000000000e+00
-2.915729300000000079e-02
-5.092743799999999849e-02
-6.369545299999999910e-02
-7.712774699999999650e-02
-8.824564499999999756e-02
-9.108140300000000522e-02
-8.044416499999999803e-02
-3.962403899999999979e-02
-3.216535599999999911e-02
0.000000000000000000e+00
0.000000000000000000e+00
-6.602645299999999884e-02
-5.807597899999999980e-02
-6.416913100000000425e-02
-6.631413799999999470e-02
-6.223543000000000130e-02
-5.128351600000000121e-02
-4.089534300000000067e-02
-3.752562400000000048e-02
-4.438040800000000313e-02
-5.671309699999999704e-02
-6.783621800000000368e-02
-7.407395499999999688e-02
-7.341276900000000272e-02
-5.815202800000000144e-02
0.000000000000000000e+00
0.000000000000000000e+00
0.000000000000000000e+00
0.000000000000000000e+00
-5.985697000000000240e-02
-7.204541600000000101e-02
-7.627157900000000601e-02
-6.533720299999999648e-02
-2.853145600000000018e-02
0.000000000000000000e+00
0.000000000000000000e+00
0.000000000000000000e+00
-4.681101399999999801e-02
-6.340941799999999517e-02
-8.535797100000000470e-02
-9.971380999999999994e-02
-9.964760400000000073e-02
-8.085151000000000143e-02
-3.424809100000000134e-02
-1.632656299999999880e-02
0.000000000000000000e+00
0.000000000000000000e+00
-5.546098900000000220e-02
-4.869592600000000049e-02
-5.226712299999999867e-02
-5.203178900000000190e-02
-4.587992700000000090e-02
-3.604681800000000130e-02
-3.508680699999999764e-02
-4.569307000000000230e-02
-6.298640399999999584e-02
-7.794948699999999786e-02
-8.579049299999999545e-02
-8.494749699999999681e-02
-7.508388900000000088e-02
-4.973828200000000171e-02
0.000000000000000000e+00
0.000000000000000000e+00
0.000000000000000000e+00
0.000000000000000000e+00
-7.217532399999999904e-02
-8.324479299999999748e-02
-7.741261300000000511e-02
-5.265558900000000264e-02
-1.786168499999999867e-02
0.000000000000000000e+00
0.000000000000000000e+00
0.000000000000000000e+00
-4.241237800000000058e-02
-5.952402600000000071e-02
-8.442307300000000125e-02
-9.818740199999999307e-02
-9.782475200000000093e-02
-7.747232900000000644e-02
-2.195867199999999853e-02
-9.956122399999999678e-03
0.000000000000000000e+00
0.000000000000000000e+00
-6.071263699999999985e-02
-3.314397100000000124e-02
-3.007684600000000083e-02
-2.699312200000000134e-02
-2.343874599999999989e-02
-2.321683100000000027e-02
-3.409631199999999668e-02
-5.411217699999999742e-02
-7.570280100000000012e-02
-9.008173599999999559e-02
-9.359223399999999637e-02
-8.413945100000000399e-02
-6.346042500000000086e-02
-3.053532700000000100e-02
0.000000000000000000e+00
0.000000000000000000e+00
0.000000000000000000e+00
0.000000000000000000e+00
-7.608725099999999464e-02
-8.206800399999999995e-02
-6.610900899999999636e-02
-3.527440899999999963e-02
-8.738914900000000277e-03
0.000000000000000000e+00
0.000000000000000000e+00
0.000000000000000000e+00
-3.008799699999999827e-02
-5.161108799999999941e-02
-7.613615699999999598e-02
-8.434809000000000057e-02
-7.902970900000000354e-02
-5.868733699999999914e-02
-1.526980000000000004e-02
0.000000000000000000e+00
-1.929762000000000144e-02
-6.897333099999999884e-02
-2.956914700000000049e-02
-2.123522599999999941e-02
-1.671141199999999841e-02
-1.672079799999999852e-02
-1.884494299999999942e-02
-2.517553800000000078e-02
-3.840496000000000187e-02
-5.768849699999999830e-02
-7.668438599999999328e-02
-8.697508299999999470e-02
-8.664401600000000425e-02
-7.159088600000000635e-02
-4.561690200000000084e-02
-2.713158200000000131e-02
0.000000000000000000e+00
0.000000000000000000e+00
0.000000000000000000e+00
0.000000000000000000e+00
-6.674773400000000301e-02
-6.902154500000000359e-02
-4.894478199999999918e-02
-1.881899700000000050e-02
4.742126399999999965e-04
0.000000000000000000e+00
0.000000000000000000e+00
0.000000000000000000e+00
-2.727947799999999937e-02
-3.783380199999999971e-02
-5.674330100000000293e-02
-6.214528899999999939e-02
-5.459834599999999899e-02
-4.005560500000000107e-02
-1.203074999999999978e-02
0.000000000000000000e+00
-4.795314299999999842e-03
0.000000000000000000e+00
-2.010215300000000108e-02
-2.081645700000000002e-02
-2.471409399999999895e-02
-3.056989800000000160e-02
-3.668930399999999897e-02
-4.354199000000000264e-02
-5.169282900000000264e-02
-6.089055200000000057e-02
-6.757683300000000282e-02
-6.784671500000000188e-02
-6.217279299999999703e-02
-4.781737900000000013e-02
-2.326364399999999999e-02
-7.625643599999999862e-03
0.000000000000000000e+00
0.000000000000000000e+00
0.000000000000000000e+00
0.000000000000000000e+00
-4.779858699999999655e-02
-4.733307700000000118e-02
-3.015655299999999914e-02
-5.062259700000000182e-03
7.266485900000000352e-03
0.000000000000000000e+00
0.000000000000000000e+00
0.000000000000000000e+00
-2.023751700000000001e-02
-2.068647200000000089e-02
-3.036366000000000065e-02
-3.398108500000000115e-02
-2.865494000000000027e-02
-2.463711899999999899e-02
0.000000000000000000e+00
0.000000000000000000e+00
4.290180899999999973e-04
-2.419772499999999979e-02
-2.324192500000000008e-02
-2.703132899999999977e-02
-3.593103899999999795e-02
-4.277564400000000155e-02
-4.881788199999999994e-02
-5.439347900000000152e-02
-5.829347000000000001e-02
-5.937081599999999987e-02
-5.569091100000000266e-02
-4.738117900000000243e-02
-3.611305699999999702e-02
-2.313933599999999993e-02
-5.551024600000000093e-03
3.968114499999999753e-03
0.000000000000000000e+00
0.000000000000000000e+00
0.000000000000000000e+00
-5.353996800000000028e-02
-2.737386199999999881e-02
-2.291151599999999983e-02
-1.091014300000000062e-02
7.584559299999999935e-03
1.443709100000000085e-02
0.000000000000000000e+00
0.000000000000000000e+00
0.000000000000000000e+00
-1.715227600000000102e-02
-8.532091000000000328e-03
-8.761404900000000287e-03
-7.841058999999999182e-03
-4.106302699999999847e-03
5.406182499999999565e-04
0.000000000000000000e+00
0.000000000000000000e+00
-3.180461999999999786e-03
-1.982731899999999950e-02
-2.430620899999999876e-02
-2.957083099999999881e-02
-3.636203600000000036e-02
-4.009443800000000308e-02
-4.353340599999999672e-02
-4.790369199999999772e-02
-5.271831300000000275e-02
-5.628647700000000142e-02
-5.434522099999999911e-02
-4.520632200000000017e-02
-3.169681099999999835e-02
-1.446294700000000030e-02
8.305148999999999518e-04
6.398945199999999701e-03
0.000000000000000000e+00
0.000000000000000000e+00
0.000000000000000000e+00
-4.250871999999999984e-02
-1.616995599999999922e-02
-4.501556900000000180e-03
6.711622300000000090e-03
2.115513800000000041e-02
2.202023399999999964e-02
0.000000000000000000e+00
0.000000000000000000e+00
0.000000000000000000e+00
-1.638645700000000011e-02
-5.423514499999999676e-03
2.760514800000000209e-03
1.045775499999999913e-02
1.393391899999999947e-02
1.801854699999999934e-02
0.000000000000000000e+00
2.791943700000000094e-04
-7.552568100000000423e-03
-2.550781300000000071e-02
-3.362787500000000152e-02
-4.388276499999999719e-02
-5.111150400000000205e-02
-5.367392700000000322e-02
-5.415420199999999851e-02
-5.287620400000000304e-02
-5.079565199999999670e-02
-4.785664800000000163e-02
-4.148250400000000337e-02
-3.208396599999999849e-02
-2.241080100000000103e-02
-1.321189000000000044e-02
-6.326910600000000030e-03
2.196881600000000125e-03
0.000000000000000000e+00
0.000000000000000000e+00
-8.175017499999999437e-02
-4.833491100000000124e-02
-1.991133200000000034e-02
7.031194400000000296e-03
1.487726900000000026e-02
2.756768799999999991e-02
0.000000000000000000e+00
0.000000000000000000e+00
0.000000000000000000e+00
0.000000000000000000e+00
-1.803127100000000149e-02
-8.223298900000000286e-03
7.480161699999999733e-03
2.419473200000000004e-02
2.527991300000000108e-02
3.530900599999999695e-02
0.000000000000000000e+00
4.359206600000000223e-03
-1.493791199999999937e-02
-3.485260200000000336e-02
-5.302990999999999955e-02
-7.199515400000000565e-02
-8.613569299999999929e-02
-9.395432500000000520e-02
-9.665285099999999796e-02
-9.287175500000000028e-02
-8.273010000000000086e-02
-6.595732999999999457e-02
-4.183459999999999956e-02
-2.164208100000000051e-02
-1.661068400000000056e-02
-2.181223599999999874e-02
-1.923836900000000169e-02
-8.073363499999999804e-03
0.000000000000000000e+00
0.000000000000000000e+00
-8.862464899999999979e-02
-7.452287500000000231e-02
-4.081062600000000262e-02
1.057563299999999921e-02
0.000000000000000000e+00
0.000000000000000000e+00
0.000000000000000000e+00
0.000000000000000000e+00
0.000000000000000000e+00
0.000000000000000000e+00
0.000000000000000000e+00
-9.379356199999999352e-03
1.357204099999999997e-02
3.565056900000000001e-02
3.773032500000000206e-02
4.677715200000000240e-02
0.000000000000000000e+00
6.293277699999999704e-03
-2.050022300000000144e-02
-3.996007099999999979e-02
-6.276674599999999826e-02
-8.501911900000000410e-02
-1.028979000000000005e-01
-1.152071699999999976e-01
-1.232907000000000031e-01
-1.265976000000000046e-01
-1.220070699999999952e-01
-1.057142199999999976e-01
-7.391491499999999770e-02
-3.823143600000000059e-02
-2.181781099999999946e-02
-3.470358300000000312e-02
-2.529218199999999986e-02
-1.084458699999999998e-01
0.000000000000000000e+00
-1.022480000000000055e-01
-1.056806700000000043e-01
-9.894305500000000198e-02
-7.019887099999999602e-02
-2.274648199999999842e-02
0.000000000000000000e+00
0.000000000000000000e+00
0.000000000000000000e+00
0.000000000000000000e+00
0.000000000000000000e+00
0.000000000000000000e+00
0.000000000000000000e+00
-4.309550900000000406e-03
2.460396700000000089e-02
4.111519799999999863e-02
4.790531800000000229e-02
6.684825599999999479e-02
0.000000000000000000e+00
-1.417801200000000025e-02
-3.003977400000000172e-02
-4.127274100000000168e-02
-5.872221999999999859e-02
-7.730046699999999771e-02
-9.373250599999999322e-02
-1.060284999999999977e-01
-1.151856299999999972e-01
-1.218680300000000022e-01
-1.229882000000000059e-01
-1.149054300000000028e-01
-9.286637600000000048e-02
-5.621454499999999771e-02
-2.183086100000000002e-02
-3.860564200000000251e-02
-3.714668000000000136e-02
0.000000000000000000e+00
-1.166785099999999992e-01
-1.063169800000000054e-01
-1.101197000000000009e-01
-1.104440200000000039e-01
-9.536691799999999497e-02
-6.054093199999999869e-02
0.000000000000000000e+00
0.000000000000000000e+00
0.000000000000000000e+00
0.000000000000000000e+00
0.000000000000000000e+00
0.000000000000000000e+00
0.000000000000000000e+00
6.237061300000000010e-03
1.573044700000000157e-02
3.631506200000000212e-02
4.637649900000000158e-02
6.810725199999999313e-02
0.000000000000000000e+00
-4.905229099999999787e-02
-4.292912799999999696e-02
-4.546990199999999954e-02
-5.354075900000000027e-02
-6.651218999999999881e-02
-8.116302599999999923e-02
-9.305904099999999513e-02
-1.016053799999999951e-01
-1.080855700000000058e-01
-1.111512699999999965e-01
-1.077148799999999990e-01
-9.022427399999999320e-02
-5.446976399999999691e-02
-1.627570199999999953e-02
0.000000000000000000e+00
0.000000000000000000e+00
-6.836076900000000178e-02
-1.045648799999999989e-01
-9.248818500000000054e-02
-1.007765999999999940e-01
-1.105549599999999938e-01
-1.094880800000000015e-01
-8.409224199999999760e-02
0.000000000000000000e+00
0.000000000000000000e+00
0.000000000000000000e+00
0.000000000000000000e+00
0.000000000000000000e+00
0.000000000000000000e+00
0.000000000000000000e+00
2.071246499999999935e-02
2.842257000000000117e-02
0.000000000000000000e+00
3.333235200000000259e-02
0.000000000000000000e+00
0.000000000000000000e+00
-7.410471400000000208e-02
-5.325733099999999803e-02
-4.703337700000000121e-02
-4.635897700000000260e-02
-5.239888699999999816e-02
-6.322118599999999866e-02
-7.361144599999999705e-02
-8.076398099999999858e-02
-8.575321700000000658e-02
-8.869080999999999493e-02
-8.728149500000000061e-02
-7.141776399999999470e-02
-3.581550700000000337e-02
-2.439054400000000098e-03
0.000000000000000000e+00
-4.826991700000000246e-02
-4.867119799999999885e-02
-5.024583099999999775e-02
-6.232123400000000313e-02
-7.691096499999999780e-02
-9.424454699999999796e-02
-1.053589100000000001e-01
-9.692306800000000111e-02
0.000000000000000000e+00
0.000000000000000000e+00
0.000000000000000000e+00
0.000000000000000000e+00
0.000000000000000000e+00
0.000000000000000000e+00
0.000000000000000000e+00
2.498530200000000090e-02
3.600529200000000124e-02
0.000000000000000000e+00
0.000000000000000000e+00
0.000000000000000000e+00
0.000000000000000000e+00
0.000000000000000000e+00
-5.266353099999999954e-02
-3.657522099999999804e-02
-3.222863399999999906e-02
-3.158841999999999900e-02
-3.568646699999999949e-02
-4.243876399999999688e-02
-4.835354199999999936e-02
-5.294399300000000169e-02
-5.646593099999999699e-02
-5.752163799999999994e-02
-4.386278600000000083e-02
-8.064655599999999772e-03
1.694409100000000140e-02
0.000000000000000000e+00
-4.217558700000000049e-02
-2.430321599999999901e-02
-2.516550199999999932e-02
-2.938532500000000033e-02
-4.513958800000000132e-02
-6.528069100000000180e-02
-8.081153000000000641e-02
-7.954263100000000253e-02
0.000000000000000000e+00
0.000000000000000000e+00
0.000000000000000000e+00
0.000000000000000000e+00
0.000000000000000000e+00
0.000000000000000000e+00
0.000000000000000000e+00
1.718415400000000010e-02
0.000000000000000000e+00
0.000000000000000000e+00
0.000000000000000000e+00
0.000000000000000000e+00
0.000000000000000000e+00
0.000000000000000000e+00
-4.267986099999999949e-02
-1.741114399999999993e-02
-1.151370300000000013e-02
-7.573033699999999653e-03
-6.155620300000000204e-03
-8.562507100000000052e-03
-1.382896800000000051e-02
-1.930655200000000113e-02
-2.372310099999999991e-02
-2.649592599999999951e-02
-1.553795500000000086e-02
1.624622499999999956e-02
2.141809999999999894e-02
0.000000000000000000e+00
-3.639451400000000281e-02
-6.003473100000000090e-03
2.619796699999999996e-03
-2.835707299999999913e-03
-1.806160100000000004e-02
-3.706623600000000240e-02
-5.094491300000000139e-02
-5.322806900000000285e-02
0.000000000000000000e+00
0.000000000000000000e+00
0.000000000000000000e+00
0.000000000000000000e+00
0.000000000000000000e+00
0.000000000000000000e+00
0.000000000000000000e+00
0.000000000000000000e+00
0.000000000000000000e+00
0.000000000000000000e+00
0.000000000000000000e+00
0.000000000000000000e+00
0.000000000000000000e+00
0.000000000000000000e+00
-3.250122600000000112e-02
-4.155768699999999594e-03
9.803973100000000149e-03
2.200514500000000026e-02
3.024460199999999890e-02
3.513218800000000169e-02
3.305011599999999744e-02
2.741887999999999964e-02
2.132338300000000131e-02
1.638578799999999835e-02
1.866519999999999985e-02
3.307788100000000342e-02
0.000000000000000000e+00
0.000000000000000000e+00
0.000000000000000000e+00
0.000000000000000000e+00
2.981013199999999960e-02
2.908806900000000112e-02
1.579954299999999923e-02
-1.757932399999999947e-03
-1.070418599999999922e-02
-1.357843199999999965e-02
-8.503983999999999155e-03
0.000000000000000000e+00
0.000000000000000000e+00
2.461578400000000166e-02
3.004664300000000135e-02
0.000000000000000000e+00
0.000000000000000000e+00
0.000000000000000000e+00
0.000000000000000000e+00
0.000000000000000000e+00
0.000000000000000000e+00
0.000000000000000000e+00
0.000000000000000000e+00
0.000000000000000000e+00
0.000000000000000000e+00
7.382968600000000374e-03
1.792612899999999898e-02
4.084517399999999798e-02
5.398007900000000026e-02
6.398820900000000422e-02
6.661920999999999815e-02
6.369136300000000084e-02
5.743397499999999822e-02
5.005173400000000050e-02
3.948390200000000128e-02
3.514960300000000148e-02
0.000000000000000000e+00
0.000000000000000000e+00
0.000000000000000000e+00
0.000000000000000000e+00
2.917652299999999935e-02
4.168684999999999752e-02
4.273769599999999863e-02
3.196988299999999755e-02
2.642706100000000169e-02
2.382650799999999972e-02
2.433440599999999940e-02
3.723502199999999956e-02
2.512887399999999896e-02
2.640110899999999899e-02
2.817540300000000164e-02
0.000000000000000000e+00
0.000000000000000000e+00
0.000000000000000000e+00
0.000000000000000000e+00
0.000000000000000000e+00
0.000000000000000000e+00
0.000000000000000000e+00
0.000000000000000000e+00
0.000000000000000000e+00
0.000000000000000000e+00
2.497265900000000122e-02
3.689177099999999682e-02
6.050274900000000150e-02
7.527064499999999714e-02
8.656521100000000302e-02
9.071462600000000653e-02
9.065611699999999440e-02
8.571895999999999682e-02
7.613194700000000537e-02
5.050456500000000126e-02
0.000000000000000000e+00
0.000000000000000000e+00
0.000000000000000000e+00
0.000000000000000000e+00
0.000000000000000000e+00
-1.193143800000000081e-02
1.901393399999999970e-02
4.516970700000000338e-02
6.154278299999999674e-02
6.652253099999999586e-02
6.282842199999999488e-02
5.809092500000000159e-02
0.000000000000000000e+00
3.419564800000000210e-02
2.619414700000000096e-02
0.000000000000000000e+00
0.000000000000000000e+00
0.000000000000000000e+00
0.000000000000000000e+00
0.000000000000000000e+00
0.000000000000000000e+00
0.000000000000000000e+00
0.000000000000000000e+00
0.000000000000000000e+00
0.000000000000000000e+00
0.000000000000000000e+00
2.497265900000000122e-02
3.977021399999999818e-02
5.052820999999999702e-02
6.677851099999999873e-02
7.935428099999999874e-02
8.836430300000000515e-02
9.123212799999999567e-02
8.643141699999999650e-02
7.284124899999999680e-02
3.331470300000000107e-02
0.000000000000000000e+00
0.000000000000000000e+00
0.000000000000000000e+00
0.000000000000000000e+00
0.000000000000000000e+00
0.000000000000000000e+00
-1.222916899999999980e-02
1.241173299999999945e-02
6.870415800000000128e-02
9.064563000000000481e-02
9.493812199999999979e-02
9.505981099999999406e-02
7.580309600000000037e-02
0.000000000000000000e+00
0.000000000000000000e+00
0.000000000000000000e+00
0.000000000000000000e+00
0.000000000000000000e+00
0.000000000000000000e+00
0.000000000000000000e+00
0.000000000000000000e+00
0.000000000000000000e+00
0.000000000000000000e+00
0.000000000000000000e+00
0.000000000000000000e+00
0.000000000000000000e+00
0.000000000000000000e+00
1.512836600000000073e-02
1.184618100000000077e-02
2.114604900000000010e-02
3.673963200000000123e-02
5.290735600000000260e-02
5.988857200000000103e-02
5.769095600000000157e-02
3.646804000000000018e-02
-4.185667600000000238e-02
0.000000000000000000e+00
0.000000000000000000e+00
0.000000000000000000e+00
0.000000000000000000e+00
0.000000000000000000e+00
0.000000000000000000e+00
0.000000000000000000e+00
4.306489899999999676e-02
7.215867099999999368e-02
9.823878099999999725e-02
1.145119299999999979e-01
1.018314800000000020e-01
8.902487900000000121e-02
0.000000000000000000e+00
0.000000000000000000e+00
0.000000000000000000e+00
0.000000000000000000e+00
0.000000000000000000e+00
0.000000000000000000e+00
0.000000000000000000e+00
0.000000000000000000e+00
0.000000000000000000e+00
0.000000000000000000e+00
0.000000000000000000e+00
0.000000000000000000e+00
0.000000000000000000e+00
0.000000000000000000e+00
-5.702579999999999628e-03
-2.236437399999999937e-02
-3.380269600000000013e-02
-2.232547199999999898e-02
-8.560031699999999869e-03
-8.412038000000000154e-03
-2.774073399999999866e-03
-2.597050000000000053e-02
-5.158257000000000120e-02
0.000000000000000000e+00
0.000000000000000000e+00
0.000000000000000000e+00
0.000000000000000000e+00
0.000000000000000000e+00
0.000000000000000000e+00
0.000000000000000000e+00
6.308831700000000486e-02
5.551685800000000226e-02
8.045694000000000456e-02
9.395965200000000461e-02
6.874900200000000350e-02
0.000000000000000000e+00
0.000000000000000000e+00
0.000000000000000000e+00
0.000000000000000000e+00
0.000000000000000000e+00
0.000000000000000000e+00
0.000000000000000000e+00
0.000000000000000000e+00
0.000000000000000000e+00
0.000000000000000000e+00
0.000000000000000000e+00
0.000000000000000000e+00
0.000000000000000000e+00
0.000000000000000000e+00
0.000000000000000000e+00
0.000000000000000000e+00
0.000000000000000000e+00
-6.983702899999999492e-02
-6.379322699999999402e-02
-5.692217100000000057e-02
-4.460352800000000340e-02
-4.945325099999999668e-02
-7.438122599999999474e-02
0.000000000000000000e+00
0.000000000000000000e+00
0.000000000000000000e+00
0.000000000000000000e+00
0.000000000000000000e+00
0.000000000000000000e+00
0.000000000000000000e+00
0.000000000000000000e+00
6.489563700000000081e-03
-3.936046900000000209e-02
-8.533146199999999335e-03
-5.767669500000000178e-03
-1.617807799999999852e-02
-3.372262499999999913e-02
0.000000000000000000e+00
0.000000000000000000e+00
0.000000000000000000e+00
0.000000000000000000e+00
0.000000000000000000e+00
0.000000000000000000e+00
0.000000000000000000e+00
0.000000000000000000e+00
0.000000000000000000e+00
0.000000000000000000e+00
0.000000000000000000e+00
0.000000000000000000e+00
0.000000000000000000e+00
0.000000000000000000e+00
0.000000000000000000e+00
0.000000000000000000e+00
0.000000000000000000e+00
0.000000000000000000e+00
0.000000000000000000e+00
-1.093551100000000054e-01
0.000000000000000000e+00
0.000000000000000000e+00
0.000000000000000000e+00
0.000000000000000000e+00
0.000000000000000000e+00
0.000000000000000000e+00
0.000000000000000000e+00
0.000000000000000000e+00
0.000000000000000000e+00
2.577335000000000043e-02
-2.064728700000000028e-02
0.000000000000000000e+00
0.000000000000000000e+00
-1.143403000000000058e-01
-6.528516900000000400e-02
-3.248411100000000301e-02
1.091017199999999923e-02
3.403105399999999808e-02
0.000000000000000000e+00
0.000000000000000000e+00
0.000000000000000000e+00
0.000000000000000000e+00
0.000000000000000000e+00
0.000000000000000000e+00
0.000000000000000000e+00
0.000000000000000000e+00
-8.125875700000000090e-03
-1.452241100000000069e-02
-1.950643599999999853e-02
-1.898313999999999904e-02
-1.818461600000000067e-02
-2.263255299999999970e-02
-2.494112899999999938e-02
-2.665783299999999884e-02
-4.008258900000000180e-02
-3.911449399999999965e-02
-2.630020400000000064e-02
-1.880029600000000106e-02
-9.273559600000000000e-03
4.578043700000000086e-04
4.056743600000000012e-03
8.748753600000000810e-03
8.272437299999999341e-03
1.229558099999999987e-02
2.070416500000000007e-02
1.198224500000000074e-02
0.000000000000000000e+00
0.000000000000000000e+00
0.000000000000000000e+00
0.000000000000000000e+00
-4.214367699999999918e-03
-5.894049900000000036e-03
-2.055854799999999941e-02
-1.957025999999999905e-02
-2.194928400000000206e-03
8.906954599999999250e-03
4.893996999999999757e-03
-1.203990700000000053e-05
-1.217704600000000040e-02
-1.851457199999999997e-02
1.172391100000000092e-03
-4.855821299999999959e-04
