0.000000000000000000e+00
0.000000000000000000e+00
0.000000000000000000e+00
0.000000000000000000e+00
0.000000000000000000e+00
0.000000000000000000e+00
0.000000000000000000e+00
0.000000000000000000e+00
0.000000000000000000e+00
0.000000000000000000e+00
0.000000000000000000e+00
0.000000000000000000e+00
0.000000000000000000e+00
0.000000000000000000e+00
0.000000000000000000e+00
0.000000000000000000e+00
0.000000000000000000e+00
0.000000000000000000e+00
0.000000000000000000e+00
0.000000000000000000e+00
0.000000000000000000e+00
0.000000000000000000e+00
0.000000000000000000e+00
0.000000000000000000e+00
0.000000000000000000e+00
0.000000000000000000e+00
0.000000000000000000e+00
0.000000000000000000e+00
0.000000000000000000e+00
0.000000000000000000e+00
0.000000000000000000e+00
0.000000000000000000e+00
0.000000000000000000e+00
0.000000000000000000e+00
0.000000000000000000e+00
0.000000000000000000e+00
0.000000000000000000e+00
1.104406702268867155e-02
4.405713495394810580e-03
1.991781256161599505e-03
3.222354257405187633e-03
9.133188554083028141e-03
1.583525191937183024e-02
1.063258435535958772e-02
3.698830477791190900e-04
-3.588336200886772624e-03
-2.619631698031468434e-03
-2.588590250010663852e-04
1.005237880304986429e-03
-1.985670711879784864e-03
-8.566113086452709774e-03
-1.633831545251937523e-02
-2.745398329733855433e-02
-3.507098917783583319e-02
-1.515229177751321182e-02
2.179224986883938203e-02
3.224421904709145331e-02
2.129753751114215471e-02
1.322366731953521571e-02
1.103112929671561278e-02
1.084687294506542568e-02
9.326139883593856719e-03
5.342792419245948575e-03
-7.002025781371437651e-04
-7.224835012478562218e-03
-8.190522165348336145e-03
2.075345489002201286e-03
1.364290135137219764e-02
1.322710508258231020e-02
7.941644348386747709e-03
9.159944280614926854e-03
0.000000000000000000e+00
1.433589255552245251e-03
-6.878209671432950617e-03
-1.784905720014568278e-02
-2.482065879512738646e-02
-2.687327043465520537e-02
-2.556752427925730251e-02
-2.250286308434880714e-02
-2.023648773440130805e-02
-1.670223771854998512e-02
-1.032976544316701988e-02
-3.931662268909636576e-03
-5.556160604772037446e-04
-1.668447872565504645e-03
-7.256953615093596731e-03
-1.560749409014042417e-02
-2.519548294570467598e-02
-3.681529283342361430e-02
-4.627129484304758761e-02
-3.685603563169535801e-02
-9.889588711887364533e-03
5.749459773602475648e-03
7.401585407725667920e-03
7.621972189761397863e-03
7.722778309016916677e-03
5.674191120520158393e-03
7.673055763395509807e-04
-6.564313819236711894e-03
-1.491614893877836641e-02
-2.176257541062037726e-02
-2.233891236453077259e-02
-1.305763758040077646e-02
-1.183996847232761038e-03
2.884734490413278039e-03
2.061570540480800288e-03
3.784390646696654016e-03
6.425128233976653593e-03
-1.814442563415369358e-02
-2.692364213536068557e-02
-3.842310742530545553e-02
-4.555912436203983507e-02
-4.596209010559344776e-02
-4.179331677415926843e-02
-3.526871435305165697e-02
-2.725007558197621929e-02
-1.771493663960061610e-02
-8.006717236201114224e-03
-1.045167453970321245e-03
7.826533075524595359e-04
-2.944730057613143426e-03
-1.054288907425325432e-02
-1.965341414640210324e-02
-2.929113576165898875e-02
-4.030770718816018006e-02
-4.859238046073869471e-02
-4.173403576660635050e-02
-2.243377787827393471e-02
-9.748992458681878664e-03
-5.019190576122979815e-03
-2.173687652441142881e-03
-2.051011342431911973e-03
-5.849139188740361608e-03
-1.274448532873860909e-02
-2.125877699357430969e-02
-2.929610647671434046e-02
-3.432244178016479602e-02
-3.431068977050619889e-02
-2.820420854171879974e-02
-1.830698029986797468e-02
-9.942546810530880283e-03
-5.752958161933040618e-03
-4.112299291064107527e-03
-3.910538359995934833e-03
-2.370547479997222456e-02
-3.104220342679772995e-02
-3.977581555155285109e-02
-4.344766539847641496e-02
-4.031583222162005153e-02
-3.331677372357256389e-02
-2.515332179245988869e-02
-1.684794001648762252e-02
-8.641464570041629961e-03
-1.238408580009531593e-03
3.090318496379120851e-03
2.250369225704596833e-03
-3.512850779131397073e-03
-1.176573997315352033e-02
-2.000205498550643168e-02
-2.751360009721644934e-02
-3.473924338551113294e-02
-3.685230607476389086e-02
-2.784276715147352213e-02
0.000000000000000000e+00
-1.153417877786914320e-02
-9.221006979971406448e-03
-7.322636493759937873e-03
-7.817470355713377131e-03
-1.156901448495104880e-02
-1.727627683746806031e-02
-2.331038119185956450e-02
-2.832006834903670611e-02
-3.130822455913441493e-02
-3.185684232265688365e-02
-2.877630012285330510e-02
-2.133661986251939729e-02
-1.269713884639831966e-02
-7.690794731475179835e-03
-6.976661513681167368e-03
-8.093212858978880014e-03
-1.681911879746909519e-02
-2.191519881707328782e-02
-2.744777975805814951e-02
-2.865596448273075719e-02
-2.440994309146585217e-02
-1.789199829808917758e-02
-1.212411006736727019e-02
-7.450339460711938484e-03
-2.744255581420388095e-03
2.006990626440914496e-03
4.387204391671527259e-03
2.258097761179129852e-03
-3.769307500951983407e-03
-1.106572056621741781e-02
-1.732088058055238078e-02
-2.157831111288423254e-02
-2.331757130704218209e-02
-2.003893833555666498e-02
-1.233527930886338213e-02
0.000000000000000000e+00
-8.233617475697025540e-03
-8.225687453898494067e-03
-8.010116725184221118e-03
-8.984799452447136958e-03
-1.086826567273464078e-02
-1.199602917387364645e-02
-1.205750588896770288e-02
-1.258412768065214279e-02
-1.485818302944960645e-02
-1.807835814695859383e-02
-1.876090284223891347e-02
-1.501284896851604218e-02
-9.818850651647543712e-03
-7.299312979730833428e-03
-7.450541889654966644e-03
-8.173128511687530878e-03
-1.732268770930423581e-03
-6.248854445946700441e-03
-1.051448782121510231e-02
-1.146723211678779900e-02
-8.725411289654363620e-03
-5.581034588082284600e-03
-4.373366785198718604e-03
-3.597261746520829997e-03
-7.681848182585182235e-04
3.341101581466084016e-03
5.412138624953551948e-03
3.384625856029329499e-03
-1.936635592604582512e-03
-8.013625886731002776e-03
-1.258078661115717527e-02
-1.384141210937453459e-02
-1.066421997894879438e-02
-5.413071605547544601e-03
-3.071383989868494042e-03
0.000000000000000000e+00
-6.709922709060175267e-03
-8.023180926529640752e-03
-9.004202263086603930e-03
-9.585002394679780630e-03
-8.063516239809791555e-03
-3.078505926095011919e-03
2.485677353462420729e-03
3.681431600682166533e-03
-4.208726384025434806e-04
-6.661328346539993096e-03
-9.836810662636119237e-03
-8.907945880710985490e-03
-7.139421776511442781e-03
-6.276819010740980476e-03
-5.040435089040511303e-03
-3.431751987463466276e-03
1.739830687036157675e-02
9.151058353045722973e-03
2.879357578851718651e-03
5.811618036966936839e-04
0.000000000000000000e+00
1.558160064199302398e-03
6.082091518748325518e-04
3.100597035456454688e-04
2.948560460862834250e-03
6.945734280256965487e-03
8.730838275822664502e-03
6.581626896394633143e-03
1.382778332488691616e-03
-4.411397336154529621e-03
-8.079695118944104151e-03
-6.617951705597114112e-03
1.090898437028834430e-03
7.397301500556316238e-03
4.114482273829204138e-03
0.000000000000000000e+00
-6.224670375475042407e-03
-8.847788037834850364e-03
-1.008525618573385615e-02
-8.642321697125419575e-03
-2.840424597586509604e-03
7.091770199603748305e-03
1.392994889585223370e-02
1.121003439906724866e-02
4.086813908330307575e-03
-2.050156585896722658e-03
-4.783058054028659772e-03
-4.954501106597826963e-03
-4.536182434232371996e-03
-2.608128711759743080e-03
2.253339752481297361e-03
7.315685476661708958e-03
3.513452976797977467e-02
1.893538036945254313e-02
7.859455744019900811e-03
0.000000000000000000e+00
0.000000000000000000e+00
5.776776172016776650e-03
5.695027786334515806e-03
6.339554779504335928e-03
9.184531895510111496e-03
1.250290374798947168e-02
1.314235024699519569e-02
9.779535105796856309e-03
3.507691083983914288e-03
-2.815545835208648796e-03
-5.545673202693390813e-03
-8.938221098552014956e-04
1.125778485224170067e-02
1.888605505835437223e-02
1.165236541352293598e-02
0.000000000000000000e+00
0.000000000000000000e+00
-9.181739535260691198e-03
-9.791269855472437694e-03
-5.145569302585884311e-03
5.289393061267861317e-03
1.935255511187724056e-02
2.474632945098213799e-02
1.498687811060058286e-02
0.000000000000000000e+00
1.791508088011807076e-03
2.991924910805340843e-04
-7.051129694363707321e-04
-4.881184217744020297e-04
3.662480686884012852e-03
1.280916199876796537e-02
2.172983676357864019e-02
4.781371397392306100e-02
2.386515567329388146e-02
0.000000000000000000e+00
0.000000000000000000e+00
0.000000000000000000e+00
1.113449407776633503e-02
1.211033165252685048e-02
1.344235188028729787e-02
1.611298472532074824e-02
1.813141150095868084e-02
1.669707401471259497e-02
1.102642330116571957e-02
2.978091806769193970e-03
-3.558246121817500249e-03
-4.211152265420062789e-03
4.278050779969043600e-03
1.987849842008558229e-02
2.817719012292704134e-02
1.852952937709689135e-02
0.000000000000000000e+00
0.000000000000000000e+00
-9.994771587699865720e-03
-9.233056475292787668e-03
-7.008952289297745416e-04
1.471050734636241038e-02
3.301871667366942931e-02
3.680130273060152474e-02
2.005919172992763969e-02
0.000000000000000000e+00
6.153956431642346354e-03
4.901431214248829112e-03
3.211189862749426732e-03
4.248212952991085693e-03
1.130329613685446787e-02
2.477951526400612448e-02
3.732420680471566776e-02
5.356593001197557102e-02
2.736137476858796491e-02
0.000000000000000000e+00
0.000000000000000000e+00
0.000000000000000000e+00
1.839828687618370873e-02
1.917821701462913905e-02
2.021301600676139384e-02
2.205877601531738494e-02
2.207254132039818129e-02
1.773563749963875252e-02
9.337930109779639734e-03
1.445634299532588460e-04
-5.028541877169503786e-03
-2.191782014319261680e-03
1.003980267622370595e-02
2.693900765735414427e-02
3.369778709454525345e-02
2.200165272360171329e-02
0.000000000000000000e+00
0.000000000000000000e+00
-1.092566288745597941e-02
-8.116350388546104619e-03
4.350908716851743449e-03
2.408761708279161945e-02
4.514943772807224892e-02
4.664096485245562695e-02
2.405576027991274124e-02
0.000000000000000000e+00
7.737061470548444765e-03
7.009958291012403572e-03
6.073960811772201318e-03
9.409520361275422115e-03
1.999243291481455492e-02
3.666306816783491962e-02
5.090055752577733739e-02
5.276913275917827911e-02
2.971077313174724788e-02
0.000000000000000000e+00
0.000000000000000000e+00
0.000000000000000000e+00
2.505512692255081400e-02
2.491715902743481606e-02
2.505904353224715220e-02
2.540496263551350262e-02
2.272540692365001766e-02
1.529534937455148853e-02
5.147748977896654879e-03
-3.113049561905322296e-03
-4.882410393713847337e-03
2.178693982388490210e-03
1.723541284019214359e-02
3.338772137146590879e-02
3.621526301140042675e-02
2.155683282075935431e-02
0.000000000000000000e+00
0.000000000000000000e+00
0.000000000000000000e+00
-4.007843459392286013e-03
1.137953702750665701e-02
3.293851492793644503e-02
5.257676264252801601e-02
4.987975111413773394e-02
0.000000000000000000e+00
0.000000000000000000e+00
6.725616600225786841e-03
7.774084907611026815e-03
9.165568987174188553e-03
1.556552109315093545e-02
2.919742292371851206e-02
4.665981441379143252e-02
5.977541181493523786e-02
4.729740300419783827e-02
2.888792674428411131e-02
0.000000000000000000e+00
0.000000000000000000e+00
2.376727887172652709e-02
2.827653114142495219e-02
2.694344825422511497e-02
2.569822789701107016e-02
2.396925453121749594e-02
1.875787865608677038e-02
9.854481822086282733e-03
8.494794977205778492e-04
-3.592337226373970051e-03
-5.468205497454668674e-04
1.021327206248146859e-02
2.640558509086564018e-02
4.022827258596383543e-02
3.779499728381943702e-02
1.925814564679206517e-02
0.000000000000000000e+00
0.000000000000000000e+00
0.000000000000000000e+00
4.158292217939323770e-03
2.065794491820540854e-02
4.062123949569864528e-02
5.465322884653022600e-02
4.676597084790652670e-02
0.000000000000000000e+00
0.000000000000000000e+00
0.000000000000000000e+00
8.908674249769554104e-03
1.309413165406574792e-02
2.210001066616425203e-02
3.727580319068372200e-02
5.330570979756067002e-02
6.351416992163987085e-02
4.165063160742912135e-02
2.750403443741185339e-02
0.000000000000000000e+00
0.000000000000000000e+00
2.651355079603434639e-02
2.715367626281771710e-02
2.302478991721657389e-02
1.959728487271171840e-02
1.603090358198646162e-02
1.024349816279511959e-02
3.292974174855652688e-03
-1.085462209175091239e-03
3.385941934426659155e-04
8.261740364234900977e-03
2.123863987923560459e-02
3.633349366697944532e-02
4.600357199925135532e-02
3.839484874309609386e-02
0.000000000000000000e+00
0.000000000000000000e+00
0.000000000000000000e+00
0.000000000000000000e+00
1.416909250132272237e-02
3.028221958038439590e-02
4.603566647878849089e-02
5.283304798157702209e-02
4.070998674982171522e-02
0.000000000000000000e+00
0.000000000000000000e+00
0.000000000000000000e+00
1.027770413448396078e-02
1.700864508356173671e-02
2.768879194252522533e-02
4.249741235503714382e-02
5.537468940342957918e-02
6.189914890748091786e-02
3.934817257915967231e-02
2.813122823179527859e-02
0.000000000000000000e+00
0.000000000000000000e+00
2.727223067129364367e-02
2.117126091920731520e-02
1.275809501833201701e-02
7.074386265801798322e-03
3.020220142333628500e-03
-7.966096531404420018e-04
-3.164227360711549530e-03
-1.472752786559299379e-03
5.719514417008029865e-03
1.738560141605609982e-02
3.094248450827881761e-02
4.299377556048518401e-02
4.716424504711871218e-02
3.570978941735690471e-02
0.000000000000000000e+00
0.000000000000000000e+00
0.000000000000000000e+00
0.000000000000000000e+00
2.211255775129017734e-02
3.722989199404716509e-02
4.778885747327291794e-02
4.791653843924058298e-02
3.344883336699743664e-02
0.000000000000000000e+00
0.000000000000000000e+00
0.000000000000000000e+00
1.053249324611054381e-02
1.921780656152841799e-02
3.058261655966826656e-02
4.315859540442005399e-02
5.149081593981208460e-02
5.397949802807249647e-02
3.800907595190686217e-02
0.000000000000000000e+00
2.145702946169039324e-02
2.235992348573939345e-02
2.022030394507594656e-02
1.044694562536956604e-02
-3.033378211544584556e-05
-6.459933597730563130e-03
-9.851808547247299652e-03
-1.115601500603444034e-02
-9.433910758340626618e-03
-3.209637546739385529e-03
7.628848158744345499e-03
2.097650880498168682e-02
3.360409358971875454e-02
4.199480070284270644e-02
4.174904800169783325e-02
2.946271621572820604e-02
0.000000000000000000e+00
0.000000000000000000e+00
0.000000000000000000e+00
0.000000000000000000e+00
2.511408778703325129e-02
3.868208727162324861e-02
4.473362269863330465e-02
4.031043878492601013e-02
2.564990606353747746e-02
0.000000000000000000e+00
0.000000000000000000e+00
0.000000000000000000e+00
8.201142836394319929e-03
1.744938898501756722e-02
2.859187404135228594e-02
3.836377860632822490e-02
4.266318802158031165e-02
4.227745695519265212e-02
2.915979284057349658e-02
0.000000000000000000e+00
1.546659505645221408e-02
1.331355578851215957e-02
9.742533214549492157e-03
1.052489264545368236e-03
-7.835769731207664970e-03
-1.316550945147549299e-02
-1.567011397617831467e-02
-1.575753833335405418e-02
-1.248948655548144313e-02
-4.946739165259110560e-03
6.230255110010871587e-03
1.846510528725888931e-02
2.858101715743359070e-02
3.356784633910282062e-02
3.097032428346352395e-02
2.055157898588144683e-02
0.000000000000000000e+00
0.000000000000000000e+00
0.000000000000000000e+00
0.000000000000000000e+00
2.249853203996811379e-02
3.376932539076912126e-02
3.702016074902091114e-02
3.095731148537651800e-02
1.817204721604363804e-02
0.000000000000000000e+00
0.000000000000000000e+00
0.000000000000000000e+00
2.525755903426621461e-03
1.062692942066461275e-02
2.123003887482247803e-02
2.918368496535946738e-02
3.154101816787365647e-02
3.027280585990238526e-02
0.000000000000000000e+00
0.000000000000000000e+00
8.974421161394624882e-03
7.021492941886547760e-03
4.185722266248458404e-03
-1.687204991429806181e-03
-7.269626157087729496e-03
-1.038875004290324214e-02
-1.170364355555162696e-02
-1.119816170809597583e-02
-7.901081087419995624e-03
-1.119706964512028665e-03
8.252516723474370361e-03
1.757379452344407650e-02
2.387453719507717093e-02
2.491259471077502188e-02
2.023471163355248376e-02
1.192818945412249532e-02
0.000000000000000000e+00
0.000000000000000000e+00
0.000000000000000000e+00
9.576609134962494989e-04
1.462573594664420135e-02
2.465788122799665236e-02
2.708224610400965585e-02
2.151227787272359804e-02
1.165756540536498111e-02
0.000000000000000000e+00
0.000000000000000000e+00
0.000000000000000000e+00
-5.207702990922762065e-03
7.471611531114833284e-04
1.105765582139157759e-02
1.855819176843122309e-02
2.054638486621521501e-02
1.934539268145070781e-02
0.000000000000000000e+00
0.000000000000000000e+00
4.363851729003994512e-03
3.058592460718393292e-03
7.339819181972954097e-04
-3.151317821470932777e-03
-6.232765017347841399e-03
-7.493477225270661624e-03
-7.425760741420822306e-03
-5.845771728457067710e-03
-1.932473851082375889e-03
4.822778934501580940e-03
1.337070342047147822e-02
2.066812295643121258e-02
2.319563406181263804e-02
1.946485935974822182e-02
1.191850939799513412e-02
4.866448164680401908e-03
0.000000000000000000e+00
0.000000000000000000e+00
0.000000000000000000e+00
-1.356242217872854171e-02
1.518750571191829213e-03
1.321286809613899001e-02
1.732904801301179271e-02
1.370429606916441501e-02
6.786972263303482807e-03
0.000000000000000000e+00
0.000000000000000000e+00
0.000000000000000000e+00
-1.269051820309810216e-02
-9.168808237736933084e-03
1.269835140841288693e-03
9.652822020662010435e-03
1.215554393989057465e-02
1.114335347706851137e-02
0.000000000000000000e+00
2.003420627004031274e-03
1.294870067606560373e-03
-1.176298076328843737e-03
-5.305329169330214034e-03
-1.018665231763223912e-02
-1.394216698169176150e-02
-1.584974143321369461e-02
-1.594105067948551127e-02
-1.392113054042852689e-02
-9.166521029857072067e-03
-1.304116498505154169e-03
8.497600049552342383e-03
1.643609470567238343e-02
1.775338492166752755e-02
1.161132234216991771e-02
3.374872140553250143e-03
-1.700507779966685395e-03
0.000000000000000000e+00
0.000000000000000000e+00
-3.210010818198619220e-02
-2.951201737052898053e-02
-1.574351940262733521e-02
-1.369277160298501160e-03
7.065164188682424365e-03
7.217295976042103350e-03
3.442999145650503350e-03
0.000000000000000000e+00
0.000000000000000000e+00
0.000000000000000000e+00
-1.740747572061476095e-02
-1.658721664603864804e-02
-5.881564132647820395e-03
5.089914947362025703e-03
9.089045357557803267e-03
8.149119286309481139e-03
0.000000000000000000e+00
-4.079360349127829295e-05
-4.877564776945766544e-04
-4.168446845553138054e-03
-1.066988900267994318e-02
-1.824737268632942513e-02
-2.508428155890284408e-02
-3.022808146020644973e-02
-3.318402969598698016e-02
-3.345900766661959180e-02
-3.036212885748834980e-02
-2.318622093572584100e-02
-1.232659108823646286e-02
-1.265108519357166896e-03
3.745641914466442315e-03
4.187400981402677417e-04
-5.048250182276415102e-03
-7.422827787737023945e-03
0.000000000000000000e+00
0.000000000000000000e+00
-3.945030065746143316e-02
-4.250038702352438441e-02
-3.422996570895978086e-02
-1.869843998318888520e-02
-4.195217995472290753e-03
0.000000000000000000e+00
0.000000000000000000e+00
0.000000000000000000e+00
0.000000000000000000e+00
0.000000000000000000e+00
0.000000000000000000e+00
-1.947474091912187316e-02
-9.074909034162423685e-03
6.063270522306809726e-03
1.265933953741849027e-02
1.166749462435295523e-02
0.000000000000000000e+00
-3.191779142156931683e-03
-2.314450799614739887e-03
-4.681267189119162411e-03
-1.082475397922777298e-02
-1.919872444347774446e-02
-2.793561556143438207e-02
-3.575192647818033198e-02
-4.195906899225260861e-02
-4.617356551566015321e-02
-4.768710640347469804e-02
-4.512954946519918964e-02
-3.684381081947401410e-02
-2.349862413139254882e-02
-1.192870489073801117e-02
-9.027719424415447252e-03
-1.057976236453894367e-02
-1.042765560258823894e-02
0.000000000000000000e+00
-2.584499261829674779e-02
-4.081451908025671843e-02
-5.035147058624977329e-02
-5.038224920524817657e-02
-3.609828893734799704e-02
-1.444004584550141052e-02
0.000000000000000000e+00
0.000000000000000000e+00
0.000000000000000000e+00
0.000000000000000000e+00
0.000000000000000000e+00
0.000000000000000000e+00
-1.798665745998283966e-02
-9.416728821425709647e-03
9.331327865466429797e-03
1.891310475405273001e-02
1.792995554485215387e-02
0.000000000000000000e+00
-1.131841946881593022e-02
-7.507889316579223135e-03
-5.643045665390001089e-03
-8.184110686479638408e-03
-1.434212807099164051e-02
-2.221474912562898876e-02
-3.009998755171320803e-02
-3.717682658473158569e-02
-4.355017748269812000e-02
-4.924127513502545711e-02
-5.291918635010749161e-02
-5.088640211315638429e-02
-3.941976610405140830e-02
-2.315938132294821303e-02
-1.349807309198031331e-02
-1.117397297835533328e-02
0.000000000000000000e+00
-1.036258580651122641e-02
-2.033318764090701405e-02
-3.587243862099649683e-02
-5.162003620536084053e-02
-6.073802972944142287e-02
-4.974592681667434207e-02
-2.206104011404603701e-02
0.000000000000000000e+00
0.000000000000000000e+00
0.000000000000000000e+00
0.000000000000000000e+00
0.000000000000000000e+00
0.000000000000000000e+00
-1.442934220446136055e-02
-9.499008590147078532e-03
9.009517485670397868e-03
2.038116597044528980e-02
1.915396584820359960e-02
0.000000000000000000e+00
-2.403545395505788870e-02
-1.723599232522207356e-02
-9.990114103088601483e-03
-7.645145072782016417e-03
-1.007519212693914687e-02
-1.547861364953265900e-02
-2.181710473368715653e-02
-2.777995231214588218e-02
-3.366848532099219610e-02
-4.067281988195449449e-02
-4.851879212299934491e-02
-5.280388079683223657e-02
-4.633106259354995149e-02
-2.934549744963400875e-02
-1.442662223995761286e-02
0.000000000000000000e+00
-5.621431741019515364e-03
-4.352417219981323006e-03
-1.107868253616548643e-02
-2.614107744422893703e-02
-4.616368498147569582e-02
-6.280244794477508885e-02
-5.625696568480711979e-02
-2.612794010458252894e-02
0.000000000000000000e+00
0.000000000000000000e+00
0.000000000000000000e+00
0.000000000000000000e+00
0.000000000000000000e+00
0.000000000000000000e+00
-9.925282566510063367e-03
-8.620932801626244105e-03
0.000000000000000000e+00
1.620025780267047438e-02
1.429682563988220884e-02
0.000000000000000000e+00
-3.673228280083845609e-02
-2.938520929769777162e-02
-1.677403747701700087e-02
-9.545965071966150059e-03
-8.057538111131622507e-03
-1.043285491462451336e-02
-1.477873132482952420e-02
-1.930095621922492746e-02
-2.383289529216061839e-02
-3.028918252755799165e-02
-3.988735713348522810e-02
-4.862749301949072928e-02
-4.732669899992341528e-02
-3.247261390189880303e-02
0.000000000000000000e+00
-9.722962079135272911e-03
-4.919102699780632595e-03
1.146270649104431678e-03
-6.717195989052819052e-04
-1.356991682561293176e-02
-3.493306626608125992e-02
-5.612218448839989549e-02
-5.456058633931241963e-02
-2.636310223259438063e-02
0.000000000000000000e+00
0.000000000000000000e+00
0.000000000000000000e+00
0.000000000000000000e+00
0.000000000000000000e+00
0.000000000000000000e+00
-5.464103943217267847e-03
-5.422930569098321704e-03
0.000000000000000000e+00
0.000000000000000000e+00
0.000000000000000000e+00
0.000000000000000000e+00
0.000000000000000000e+00
-4.127190807748795653e-02
-2.409218524203334336e-02
-1.215320769020220362e-02
-6.915109608572814551e-03
-5.946669543566685499e-03
-7.937166356975387457e-03
-1.122923824727763489e-02
-1.497436677636069906e-02
-2.098511271487308108e-02
-3.165323850638442071e-02
-4.346765927497939913e-02
-4.559321209786561940e-02
-3.286784158722421550e-02
0.000000000000000000e+00
-1.342291211894841747e-02
-8.174965088882761577e-03
2.765171417491092774e-03
6.976466399766495692e-03
-1.901192972390748984e-03
-2.175637045437320283e-02
-4.431329974418544287e-02
-4.768414371535215773e-02
-2.495924237941539447e-02
0.000000000000000000e+00
0.000000000000000000e+00
0.000000000000000000e+00
0.000000000000000000e+00
0.000000000000000000e+00
0.000000000000000000e+00
-2.306628076888965050e-03
-2.149924077620662174e-03
0.000000000000000000e+00
0.000000000000000000e+00
0.000000000000000000e+00
0.000000000000000000e+00
0.000000000000000000e+00
-4.973295009847732151e-02
-3.166601405485948428e-02
-1.625070970679556859e-02
-7.349171487117505883e-03
-2.519519187472671080e-03
-1.319058874600033361e-03
-2.882352217124322779e-03
-6.180219113178445599e-03
-1.246205486456670661e-02
-2.448809323360389562e-02
-3.855247917757274184e-02
-4.154052864555125846e-02
-2.881518500965078028e-02
0.000000000000000000e+00
-1.518552290164483683e-02
-1.383282624301405452e-02
-1.935301292537577877e-03
8.128176779280548922e-03
4.967805894234153356e-03
-1.158833970954636569e-02
-3.382961550392815653e-02
-4.280258719145092067e-02
-2.808345701475731954e-02
0.000000000000000000e+00
0.000000000000000000e+00
0.000000000000000000e+00
0.000000000000000000e+00
0.000000000000000000e+00
0.000000000000000000e+00
0.000000000000000000e+00
0.000000000000000000e+00
0.000000000000000000e+00
0.000000000000000000e+00
0.000000000000000000e+00
0.000000000000000000e+00
0.000000000000000000e+00
-4.949590802069729623e-02
-3.787969406896109920e-02
-2.298919985077196512e-02
-1.095170291775629176e-02
-1.604679092825079785e-03
3.804434983849476048e-03
5.122246446372152352e-03
2.930662872364752595e-03
-3.597188311683208184e-03
-1.677216501319800379e-02
-3.199060623854487612e-02
-3.406051483909371819e-02
-2.038647268910659394e-02
0.000000000000000000e+00
0.000000000000000000e+00
0.000000000000000000e+00
-1.175593221130313316e-02
1.318561599482433308e-03
5.308309059025224583e-03
-6.112255148821001995e-03
-2.716847414804690955e-02
-4.215881121727085845e-02
-3.663188920590544628e-02
0.000000000000000000e+00
0.000000000000000000e+00
-8.081836675407632828e-03
-5.821589538212097563e-03
0.000000000000000000e+00
0.000000000000000000e+00
0.000000000000000000e+00
0.000000000000000000e+00
0.000000000000000000e+00
0.000000000000000000e+00
0.000000000000000000e+00
0.000000000000000000e+00
0.000000000000000000e+00
0.000000000000000000e+00
-3.834799867217034142e-02
-2.850860562497654557e-02
-1.526861628215574716e-02
-2.165290006004930330e-03
7.038493944597036707e-03
1.145001744505596414e-02
1.120405808368418743e-02
5.643460645745594466e-03
-6.666645716263597601e-03
-2.062379155245203100e-02
-2.249772622365824384e-02
0.000000000000000000e+00
0.000000000000000000e+00
0.000000000000000000e+00
0.000000000000000000e+00
-2.169489354162873820e-02
-1.156371964977577840e-02
-8.940330860201149915e-04
-4.496225151416608813e-03
-2.158832542945212513e-02
-3.909439737272769194e-02
-4.051237832851411341e-02
-2.702580611671351676e-02
-1.625140220878181288e-02
-1.148046214489476143e-02
-7.282394045830334513e-03
-3.073420644775507176e-03
0.000000000000000000e+00
0.000000000000000000e+00
0.000000000000000000e+00
0.000000000000000000e+00
0.000000000000000000e+00
0.000000000000000000e+00
0.000000000000000000e+00
0.000000000000000000e+00
0.000000000000000000e+00
-3.266802440181117151e-02
-2.863973573591282323e-02
-1.631419452986269947e-02
-2.060182256601232262e-03
8.624707391213119745e-03
1.478949019744224547e-02
1.668910285180154329e-02
1.397481313010978145e-02
5.835443038120806912e-03
-4.289799601076336663e-03
-7.940831572839764096e-03
0.000000000000000000e+00
0.000000000000000000e+00
0.000000000000000000e+00
0.000000000000000000e+00
-2.969429760717143957e-02
-2.612989638403804410e-02
-1.205129840395507447e-02
-5.869559696188949259e-03
-1.455799488610278608e-02
-2.929249631778225657e-02
-3.374358859766470736e-02
0.000000000000000000e+00
-1.707283778382607739e-02
-1.144620370254945292e-02
0.000000000000000000e+00
0.000000000000000000e+00
0.000000000000000000e+00
0.000000000000000000e+00
0.000000000000000000e+00
0.000000000000000000e+00
0.000000000000000000e+00
0.000000000000000000e+00
0.000000000000000000e+00
0.000000000000000000e+00
0.000000000000000000e+00
-2.770897297414905147e-02
-2.763599993869739202e-02
-1.711185428457283678e-02
-4.553654204251141036e-03
5.278042282491545063e-03
1.217492958527992795e-02
1.680447139881386179e-02
1.930173445186431774e-02
1.858375327802682525e-02
1.268449515267100307e-02
4.351094374757494797e-03
0.000000000000000000e+00
0.000000000000000000e+00
0.000000000000000000e+00
0.000000000000000000e+00
0.000000000000000000e+00
-3.691333021587108604e-02
-2.617144253952860891e-02
-1.063954610574859017e-02
-7.016423769104405961e-03
-1.415445912253508569e-02
-1.752505985834642774e-02
-1.365821354632953781e-02
0.000000000000000000e+00
0.000000000000000000e+00
0.000000000000000000e+00
0.000000000000000000e+00
0.000000000000000000e+00
0.000000000000000000e+00
0.000000000000000000e+00
0.000000000000000000e+00
0.000000000000000000e+00
0.000000000000000000e+00
0.000000000000000000e+00
0.000000000000000000e+00
0.000000000000000000e+00
0.000000000000000000e+00
-2.955201405232254705e-02
-2.235452872468950830e-02
-1.474850749135976809e-02
-7.723250204640411468e-03
4.778851062327706773e-04
1.004622477295377334e-02
2.026032689515928908e-02
2.860639107125270003e-02
2.610596396207614037e-02
1.216994326751636921e-02
0.000000000000000000e+00
0.000000000000000000e+00
0.000000000000000000e+00
0.000000000000000000e+00
0.000000000000000000e+00
0.000000000000000000e+00
-4.213614313394997701e-02
-2.166986915207580813e-02
-5.175163215852233642e-03
-2.703105821380766814e-04
2.779596328351551307e-03
6.866610801958472274e-03
0.000000000000000000e+00
0.000000000000000000e+00
0.000000000000000000e+00
0.000000000000000000e+00
0.000000000000000000e+00
0.000000000000000000e+00
0.000000000000000000e+00
0.000000000000000000e+00
0.000000000000000000e+00
0.000000000000000000e+00
0.000000000000000000e+00
0.000000000000000000e+00
0.000000000000000000e+00
0.000000000000000000e+00
-2.881460727080606063e-02
-2.697937581691028583e-02
-2.850132588407836357e-02
-2.811917721236714685e-02
-1.881707881081304615e-02
-2.410614622717396471e-03
1.541747668306784821e-02
2.912072544993234494e-02
2.771434960401149977e-02
0.000000000000000000e+00
0.000000000000000000e+00
0.000000000000000000e+00
0.000000000000000000e+00
0.000000000000000000e+00
0.000000000000000000e+00
0.000000000000000000e+00
-5.887615722571432064e-02
-4.535187495490056175e-02
-2.147320237643776664e-02
1.354449032167648619e-04
1.733964040324644310e-02
0.000000000000000000e+00
0.000000000000000000e+00
0.000000000000000000e+00
0.000000000000000000e+00
0.000000000000000000e+00
0.000000000000000000e+00
0.000000000000000000e+00
0.000000000000000000e+00
0.000000000000000000e+00
0.000000000000000000e+00
0.000000000000000000e+00
0.000000000000000000e+00
0.000000000000000000e+00
0.000000000000000000e+00
0.000000000000000000e+00
0.000000000000000000e+00
0.000000000000000000e+00
-3.488225538866553121e-02
-4.445512759328962976e-02
-3.846513986042521954e-02
-1.879234592173392379e-02
2.258564379927322906e-03
1.554142526822041570e-02
0.000000000000000000e+00
0.000000000000000000e+00
0.000000000000000000e+00
0.000000000000000000e+00
0.000000000000000000e+00
0.000000000000000000e+00
0.000000000000000000e+00
0.000000000000000000e+00
-7.329903976355620077e-02
-8.133065570259950805e-02
-6.075880820976445329e-02
-2.510398989672682143e-02
7.267248196200804325e-03
3.156114736793501352e-02
0.000000000000000000e+00
0.000000000000000000e+00
0.000000000000000000e+00
0.000000000000000000e+00
0.000000000000000000e+00
0.000000000000000000e+00
0.000000000000000000e+00
0.000000000000000000e+00
0.000000000000000000e+00
0.000000000000000000e+00
0.000000000000000000e+00
0.000000000000000000e+00
0.000000000000000000e+00
0.000000000000000000e+00
0.000000000000000000e+00
0.000000000000000000e+00
0.000000000000000000e+00
0.000000000000000000e+00
0.000000000000000000e+00
-2.838744245522550891e-02
0.000000000000000000e+00
0.000000000000000000e+00
0.000000000000000000e+00
0.000000000000000000e+00
0.000000000000000000e+00
0.000000000000000000e+00
0.000000000000000000e+00
0.000000000000000000e+00
0.000000000000000000e+00
-4.490819602159209362e-02
-6.572452611235767017e-02
0.000000000000000000e+00
0.000000000000000000e+00
-5.594606154707577189e-02
-2.641977420853349259e-02
4.818159589026075988e-03
2.777744066181096760e-02
2.689154337518934873e-02
0.000000000000000000e+00
0.000000000000000000e+00
0.000000000000000000e+00
0.000000000000000000e+00
0.000000000000000000e+00
0.000000000000000000e+00
0.000000000000000000e+00
0.000000000000000000e+00
-3.801530316861259032e-03
-2.378860299135489818e-03
-1.271148846840477022e-03
-2.219451065998524677e-03
-4.886635492077655817e-03
-9.320157835615504663e-03
-1.750617456581729514e-02
-2.757932529466838520e-02
-3.022270699130537655e-02
-2.266870686017836284e-02
-1.403232648582477225e-02
-9.525889830772928807e-03
-3.233397627691463310e-03
7.194580629886041662e-03
1.769117966370731959e-02
2.085307327698352961e-02
1.252938508618639535e-02
-3.541266248080156623e-03
-1.753526568982991321e-02
-2.428176910630309646e-02
0.000000000000000000e+00
0.000000000000000000e+00
0.000000000000000000e+00
0.000000000000000000e+00
-4.906490171923089116e-02
-2.082342751723863933e-02
1.288068200608061958e-02
2.634916300325137670e-02
1.013111991267561310e-02
-1.688763359063298608e-02
-3.866215295790116635e-02
-4.519682517828265550e-02
-3.446560462001096309e-02
-2.044256392395934693e-02
-1.146695575104387209e-02
-7.156272463878642943e-03
