0.000000000000000000e+00
0.000000000000000000e+00
0.000000000000000000e+00
0.000000000000000000e+00
0.000000000000000000e+00
0.000000000000000000e+00
0.000000000000000000e+00
0.000000000000000000e+00
0.000000000000000000e+00
0.000000000000000000e+00
0.000000000000000000e+00
0.000000000000000000e+00
0.000000000000000000e+00
0.000000000000000000e+00
0.000000000000000000e+00
0.000000000000000000e+00
0.000000000000000000e+00
0.000000000000000000e+00
0.000000000000000000e+00
0.000000000000000000e+00
0.000000000000000000e+00
0.000000000000000000e+00
0.000000000000000000e+00
0.000000000000000000e+00
0.000000000000000000e+00
0.000000000000000000e+00
0.000000000000000000e+00
0.000000000000000000e+00
0.000000000000000000e+00
0.000000000000000000e+00
0.000000000000000000e+00
0.000000000000000000e+00
0.000000000000000000e+00
0.000000000000000000e+00
0.000000000000000000e+00
0.000000000000000000e+00
0.000000000000000000e+00
0.000000000000000000e+00
0.000000000000000000e+00
0.000000000000000000e+00
9.895511999999999364e-02
4.890304699999999810e-02
8.586028399999999505e-02
7.938185899999999906e-02
2.458084699999999942e-02
6.298001699999999925e-03
1.330157599999999985e-03
-1.517596499999999916e-03
5.376244900000000382e-03
7.288230199999999777e-03
1.584289100000000044e-04
-9.643676599999999668e-03
-6.102969800000000028e-03
-2.689425399999999938e-02
-8.079902399999999707e-02
0.000000000000000000e+00
8.968045600000000561e-02
3.086380799999999952e-02
1.412101699999999960e-02
1.024183400000000001e-02
1.300277700000000008e-02
2.602487499999999940e-02
2.764342599999999872e-02
3.125112599999999713e-02
1.947910699999999898e-02
-6.766251600000000241e-03
-4.366741500000000109e-02
0.000000000000000000e+00
9.745360999999999607e-02
2.660961099999999916e-03
-3.571748799999999863e-02
0.000000000000000000e+00
2.839511399999999908e-02
2.751916999999999905e-02
9.117496399999999376e-03
-3.223301599999999802e-03
5.883598399999999569e-03
-9.040844600000000342e-03
-1.956382200000000154e-02
-2.669552000000000036e-02
-2.798103500000000132e-02
-1.951028900000000010e-02
-9.817152299999999665e-03
-7.894732399999999711e-04
2.301664100000000174e-03
-4.078723700000000266e-04
-8.205636400000000663e-03
-1.788556200000000068e-02
-2.744721799999999892e-02
-3.831275900000000179e-02
-5.070058899999999730e-02
-4.344279300000000038e-02
3.053417199999999831e-02
1.571156300000000131e-02
1.836562699999999895e-02
2.151076299999999872e-02
2.465048099999999839e-02
2.180871699999999830e-02
1.430055600000000073e-02
5.598864799999999677e-03
-4.656844299999999930e-03
-1.486140600000000062e-02
-1.646097700000000164e-02
1.407902200000000006e-02
3.984068000000000331e-02
1.004668000000000054e-02
1.034889100000000069e-02
1.767164099999999835e-02
-1.121448799999999989e-02
-2.239340899999999954e-02
-3.968654900000000152e-02
-5.779450099999999813e-02
-6.982921100000000214e-02
-6.823732000000000408e-02
-5.888818999999999998e-02
-5.455612399999999751e-02
-4.027237000000000178e-02
-2.397926599999999908e-02
-1.096096799999999975e-02
-7.350886000000000486e-04
-1.115358099999999922e-03
-5.837921999999999730e-03
-1.518844999999999917e-02
-2.593539300000000103e-02
-3.620667400000000119e-02
-4.956552000000000180e-02
-8.563213499999999812e-02
-1.771038000000000126e-02
-1.300352299999999947e-02
-7.311835499999999773e-03
-2.948616699999999737e-04
4.906694900000000380e-03
2.125398000000000131e-03
-5.343269099999999917e-03
-1.425660200000000016e-02
-2.602777900000000089e-02
-3.588005200000000255e-02
-4.059135500000000257e-02
-3.740076299999999659e-02
-2.781690499999999941e-02
-1.521513399999999995e-02
-1.041821799999999992e-02
-7.137665500000000239e-03
-5.413148999999999912e-03
-1.757351500000000136e-02
-3.089379100000000031e-02
-4.734809699999999871e-02
-6.051012900000000277e-02
-5.860330500000000137e-02
-4.938678400000000301e-02
-3.904974800000000218e-02
-3.130908699999999933e-02
-1.714022299999999957e-02
-4.713631200000000313e-03
4.630525600000000123e-03
1.004779199999999983e-02
5.077368100000000106e-03
-4.624681099999999878e-03
-1.640456399999999995e-02
-2.632766400000000062e-02
-3.343670800000000248e-02
-4.553856299999999718e-02
-9.868934799999999619e-02
0.000000000000000000e+00
-2.003531199999999957e-02
-1.708587099999999900e-02
-1.161925100000000058e-02
-7.959892999999999136e-03
-1.211271000000000049e-02
-2.098180700000000162e-02
-3.036442400000000097e-02
-4.231611300000000242e-02
-5.037562500000000026e-02
-5.143367499999999815e-02
-4.775576699999999758e-02
-4.158829900000000218e-02
-2.099611200000000080e-02
-8.927487799999999848e-03
-6.160108400000000213e-03
-6.174841000000000357e-03
-1.504024500000000070e-02
-2.525548299999999871e-02
-3.818525999999999865e-02
-4.350957500000000172e-02
-3.965461900000000206e-02
-2.381495100000000087e-02
-2.709295499999999843e-02
-4.758621499999999942e-03
4.908412199999999869e-04
4.037264300000000146e-03
8.309825300000000387e-03
7.927440100000000475e-03
4.619906299999999898e-04
-9.619810399999999609e-03
-1.888089999999999907e-02
-2.464619399999999974e-02
-2.837814599999999993e-02
-3.225018400000000118e-02
-5.107341499999999701e-02
0.000000000000000000e+00
-1.155189600000000073e-02
-1.036854700000000053e-02
-8.643765799999999708e-03
-6.691176099999999669e-03
-7.116621000000000058e-03
-1.282815200000000065e-02
-2.126798900000000103e-02
-2.762723900000000135e-02
-2.817365399999999936e-02
-2.733948099999999881e-02
-2.782623299999999883e-02
-2.821916899999999881e-02
-1.554394299999999930e-02
-3.074297499999999878e-03
-3.617914900000000159e-03
-7.849240699999999321e-03
-1.181989999999999950e-02
-1.464956799999999996e-02
-2.011251799999999937e-02
-2.029809299999999969e-02
-3.471005299999999766e-02
-4.263643200000000189e-03
-7.926060800000000670e-03
4.753718900000000400e-03
-6.868614299999999985e-03
-2.470685399999999945e-03
3.737273199999999792e-03
4.337370400000000251e-03
-1.227193400000000040e-03
-8.989090099999999528e-03
-1.519488700000000067e-02
-1.855289599999999928e-02
-2.028411600000000134e-02
-1.546201099999999946e-02
-1.592280199999999979e-02
0.000000000000000000e+00
-3.994097500000000009e-03
-5.105604399999999835e-03
-3.235716100000000060e-03
-4.606527699999999823e-03
-1.010147500000000038e-02
-1.356328099999999995e-02
-6.667649399999999588e-03
2.253011599999999847e-03
8.808996499999999230e-03
4.891825400000000173e-04
-9.075594100000000664e-03
-1.096901299999999968e-02
-3.522174400000000014e-03
-2.758913699999999795e-03
-1.142306499999999961e-02
-1.168101600000000066e-02
6.195034599999999642e-03
1.005068999999999928e-02
1.982171300000000122e-03
3.307636599999999854e-03
0.000000000000000000e+00
1.108833899999999914e-02
4.216393899999999794e-04
-3.575770399999999953e-03
-6.404234099999999569e-03
1.541214800000000008e-03
7.127351100000000120e-03
8.015332700000000685e-03
3.151081100000000055e-03
-3.102683699999999982e-03
-8.245371300000000139e-03
-1.181730200000000001e-02
-1.109616599999999932e-02
2.549196599999999872e-03
1.463837699999999929e-02
0.000000000000000000e+00
-7.512046199999999722e-03
-9.693503200000000083e-03
-1.125601000000000032e-02
-1.499707299999999965e-02
-1.509723699999999946e-02
-8.064405099999999785e-03
9.378909100000000845e-03
1.882713199999999990e-02
1.914341699999999938e-02
-1.001895100000000077e-03
-1.220720599999999996e-02
-9.056225399999999481e-03
-6.877053499999999896e-03
-1.058260400000000066e-02
-8.343157400000000487e-03
-1.925447700000000074e-03
3.047371299999999950e-02
3.667178699999999736e-02
1.374284899999999969e-02
0.000000000000000000e+00
0.000000000000000000e+00
4.407300099999999880e-03
2.567064700000000217e-03
1.433270099999999977e-03
1.482596699999999892e-03
8.317836599999999664e-03
1.266640999999999948e-02
1.260189999999999921e-02
7.837593599999999674e-03
1.242471399999999903e-03
-5.664038899999999585e-03
-9.490074600000000457e-03
-4.966425200000000074e-03
1.887613000000000138e-02
4.121346399999999827e-02
0.000000000000000000e+00
0.000000000000000000e+00
-7.276457899999999937e-03
-1.191978100000000082e-02
-1.211911700000000043e-02
-7.161070099999999883e-03
2.427326000000000050e-03
2.236821500000000032e-02
3.513530799999999704e-02
0.000000000000000000e+00
-4.991113900000000020e-03
-4.175329999999999667e-03
-1.982852099999999826e-03
-3.845174099999999848e-03
-4.897798400000000218e-03
6.845615000000000424e-04
1.156612400000000054e-02
5.786636500000000294e-02
7.590651499999999385e-02
0.000000000000000000e+00
0.000000000000000000e+00
0.000000000000000000e+00
5.578368900000000088e-03
6.848093599999999746e-03
7.323685100000000385e-03
9.678466199999999353e-03
1.555102700000000025e-02
1.865371099999999990e-02
1.667611499999999830e-02
1.042832500000000044e-02
7.707018500000000112e-04
-7.885441199999999179e-03
-9.127572199999999664e-03
1.000442100000000075e-03
3.358418500000000251e-02
5.958908100000000208e-02
0.000000000000000000e+00
0.000000000000000000e+00
-7.870785899999999807e-03
-1.411273099999999989e-02
-8.621813699999999678e-03
-1.951696999999999959e-04
1.359973199999999979e-02
4.570111300000000154e-02
6.265951699999999791e-02
0.000000000000000000e+00
5.943827300000000154e-03
8.296127400000000499e-03
4.504168400000000370e-03
4.480168600000000072e-04
-2.116849600000000143e-05
7.693903999999999674e-03
2.487589399999999909e-02
7.739283700000000599e-02
8.473806799999999972e-02
0.000000000000000000e+00
0.000000000000000000e+00
0.000000000000000000e+00
1.449062800000000019e-02
1.589789399999999922e-02
1.508938200000000014e-02
1.807999399999999854e-02
2.264521200000000137e-02
2.380839699999999851e-02
1.841924199999999887e-02
8.432010999999999673e-03
-4.047172100000000390e-03
-1.058710399999999996e-02
-6.322717000000000268e-03
9.904181600000000821e-03
4.389856799999999892e-02
4.389941599999999666e-02
0.000000000000000000e+00
0.000000000000000000e+00
-1.465798400000000064e-02
-2.005541300000000110e-02
-7.117704499999999608e-03
4.888783600000000049e-03
2.457594100000000045e-02
7.017112500000000086e-02
7.914352700000000518e-02
0.000000000000000000e+00
1.494068900000000005e-02
1.099365700000000043e-02
5.753444499999999656e-03
1.677629400000000062e-03
3.899178499999999842e-03
1.665513199999999958e-02
4.139990000000000336e-02
8.175849899999999837e-02
7.792873699999999793e-02
0.000000000000000000e+00
0.000000000000000000e+00
0.000000000000000000e+00
2.614666499999999949e-02
2.371641199999999922e-02
2.227329499999999851e-02
2.534857000000000082e-02
2.849866100000000152e-02
2.633481799999999942e-02
1.547705599999999945e-02
1.526035999999999929e-03
-1.021620900000000040e-02
-1.112734699999999924e-02
-3.252873999999999783e-04
2.058335799999999952e-02
5.032767700000000122e-02
3.998845799999999756e-02
0.000000000000000000e+00
0.000000000000000000e+00
0.000000000000000000e+00
-2.238474099999999967e-02
-3.633898699999999794e-03
1.183862500000000019e-02
3.764798500000000187e-02
8.725113399999999408e-02
0.000000000000000000e+00
0.000000000000000000e+00
1.610708799999999857e-02
1.132205099999999964e-02
5.556272600000000325e-03
3.879124500000000024e-03
1.259100600000000007e-02
3.168794899999999998e-02
5.750702700000000223e-02
7.547605000000000286e-02
4.510532700000000061e-02
0.000000000000000000e+00
0.000000000000000000e+00
0.000000000000000000e+00
3.593080900000000105e-02
2.795195199999999866e-02
2.705851399999999879e-02
2.989061000000000148e-02
3.132469999999999699e-02
2.406216599999999942e-02
7.920902199999999699e-03
-6.971950200000000264e-03
-1.381314600000000010e-02
-8.042542300000000283e-03
7.255729300000000360e-03
2.935013900000000078e-02
5.555257899999999777e-02
3.927089000000000274e-02
0.000000000000000000e+00
0.000000000000000000e+00
0.000000000000000000e+00
-1.589872200000000055e-02
2.878159800000000199e-03
2.143552699999999936e-02
4.935286600000000218e-02
8.233248399999999745e-02
0.000000000000000000e+00
0.000000000000000000e+00
0.000000000000000000e+00
2.231891199999999804e-03
8.072918899999999981e-03
7.934800299999999335e-03
2.241052699999999953e-02
4.353031899999999788e-02
6.384609600000000496e-02
6.656767399999999335e-02
3.485299299999999878e-02
0.000000000000000000e+00
0.000000000000000000e+00
3.631453400000000248e-02
3.525538699999999914e-02
2.925931999999999839e-02
2.818466199999999922e-02
2.879910200000000003e-02
2.496917499999999970e-02
1.236341999999999997e-02
-2.449006100000000134e-03
-9.574562300000000539e-03
-7.138906000000000418e-03
4.469241900000000406e-03
2.067756100000000055e-02
4.061091299999999849e-02
6.687559199999999759e-02
0.000000000000000000e+00
0.000000000000000000e+00
0.000000000000000000e+00
0.000000000000000000e+00
-2.174362899999999869e-03
1.592367500000000172e-02
3.569375699999999957e-02
5.859774699999999864e-02
6.906761999999999624e-02
0.000000000000000000e+00
0.000000000000000000e+00
0.000000000000000000e+00
3.556888199999999872e-03
1.263965000000000054e-02
1.307949800000000017e-02
3.148812399999999928e-02
5.302319999999999950e-02
6.713283800000000023e-02
5.750020599999999815e-02
3.354347099999999832e-02
0.000000000000000000e+00
0.000000000000000000e+00
4.311849400000000027e-02
3.310893799999999748e-02
2.362150099999999961e-02
1.806724300000000019e-02
1.471593499999999943e-02
8.736760399999999802e-03
2.246066300000000007e-04
-5.199567399999999694e-03
-2.604656600000000103e-03
6.785129200000000055e-03
2.171635599999999916e-02
3.723453399999999969e-02
5.394908400000000132e-02
6.125064599999999887e-02
0.000000000000000000e+00
0.000000000000000000e+00
0.000000000000000000e+00
0.000000000000000000e+00
1.123475699999999973e-02
2.949322600000000086e-02
4.633267600000000319e-02
6.036999400000000321e-02
5.703649699999999850e-02
0.000000000000000000e+00
0.000000000000000000e+00
0.000000000000000000e+00
1.218057600000000025e-03
1.618918899999999966e-02
2.008604400000000081e-02
3.908683000000000296e-02
5.758262799999999682e-02
6.655146900000000199e-02
4.835705500000000295e-02
0.000000000000000000e+00
1.554224400000000020e-02
2.672071000000000168e-02
4.928257700000000102e-02
3.142278999999999906e-02
9.354410699999999440e-03
4.636649699999999979e-04
-3.418051200000000144e-03
-6.244689700000000121e-03
-7.523700599999999690e-03
-5.330662699999999705e-03
2.746366399999999788e-03
1.654022399999999920e-02
3.349280699999999944e-02
4.697150399999999726e-02
5.738491899999999951e-02
5.464572499999999916e-02
0.000000000000000000e+00
0.000000000000000000e+00
0.000000000000000000e+00
0.000000000000000000e+00
2.663764600000000093e-02
3.834262499999999824e-02
5.119549100000000269e-02
5.674111500000000169e-02
4.418362700000000309e-02
0.000000000000000000e+00
0.000000000000000000e+00
0.000000000000000000e+00
4.647138399999999579e-03
1.817652800000000082e-02
2.582017299999999835e-02
4.157556200000000340e-02
5.364139799999999986e-02
5.196101599999999876e-02
4.563592300000000185e-02
0.000000000000000000e+00
1.355470800000000038e-02
2.067064399999999844e-02
1.060387999999999956e-02
1.088368399999999937e-02
-9.427235500000000559e-03
-1.689789800000000147e-02
-2.038839500000000013e-02
-2.170432900000000137e-02
-1.987803700000000118e-02
-1.277313799999999985e-02
1.643792300000000088e-04
1.720392100000000049e-02
3.490747899999999820e-02
4.676210499999999826e-02
4.927797999999999901e-02
3.810044900000000151e-02
0.000000000000000000e+00
0.000000000000000000e+00
0.000000000000000000e+00
0.000000000000000000e+00
3.369804199999999750e-02
3.974877300000000113e-02
4.949041800000000130e-02
4.922630299999999903e-02
2.962135299999999957e-02
0.000000000000000000e+00
0.000000000000000000e+00
0.000000000000000000e+00
9.273266200000000346e-05
1.209754799999999964e-02
2.409244899999999842e-02
3.580880200000000069e-02
4.364339999999999886e-02
3.635995200000000094e-02
0.000000000000000000e+00
0.000000000000000000e+00
1.304233999999999949e-02
1.135213099999999968e-02
1.083080500000000064e-02
3.023160700000000018e-04
-1.316753099999999968e-02
-1.761654199999999892e-02
-2.102330000000000171e-02
-2.314541999999999988e-02
-2.302625200000000052e-02
-1.765959300000000121e-02
-7.096766899999999885e-03
5.562196000000000154e-03
1.683159199999999939e-02
2.412129699999999988e-02
2.730803199999999945e-02
1.826419199999999854e-02
0.000000000000000000e+00
0.000000000000000000e+00
0.000000000000000000e+00
1.957919800000000173e-06
2.144479100000000124e-02
2.638074799999999900e-02
3.478384200000000231e-02
3.527935599999999783e-02
1.872533800000000109e-02
0.000000000000000000e+00
0.000000000000000000e+00
0.000000000000000000e+00
-8.169274199999999875e-03
-4.529500399999999809e-03
1.217201799999999973e-02
2.159454099999999835e-02
2.761494700000000080e-02
2.290653100000000081e-02
0.000000000000000000e+00
0.000000000000000000e+00
6.277890700000000185e-03
5.863531299999999837e-04
1.037530400000000012e-02
2.446334100000000129e-03
-1.227631700000000100e-03
-2.312787599999999947e-03
-3.473384099999999967e-03
-4.382490600000000375e-03
-3.999054900000000023e-03
-5.620444400000000184e-04
6.232019000000000100e-03
1.450191900000000027e-02
2.149171399999999857e-02
2.466231799999999905e-02
2.207423600000000055e-02
1.067768000000000016e-02
0.000000000000000000e+00
0.000000000000000000e+00
0.000000000000000000e+00
-3.352410299999999954e-02
1.057427499999999930e-02
1.948103299999999830e-02
2.562443199999999907e-02
2.384523499999999935e-02
9.309453299999999321e-03
0.000000000000000000e+00
0.000000000000000000e+00
0.000000000000000000e+00
-1.963737000000000121e-02
-1.735600799999999916e-02
2.678027800000000198e-03
1.177071399999999983e-02
1.771688800000000008e-02
1.328505800000000063e-02
0.000000000000000000e+00
0.000000000000000000e+00
3.740894099999999851e-03
3.065909199999999868e-04
4.774450000000000395e-03
-6.985689100000000472e-04
-8.689507900000000484e-04
7.465756199999999893e-04
3.176306500000000005e-03
5.216016700000000207e-03
7.922906400000000529e-03
1.362267999999999986e-02
2.214844100000000135e-02
3.169390899999999928e-02
3.749653399999999803e-02
3.258134599999999714e-02
1.575494399999999989e-02
4.900698900000000080e-04
0.000000000000000000e+00
0.000000000000000000e+00
0.000000000000000000e+00
-4.022286499999999654e-02
-7.769600899999999644e-03
8.064568100000000725e-03
1.727229599999999948e-02
2.009313999999999892e-02
9.411433500000000035e-03
0.000000000000000000e+00
0.000000000000000000e+00
0.000000000000000000e+00
-2.977020699999999992e-02
-2.721017599999999911e-02
-6.543696199999999956e-03
3.990836700000000015e-03
1.045368600000000023e-02
6.612895599999999915e-03
0.000000000000000000e+00
-4.102193300000000174e-03
1.023484100000000103e-03
-8.207611999999999981e-04
-6.994915699999999792e-03
-1.670007999999999909e-02
-2.263855700000000012e-02
-2.672357900000000078e-02
-2.774307900000000035e-02
-2.521789099999999922e-02
-1.958096000000000142e-02
-1.021378799999999969e-02
2.080172800000000197e-03
1.575064300000000167e-02
2.194672500000000026e-02
1.170448500000000058e-02
-3.158887799999999819e-03
-9.901683600000000737e-03
0.000000000000000000e+00
0.000000000000000000e+00
-6.022899500000000045e-02
-4.898239499999999802e-02
-3.934986099999999987e-02
-1.891506100000000037e-02
2.911990000000000151e-03
0.000000000000000000e+00
0.000000000000000000e+00
0.000000000000000000e+00
0.000000000000000000e+00
0.000000000000000000e+00
0.000000000000000000e+00
-3.517402199999999923e-02
-2.096556899999999987e-02
-2.156165800000000091e-03
1.195851300000000048e-02
3.431203199999999925e-03
0.000000000000000000e+00
5.594665999999999875e-04
8.932899200000000289e-04
6.271389399999999963e-05
-9.413471399999999781e-03
-2.168648700000000082e-02
-3.259684899999999719e-02
-4.302822800000000170e-02
-5.198151200000000055e-02
-5.720771100000000137e-02
-5.845889399999999736e-02
-5.411551099999999809e-02
-4.291955399999999865e-02
-2.436875200000000047e-02
-3.373324899999999901e-03
-1.857234199999999993e-03
-1.210085600000000011e-02
-1.350844600000000034e-02
0.000000000000000000e+00
0.000000000000000000e+00
-4.010592100000000271e-02
-5.336101399999999828e-02
-5.708524999999999711e-02
-4.560912000000000299e-02
-1.071111999999999932e-02
0.000000000000000000e+00
0.000000000000000000e+00
0.000000000000000000e+00
0.000000000000000000e+00
0.000000000000000000e+00
0.000000000000000000e+00
-2.264646199999999915e-02
-3.088610199999999861e-02
-1.651609299999999905e-02
2.892774799999999966e-02
1.465360100000000047e-02
0.000000000000000000e+00
-1.802940399999999974e-03
5.293614800000000361e-04
1.952560500000000056e-03
-2.792604299999999849e-03
-1.245128700000000012e-02
-2.257769399999999885e-02
-3.267633899999999869e-02
-4.217166800000000243e-02
-5.043163500000000243e-02
-5.826610299999999965e-02
-6.355295299999999536e-02
-6.351206500000000643e-02
-5.416879799999999717e-02
-2.472807700000000108e-02
-2.900333599999999935e-03
-1.786091399999999857e-02
0.000000000000000000e+00
-6.604617299999999795e-03
-1.040666099999999934e-02
-3.565404199999999690e-02
-5.075444700000000114e-02
-6.318973699999999583e-02
-7.037617300000000020e-02
-6.247075600000000228e-02
0.000000000000000000e+00
0.000000000000000000e+00
0.000000000000000000e+00
0.000000000000000000e+00
0.000000000000000000e+00
0.000000000000000000e+00
-1.187424599999999976e-02
-3.311390399999999956e-02
-2.839626799999999882e-02
3.606292600000000209e-02
2.302105700000000102e-02
0.000000000000000000e+00
-2.041846400000000075e-02
-1.100765499999999987e-02
-4.866319099999999627e-03
-1.278131299999999944e-03
-5.005843000000000272e-03
-1.215599499999999930e-02
-2.044904399999999955e-02
-2.781973399999999874e-02
-3.392090200000000277e-02
-4.157037699999999864e-02
-5.182205899999999671e-02
-6.191433200000000248e-02
-6.539871499999999616e-02
-4.224661400000000178e-02
-6.018564799999999958e-03
0.000000000000000000e+00
-7.446149200000000065e-03
-1.140555599999999899e-03
-7.559302500000000119e-03
-2.412448999999999844e-02
-4.200097400000000342e-02
-6.317132000000000303e-02
-8.847557799999999917e-02
-8.845466400000000229e-02
0.000000000000000000e+00
0.000000000000000000e+00
0.000000000000000000e+00
0.000000000000000000e+00
0.000000000000000000e+00
0.000000000000000000e+00
-1.846915100000000006e-03
-2.720688099999999873e-02
0.000000000000000000e+00
3.964800400000000058e-02
2.683259899999999865e-02
0.000000000000000000e+00
-4.236726700000000012e-02
-2.774671700000000060e-02
-1.603652499999999939e-02
-7.492702500000000126e-03
-5.192608599999999804e-03
-8.629784899999999592e-03
-1.519667300000000082e-02
-2.126237799999999845e-02
-2.414558099999999929e-02
-2.774711700000000170e-02
-3.697639700000000113e-02
-5.032851900000000211e-02
-6.079989999999999700e-02
-4.952126700000000076e-02
0.000000000000000000e+00
0.000000000000000000e+00
-2.010562100000000060e-03
2.422089299999999931e-04
5.294907199999999807e-03
-7.890502900000000500e-03
-2.735061399999999879e-02
-5.474170700000000056e-02
-9.436348099999999905e-02
-1.031840700000000027e-01
0.000000000000000000e+00
0.000000000000000000e+00
0.000000000000000000e+00
0.000000000000000000e+00
0.000000000000000000e+00
0.000000000000000000e+00
0.000000000000000000e+00
-1.136028000000000038e-02
0.000000000000000000e+00
0.000000000000000000e+00
0.000000000000000000e+00
0.000000000000000000e+00
0.000000000000000000e+00
-5.155199399999999682e-02
-2.124028500000000111e-02
-1.223248700000000022e-02
-6.367433799999999873e-03
-5.510425200000000287e-03
-9.300710599999999564e-03
-1.524438499999999919e-02
-1.796808500000000169e-02
-1.931250300000000170e-02
-2.631613099999999955e-02
-4.131066099999999852e-02
-5.656293800000000010e-02
-4.960897899999999749e-02
0.000000000000000000e+00
-2.415438400000000096e-02
-1.653206299999999962e-02
1.132700799999999952e-02
1.656529500000000071e-02
6.027984400000000256e-03
-1.089732499999999937e-02
-3.777884699999999735e-02
-8.297576800000000530e-02
-1.011356100000000008e-01
0.000000000000000000e+00
0.000000000000000000e+00
0.000000000000000000e+00
0.000000000000000000e+00
0.000000000000000000e+00
0.000000000000000000e+00
0.000000000000000000e+00
-4.217845999999999922e-03
0.000000000000000000e+00
0.000000000000000000e+00
0.000000000000000000e+00
0.000000000000000000e+00
0.000000000000000000e+00
-7.666934999999999722e-02
-2.873267599999999866e-02
-1.335768700000000003e-02
-6.695927299999999624e-03
-1.933007899999999914e-03
-1.187590000000000087e-03
-5.294274399999999992e-03
-9.390454600000000540e-03
-1.102179300000000021e-02
-1.665555499999999897e-02
-3.368467800000000262e-02
-5.618176700000000051e-02
-4.934767400000000109e-02
0.000000000000000000e+00
-2.601695700000000028e-02
-2.381668699999999958e-02
-8.033380899999999778e-04
1.987418499999999907e-02
1.689526599999999906e-02
2.727222799999999905e-03
-2.083946500000000146e-02
-5.927526999999999796e-02
-8.762178399999999423e-02
0.000000000000000000e+00
0.000000000000000000e+00
0.000000000000000000e+00
0.000000000000000000e+00
0.000000000000000000e+00
0.000000000000000000e+00
0.000000000000000000e+00
0.000000000000000000e+00
0.000000000000000000e+00
0.000000000000000000e+00
0.000000000000000000e+00
0.000000000000000000e+00
0.000000000000000000e+00
-8.272657999999999401e-02
-5.208137300000000025e-02
-1.898146800000000134e-02
-8.528241900000000514e-03
-5.045483699999999799e-05
4.758630899999999678e-03
4.553950900000000059e-03
5.295696899999999784e-04
-3.005981899999999891e-03
-9.219368000000000354e-03
-2.777718200000000096e-02
-5.681018499999999916e-02
-4.528007399999999655e-02
0.000000000000000000e+00
0.000000000000000000e+00
0.000000000000000000e+00
-2.276663099999999898e-02
1.349239500000000078e-02
2.132594000000000156e-02
8.954284700000000527e-03
-1.439028699999999987e-02
-4.494153699999999668e-02
-7.197847100000000220e-02
0.000000000000000000e+00
0.000000000000000000e+00
0.000000000000000000e+00
0.000000000000000000e+00
0.000000000000000000e+00
0.000000000000000000e+00
0.000000000000000000e+00
0.000000000000000000e+00
0.000000000000000000e+00
0.000000000000000000e+00
0.000000000000000000e+00
0.000000000000000000e+00
0.000000000000000000e+00
0.000000000000000000e+00
-6.796850000000000114e-02
-3.467421500000000129e-02
-2.096761600000000142e-02
-5.795266900000000179e-03
5.149397099999999602e-03
1.143977000000000015e-02
1.170041200000000031e-02
8.029427400000000575e-03
-3.066840299999999816e-04
-2.074666899999999883e-02
-5.299582399999999693e-02
0.000000000000000000e+00
0.000000000000000000e+00
0.000000000000000000e+00
0.000000000000000000e+00
-4.115247899999999875e-02
-7.057273799999999597e-03
1.667025499999999841e-02
1.366425299999999947e-02
-9.385061499999999834e-03
-4.170174199999999998e-02
-6.337830399999999642e-02
0.000000000000000000e+00
0.000000000000000000e+00
-1.762666699999999864e-02
-1.500116200000000018e-02
-5.380071200000000227e-03
0.000000000000000000e+00
0.000000000000000000e+00
0.000000000000000000e+00
0.000000000000000000e+00
0.000000000000000000e+00
0.000000000000000000e+00
0.000000000000000000e+00
0.000000000000000000e+00
0.000000000000000000e+00
-4.605362899999999871e-02
-5.242924100000000143e-02
-3.372498599999999846e-02
-1.120569100000000026e-02
4.037006299999999770e-03
1.483238500000000001e-02
1.890224899999999944e-02
1.792903399999999994e-02
1.009814600000000055e-02
-1.011240000000000056e-02
-3.748117900000000335e-02
0.000000000000000000e+00
0.000000000000000000e+00
0.000000000000000000e+00
0.000000000000000000e+00
-7.336468899999999682e-02
-4.321598599999999790e-02
-4.866384399999999777e-03
1.026913200000000026e-02
-2.279278599999999804e-03
-3.243466099999999658e-02
-5.813636999999999971e-02
0.000000000000000000e+00
-2.054081699999999941e-02
-1.525575499999999932e-02
0.000000000000000000e+00
0.000000000000000000e+00
0.000000000000000000e+00
0.000000000000000000e+00
0.000000000000000000e+00
0.000000000000000000e+00
0.000000000000000000e+00
0.000000000000000000e+00
0.000000000000000000e+00
0.000000000000000000e+00
0.000000000000000000e+00
-3.027208600000000013e-02
-4.189785299999999879e-02
-2.143875099999999895e-02
-1.435223000000000011e-03
1.048568400000000032e-02
1.836862599999999901e-02
2.231815499999999924e-02
2.324194499999999997e-02
1.995734099999999997e-02
7.424309399999999733e-03
-2.533488899999999846e-03
0.000000000000000000e+00
0.000000000000000000e+00
0.000000000000000000e+00
0.000000000000000000e+00
0.000000000000000000e+00
-5.858666800000000147e-02
-1.846393899999999866e-02
-5.573626800000000417e-04
3.758843500000000164e-03
-1.537371099999999997e-02
-4.280277700000000018e-02
0.000000000000000000e+00
0.000000000000000000e+00
0.000000000000000000e+00
0.000000000000000000e+00
0.000000000000000000e+00
0.000000000000000000e+00
0.000000000000000000e+00
0.000000000000000000e+00
0.000000000000000000e+00
0.000000000000000000e+00
0.000000000000000000e+00
0.000000000000000000e+00
0.000000000000000000e+00
0.000000000000000000e+00
0.000000000000000000e+00
-4.090247600000000011e-02
-2.228059799999999868e-02
-7.110603200000000131e-03
4.592466199999999978e-03
1.210009400000000047e-02
1.612099399999999960e-02
2.065829900000000149e-02
2.489359099999999964e-02
2.814335399999999890e-02
4.149360800000000127e-02
0.000000000000000000e+00
0.000000000000000000e+00
0.000000000000000000e+00
0.000000000000000000e+00
0.000000000000000000e+00
0.000000000000000000e+00
-5.769467600000000029e-02
-2.368687599999999907e-02
1.143652900000000083e-02
2.664685700000000209e-03
-1.496177899999999970e-02
5.311419699999999754e-04
0.000000000000000000e+00
0.000000000000000000e+00
0.000000000000000000e+00
0.000000000000000000e+00
0.000000000000000000e+00
0.000000000000000000e+00
0.000000000000000000e+00
0.000000000000000000e+00
0.000000000000000000e+00
0.000000000000000000e+00
0.000000000000000000e+00
0.000000000000000000e+00
0.000000000000000000e+00
0.000000000000000000e+00
-4.571545099999999723e-02
-2.207058199999999831e-02
-2.822721200000000152e-02
-1.850435300000000116e-02
-1.255142400000000026e-02
-1.559503399999999981e-03
9.837765000000000051e-03
2.699192300000000100e-02
5.691811599999999777e-02
0.000000000000000000e+00
0.000000000000000000e+00
0.000000000000000000e+00
0.000000000000000000e+00
0.000000000000000000e+00
0.000000000000000000e+00
0.000000000000000000e+00
-1.093788599999999944e-01
-4.753790399999999888e-02
8.708798199999999434e-03
1.422859100000000050e-02
4.634111899999999659e-03
0.000000000000000000e+00
0.000000000000000000e+00
0.000000000000000000e+00
0.000000000000000000e+00
0.000000000000000000e+00
0.000000000000000000e+00
0.000000000000000000e+00
0.000000000000000000e+00
0.000000000000000000e+00
0.000000000000000000e+00
0.000000000000000000e+00
0.000000000000000000e+00
0.000000000000000000e+00
0.000000000000000000e+00
0.000000000000000000e+00
0.000000000000000000e+00
0.000000000000000000e+00
-4.926823999999999787e-02
-4.733704799999999963e-02
-4.859474300000000274e-02
-1.741061699999999976e-02
-2.241024999999999788e-03
3.140626500000000265e-02
0.000000000000000000e+00
0.000000000000000000e+00
0.000000000000000000e+00
0.000000000000000000e+00
0.000000000000000000e+00
0.000000000000000000e+00
0.000000000000000000e+00
0.000000000000000000e+00
-7.146574299999999824e-02
-8.312026899999999663e-02
-3.379764400000000169e-02
9.819423799999999272e-03
3.018775500000000014e-02
8.658827800000000463e-02
0.000000000000000000e+00
0.000000000000000000e+00
0.000000000000000000e+00
0.000000000000000000e+00
0.000000000000000000e+00
0.000000000000000000e+00
0.000000000000000000e+00
0.000000000000000000e+00
0.000000000000000000e+00
0.000000000000000000e+00
0.000000000000000000e+00
0.000000000000000000e+00
0.000000000000000000e+00
0.000000000000000000e+00
0.000000000000000000e+00
0.000000000000000000e+00
0.000000000000000000e+00
0.000000000000000000e+00
0.000000000000000000e+00
-6.120188000000000017e-02
0.000000000000000000e+00
0.000000000000000000e+00
0.000000000000000000e+00
0.000000000000000000e+00
0.000000000000000000e+00
0.000000000000000000e+00
0.000000000000000000e+00
0.000000000000000000e+00
0.000000000000000000e+00
-1.479082499999999911e-01
-5.395247699999999869e-02
0.000000000000000000e+00
0.000000000000000000e+00
-6.780166899999999497e-02
-2.404608299999999935e-02
1.291180700000000084e-02
1.038851499999999956e-01
7.654988599999999754e-02
0.000000000000000000e+00
0.000000000000000000e+00
0.000000000000000000e+00
0.000000000000000000e+00
0.000000000000000000e+00
0.000000000000000000e+00
0.000000000000000000e+00
0.000000000000000000e+00
0.000000000000000000e+00
-1.271675599999999920e-02
-2.049691399999999889e-03
5.184321300000000084e-04
-3.832093700000000196e-03
-9.574060100000000156e-03
-1.276472799999999949e-02
-1.738278999999999866e-02
-2.800963799999999990e-02
-5.107010299999999864e-02
-6.136734100000000060e-03
-1.904723599999999864e-02
-1.981953100000000134e-02
4.748808299999999864e-03
4.050768099999999677e-02
3.343633000000000022e-02
1.052304499999999997e-02
0.000000000000000000e+00
-2.310106799999999891e-02
-3.727574699999999797e-02
0.000000000000000000e+00
0.000000000000000000e+00
0.000000000000000000e+00
0.000000000000000000e+00
-9.308878099999999545e-02
-5.900267499999999748e-02
-1.314306099999999929e-02
3.830574400000000268e-02
4.434722900000000190e-02
-1.505079899999999969e-03
-4.554418899999999881e-02
-8.696617900000000456e-02
-1.064979499999999940e-01
-5.193944300000000180e-02
-2.723265500000000144e-02
0.000000000000000000e+00
