0.000000000000000000e+00
0.000000000000000000e+00
0.000000000000000000e+00
0.000000000000000000e+00
0.000000000000000000e+00
0.000000000000000000e+00
0.000000000000000000e+00
0.000000000000000000e+00
0.000000000000000000e+00
0.000000000000000000e+00
0.000000000000000000e+00
0.000000000000000000e+00
0.000000000000000000e+00
0.000000000000000000e+00
0.000000000000000000e+00
0.000000000000000000e+00
0.000000000000000000e+00
0.000000000000000000e+00
0.000000000000000000e+00
0.000000000000000000e+00
0.000000000000000000e+00
0.000000000000000000e+00
0.000000000000000000e+00
0.000000000000000000e+00
0.000000000000000000e+00
0.000000000000000000e+00
0.000000000000000000e+00
0.000000000000000000e+00
0.000000000000000000e+00
0.000000000000000000e+00
0.000000000000000000e+00
0.000000000000000000e+00
0.000000000000000000e+00
0.000000000000000000e+00
0.000000000000000000e+00
0.000000000000000000e+00
0.000000000000000000e+00
4.340891000000000194e-02
2.233924199999999874e-02
3.940845600000000143e-02
5.059918100000000002e-02
3.569944800000000168e-02
3.320565100000000269e-02
1.252370600000000077e-02
-4.126372300000000215e-03
-4.151823899999999672e-03
1.332314599999999904e-04
4.492425399999999680e-03
5.849365599999999804e-03
8.431048499999999751e-04
-8.091074400000000319e-03
-1.550442699999999945e-02
-2.320870900000000098e-02
-4.889415600000000112e-02
-6.911110199999999371e-02
5.868066100000000201e-02
4.820922799999999980e-02
2.014873699999999990e-02
2.139641700000000091e-02
2.098480800000000063e-02
2.615399699999999827e-02
2.576101600000000116e-02
2.387364999999999973e-02
1.635247500000000173e-02
3.176321399999999882e-03
-2.426319099999999993e-02
1.343610100000000064e-02
7.644856099999999821e-02
4.058200399999999791e-02
-2.170233299999999813e-03
2.021568600000000007e-02
0.000000000000000000e+00
3.033987499999999879e-03
-9.198581799999999351e-03
-2.831933299999999862e-02
-4.432172699999999826e-02
-5.305145299999999842e-02
-5.595807399999999654e-02
-5.422675600000000096e-02
-4.728155600000000236e-02
-3.383266199999999946e-02
-1.919701500000000130e-02
-7.353810599999999892e-03
-1.039738799999999960e-03
-1.767972800000000089e-03
-8.128724999999999840e-03
-1.776266799999999882e-02
-2.847240700000000166e-02
-3.940127400000000002e-02
-4.969734700000000283e-02
-5.707075600000000026e-02
-1.160671800000000024e-02
1.290085399999999979e-03
4.796459799999999718e-03
1.254335900000000045e-02
1.416236000000000057e-02
1.240010300000000086e-02
5.060874899999999801e-03
-5.166033300000000099e-03
-1.710463499999999998e-02
-2.472154999999999839e-02
-2.707046999999999926e-02
-1.766690400000000064e-02
-3.986231100000000270e-03
1.600826700000000094e-03
1.070119700000000040e-03
5.209303000000000197e-03
5.362021300000000337e-03
-2.438642800000000166e-02
-3.860572699999999940e-02
-5.570927999999999991e-02
-6.836738400000000326e-02
-6.567255399999999410e-02
-5.612098100000000034e-02
-4.553045700000000334e-02
-3.881332700000000163e-02
-2.303445700000000124e-02
-8.107228200000000246e-03
1.798399000000000005e-03
5.070582500000000298e-03
-3.282775900000000019e-04
-1.061564000000000084e-02
-2.138290600000000014e-02
-3.206194899999999931e-02
-4.141499800000000148e-02
-6.827102599999999855e-02
-1.050472800000000068e-01
-1.225307900000000005e-02
-1.693433899999999964e-02
-1.203858600000000043e-02
-4.135945799999999652e-03
-4.592956500000000206e-03
-1.210567499999999977e-02
-2.095675099999999916e-02
-3.133674699999999813e-02
-4.346967100000000139e-02
-4.952377799999999747e-02
-4.923535899999999937e-02
-4.217816499999999663e-02
-3.102656100000000111e-02
-1.338655799999999979e-02
-1.459253400000000075e-02
-9.110876400000000527e-03
-1.266486500000000084e-02
-2.169951599999999856e-02
-3.543879099999999727e-02
-4.972970100000000115e-02
-5.152796199999999660e-02
-3.974161300000000202e-02
-3.463440000000000268e-02
-2.564502800000000027e-02
-1.102235799999999946e-02
-2.199614900000000216e-03
5.847753500000000410e-03
1.055226299999999923e-02
7.911468899999999499e-03
-1.419542100000000017e-03
-1.300368600000000041e-02
-2.245982399999999976e-02
-2.901573899999999873e-02
-3.477384199999999925e-02
-6.247708600000000112e-02
4.130575299999999714e-03
0.000000000000000000e+00
-1.791767199999999907e-02
-1.315750599999999937e-02
-9.459201199999999615e-03
-8.801997599999999977e-03
-1.370366599999999976e-02
-2.215387099999999859e-02
-3.281652599999999864e-02
-4.211314000000000030e-02
-4.303070900000000032e-02
-4.134850600000000015e-02
-3.920742499999999714e-02
-2.972236799999999901e-02
-1.081007600000000006e-02
-1.487672900000000086e-03
-9.278748800000000347e-04
-8.970039900000000704e-03
-1.825207800000000144e-02
-2.624179000000000095e-02
-3.285746099999999753e-02
-3.497548600000000008e-02
-2.889482999999999982e-02
-1.481877600000000052e-02
-3.436937000000000152e-03
7.877973800000000193e-04
-1.211960599999999978e-03
3.984100899999999841e-03
6.450770699999999573e-03
2.652400599999999841e-03
-5.922913400000000272e-03
-1.434959599999999919e-02
-1.998189800000000141e-02
-2.382047199999999879e-02
-2.502672099999999830e-02
-2.601843100000000159e-02
0.000000000000000000e+00
0.000000000000000000e+00
-5.165436100000000280e-03
-5.745347500000000211e-03
-4.791025200000000039e-03
-4.499947500000000405e-03
-9.361233199999999255e-03
-1.424740799999999960e-02
-1.414020000000000034e-02
-1.175890999999999915e-02
-9.858016199999999896e-03
-1.393215499999999989e-02
-1.844221600000000086e-02
-1.476269699999999997e-02
-4.927107400000000151e-03
-4.810248799999999880e-03
-1.066030700000000081e-02
-1.279665800000000069e-02
-3.433704399999999799e-03
-6.244910900000000091e-03
-9.398748199999999373e-03
-1.163833199999999950e-02
-2.385768600000000121e-03
1.534605500000000037e-03
-4.725132600000000148e-03
-1.109492699999999922e-02
-5.759435700000000054e-03
1.816665999999999984e-03
5.787077800000000119e-03
3.752503099999999949e-03
-3.119008099999999971e-03
-9.347574799999999393e-03
-1.335427200000000036e-02
-1.608016300000000148e-02
-1.304925600000000040e-02
-2.164785800000000072e-03
0.000000000000000000e+00
0.000000000000000000e+00
-8.400865800000000688e-03
-6.390998099999999765e-03
-8.003639099999999493e-03
-1.293573800000000044e-02
-1.504548600000000028e-02
-5.463110699999999993e-03
1.018072800000000000e-02
1.989176299999999981e-02
1.517021200000000063e-02
-3.971408600000000261e-03
-1.007581400000000064e-02
-5.668809599999999685e-03
-3.792424899999999842e-03
-1.090697799999999947e-02
-1.019480499999999949e-02
-6.343224100000000205e-03
2.464552399999999852e-02
1.064003699999999976e-02
1.043506500000000031e-02
2.415640699999999953e-03
0.000000000000000000e+00
3.394396500000000216e-03
1.872348200000000093e-03
-4.132847499999999993e-03
1.450492799999999896e-03
8.204620299999999811e-03
1.091221399999999994e-02
8.808592299999999306e-03
2.509865699999999818e-03
-3.239302299999999996e-03
-8.467077300000000473e-03
-9.832155000000000408e-03
-1.225684600000000093e-03
2.436353999999999950e-02
0.000000000000000000e+00
0.000000000000000000e+00
-7.485380300000000348e-03
-1.058873700000000084e-02
-1.371542599999999931e-02
-1.323286499999999991e-02
-7.704936400000000039e-03
4.733291399999999850e-03
2.184250199999999975e-02
1.313150199999999976e-02
5.856113300000000133e-03
-1.144825000000000009e-02
-8.452123000000000622e-03
-5.848640799999999841e-03
-8.189389499999999780e-03
-6.368083899999999950e-03
5.724057500000000447e-04
1.064831999999999931e-02
5.551878600000000052e-02
0.000000000000000000e+00
1.969094000000000053e-02
0.000000000000000000e+00
0.000000000000000000e+00
3.166796400000000070e-03
4.556713199999999631e-03
3.208029800000000101e-03
8.125141299999999456e-03
1.385003899999999975e-02
1.554789699999999976e-02
1.255021199999999983e-02
5.670546099999999867e-03
-2.315365199999999853e-03
-8.744765099999999430e-03
-7.380853399999999856e-03
7.613828399999999705e-03
4.368576400000000193e-02
0.000000000000000000e+00
0.000000000000000000e+00
0.000000000000000000e+00
-9.899519400000000857e-03
-1.204865999999999923e-02
-7.469035199999999805e-03
1.156803199999999936e-03
1.778993900000000114e-02
4.732974599999999893e-02
0.000000000000000000e+00
0.000000000000000000e+00
3.230097600000000229e-04
2.071042999999999842e-03
6.818178799999999882e-04
-2.692328800000000182e-03
1.929929700000000117e-04
9.943253399999999256e-03
2.688853100000000024e-02
8.280794800000000622e-02
0.000000000000000000e+00
0.000000000000000000e+00
0.000000000000000000e+00
0.000000000000000000e+00
1.088934400000000045e-02
1.192266800000000085e-02
1.238681200000000052e-02
1.718240999999999866e-02
2.140187699999999971e-02
2.074766499999999847e-02
1.484131799999999918e-02
3.993901900000000095e-03
-6.520893899999999702e-03
-1.035096599999999964e-02
-2.624041399999999837e-03
1.972861399999999849e-02
5.709837400000000035e-02
1.752326699999999862e-02
0.000000000000000000e+00
0.000000000000000000e+00
-1.553751500000000001e-02
-1.309427800000000086e-02
-2.973132299999999961e-03
9.935988099999999365e-03
3.653696900000000247e-02
6.916283500000000584e-02
0.000000000000000000e+00
0.000000000000000000e+00
1.385954799999999931e-02
6.219217400000000111e-03
3.872794100000000184e-03
3.692358200000000145e-04
5.842769999999999735e-03
2.126219700000000004e-02
5.010804199999999847e-02
8.648430299999999848e-02
0.000000000000000000e+00
0.000000000000000000e+00
0.000000000000000000e+00
0.000000000000000000e+00
2.059940199999999930e-02
1.889267199999999924e-02
1.975419399999999923e-02
2.385951199999999939e-02
2.627893900000000116e-02
2.244121199999999858e-02
1.249424499999999931e-02
-1.409706900000000027e-03
-1.033939499999999949e-02
-9.191419899999999157e-03
4.425600200000000088e-03
2.973715199999999934e-02
5.572617099999999796e-02
2.128981099999999876e-02
0.000000000000000000e+00
0.000000000000000000e+00
-2.323908900000000097e-02
-1.400873099999999996e-02
2.356111699999999894e-04
1.746612800000000090e-02
5.334545300000000101e-02
9.380389499999999825e-02
0.000000000000000000e+00
0.000000000000000000e+00
1.827060399999999932e-02
4.618549300000000107e-03
4.349538600000000220e-03
3.123570500000000163e-03
1.447757499999999947e-02
3.529790000000000011e-02
6.598991199999999779e-02
7.610550200000000542e-02
2.901289500000000035e-02
0.000000000000000000e+00
0.000000000000000000e+00
0.000000000000000000e+00
2.879968499999999848e-02
2.473527799999999943e-02
2.614717000000000083e-02
2.950748799999999838e-02
2.931641399999999897e-02
1.974056999999999895e-02
4.917965699999999642e-03
-9.195092099999999796e-03
-1.286271299999999958e-02
-5.010963400000000359e-03
1.373546599999999999e-02
3.970293700000000064e-02
5.389135300000000295e-02
2.191546700000000097e-02
0.000000000000000000e+00
0.000000000000000000e+00
0.000000000000000000e+00
-1.019435200000000027e-02
6.699368800000000089e-03
2.859968300000000074e-02
6.728078399999999626e-02
9.044215399999999683e-02
0.000000000000000000e+00
0.000000000000000000e+00
1.072430700000000063e-02
6.125952500000000217e-03
5.854922299999999920e-03
9.683956400000000644e-03
2.788726399999999842e-02
4.993028599999999734e-02
7.251875800000000261e-02
5.924651000000000223e-02
2.651942300000000030e-02
0.000000000000000000e+00
0.000000000000000000e+00
3.893725199999999859e-02
3.215565499999999827e-02
2.832877099999999912e-02
2.960142500000000065e-02
3.108210299999999982e-02
2.525189300000000095e-02
1.038817099999999986e-02
-4.684863600000000253e-03
-1.250176100000000012e-02
-8.414197700000000668e-03
4.359647200000000417e-03
2.405490399999999848e-02
4.876356200000000335e-02
5.762407900000000166e-02
0.000000000000000000e+00
0.000000000000000000e+00
0.000000000000000000e+00
0.000000000000000000e+00
-6.336350899999999798e-04
1.801877799999999918e-02
4.146902300000000069e-02
7.051365099999999664e-02
6.955075900000000366e-02
0.000000000000000000e+00
0.000000000000000000e+00
0.000000000000000000e+00
1.152998000000000044e-02
8.954135699999999157e-03
1.726000199999999998e-02
3.885906900000000302e-02
5.819749800000000028e-02
7.032661099999999721e-02
5.249059200000000258e-02
2.331006099999999998e-02
0.000000000000000000e+00
0.000000000000000000e+00
3.453092299999999809e-02
3.045097199999999976e-02
2.625805100000000100e-02
2.481575100000000048e-02
2.222956699999999869e-02
1.252983099999999995e-02
2.760229699999999808e-04
-6.580096700000000361e-03
-4.533557199999999759e-03
5.336439699999999918e-03
1.993859400000000046e-02
3.788547600000000126e-02
5.944206900000000016e-02
6.547806899999999986e-02
0.000000000000000000e+00
0.000000000000000000e+00
0.000000000000000000e+00
0.000000000000000000e+00
1.211543399999999958e-02
3.107757499999999964e-02
5.127926199999999907e-02
6.744796000000000125e-02
5.548306699999999703e-02
0.000000000000000000e+00
0.000000000000000000e+00
0.000000000000000000e+00
1.658140099999999909e-02
1.262913300000000072e-02
2.423934100000000105e-02
4.685345999999999955e-02
6.443797800000000686e-02
7.046736000000000666e-02
4.289951499999999918e-02
2.096256200000000056e-02
0.000000000000000000e+00
0.000000000000000000e+00
4.484563700000000069e-02
2.318634099999999920e-02
1.250824399999999996e-02
7.223546499999999697e-03
3.254832899999999911e-03
-1.934470100000000017e-03
-5.260907599999999767e-03
-3.454759700000000194e-03
5.693628499999999794e-03
1.990496199999999827e-02
3.530482900000000285e-02
5.011925799999999986e-02
6.224258600000000252e-02
4.431873299999999904e-02
0.000000000000000000e+00
0.000000000000000000e+00
0.000000000000000000e+00
0.000000000000000000e+00
2.615699299999999991e-02
4.216771200000000303e-02
5.539199699999999837e-02
5.926866499999999816e-02
4.120268800000000120e-02
0.000000000000000000e+00
0.000000000000000000e+00
0.000000000000000000e+00
1.374744800000000065e-02
1.820265700000000056e-02
3.156641500000000045e-02
4.975681800000000127e-02
5.964519800000000344e-02
5.459702000000000305e-02
5.806032500000000290e-02
0.000000000000000000e+00
1.697118200000000132e-02
3.366312099999999724e-02
3.194737799999999850e-02
7.308613999999999736e-03
-7.002119900000000098e-03
-1.197954499999999943e-02
-1.442549800000000014e-02
-1.467750800000000057e-02
-1.158259700000000003e-02
-3.750300499999999985e-03
1.070000400000000081e-02
2.788218699999999925e-02
4.320941100000000312e-02
5.280105400000000004e-02
5.303148600000000268e-02
4.301094300000000287e-02
0.000000000000000000e+00
0.000000000000000000e+00
0.000000000000000000e+00
0.000000000000000000e+00
3.466594199999999820e-02
4.679869100000000337e-02
5.351950999999999931e-02
4.828225099999999825e-02
2.594647699999999904e-02
0.000000000000000000e+00
0.000000000000000000e+00
0.000000000000000000e+00
1.025468400000000002e-02
2.048437700000000153e-02
3.247777699999999934e-02
4.569122899999999987e-02
4.818126600000000037e-02
3.804947000000000190e-02
4.810082799999999825e-02
0.000000000000000000e+00
1.549204300000000048e-02
0.000000000000000000e+00
1.076715999999999958e-02
-7.503274800000000154e-03
-1.776601400000000011e-02
-2.218574499999999977e-02
-2.505319799999999875e-02
-2.575012900000000007e-02
-2.214508100000000049e-02
-1.252205300000000000e-02
2.970866400000000095e-03
1.857520600000000036e-02
3.138317200000000085e-02
3.857870000000000049e-02
3.391893199999999886e-02
2.149708599999999858e-02
0.000000000000000000e+00
0.000000000000000000e+00
0.000000000000000000e+00
0.000000000000000000e+00
3.158947399999999933e-02
3.929349800000000309e-02
4.446414499999999659e-02
3.571116900000000094e-02
1.705929999999999946e-02
0.000000000000000000e+00
0.000000000000000000e+00
0.000000000000000000e+00
-3.358785999999999890e-03
1.265212400000000070e-02
2.369153099999999831e-02
3.383591799999999955e-02
3.383870800000000206e-02
2.837297999999999903e-02
0.000000000000000000e+00
0.000000000000000000e+00
6.883606900000000320e-03
7.462764600000000408e-03
8.815134599999999848e-03
-5.993302699999999636e-03
-9.996037699999999956e-03
-1.263700000000000066e-02
-1.468120000000000015e-02
-1.564184399999999850e-02
-1.380416100000000056e-02
-7.864164200000000812e-03
1.793389700000000073e-03
1.098894100000000033e-02
1.717604099999999953e-02
2.158540999999999932e-02
1.910735800000000137e-02
1.211566900000000079e-02
0.000000000000000000e+00
0.000000000000000000e+00
0.000000000000000000e+00
6.193650400000000333e-03
2.012469500000000147e-02
2.580277900000000138e-02
3.092196800000000106e-02
2.268888900000000028e-02
8.166937100000000449e-03
0.000000000000000000e+00
0.000000000000000000e+00
0.000000000000000000e+00
-1.615766999999999898e-02
4.380105300000000125e-04
1.252647299999999977e-02
2.109157399999999835e-02
2.166260899999999934e-02
1.611483999999999833e-02
0.000000000000000000e+00
0.000000000000000000e+00
1.909232500000000027e-03
3.861574500000000167e-03
6.831293100000000035e-03
2.091019400000000087e-03
2.705862900000000158e-03
3.345359200000000074e-03
3.685179900000000106e-03
4.287121799999999913e-03
6.756534500000000408e-03
1.235342300000000053e-02
2.103109400000000018e-02
2.887705200000000028e-02
3.289222299999999821e-02
2.835323899999999883e-02
1.234787300000000053e-02
1.847098300000000028e-03
0.000000000000000000e+00
0.000000000000000000e+00
0.000000000000000000e+00
-1.187496000000000038e-02
1.013444999999999971e-02
2.068303100000000103e-02
2.220046300000000014e-02
1.330380100000000052e-02
3.024985999999999908e-03
0.000000000000000000e+00
0.000000000000000000e+00
0.000000000000000000e+00
-2.916563800000000067e-02
-1.153083899999999933e-02
2.557949999999999807e-03
1.098041100000000068e-02
1.175947999999999924e-02
6.890412999999999746e-03
0.000000000000000000e+00
4.446510600000000077e-03
6.231166699999999810e-04
-1.382388299999999905e-04
-5.332693500000000066e-03
-1.019026200000000028e-02
-1.152752200000000012e-02
-1.060773500000000008e-02
-7.974116099999999444e-03
-3.862766499999999853e-03
2.359212399999999991e-03
1.148309699999999940e-02
2.343874099999999905e-02
3.246710399999999663e-02
3.090468600000000066e-02
1.461620100000000054e-02
-1.752360500000000069e-03
-4.646730400000000094e-03
0.000000000000000000e+00
0.000000000000000000e+00
-5.911932100000000245e-02
-3.099308300000000113e-02
-1.637964299999999929e-02
4.401578599999999945e-03
1.503224100000000001e-02
1.149052400000000022e-02
0.000000000000000000e+00
0.000000000000000000e+00
0.000000000000000000e+00
0.000000000000000000e+00
-3.498157999999999823e-02
-2.338107299999999875e-02
-6.703575100000000279e-03
6.758721100000000120e-03
7.141062099999999704e-03
2.537626099999999892e-03
0.000000000000000000e+00
1.621272100000000025e-03
6.061540899999999900e-04
-4.807963499999999904e-03
-1.579917800000000053e-02
-2.556464400000000095e-02
-3.443534699999999810e-02
-4.091294499999999917e-02
-4.406977100000000064e-02
-4.275046999999999875e-02
-3.692431000000000185e-02
-2.636164400000000005e-02
-1.008319799999999981e-02
6.064348899999999661e-03
9.561829299999999657e-03
-3.301146899999999901e-03
-1.070317699999999948e-02
-1.087098599999999915e-02
0.000000000000000000e+00
0.000000000000000000e+00
-4.972505099999999928e-02
-5.079114400000000334e-02
-4.255092900000000122e-02
-1.272883300000000016e-02
0.000000000000000000e+00
0.000000000000000000e+00
0.000000000000000000e+00
0.000000000000000000e+00
0.000000000000000000e+00
0.000000000000000000e+00
0.000000000000000000e+00
-2.992503200000000071e-02
-1.694257600000000086e-02
1.377790500000000001e-02
1.407009000000000037e-02
5.373616200000000398e-03
0.000000000000000000e+00
3.663959499999999789e-03
2.044880599999999993e-03
-1.548656999999999942e-03
-1.220162699999999961e-02
-2.310650599999999888e-02
-3.469579999999999886e-02
-4.498074600000000201e-02
-5.375752599999999992e-02
-6.087775200000000025e-02
-6.426814899999999664e-02
-6.192804100000000311e-02
-5.044337699999999758e-02
-2.814897499999999969e-02
-4.121630000000000259e-03
-1.114923399999999919e-02
-1.289400599999999952e-02
-1.387193100000000054e-02
0.000000000000000000e+00
-3.120621499999999895e-02
-4.727084599999999831e-02
-5.800839900000000215e-02
-6.292816299999999530e-02
-4.867892699999999684e-02
0.000000000000000000e+00
0.000000000000000000e+00
0.000000000000000000e+00
0.000000000000000000e+00
0.000000000000000000e+00
0.000000000000000000e+00
0.000000000000000000e+00
-2.378407700000000069e-02
-2.864465500000000150e-02
3.439672700000000194e-02
2.692818300000000137e-02
1.935000699999999893e-02
0.000000000000000000e+00
-1.073800800000000027e-02
-3.312636500000000050e-03
8.359473400000000214e-04
-3.496270399999999810e-03
-1.103964399999999950e-02
-2.053254700000000169e-02
-2.898206000000000046e-02
-3.644985700000000217e-02
-4.468993500000000008e-02
-5.342659699999999928e-02
-6.135014800000000018e-02
-6.557345400000000324e-02
-5.348708499999999672e-02
-1.478463699999999978e-02
-1.059422500000000052e-02
-2.725817800000000096e-02
0.000000000000000000e+00
-3.217498799999999898e-03
-1.937864300000000095e-02
-3.804306300000000196e-02
-5.484922999999999882e-02
-7.469646600000000303e-02
-8.192027799999999915e-02
0.000000000000000000e+00
0.000000000000000000e+00
0.000000000000000000e+00
0.000000000000000000e+00
0.000000000000000000e+00
0.000000000000000000e+00
0.000000000000000000e+00
-1.661082300000000025e-02
-3.883002399999999771e-02
3.497176600000000135e-02
3.253817600000000199e-02
2.179017600000000138e-02
0.000000000000000000e+00
-2.754124000000000155e-02
-1.486359200000000012e-02
-5.789271599999999685e-03
-3.478232500000000109e-03
-6.760086900000000093e-03
-1.400969600000000030e-02
-2.117798499999999987e-02
-2.632711299999999921e-02
-3.111267100000000146e-02
-3.906328199999999778e-02
-5.047757900000000159e-02
-6.218376400000000248e-02
-6.012974299999999939e-02
-2.876201199999999999e-02
0.000000000000000000e+00
0.000000000000000000e+00
-1.234052899999999895e-03
-7.393873299999999694e-04
-8.110674099999999609e-03
-2.556461100000000097e-02
-4.791800699999999857e-02
-7.807234700000000027e-02
-9.802932100000000259e-02
0.000000000000000000e+00
0.000000000000000000e+00
0.000000000000000000e+00
0.000000000000000000e+00
0.000000000000000000e+00
0.000000000000000000e+00
0.000000000000000000e+00
-7.275342899999999620e-03
-2.993076399999999859e-02
0.000000000000000000e+00
3.593516599999999755e-02
0.000000000000000000e+00
0.000000000000000000e+00
-5.893698199999999887e-02
-2.498202600000000093e-02
-1.404818700000000017e-02
-7.275852400000000324e-03
-5.905396799999999662e-03
-9.836581500000000228e-03
-1.614488299999999876e-02
-2.056360999999999953e-02
-2.218327999999999967e-02
-2.669919499999999848e-02
-3.760100899999999774e-02
-5.340032299999999954e-02
-5.864008899999999941e-02
-4.086478000000000332e-02
0.000000000000000000e+00
-1.395270900000000064e-02
-7.252946799999999972e-03
1.324315199999999935e-02
6.523557900000000014e-03
-8.585743599999999184e-03
-3.217271299999999862e-02
-6.823293900000000634e-02
-1.012759700000000068e-01
0.000000000000000000e+00
0.000000000000000000e+00
0.000000000000000000e+00
0.000000000000000000e+00
0.000000000000000000e+00
0.000000000000000000e+00
0.000000000000000000e+00
-2.298243499999999898e-03
-1.502648099999999952e-02
0.000000000000000000e+00
0.000000000000000000e+00
0.000000000000000000e+00
0.000000000000000000e+00
0.000000000000000000e+00
-4.027061900000000055e-02
-1.751266799999999860e-02
-9.664073599999999792e-03
-4.685405600000000330e-03
-3.514931800000000058e-03
-7.286822000000000091e-03
-1.230247999999999932e-02
-1.402404399999999940e-02
-1.674347899999999861e-02
-2.716012099999999888e-02
-4.821829100000000340e-02
-5.691374500000000169e-02
-3.966489599999999810e-02
0.000000000000000000e+00
-2.309120300000000112e-02
-1.797544300000000067e-02
1.554977299999999937e-02
1.727030200000000126e-02
6.394818000000000030e-03
-1.408326600000000053e-02
-4.678900899999999946e-02
-8.589362799999999964e-02
0.000000000000000000e+00
0.000000000000000000e+00
0.000000000000000000e+00
0.000000000000000000e+00
0.000000000000000000e+00
0.000000000000000000e+00
0.000000000000000000e+00
-3.976531499999999900e-03
0.000000000000000000e+00
0.000000000000000000e+00
0.000000000000000000e+00
0.000000000000000000e+00
0.000000000000000000e+00
0.000000000000000000e+00
-5.899394300000000008e-02
-2.044147099999999925e-02
-9.940368099999999374e-03
-3.308675300000000173e-03
1.455905400000000096e-03
1.134308400000000024e-03
-3.280009400000000099e-03
-6.843916599999999573e-03
-9.743069300000000571e-03
-1.965090300000000081e-02
-4.626670100000000035e-02
-5.475875100000000134e-02
-4.434309399999999957e-02
0.000000000000000000e+00
-2.632440800000000053e-02
-1.890713899999999989e-02
1.129955300000000037e-02
2.183993899999999919e-02
1.448789099999999927e-02
-4.775032400000000371e-03
-3.231083600000000250e-02
-7.091640700000000075e-02
0.000000000000000000e+00
0.000000000000000000e+00
0.000000000000000000e+00
0.000000000000000000e+00
0.000000000000000000e+00
0.000000000000000000e+00
0.000000000000000000e+00
0.000000000000000000e+00
0.000000000000000000e+00
0.000000000000000000e+00
0.000000000000000000e+00
0.000000000000000000e+00
0.000000000000000000e+00
0.000000000000000000e+00
-8.383930800000000128e-02
-3.240240800000000060e-02
-2.066524100000000086e-02
-8.169416299999999326e-03
2.702280899999999920e-03
7.964043900000000384e-03
8.521840899999999150e-03
4.936872499999999872e-03
-1.415117299999999910e-04
-1.124106599999999921e-02
-4.415613799999999756e-02
-5.619393799999999883e-02
0.000000000000000000e+00
0.000000000000000000e+00
0.000000000000000000e+00
0.000000000000000000e+00
-1.298733799999999931e-02
1.546059900000000022e-02
1.925346299999999844e-02
2.762727700000000000e-04
-2.771768000000000148e-02
-5.644065899999999719e-02
-7.170326500000000214e-02
0.000000000000000000e+00
0.000000000000000000e+00
-1.689966099999999985e-02
-1.117687699999999999e-02
0.000000000000000000e+00
0.000000000000000000e+00
0.000000000000000000e+00
0.000000000000000000e+00
0.000000000000000000e+00
0.000000000000000000e+00
0.000000000000000000e+00
0.000000000000000000e+00
0.000000000000000000e+00
0.000000000000000000e+00
-4.553979400000000149e-02
-3.943238000000000298e-02
-1.855824699999999994e-02
-1.675570500000000095e-03
9.239287900000000414e-03
1.527857600000000031e-02
1.500616999999999923e-02
9.741253000000000065e-03
-2.666123700000000082e-03
-3.557791899999999952e-02
-4.995509800000000333e-02
0.000000000000000000e+00
0.000000000000000000e+00
0.000000000000000000e+00
0.000000000000000000e+00
-4.627273600000000181e-02
-5.386118599999999840e-03
1.494996999999999993e-02
6.249160999999999605e-03
-2.123895599999999981e-02
-5.316775299999999815e-02
-6.114013000000000086e-02
-2.267016399999999959e-02
-2.102964400000000011e-02
-1.388156800000000038e-02
-1.067922399999999931e-02
0.000000000000000000e+00
0.000000000000000000e+00
0.000000000000000000e+00
0.000000000000000000e+00
0.000000000000000000e+00
0.000000000000000000e+00
0.000000000000000000e+00
0.000000000000000000e+00
0.000000000000000000e+00
0.000000000000000000e+00
-2.839640100000000167e-02
-4.102127900000000077e-02
-1.739711700000000014e-02
1.043389299999999921e-03
1.243160299999999940e-02
1.987012299999999995e-02
2.191077199999999850e-02
1.954317499999999944e-02
9.669237799999999203e-03
-1.237575999999999954e-02
0.000000000000000000e+00
0.000000000000000000e+00
0.000000000000000000e+00
0.000000000000000000e+00
0.000000000000000000e+00
-6.394997700000000507e-02
-3.402434700000000339e-02
-2.206853600000000144e-03
5.483961699999999675e-03
-1.056585300000000005e-02
-4.053160499999999833e-02
-5.797401099999999891e-02
0.000000000000000000e+00
-1.928313400000000039e-02
-1.025276800000000064e-02
0.000000000000000000e+00
0.000000000000000000e+00
0.000000000000000000e+00
0.000000000000000000e+00
0.000000000000000000e+00
0.000000000000000000e+00
0.000000000000000000e+00
0.000000000000000000e+00
0.000000000000000000e+00
0.000000000000000000e+00
0.000000000000000000e+00
-2.839640300000000062e-02
-3.117968399999999918e-02
-1.067928200000000001e-02
5.147817499999999581e-03
1.376119500000000037e-02
1.962553300000000056e-02
2.203244199999999930e-02
2.368326999999999932e-02
2.104036899999999974e-02
1.225875199999999950e-02
0.000000000000000000e+00
0.000000000000000000e+00
0.000000000000000000e+00
0.000000000000000000e+00
0.000000000000000000e+00
0.000000000000000000e+00
-4.763820900000000080e-02
-2.503824799999999906e-02
6.653748499999999864e-03
3.048729500000000193e-03
-1.805702199999999896e-02
-2.604477100000000128e-02
-9.865519200000000613e-03
0.000000000000000000e+00
0.000000000000000000e+00
0.000000000000000000e+00
0.000000000000000000e+00
0.000000000000000000e+00
0.000000000000000000e+00
0.000000000000000000e+00
0.000000000000000000e+00
0.000000000000000000e+00
0.000000000000000000e+00
0.000000000000000000e+00
0.000000000000000000e+00
0.000000000000000000e+00
0.000000000000000000e+00
-3.346333499999999683e-02
-2.016194300000000161e-02
-1.023235400000000080e-02
-1.141142699999999960e-03
5.041512500000000334e-03
1.169378299999999926e-02
2.116996399999999945e-02
3.227251400000000214e-02
5.787979599999999725e-02
0.000000000000000000e+00
0.000000000000000000e+00
0.000000000000000000e+00
0.000000000000000000e+00
0.000000000000000000e+00
0.000000000000000000e+00
0.000000000000000000e+00
-8.007659899999999831e-02
3.927150499999999865e-04
1.396282899999999952e-02
2.155943500000000179e-03
-3.227451499999999841e-03
1.126530599999999924e-02
0.000000000000000000e+00
0.000000000000000000e+00
0.000000000000000000e+00
0.000000000000000000e+00
0.000000000000000000e+00
0.000000000000000000e+00
0.000000000000000000e+00
0.000000000000000000e+00
0.000000000000000000e+00
0.000000000000000000e+00
0.000000000000000000e+00
0.000000000000000000e+00
0.000000000000000000e+00
0.000000000000000000e+00
-3.072254799999999883e-02
-3.582273500000000138e-02
-3.679320999999999980e-02
-3.274354499999999890e-02
-2.234797200000000067e-02
-1.503082700000000008e-03
1.317715099999999979e-02
4.917171800000000315e-02
7.337107399999999446e-02
0.000000000000000000e+00
0.000000000000000000e+00
0.000000000000000000e+00
0.000000000000000000e+00
0.000000000000000000e+00
0.000000000000000000e+00
0.000000000000000000e+00
-8.292446000000000539e-02
-2.295400400000000007e-02
9.772984000000000185e-03
1.413320399999999991e-02
3.877202700000000057e-02
0.000000000000000000e+00
0.000000000000000000e+00
0.000000000000000000e+00
0.000000000000000000e+00
0.000000000000000000e+00
0.000000000000000000e+00
0.000000000000000000e+00
0.000000000000000000e+00
0.000000000000000000e+00
0.000000000000000000e+00
0.000000000000000000e+00
0.000000000000000000e+00
0.000000000000000000e+00
0.000000000000000000e+00
0.000000000000000000e+00
0.000000000000000000e+00
0.000000000000000000e+00
-5.095194799999999691e-02
-7.278157999999999850e-02
-5.278180200000000266e-02
1.002419000000000053e-03
7.814934399999999212e-03
4.701203699999999958e-02
0.000000000000000000e+00
0.000000000000000000e+00
0.000000000000000000e+00
0.000000000000000000e+00
0.000000000000000000e+00
0.000000000000000000e+00
0.000000000000000000e+00
0.000000000000000000e+00
-6.380479299999999854e-02
-1.179756500000000013e-01
-5.608326899999999809e-02
4.515623699999999664e-03
3.527402599999999999e-02
1.134380100000000058e-01
0.000000000000000000e+00
0.000000000000000000e+00
0.000000000000000000e+00
0.000000000000000000e+00
0.000000000000000000e+00
0.000000000000000000e+00
0.000000000000000000e+00
0.000000000000000000e+00
0.000000000000000000e+00
0.000000000000000000e+00
0.000000000000000000e+00
0.000000000000000000e+00
0.000000000000000000e+00
0.000000000000000000e+00
0.000000000000000000e+00
0.000000000000000000e+00
0.000000000000000000e+00
0.000000000000000000e+00
0.000000000000000000e+00
-6.698805400000000521e-02
0.000000000000000000e+00
0.000000000000000000e+00
0.000000000000000000e+00
0.000000000000000000e+00
0.000000000000000000e+00
0.000000000000000000e+00
0.000000000000000000e+00
0.000000000000000000e+00
0.000000000000000000e+00
-9.004515700000000067e-02
-2.162893000000000107e-02
0.000000000000000000e+00
0.000000000000000000e+00
-8.608460599999999407e-02
-5.605678299999999892e-02
-1.374008300000000016e-02
5.108942200000000239e-02
7.616786999999999863e-02
0.000000000000000000e+00
0.000000000000000000e+00
0.000000000000000000e+00
0.000000000000000000e+00
0.000000000000000000e+00
0.000000000000000000e+00
0.000000000000000000e+00
0.000000000000000000e+00
-7.449115600000000281e-03
-4.154974999999999988e-03
1.489230999999999932e-03
6.739916600000000514e-04
-3.658243099999999859e-03
-4.798352900000000393e-03
-6.241861199999999658e-03
-8.826393400000000222e-03
-1.420639700000000082e-02
-5.382656199999999620e-03
-2.964504900000000057e-03
-1.739952800000000091e-02
-1.079151700000000047e-02
7.230511200000000298e-03
3.643460500000000185e-02
4.248497500000000121e-02
3.173094600000000293e-02
1.968215300000000084e-02
-1.245281900000000039e-02
-1.080199399999999922e-03
0.000000000000000000e+00
0.000000000000000000e+00
0.000000000000000000e+00
0.000000000000000000e+00
-7.081502300000000472e-02
-4.894010699999999658e-02
9.631730599999999143e-03
4.774164999999999659e-02
2.366945000000000160e-02
-2.912899899999999917e-03
-3.223761900000000208e-02
-5.668230400000000280e-02
-4.646297099999999874e-02
-2.747302299999999919e-02
-1.490196000000000055e-02
-7.684179600000000387e-03
