0.000000000000000000e+00
0.000000000000000000e+00
0.000000000000000000e+00
0.000000000000000000e+00
0.000000000000000000e+00
0.000000000000000000e+00
0.000000000000000000e+00
0.000000000000000000e+00
0.000000000000000000e+00
0.000000000000000000e+00
0.000000000000000000e+00
0.000000000000000000e+00
0.000000000000000000e+00
0.000000000000000000e+00
0.000000000000000000e+00
0.000000000000000000e+00
0.000000000000000000e+00
0.000000000000000000e+00
0.000000000000000000e+00
0.000000000000000000e+00
0.000000000000000000e+00
0.000000000000000000e+00
0.000000000000000000e+00
0.000000000000000000e+00
0.000000000000000000e+00
0.000000000000000000e+00
0.000000000000000000e+00
0.000000000000000000e+00
0.000000000000000000e+00
0.000000000000000000e+00
0.000000000000000000e+00
0.000000000000000000e+00
0.000000000000000000e+00
0.000000000000000000e+00
0.000000000000000000e+00
0.000000000000000000e+00
0.000000000000000000e+00
2.465540784252249651e+00
2.485233987538131295e+00
2.733125796796463280e+00
2.757822039991753460e+00
2.428107592767715150e+00
2.031059503951303302e+00
1.462174731143118134e+00
7.036686614805318651e-01
1.168593157157662987e-01
-1.381311736083585262e-01
-1.436619184901912483e-01
1.409520298821433960e-02
2.150802764392544808e-01
2.832766102674906250e-01
1.648813630787725470e-01
-7.056069447215132517e-02
-3.273263168364418108e-01
-1.886888249804196394e-01
6.499169460636180506e-01
1.390875856864394855e+00
1.257307415517720406e+00
7.326144426999248171e-01
3.763499030559889769e-01
2.522932372740895324e-01
3.004980727294201959e-01
4.986197950463398532e-01
7.661973343691862448e-01
8.834710027432846058e-01
8.806906223134828293e-01
1.248834211969543695e+00
1.926620920943693305e+00
1.850851444629098674e+00
1.100125463421857130e+00
1.039118707761078841e+00
0.000000000000000000e+00
8.664585444235921585e-01
6.104427399652833097e-01
3.020315066714288621e-01
1.300280425946345464e-01
-3.775003810510037944e-02
-2.896834732627113218e-01
-4.799878342618297822e-01
-5.921977757814835819e-01
-6.385519419834034816e-01
-5.646752470609970320e-01
-4.016176147217781489e-01
-2.464005069843329399e-01
-1.816426437259935356e-01
-2.427337225081875882e-01
-4.311802494794054197e-01
-7.116287931026176183e-01
-1.057061721105818197e+00
-1.412735340194536615e+00
-1.392442682706936274e+00
-6.955093197934869576e-01
4.647942644278903884e-02
2.728106461740880673e-01
2.618484069468616227e-01
2.677544038862601505e-01
2.553109247550822691e-01
1.810544319717714568e-01
5.023438945291896357e-02
-1.283430717163039081e-01
-3.436333305202583510e-01
-4.634256856080885556e-01
-2.114529428515727061e-01
3.477419721869899893e-01
5.845457953030988030e-01
4.046909661377303680e-01
4.233474616268327329e-01
6.831387437265447060e-01
-6.051846813986134777e-01
-9.053366972310067373e-01
-1.336876069485751328e+00
-1.678365756308348056e+00
-1.831576900835936828e+00
-1.821313526102340541e+00
-1.674516670842140176e+00
-1.412340086738265388e+00
-1.066549234222757603e+00
-7.031433464819115686e-01
-4.018636554492522883e-01
-2.410655158466952219e-01
-2.758390764379607396e-01
-4.807407335017913064e-01
-7.831006765439439965e-01
-1.119150272695113912e+00
-1.486042637473899974e+00
-1.865619696440460107e+00
-1.873311872541346457e+00
-1.268313484009675030e+00
-6.888053261250521864e-01
-4.186608685259093909e-01
-2.518597147080075538e-01
-1.476680123575032921e-01
-1.796886075970398344e-01
-3.601301466511928617e-01
-6.455038552772693894e-01
-9.712536480227811353e-01
-1.248285498298656648e+00
-1.373892528243972677e+00
-1.261351556267797269e+00
-9.291149253188019097e-01
-5.798734743390459023e-01
-3.905311802532133725e-01
-3.084374940118919106e-01
-2.559424547628650348e-01
-1.092956771047395303e+00
-1.371732299910747521e+00
-1.754110644217586890e+00
-2.006541172070605228e+00
-2.012568563161860169e+00
-1.842256150543084559e+00
-1.582573492971037554e+00
-1.227934785696432440e+00
-8.212405913386184864e-01
-4.547654687762980319e-01
-1.964451718675424563e-01
-1.172248197467603836e-01
-2.549196843015840708e-01
-5.456503604754425751e-01
-8.812143360352436838e-01
-1.188350963413833838e+00
-1.472771872630797674e+00
-1.755910876127988463e+00
-1.729631520650640741e+00
0.000000000000000000e+00
-8.235529460351522779e-01
-6.499810396771869003e-01
-5.007758672515071341e-01
-4.135770551170805942e-01
-4.659178632681443832e-01
-6.489044702158569544e-01
-8.979500760362914002e-01
-1.150811016725040270e+00
-1.357849372811233302e+00
-1.476779886097499439e+00
-1.456611892975509637e+00
-1.248169247126905912e+00
-9.021694528031792837e-01
-6.334341439131980778e-01
-5.664187022648812242e-01
-5.974958864419557258e-01
-8.868537559291805872e-01
-1.083365338599463268e+00
-1.339273396137169003e+00
-1.452906361700243565e+00
-1.354158335942981850e+00
-1.150482294276928386e+00
-9.632386339133983677e-01
-7.487857052498102517e-01
-4.882371148742598033e-01
-2.178067460848266135e-01
-1.542646272975242705e-02
1.029500848631840701e-02
-1.751185541841157600e-01
-4.864097342312891925e-01
-8.000345180474516260e-01
-1.028935879281129173e+00
-1.143256763706863799e+00
-1.193080493100028727e+00
-1.107024759308659956e+00
0.000000000000000000e+00
-6.604537274604130870e-01
-6.171295240623274614e-01
-5.438297107811876918e-01
-4.992246634491397383e-01
-5.333687052551143726e-01
-5.889810731351492468e-01
-6.021101706055820291e-01
-6.211482991153037814e-01
-7.446307626918626799e-01
-9.555866733349904774e-01
-1.084217019962169681e+00
-9.997196724311803173e-01
-7.610792864359060550e-01
-5.917449004464399032e-01
-5.914948904331864821e-01
-6.432463508947983133e-01
-9.008172335998540503e-02
-2.494809816852854856e-01
-4.722803517191977996e-01
-5.730538025493119303e-01
-5.245508448762554732e-01
-4.145075215538837621e-01
-3.671369226448416567e-01
-3.475941897842057537e-01
-2.529686350958242347e-01
-3.585363326969440850e-02
1.726207212589504214e-01
1.977155327276231833e-01
4.059558669224650959e-03
-3.078276404429586277e-01
-6.001030397205391331e-01
-7.430873453458570754e-01
-6.286399585868810425e-01
-3.612871145730945366e-01
-2.334811611653579422e-01
0.000000000000000000e+00
-4.692483707210003407e-01
-5.884854410351186838e-01
-6.086846474657681139e-01
-5.938030400642093642e-01
-5.372388515322625846e-01
-3.206845822133881918e-01
4.594154133495556569e-02
2.522711244125337426e-01
4.437802211477872433e-02
-3.947378225575563504e-01
-6.809394578420163713e-01
-6.845373024595725608e-01
-5.633813130904471445e-01
-5.005523132895817184e-01
-4.817888421533326748e-01
-4.425792342407928737e-01
1.182734114754755206e+00
8.648402302973420275e-01
4.508435657360043702e-01
2.184959176634920786e-01
0.000000000000000000e+00
5.562052235356330920e-02
1.454929591488273583e-02
-1.094537421670298445e-02
5.345958958539753086e-02
2.698145363296520771e-01
4.762597910911024468e-01
4.738251395638622410e-01
2.355673442153654595e-01
-1.227028070640677065e-01
-4.300432216691490450e-01
-4.772775336251034450e-01
-7.672024561107375351e-02
5.361060862037835273e-01
6.629191424898714935e-01
0.000000000000000000e+00
-3.017059014267385320e-01
-6.124477836479973458e-01
-7.482978421190233931e-01
-7.082891081880001716e-01
-4.419623614002639589e-01
1.519524983620197667e-01
8.749029226178954843e-01
1.068686644994049528e+00
5.157664326994896298e-01
-1.552704750899657760e-01
-4.632630460562375263e-01
-4.809586956807612168e-01
-4.301920875212603135e-01
-3.622557385116949025e-01
-1.640271819240066986e-01
8.760743798870709864e-02
2.548049801343772014e+00
1.864159094544008743e+00
1.104598447356851754e+00
0.000000000000000000e+00
0.000000000000000000e+00
3.678075538900434371e-01
3.272217054866378150e-01
3.715442900709610141e-01
4.923785450253095886e-01
7.024167597955884856e-01
8.378276327307969673e-01
7.241850127665403480e-01
3.609988895627991301e-01
-1.020473017529529014e-01
-4.253599802405045871e-01
-3.152200632978783279e-01
4.248985637516757286e-01
1.341893250668591886e+00
1.398865138765630789e+00
0.000000000000000000e+00
0.000000000000000000e+00
-6.380747221269362779e-01
-8.888865266970213952e-01
-7.490705120602831890e-01
-1.578023511439729243e-01
8.748352148808941076e-01
1.846271456921728227e+00
1.771763756022544989e+00
0.000000000000000000e+00
8.742607690197293474e-05
-2.252106430664453929e-01
-2.688150717457830630e-01
-2.782115546253748350e-01
-1.202238108824614377e-01
3.573779410475912410e-01
8.859413624615629645e-01
3.636890648213706889e+00
2.560541375871928871e+00
0.000000000000000000e+00
0.000000000000000000e+00
0.000000000000000000e+00
7.355970544491909902e-01
7.601525386455363353e-01
8.564620666618928402e-01
1.001754551083531286e+00
1.156796147955336362e+00
1.145687387101467447e+00
8.333975313250446826e-01
2.783791251439520775e-01
-2.920314549804911564e-01
-5.500108929044802419e-01
-1.783462356696751405e-01
9.097024623058465043e-01
2.010810734470096506e+00
1.903211153059289229e+00
0.000000000000000000e+00
0.000000000000000000e+00
-7.020476610524384320e-01
-1.018356845099551045e+00
-6.957198309192551555e-01
2.928749354662920079e-01
1.744410632104852921e+00
2.786772824899275136e+00
2.276681405868973496e+00
0.000000000000000000e+00
2.021378168664929587e-01
4.309780173002891734e-02
-6.341860675212343534e-02
-8.726330292011257039e-02
2.412267142763209749e-01
1.038971774007124926e+00
1.839489343371772501e+00
4.234111893296437223e+00
2.919727817760247479e+00
0.000000000000000000e+00
0.000000000000000000e+00
0.000000000000000000e+00
1.181271813514572777e+00
1.288882297829157642e+00
1.371956215001389090e+00
1.472855317372913975e+00
1.512352180616229003e+00
1.289719624788179031e+00
7.265423671776338743e-01
-8.990601878876628567e-03
-5.818246879578967690e-01
-6.272239474953239524e-01
8.210294573548461428e-02
1.437582256639925671e+00
2.541360131621614116e+00
2.173822787420804037e+00
0.000000000000000000e+00
0.000000000000000000e+00
-7.619993687968662499e-01
-1.024943303826030272e+00
-4.620309774599736796e-01
8.808990498348509002e-01
2.577862102729743921e+00
3.451974903292779562e+00
2.460186673583228956e+00
0.000000000000000000e+00
3.383240914180795644e-01
2.226008888934128682e-01
1.072782627331435312e-01
1.781566453177997611e-01
7.442140096792371207e-01
1.812345514260782275e+00
2.776184899242539306e+00
4.393594874171427911e+00
3.016145473867719140e+00
0.000000000000000000e+00
0.000000000000000000e+00
0.000000000000000000e+00
1.601888325100895072e+00
1.761984581588917242e+00
1.776934087274069096e+00
1.776170850061485007e+00
1.643085592716932775e+00
1.173368035822866640e+00
3.932492518598315612e-01
-3.854857959540571866e-01
-7.649067740990302955e-01
-4.612036781311065203e-01
5.740666553603804845e-01
2.046453283118989219e+00
2.956954301663467177e+00
2.243254617040234766e+00
0.000000000000000000e+00
0.000000000000000000e+00
0.000000000000000000e+00
-7.280690781273295720e-01
8.022268907024618367e-02
1.615126400451156075e+00
3.280453892338979216e+00
3.768488230823585639e+00
0.000000000000000000e+00
0.000000000000000000e+00
3.506570569263735559e-01
3.243831817435346432e-01
3.247279789935872962e-01
5.743695362686396244e-01
1.359966508172051780e+00
2.560831727866186291e+00
3.530775327059504143e+00
4.291851969205363382e+00
2.976537695887718549e+00
0.000000000000000000e+00
0.000000000000000000e+00
1.427013116636012269e+00
1.857085090644363001e+00
1.983273918917144885e+00
1.874770255325064250e+00
1.723005234376899564e+00
1.399069731558335139e+00
7.573074474990957317e-01
-3.852622063165973831e-02
-5.932374307318598605e-01
-5.796170137639896636e-01
1.031504399827402191e-01
1.336611160465800197e+00
2.732629263586126456e+00
3.269686380038299145e+00
2.152686129275580118e+00
0.000000000000000000e+00
0.000000000000000000e+00
0.000000000000000000e+00
-1.130485061832294386e-01
8.962671125970995689e-01
2.426235325663882225e+00
3.818746232521000650e+00
3.832754481462441465e+00
0.000000000000000000e+00
0.000000000000000000e+00
0.000000000000000000e+00
3.824398711830818698e-01
5.993676040861386500e-01
1.053663572149254657e+00
1.978524927112213616e+00
3.175583814957944728e+00
4.044852906481021471e+00
3.954474212144991174e+00
2.819771865174448777e+00
0.000000000000000000e+00
0.000000000000000000e+00
1.397064463292943426e+00
1.770476515311101506e+00
1.725936477647408207e+00
1.425876728988817677e+00
1.108146908244611373e+00
6.856658395385112348e-01
1.114855134244106399e-01
-3.769055804147863342e-01
-4.494112740154956320e-01
3.800408878217422654e-02
1.008276782352871770e+00
2.261197317794176875e+00
3.385335405420791588e+00
3.399931892307612724e+00
0.000000000000000000e+00
0.000000000000000000e+00
0.000000000000000000e+00
0.000000000000000000e+00
6.585074854610892814e-01
1.798480216344890081e+00
3.176516764403216175e+00
4.172838958792324249e+00
3.751690951230356674e+00
0.000000000000000000e+00
0.000000000000000000e+00
0.000000000000000000e+00
4.633686333124427681e-01
9.016785465863956794e-01
1.534668524714696280e+00
2.509450400089453748e+00
3.591464887350007018e+00
4.290064326110025306e+00
3.229562761829964490e+00
2.399270330702061305e+00
0.000000000000000000e+00
0.000000000000000000e+00
1.121062679772625081e+00
1.234694135375907997e+00
8.941614806274891247e-01
3.684135827903555760e-01
-5.431605496516520026e-02
-4.023420847059840932e-01
-6.601073548787395051e-01
-6.330773307668227101e-01
-1.546619582881914867e-01
7.445179423642472871e-01
1.886192516553490073e+00
3.040070280960814664e+00
3.778568404765969113e+00
3.269536713082418888e+00
0.000000000000000000e+00
0.000000000000000000e+00
0.000000000000000000e+00
0.000000000000000000e+00
1.342571223332688968e+00
2.561833904838120457e+00
3.729559288017625818e+00
4.300515843748735634e+00
3.516803114559643451e+00
0.000000000000000000e+00
0.000000000000000000e+00
0.000000000000000000e+00
5.647429379577464381e-01
1.139047814158598015e+00
1.896574755791759825e+00
2.844583547980207072e+00
3.707369072072682403e+00
4.158774115035321906e+00
2.187394197972252652e+00
0.000000000000000000e+00
1.130149937107254088e+00
7.710547378345820047e-01
6.854151989984297311e-01
4.539416766461334962e-01
-1.985057756027292786e-01
-8.853103470816791054e-01
-1.313828502759766703e+00
-1.504270275126595946e+00
-1.428588991351629423e+00
-9.688080072025195832e-01
-9.432241109930784850e-02
1.061574985308018082e+00
2.275557996001420502e+00
3.294492676932678332e+00
3.686319572087028096e+00
2.866284281340579554e+00
0.000000000000000000e+00
0.000000000000000000e+00
0.000000000000000000e+00
0.000000000000000000e+00
1.694498130702046801e+00
2.958923466564985283e+00
3.933645095712686057e+00
4.128824056424137190e+00
3.081678092189660934e+00
0.000000000000000000e+00
0.000000000000000000e+00
0.000000000000000000e+00
5.429575807416858746e-01
1.099434742416494526e+00
1.921459875436230869e+00
2.821087793685833844e+00
3.444357122819433847e+00
3.638734014924907445e+00
1.190897819082393339e+00
0.000000000000000000e+00
7.796545916285658739e-01
5.588597415538574253e-01
3.682930687979749651e-01
-7.908612689151922615e-02
-8.501218330768864906e-01
-1.512998537441480496e+00
-1.866547690968705320e+00
-1.954740132938331376e+00
-1.741541637106415408e+00
-1.139841102932527939e+00
-1.699234801301574838e-01
9.998487750167951438e-01
2.131292548280257382e+00
2.965403172904658824e+00
3.111323037111096479e+00
2.232646184776069020e+00
0.000000000000000000e+00
0.000000000000000000e+00
0.000000000000000000e+00
0.000000000000000000e+00
1.594828397664953323e+00
2.849228581026625129e+00
3.677213689353040493e+00
3.617405327962142980e+00
2.472408419052417816e+00
0.000000000000000000e+00
0.000000000000000000e+00
0.000000000000000000e+00
3.532441634488244220e-01
7.053067036144473612e-01
1.499967769631471270e+00
2.371723044895853505e+00
2.838114298688386938e+00
2.859774218985738248e+00
0.000000000000000000e+00
0.000000000000000000e+00
4.977766241009659587e-01
4.367858291238298496e-01
3.299935986166584456e-01
-6.321417250192391812e-02
-6.527261287982776272e-01
-1.088940925742748922e+00
-1.298730802436007137e+00
-1.323795922070591713e+00
-1.109068487222709676e+00
-5.662511671374966804e-01
2.871547812705508851e-01
1.283472840328931275e+00
2.165653331481431021e+00
2.658225111895865744e+00
2.468561908808283967e+00
1.540706020221513484e+00
0.000000000000000000e+00
0.000000000000000000e+00
0.000000000000000000e+00
-9.056233542225469724e-02
1.044768067511761211e+00
2.267600631724370430e+00
3.019222457489878941e+00
2.852893949018875830e+00
1.806335082390680302e+00
0.000000000000000000e+00
0.000000000000000000e+00
0.000000000000000000e+00
1.219375728719765822e-01
1.343967871644416168e-01
7.716250910783281070e-01
1.617929110480438304e+00
2.033130590508422042e+00
1.990544820968144668e+00
0.000000000000000000e+00
0.000000000000000000e+00
3.380063658124604631e-01
3.690340375755511992e-01
3.271325344483638764e-01
4.791519065736161292e-02
-2.994498599639833225e-01
-4.982109636425571253e-01
-5.539263140132776320e-01
-4.851904684260718859e-01
-2.256545215337858734e-01
3.122828385643267035e-01
1.111730558340316533e+00
1.981965076182632846e+00
2.587033607692635240e+00
2.593132893403079731e+00
1.888522411259436762e+00
8.051152614761343251e-01
0.000000000000000000e+00
0.000000000000000000e+00
0.000000000000000000e+00
-9.612640244646709631e-01
-1.560854958080106283e-02
1.201708511007109736e+00
2.031542818116925719e+00
1.971446813386676489e+00
1.212523888018324891e+00
0.000000000000000000e+00
0.000000000000000000e+00
0.000000000000000000e+00
-5.373876646039724841e-02
-4.033742069769217231e-01
-3.793954123235235287e-02
7.660899289546952984e-01
1.216387139931208505e+00
1.188240140275331980e+00
0.000000000000000000e+00
1.690259585501582840e-01
2.453007972289894811e-01
2.446104544267384828e-01
5.715362479288415426e-02
-3.337421115037950692e-01
-6.975725176434958152e-01
-8.983474357287474232e-01
-9.486038847101131433e-01
-8.472853223673466605e-01
-5.396947925973214488e-01
4.694713373068964274e-02
8.922054105025120085e-01
1.774323333502473732e+00
2.253635148839732594e+00
1.940138077789730353e+00
9.421464116607365380e-01
-1.026392352160410137e-01
0.000000000000000000e+00
0.000000000000000000e+00
-1.883745554708440295e+00
-2.069381864866397525e+00
-1.514880896368872243e+00
-3.443380588192194169e-01
7.561069413599124101e-01
1.059312573669178636e+00
7.017158211207135121e-01
0.000000000000000000e+00
0.000000000000000000e+00
0.000000000000000000e+00
-1.985147621364951043e-01
-8.057258286294071148e-01
-7.347982681343440126e-01
6.022700655663880409e-02
6.429478453089216838e-01
6.654503054564981923e-01
0.000000000000000000e+00
1.260887565331233751e-01
2.028613048860214430e-01
1.411077484316911046e-01
-2.341970525334038655e-01
-8.369172220908921433e-01
-1.407237927705699443e+00
-1.828463883211885799e+00
-2.081380284370604627e+00
-2.149984138084439778e+00
-2.001928937218663496e+00
-1.575606121153815264e+00
-8.420785233556834504e-01
6.457690531898037378e-02
7.125625205886586544e-01
6.009548620014412146e-01
-1.830281310317838916e-01
-9.460996142945649057e-01
0.000000000000000000e+00
0.000000000000000000e+00
-2.411574392314865811e+00
-2.990723102389143406e+00
-2.931243013674109665e+00
-1.951034194628042062e+00
-5.604840997010644976e-01
0.000000000000000000e+00
0.000000000000000000e+00
0.000000000000000000e+00
0.000000000000000000e+00
0.000000000000000000e+00
0.000000000000000000e+00
-1.035468504862364414e+00
-1.189474987446459631e+00
-3.517136195005243771e-01
4.629011529701312910e-01
5.632313414582375000e-01
0.000000000000000000e+00
7.622308505133960910e-02
1.764018228432510382e-01
1.530613364262301823e-01
-2.092641326280741676e-01
-8.409944272183639269e-01
-1.519088245154327055e+00
-2.118401831528482493e+00
-2.586541530048403814e+00
-2.909809539511718057e+00
-3.092552530623385643e+00
-3.089363145038024783e+00
-2.781188148876378996e+00
-2.055861127447987879e+00
-1.113353454583569269e+00
-6.237801777074198917e-01
-8.805686620621879790e-01
-1.277545292889354478e+00
0.000000000000000000e+00
-1.751176173706380901e+00
-2.485152779081206909e+00
-3.354374903703288169e+00
-3.798381916776633282e+00
-3.231165519372695361e+00
-1.786180607103428075e+00
0.000000000000000000e+00
0.000000000000000000e+00
0.000000000000000000e+00
0.000000000000000000e+00
0.000000000000000000e+00
0.000000000000000000e+00
-1.084659558325182793e+00
-1.388056010811989482e+00
-5.593116204310590867e-01
4.982255475683270984e-01
7.225440756686754007e-01
0.000000000000000000e+00
-9.279563205953718363e-02
7.936080868871608213e-03
1.154762643301046193e-01
-2.571689305350429930e-02
-4.535903793685187035e-01
-1.038428944064264448e+00
-1.645106917887462217e+00
-2.181828832015035413e+00
-2.636854882179761272e+00
-3.067550042205823058e+00
-3.483819149388428738e+00
-3.726643245167049034e+00
-3.429501659991972318e+00
-2.393395326264469158e+00
-1.323580323299558881e+00
-9.992486357122857266e-01
0.000000000000000000e+00
-8.897679796966312393e-01
-1.176925308082143129e+00
-2.026424852783963004e+00
-3.139042323653250754e+00
-4.064937319105739633e+00
-4.070647089485235348e+00
-2.871688815797869054e+00
0.000000000000000000e+00
0.000000000000000000e+00
0.000000000000000000e+00
0.000000000000000000e+00
0.000000000000000000e+00
0.000000000000000000e+00
-9.776319878346688697e-01
-1.367762433425706137e+00
-6.960324868577306701e-01
4.694878414032146452e-01
8.472687697639659232e-01
0.000000000000000000e+00
-3.701844108746518702e-01
-3.742450767996528538e-01
-1.426395023228548276e-01
5.516311874462070117e-04
-1.229790340757517808e-01
-4.915374764151396181e-01
-9.884524464051387405e-01
-1.482410220381711552e+00
-1.931706306222873204e+00
-2.431132906434104957e+00
-3.074285155572838768e+00
-3.736696840728595426e+00
-3.906333538794234173e+00
-3.003347953782490087e+00
-1.594752741029895837e+00
0.000000000000000000e+00
-4.633034196355105827e-01
-1.788002040953285132e-01
-3.650883621460916939e-01
-1.222388521776486714e+00
-2.508142852247947197e+00
-3.834855378839213458e+00
-4.398479115245243598e+00
-3.592486607575248403e+00
0.000000000000000000e+00
0.000000000000000000e+00
0.000000000000000000e+00
0.000000000000000000e+00
0.000000000000000000e+00
0.000000000000000000e+00
-8.773468088827403033e-01
-1.205099119373538752e+00
0.000000000000000000e+00
2.478277533829587875e-01
7.670107058737386518e-01
0.000000000000000000e+00
-5.588850775884418587e-01
-7.820636655380066582e-01
-5.195603341824746035e-01
-1.504666162709336064e-01
1.275154190823666982e-02
-9.534372267996803207e-02
-4.174165874754016681e-01
-8.246835709641049394e-01
-1.227040549112165424e+00
-1.708603931754830940e+00
-2.435077915902680079e+00
-3.349706278068212306e+00
-3.851004913403799357e+00
-3.094130078479923274e+00
0.000000000000000000e+00
-6.579748164387848597e-01
-2.283512137322934177e-01
2.434392566476370756e-01
3.868059871355855051e-01
-2.568931100381699473e-01
-1.578599736178198709e+00
-3.171255693881644966e+00
-4.188530639740252859e+00
-3.789183151300591579e+00
0.000000000000000000e+00
0.000000000000000000e+00
0.000000000000000000e+00
0.000000000000000000e+00
0.000000000000000000e+00
0.000000000000000000e+00
-9.501934758381105350e-01
-1.051371231020580499e+00
0.000000000000000000e+00
0.000000000000000000e+00
0.000000000000000000e+00
0.000000000000000000e+00
0.000000000000000000e+00
-1.013935725466367233e+00
-8.466513705186343719e-01
-3.686564562971196279e-01
1.145359238890955936e-02
1.586713995292490520e-01
6.042193693334054622e-02
-2.182587680337914338e-01
-5.737077712969437249e-01
-1.040728102916746556e+00
-1.808961853755296278e+00
-2.870058923511436433e+00
-3.510058446893955075e+00
-2.767064924898579470e+00
0.000000000000000000e+00
-5.057927807621919181e-01
-2.309039917951456189e-01
3.566918530966530776e-01
8.816856627580699213e-01
5.939040703070513905e-01
-5.836888606940856539e-01
-2.259022823752866671e+00
-3.591605384316155281e+00
-3.557503390175190017e+00
0.000000000000000000e+00
0.000000000000000000e+00
0.000000000000000000e+00
0.000000000000000000e+00
0.000000000000000000e+00
0.000000000000000000e+00
-1.110363136888025570e+00
-1.026555862248817119e+00
0.000000000000000000e+00
0.000000000000000000e+00
0.000000000000000000e+00
0.000000000000000000e+00
0.000000000000000000e+00
-1.058805118668383338e+00
-1.083871277392762789e+00
-6.564338109571498103e-01
-1.633353425881397814e-01
1.979020798601073827e-01
3.549027099418560760e-01
2.786556163287130516e-01
1.699320926349625130e-02
-4.299669474056854734e-01
-1.219488733202611863e+00
-2.327608490023896248e+00
-2.912369037845275788e+00
-2.091125037982052071e+00
0.000000000000000000e+00
-3.677910364339153082e-01
-3.617804618787444637e-01
1.016015942378329512e-01
8.262085876031292075e-01
9.652350573663065481e-01
1.305002507838679826e-01
-1.423743392539905006e+00
-2.884404964811916994e+00
-3.102706148785221885e+00
0.000000000000000000e+00
0.000000000000000000e+00
0.000000000000000000e+00
0.000000000000000000e+00
0.000000000000000000e+00
0.000000000000000000e+00
0.000000000000000000e+00
0.000000000000000000e+00
0.000000000000000000e+00
0.000000000000000000e+00
0.000000000000000000e+00
0.000000000000000000e+00
0.000000000000000000e+00
-9.265673665597281561e-01
-1.163852883002905347e+00
-9.669809209263142691e-01
-5.124145227164362826e-01
-1.128580134338097105e-02
3.941589209035377683e-01
5.836579697468489147e-01
5.049756884714380334e-01
1.396779544031297449e-01
-6.146656704935610227e-01
-1.653055879768331238e+00
-2.070969344206058604e+00
-1.244438163658810881e+00
0.000000000000000000e+00
0.000000000000000000e+00
0.000000000000000000e+00
-5.248059752130772582e-01
1.634585481326052969e-01
7.349617277048642316e-01
4.064904601309507481e-01
-8.458778992834808941e-01
-2.246401772793814366e+00
-2.579425663529915536e+00
0.000000000000000000e+00
0.000000000000000000e+00
-8.040809337970949988e-01
-9.290974456835277007e-01
0.000000000000000000e+00
0.000000000000000000e+00
0.000000000000000000e+00
0.000000000000000000e+00
0.000000000000000000e+00
0.000000000000000000e+00
0.000000000000000000e+00
0.000000000000000000e+00
0.000000000000000000e+00
0.000000000000000000e+00
-1.055978223978471853e+00
-1.106363379485654663e+00
-8.001709413187487741e-01
-2.793062989799884877e-01
2.758881227218432652e-01
6.923125119139409422e-01
8.353705861461697690e-01
6.339856112234992791e-01
1.921993204537202071e-02
-8.299519134427972844e-01
-1.116922253118957320e+00
0.000000000000000000e+00
0.000000000000000000e+00
0.000000000000000000e+00
0.000000000000000000e+00
-1.330511848237075467e+00
-8.362609603046046169e-01
5.996329337341501503e-02
2.993136955780043018e-01
-4.899709820238566937e-01
-1.668719415321225252e+00
-2.039099001474789397e+00
-1.363677252197086798e+00
-8.041990962312633995e-01
-7.038247784208723212e-01
-6.662422723690573090e-01
-5.467848839590507826e-01
0.000000000000000000e+00
0.000000000000000000e+00
0.000000000000000000e+00
0.000000000000000000e+00
0.000000000000000000e+00
0.000000000000000000e+00
0.000000000000000000e+00
0.000000000000000000e+00
0.000000000000000000e+00
-9.296217859508725256e-01
-1.048883725281978041e+00
-8.581100901645004608e-01
-4.185970803447211508e-01
1.353660618663298509e-01
6.492483571760192529e-01
9.670558640503446046e-01
9.817379018216704223e-01
6.289249731639887653e-01
6.006303155009059397e-02
-2.265145168992255542e-01
0.000000000000000000e+00
0.000000000000000000e+00
0.000000000000000000e+00
0.000000000000000000e+00
-2.084637651598365338e+00
-1.861690701843984108e+00
-8.319819665710482814e-01
-8.059618988012724750e-02
-2.745236670188904160e-01
-1.063135864367330985e+00
-1.413823530397279482e+00
0.000000000000000000e+00
-6.448063414898611567e-01
-5.448950180742242466e-01
0.000000000000000000e+00
0.000000000000000000e+00
0.000000000000000000e+00
0.000000000000000000e+00
0.000000000000000000e+00
0.000000000000000000e+00
0.000000000000000000e+00
0.000000000000000000e+00
0.000000000000000000e+00
0.000000000000000000e+00
0.000000000000000000e+00
-9.114846505277146571e-01
-1.002065420416112573e+00
-8.762786698129512164e-01
-5.595574729244374712e-01
-1.072528885145084682e-01
3.978645287576344503e-01
8.299156335107235050e-01
1.090268806159883308e+00
1.115125415127582231e+00
8.709640892443263338e-01
4.045924693707475539e-01
0.000000000000000000e+00
0.000000000000000000e+00
0.000000000000000000e+00
0.000000000000000000e+00
0.000000000000000000e+00
-2.644557382156449865e+00
-1.748541530557375712e+00
-6.424394233913403029e-01
-1.928920093346977171e-01
-4.669999808403911823e-01
-7.045938377206126813e-01
-4.921356223581054845e-01
0.000000000000000000e+00
0.000000000000000000e+00
0.000000000000000000e+00
0.000000000000000000e+00
0.000000000000000000e+00
0.000000000000000000e+00
0.000000000000000000e+00
0.000000000000000000e+00
0.000000000000000000e+00
0.000000000000000000e+00
0.000000000000000000e+00
0.000000000000000000e+00
0.000000000000000000e+00
0.000000000000000000e+00
-1.106076112695899116e+00
-1.058642006410064784e+00
-9.058769821616960982e-01
-6.190327415813285938e-01
-1.667323813721883763e-01
3.698160204276081386e-01
9.134487206565751194e-01
1.433817096079173847e+00
1.623953486037247984e+00
9.736057375118137847e-01
0.000000000000000000e+00
0.000000000000000000e+00
0.000000000000000000e+00
0.000000000000000000e+00
0.000000000000000000e+00
0.000000000000000000e+00
-2.459259678660531634e+00
-1.293091329732096950e+00
-3.358689301301667207e-01
-7.358962723087143776e-02
-5.753941599647947880e-02
1.079243015853653814e-01
0.000000000000000000e+00
0.000000000000000000e+00
0.000000000000000000e+00
0.000000000000000000e+00
0.000000000000000000e+00
0.000000000000000000e+00
0.000000000000000000e+00
0.000000000000000000e+00
0.000000000000000000e+00
0.000000000000000000e+00
0.000000000000000000e+00
0.000000000000000000e+00
0.000000000000000000e+00
0.000000000000000000e+00
-1.180229543424053507e+00
-1.247291538368418218e+00
-1.294036747613157345e+00
-1.241566756342066258e+00
-8.914775876283711487e-01
-2.476517205420319667e-01
5.624012791187372740e-01
1.547154923979340069e+00
2.268648459533674000e+00
0.000000000000000000e+00
0.000000000000000000e+00
0.000000000000000000e+00
0.000000000000000000e+00
0.000000000000000000e+00
0.000000000000000000e+00
0.000000000000000000e+00
-2.690413152723554635e+00
-1.825027183514275286e+00
-8.438828399902613686e-01
-1.963449696856053306e-01
2.643175685624497007e-01
0.000000000000000000e+00
0.000000000000000000e+00
0.000000000000000000e+00
0.000000000000000000e+00
0.000000000000000000e+00
0.000000000000000000e+00
0.000000000000000000e+00
0.000000000000000000e+00
0.000000000000000000e+00
0.000000000000000000e+00
0.000000000000000000e+00
0.000000000000000000e+00
0.000000000000000000e+00
0.000000000000000000e+00
0.000000000000000000e+00
0.000000000000000000e+00
0.000000000000000000e+00
-1.313296650833757795e+00
-1.494721564153527416e+00
-1.339251991772437922e+00
-6.821106169907538153e-01
2.447708353009235560e-01
1.361129587697629706e+00
0.000000000000000000e+00
0.000000000000000000e+00
0.000000000000000000e+00
0.000000000000000000e+00
0.000000000000000000e+00
0.000000000000000000e+00
0.000000000000000000e+00
0.000000000000000000e+00
-2.260848230269731030e+00
-1.828018847846669237e+00
-1.552630254353792427e+00
-1.073045088185111018e+00
-2.674656695311582455e-01
6.407461215685392730e-01
0.000000000000000000e+00
0.000000000000000000e+00
0.000000000000000000e+00
0.000000000000000000e+00
0.000000000000000000e+00
0.000000000000000000e+00
0.000000000000000000e+00
0.000000000000000000e+00
0.000000000000000000e+00
0.000000000000000000e+00
0.000000000000000000e+00
0.000000000000000000e+00
0.000000000000000000e+00
0.000000000000000000e+00
0.000000000000000000e+00
0.000000000000000000e+00
0.000000000000000000e+00
0.000000000000000000e+00
0.000000000000000000e+00
-7.531192184111638044e-01
0.000000000000000000e+00
0.000000000000000000e+00
0.000000000000000000e+00
0.000000000000000000e+00
0.000000000000000000e+00
0.000000000000000000e+00
0.000000000000000000e+00
0.000000000000000000e+00
0.000000000000000000e+00
-1.701565453784561255e+00
-1.073064726363491372e+00
0.000000000000000000e+00
0.000000000000000000e+00
-2.025741541716941096e+00
-1.525341013420140834e+00
-4.210692075658000189e-01
7.682088286382829923e-01
1.119373769545188413e+00
0.000000000000000000e+00
0.000000000000000000e+00
0.000000000000000000e+00
0.000000000000000000e+00
0.000000000000000000e+00
0.000000000000000000e+00
0.000000000000000000e+00
0.000000000000000000e+00
-2.406932797789909928e-01
-1.701755598521719759e-01
-6.207263091593229198e-02
-3.205171829236090619e-02
-1.425070393609896291e-01
-3.029459223106284460e-01
-4.662641484126160418e-01
-6.776133968443981415e-01
-7.983714606346378195e-01
-6.067848741245556177e-01
-2.503774570173875058e-01
7.497537009623211901e-02
6.231764620245787700e-01
1.383198211394028876e+00
1.730099590541401167e+00
1.244554271652823951e+00
3.439502177663862903e-01
-4.634468378139580125e-01
-9.482226063523775395e-01
-6.887993851797864497e-01
0.000000000000000000e+00
0.000000000000000000e+00
0.000000000000000000e+00
0.000000000000000000e+00
-2.367448365466179983e+00
-1.488419214315268801e+00
-4.668629819174304613e-02
1.048694732392747353e+00
8.662068047821154249e-01
-2.701665693345197128e-01
-1.245016449909426282e+00
-1.639445619620703232e+00
-1.533691045568627231e+00
-1.060010239150471989e+00
-5.097351767064182138e-01
-1.892397690760758144e-01
