0.000000000000000000e+00
0.000000000000000000e+00
0.000000000000000000e+00
0.000000000000000000e+00
0.000000000000000000e+00
0.000000000000000000e+00
0.000000000000000000e+00
0.000000000000000000e+00
0.000000000000000000e+00
0.000000000000000000e+00
0.000000000000000000e+00
0.000000000000000000e+00
0.000000000000000000e+00
0.000000000000000000e+00
0.000000000000000000e+00
0.000000000000000000e+00
0.000000000000000000e+00
0.000000000000000000e+00
0.000000000000000000e+00
0.000000000000000000e+00
0.000000000000000000e+00
0.000000000000000000e+00
0.000000000000000000e+00
0.000000000000000000e+00
0.000000000000000000e+00
0.000000000000000000e+00
0.000000000000000000e+00
0.000000000000000000e+00
0.000000000000000000e+00
0.000000000000000000e+00
0.000000000000000000e+00
0.000000000000000000e+00
0.000000000000000000e+00
0.000000000000000000e+00
0.000000000000000000e+00
0.000000000000000000e+00
0.000000000000000000e+00
3.880364077008683146e-03
2.655938997360482879e-03
8.496684591839331890e-03
1.871986491178553869e-02
2.187856932545299490e-02
2.135245805702259969e-02
1.630414187647916124e-02
6.311714725006030424e-03
-4.612964729460731833e-04
-1.693898487469314368e-03
-3.113865956629612605e-04
1.143103908766087470e-03
3.347438756310835680e-04
-3.448000728186846869e-03
-8.599148094209063328e-03
-1.527273659722586281e-02
-2.471900729741165204e-02
-2.378573332121421136e-02
6.162319565835946977e-03
3.972229040809417688e-02
3.828549862819061178e-02
2.167754328052467344e-02
1.329796541445001264e-02
1.232461802575548875e-02
1.346222561435306275e-02
1.304251950710855548e-02
9.658650968019950184e-03
2.232971574614358527e-03
-7.116942759367602019e-03
-8.302004478399585552e-03
6.194719922498394954e-03
1.831152218913655733e-02
1.001803822827915073e-02
-4.952848845884011419e-04
0.000000000000000000e+00
5.394837638080672050e-03
6.816831560176355364e-04
-6.364754525331510308e-03
-8.484232787809388443e-03
-5.458522955612540861e-03
-5.251515728614512477e-03
-6.273284865093286568e-03
-8.481954218897821626e-03
-1.140572375576977618e-02
-1.055566334263827004e-02
-6.188771626281532739e-03
-1.793974130457853550e-03
-8.905149603853216081e-05
-2.493711268986767773e-03
-8.651034906836633717e-03
-1.665181397661558843e-02
-2.629567825284234023e-02
-3.806968466662987577e-02
-3.957919359022404188e-02
-1.641828756591968280e-02
1.076091561130855870e-02
1.703995156451084889e-02
1.344512963156247430e-02
1.212458982553096289e-02
1.205115854471380289e-02
1.054401491185825643e-02
6.355008915800248667e-03
-4.046714753160032471e-04
-9.225784702107338309e-03
-1.712351957741602843e-02
-1.586615479032253348e-02
-1.082496057882710626e-03
1.137448261115583080e-02
7.423355017269681749e-03
1.173671963961492705e-03
1.742870497715685169e-03
-6.833690581931724933e-03
-1.428790902312170388e-02
-2.584079613924757102e-02
-3.493762464210415503e-02
-3.810148767908773382e-02
-3.757573864168638894e-02
-3.481143795969909166e-02
-3.039199118575731592e-02
-2.383265398356729237e-02
-1.511856787055757337e-02
-6.531412638957546923e-03
-1.092227753240872538e-03
-8.372258983677242136e-04
-5.534206305103588075e-03
-1.346698525759088341e-02
-2.274654012734440151e-02
-3.345273600379650852e-02
-4.586581589648813795e-02
-4.758317065811444591e-02
-2.821018245388332013e-02
-8.311057225165318849e-03
-8.006454128399338992e-04
1.840292311453958210e-03
3.407090662017997484e-03
2.160064028534732471e-03
-2.604291653799623279e-03
-1.003752421833746522e-02
-1.867806084895604415e-02
-2.649615849036651011e-02
-3.079902174572586235e-02
-2.809209598356279119e-02
-1.752033838968607843e-02
-6.696059666978786303e-03
-3.026238159116525616e-03
-2.457256731137611068e-03
-1.311197908911581906e-03
-1.728416737660864663e-02
-2.520547718528384079e-02
-3.662911662536338236e-02
-4.528389728221876576e-02
-4.700590630495752459e-02
-4.277927260869717613e-02
-3.592156560100864815e-02
-2.747998966159781453e-02
-1.803080270416449610e-02
-8.668785937438343997e-03
-1.127503440961045208e-03
2.167772111488123522e-03
-2.118451064200553059e-04
-7.000320932278476620e-03
-1.565688152434828451e-02
-2.431072118816951858e-02
-3.358970617725027391e-02
-4.441793534377808800e-02
-4.505360436480552316e-02
0.000000000000000000e+00
-1.416298012881809024e-02
-9.532177027514198570e-03
-6.605412409337674609e-03
-5.173734855536269578e-03
-7.311243591046324118e-03
-1.294185601739919651e-02
-2.043200688292274789e-02
-2.793237671875705222e-02
-3.349542545422255074e-02
-3.575666443093796637e-02
-3.373815247731762335e-02
-2.662902151583292423e-02
-1.665066869210227868e-02
-9.223817264362582646e-03
-6.159041082003473104e-03
-5.448691710512498093e-03
-1.690316491583512826e-02
-2.298852848612284797e-02
-3.134702047930864460e-02
-3.689084224580033849e-02
-3.595677453622096037e-02
-2.950590329850357948e-02
-2.202527527820626746e-02
-1.437756522392324293e-02
-7.603758446996076829e-03
-1.655416104852865371e-03
2.967194800597402864e-03
3.782582800091164373e-03
-3.431489635679237896e-04
-7.674194410850033315e-03
-1.545549408450232545e-02
-2.191773189612082964e-02
-2.737709208332621963e-02
-3.273279001139833833e-02
-3.112600104919654997e-02
0.000000000000000000e+00
-1.129054918627513809e-02
-9.549636283443135518e-03
-8.243151283469798626e-03
-7.917544250044233900e-03
-9.939468458585518432e-03
-1.360286644319538482e-02
-1.728411772450333048e-02
-2.025566690491078722e-02
-2.270722400896291876e-02
-2.491462883552169119e-02
-2.550390968076264933e-02
-2.199536668052187033e-02
-1.476086514679217018e-02
-8.789975271057400702e-03
-6.980000837836224103e-03
-7.230538467306349762e-03
-7.651767838361081368e-03
-1.114593338485138363e-02
-1.646405615261267372e-02
-2.021825922814918935e-02
-1.922119165553015652e-02
-1.367973640586542770e-02
-8.817795246734164150e-03
-5.351493650791320708e-03
-2.709623564313280112e-03
6.779128449750595640e-04
4.003885773998043171e-03
4.087732536771797320e-03
-4.734833953943983951e-05
-6.517268472352119764e-03
-1.269810823036745563e-02
-1.673483202400375194e-02
-1.773958426217477416e-02
-1.634170393612916980e-02
-1.283525873819293603e-02
0.000000000000000000e+00
-6.843812381288665904e-03
-7.587079822901834393e-03
-7.985541208346725803e-03
-8.713653463079593792e-03
-9.667286086651155630e-03
-9.049487099758519310e-03
-6.128491452566805012e-03
-3.464951157945287460e-03
-4.396765774753691285e-03
-9.072787630348674859e-03
-1.322325677216546966e-02
-1.309669146173821075e-02
-9.745098675173398742e-03
-7.255766721815769781e-03
-6.862540559368177084e-03
-6.889990315019164750e-03
9.590618984552833765e-03
6.881267502200910137e-03
1.135007632454949466e-03
-3.508928133818757858e-03
0.000000000000000000e+00
-2.016433393544161436e-03
-8.540899711497973402e-04
-9.706799389608864815e-04
-1.406408248688315868e-04
2.980051051253076490e-03
6.227652229395352727e-03
6.286316016032150560e-03
2.508406676613978738e-03
-3.267733297213568523e-03
-8.505032997011236634e-03
-1.072657104150574574e-02
-7.529093006146833633e-03
-4.094952158413065336e-05
4.176238932253962914e-03
0.000000000000000000e+00
-4.283770794464314760e-03
-7.538458532470434549e-03
-9.299648376417659831e-03
-9.966066388736451870e-03
-8.275758702890687740e-03
-2.294771127619209174e-03
6.660260890559888299e-03
1.173959950570393346e-02
8.166920329329576886e-03
-1.126342701522035380e-04
-6.010196776387834866e-03
-7.293476871488578477e-03
-6.479849246880818939e-03
-5.648953604082062978e-03
-4.044215974832919558e-03
-1.882506910058570323e-03
3.216479662807119472e-02
2.666079448505495608e-02
1.450573738961592578e-02
0.000000000000000000e+00
0.000000000000000000e+00
3.283115563069395875e-03
3.515779864809184894e-03
3.193876885925242461e-03
4.533097849758097042e-03
7.959872305571293744e-03
1.073751454955780039e-02
1.009660405709297826e-02
5.768866171618289122e-03
-4.093256424516931785e-04
-5.534737295400673183e-03
-6.078815271136887681e-03
1.348654222286111305e-03
1.398646282345979500e-02
1.804142650387548230e-02
0.000000000000000000e+00
0.000000000000000000e+00
-7.819444706445717944e-03
-1.022550609930022482e-02
-9.292205892793855768e-03
-3.833859847897742260e-03
7.297564392765916452e-03
2.051409259179345565e-02
2.415971020588885895e-02
0.000000000000000000e+00
3.842773929924545202e-03
-1.068072774139651460e-03
-2.505799870922266991e-03
-2.968385035924283547e-03
-1.851298747654675286e-03
2.510242389425017609e-03
7.574170153570907588e-03
5.406819348687581100e-02
4.309359059315299306e-02
0.000000000000000000e+00
0.000000000000000000e+00
0.000000000000000000e+00
6.316579128491120639e-03
8.151504115568640116e-03
9.052660343288507563e-03
1.112700722573246523e-02
1.426812117352986749e-02
1.574991141050412560e-02
1.336818617044597743e-02
7.345741921101177352e-03
3.499971787481236465e-05
-4.767258242700307680e-03
-2.840230724722966112e-03
8.643098045218995315e-03
2.412404340759216267e-02
2.650795259091244874e-02
0.000000000000000000e+00
0.000000000000000000e+00
-8.561399820170503480e-03
-1.088540802465217880e-02
-7.128012933364068736e-03
2.702638492219397448e-03
1.911780864908943153e-02
3.621492026697143568e-02
3.682078111240374291e-02
0.000000000000000000e+00
7.961813852828973984e-03
4.383602855465425392e-03
2.431833459582547364e-03
1.275022977392618016e-03
3.637206045932624490e-03
1.116138358521004056e-02
1.921366660495146123e-02
6.775981985053297629e-02
5.169067887074831058e-02
0.000000000000000000e+00
0.000000000000000000e+00
0.000000000000000000e+00
1.105505770211468591e-02
1.467094420079100882e-02
1.604582010622213409e-02
1.806850556146089720e-02
2.019781144259364877e-02
1.953295376179836618e-02
1.441051449783461481e-02
6.093232003932901389e-03
-1.875650583721054972e-03
-4.943307155684715203e-03
5.639223472787801813e-04
1.521793306711149464e-02
3.027897477076688798e-02
2.913510452050219884e-02
0.000000000000000000e+00
0.000000000000000000e+00
-1.050825844644624578e-02
-1.201327581076463806e-02
-4.730478886206685059e-03
9.679991962940982797e-03
3.111768285927571723e-02
5.122616478806188423e-02
4.851398743273851316e-02
0.000000000000000000e+00
1.168412430685608974e-02
8.153210911591921017e-03
5.711266077737042930e-03
5.113974096495467296e-03
9.969292065393124333e-03
2.114552579155876480e-02
3.205411218539089280e-02
6.960623959752214318e-02
5.077004306945457485e-02
0.000000000000000000e+00
0.000000000000000000e+00
0.000000000000000000e+00
1.712985455433198301e-02
2.151374246356672904e-02
2.245333482370040490e-02
2.373495573051872740e-02
2.415187497631638563e-02
2.059298588578719474e-02
1.237915842715256801e-02
2.460935575944888602e-03
-4.442351524646845698e-03
-4.079621952399033191e-03
5.452380901552715022e-03
2.213374699850633245e-02
3.522019940668202898e-02
3.027722664640301181e-02
0.000000000000000000e+00
0.000000000000000000e+00
0.000000000000000000e+00
-1.055869153905774835e-02
-5.251563062430144929e-04
1.727313822448964253e-02
4.112950922003368731e-02
6.065122368950180004e-02
0.000000000000000000e+00
0.000000000000000000e+00
1.240238039119760660e-02
8.786514044028616299e-03
7.344567395453623602e-03
9.070595537950689943e-03
1.739119470234112494e-02
3.179369493568166838e-02
4.433185206139111240e-02
6.306358286414044667e-02
4.440506866265059305e-02
0.000000000000000000e+00
0.000000000000000000e+00
1.476983993076812218e-02
2.340887660952007190e-02
2.636743315478664793e-02
2.606041094967535832e-02
2.596559262003025198e-02
2.406540055424021343e-02
1.767249968712856015e-02
7.743754401703542220e-03
-1.273742185436235828e-03
-4.690508370935194370e-03
9.481548214365250989e-05
1.290375285112153880e-02
3.029033899362300677e-02
4.142958605689661677e-02
3.352797714440248350e-02
0.000000000000000000e+00
0.000000000000000000e+00
0.000000000000000000e+00
-4.056521147909919987e-03
7.226284927947260184e-03
2.591317271061218189e-02
4.766477081945244554e-02
6.140436372818638272e-02
0.000000000000000000e+00
0.000000000000000000e+00
0.000000000000000000e+00
7.396242191445642246e-03
8.791305174935577435e-03
1.380412284600195279e-02
2.521586730664561460e-02
4.115114951652151104e-02
5.341925038610933346e-02
5.507512247833073332e-02
3.939893803047310461e-02
0.000000000000000000e+00
0.000000000000000000e+00
2.388222934806253847e-02
2.846313420526771359e-02
2.713665127682160852e-02
2.442394144272321335e-02
2.225824600281002194e-02
1.823176114678578749e-02
1.087216208115622008e-02
2.587539204596483230e-03
-2.100494210891546039e-03
-9.355518037103267945e-05
8.974401325410422472e-03
2.335426520974596618e-02
3.928208852620092284e-02
4.730875822830713645e-02
0.000000000000000000e+00
0.000000000000000000e+00
0.000000000000000000e+00
0.000000000000000000e+00
4.984190294299922427e-03
1.756813865352234785e-02
3.485790614853411656e-02
5.089980443709509611e-02
5.622710821279471721e-02
0.000000000000000000e+00
0.000000000000000000e+00
0.000000000000000000e+00
6.278483627778191911e-03
1.107331747998048684e-02
1.904261904110560524e-02
3.218248026917624321e-02
4.767871806811211505e-02
5.819513129735728874e-02
4.870220865255374398e-02
3.683251955036109110e-02
0.000000000000000000e+00
0.000000000000000000e+00
3.023618187063313589e-02
2.891298388173584727e-02
2.209460630057343347e-02
1.606862127162287171e-02
1.191552736143548959e-02
7.460701044174032626e-03
2.253367449296477237e-03
-1.179829215651605158e-03
3.158257384850571693e-04
7.840505531131511385e-03
2.000871338232512731e-02
3.401451215646209697e-02
4.581509282459178545e-02
4.793137386497582642e-02
0.000000000000000000e+00
0.000000000000000000e+00
0.000000000000000000e+00
0.000000000000000000e+00
1.372632888280999643e-02
2.753932667076473134e-02
4.178015626901873669e-02
5.095681140074526105e-02
4.881835084779989620e-02
0.000000000000000000e+00
0.000000000000000000e+00
0.000000000000000000e+00
6.236117126758324546e-03
1.353489877146509500e-02
2.347600927618135117e-02
3.665015962200010580e-02
4.973810534217711077e-02
5.732258979851360958e-02
4.231920954537350676e-02
0.000000000000000000e+00
2.530921187155188434e-02
2.537563030448364634e-02
2.743974741579799023e-02
2.201017498084326465e-02
1.151667697279871484e-02
3.096358130568166531e-03
-1.826681256922091812e-03
-4.986550392720101414e-03
-6.491303690509236946e-03
-4.596401640534385907e-03
2.252695757090889418e-03
1.370335683112088379e-02
2.730343893275073361e-02
3.949804622286879480e-02
4.604082166142479254e-02
4.166795474700531882e-02
0.000000000000000000e+00
0.000000000000000000e+00
0.000000000000000000e+00
0.000000000000000000e+00
2.009798533775552370e-02
3.384413215902264127e-02
4.423163757101127025e-02
4.730058946657717672e-02
3.994878106060452405e-02
0.000000000000000000e+00
0.000000000000000000e+00
0.000000000000000000e+00
5.763669495707736054e-03
1.392105692903055671e-02
2.463172956913721109e-02
3.646506327408541998e-02
4.583613161462680996e-02
4.984775562221363532e-02
3.049042464723931978e-02
0.000000000000000000e+00
1.979282471888916053e-02
1.860991568843221519e-02
1.741357206444007003e-02
1.060468293085081899e-02
1.541788592183244327e-04
-8.023820612282964865e-03
-1.242796152317954955e-02
-1.423620262949901183e-02
-1.326560080238251872e-02
-8.302213817302936394e-03
1.145925063357839920e-03
1.379322497359798325e-02
2.670004632586274115e-02
3.619778661517319279e-02
3.842460785655200245e-02
3.030739041754663271e-02
0.000000000000000000e+00
0.000000000000000000e+00
0.000000000000000000e+00
0.000000000000000000e+00
2.088748091739679388e-02
3.337923557211952552e-02
4.058267495375549039e-02
3.973667548777260611e-02
2.979964976178778313e-02
0.000000000000000000e+00
0.000000000000000000e+00
0.000000000000000000e+00
2.467370291759853670e-03
9.521779598343646511e-03
2.009939061574432528e-02
3.044084140889891099e-02
3.672166261945422616e-02
3.813636984025253751e-02
0.000000000000000000e+00
0.000000000000000000e+00
1.160422751484154781e-02
1.114289121366278563e-02
9.137206369564309857e-03
3.228061316035447763e-03
-4.644969619574113029e-03
-1.045925547536662864e-02
-1.352133601404624519e-02
-1.453091015138019242e-02
-1.294650274963145969e-02
-7.694089078825325917e-03
1.248756904156283869e-03
1.217616205963401553e-02
2.218084738796177388e-02
2.815132699292866372e-02
2.736589855245039407e-02
1.894463057911514869e-02
0.000000000000000000e+00
0.000000000000000000e+00
0.000000000000000000e+00
2.273670101160370216e-03
1.421978853582707772e-02
2.598819383344197834e-02
3.188504915261309441e-02
2.984316376803532872e-02
2.007067355958755753e-02
0.000000000000000000e+00
0.000000000000000000e+00
0.000000000000000000e+00
-3.864161899325424532e-03
6.078068163743113742e-04
1.075776643089655996e-02
2.044719818382310580e-02
2.540769679466943140e-02
2.594754625479811505e-02
0.000000000000000000e+00
0.000000000000000000e+00
5.372339936522453618e-03
5.649331524693683958e-03
4.552063008165476397e-03
6.823343733157699424e-04
-3.995717510397864790e-03
-6.910657032228983108e-03
-8.124930077870079134e-03
-8.031620435140014030e-03
-5.968258069958913385e-03
-9.873754888456024240e-04
6.776128447568122506e-03
1.546569846322144726e-02
2.200286064612791068e-02
2.355799723273035995e-02
1.917786878360101116e-02
1.084821290869155720e-02
0.000000000000000000e+00
0.000000000000000000e+00
0.000000000000000000e+00
-8.444076597843470922e-03
2.020214884850249273e-03
1.485494294700620728e-02
2.168260067704070454e-02
2.069016514191543074e-02
1.309986907789083277e-02
0.000000000000000000e+00
0.000000000000000000e+00
0.000000000000000000e+00
-1.105302674710604421e-02
-9.425495422172037660e-03
4.141496486575762148e-04
1.042700703470170881e-02
1.550882753019950169e-02
1.612565442964919091e-02
0.000000000000000000e+00
1.632923929272016425e-03
1.933026037360216715e-03
1.653481499927468611e-03
-1.605752579676583160e-04
-3.914973452459555477e-03
-7.595146921453657836e-03
-9.545385597991130552e-03
-9.916742651018273236e-03
-8.825726647827521545e-03
-5.709376553298438697e-03
1.388279321728052857e-04
8.424137944517405205e-03
1.693868006918535299e-02
2.168469393249544686e-02
1.954575940434664233e-02
1.189596883804985850e-02
3.937805402776730322e-03
0.000000000000000000e+00
0.000000000000000000e+00
-1.697125410492551431e-02
-2.245587574836889477e-02
-1.380611048717435112e-02
2.876457634965926642e-04
1.008114132012962079e-02
1.245346648427517709e-02
8.647717431140440267e-03
0.000000000000000000e+00
0.000000000000000000e+00
0.000000000000000000e+00
-1.614718507581624010e-02
-1.751642184962840659e-02
-8.731071172301953925e-03
2.371076881476855223e-03
9.089160642036344870e-03
1.033626149105135172e-02
0.000000000000000000e+00
-6.641168968399538321e-04
4.518062094671718222e-06
-1.270577288010710281e-03
-5.466802177471689894e-03
-1.171504412975487262e-02
-1.768961928473482617e-02
-2.202801698686084400e-02
-2.442548843360026548e-02
-2.454454407368164906e-02
-2.184814659441600485e-02
-1.574560302776190773e-02
-6.372742158167664546e-03
4.117105014211788240e-03
1.073887812532016255e-02
9.206111882382949155e-03
2.179255154528668241e-03
-2.978266205750406542e-03
0.000000000000000000e+00
0.000000000000000000e+00
-2.787661461105306673e-02
-3.680590958324185535e-02
-3.172096603708153550e-02
-1.836606084677774170e-02
-4.693438660533058235e-03
0.000000000000000000e+00
0.000000000000000000e+00
0.000000000000000000e+00
0.000000000000000000e+00
0.000000000000000000e+00
0.000000000000000000e+00
-2.073922797985773558e-02
-1.561427577235980496e-02
-3.406507588358004702e-03
7.302870250282800062e-03
1.038389881535739696e-02
0.000000000000000000e+00
-2.196687274049681071e-03
-1.149424167446367554e-03
-2.515146806041803837e-03
-7.726892272756974954e-03
-1.574597488363901204e-02
-2.426480776029790731e-02
-3.187952580095626542e-02
-3.784251097234270222e-02
-4.149699641513954901e-02
-4.225105699163148737e-02
-3.924552598471028192e-02
-3.157120314561571300e-02
-1.963459192200278994e-02
-8.021973844483347785e-03
-3.887330413824217987e-03
-6.739801953132097678e-03
-8.226044192686349579e-03
0.000000000000000000e+00
-1.525320220904279392e-02
-3.218882699363376232e-02
-4.497056345032301311e-02
-4.691635264186384824e-02
-3.857879043871279001e-02
-2.243661601011061324e-02
0.000000000000000000e+00
0.000000000000000000e+00
0.000000000000000000e+00
0.000000000000000000e+00
0.000000000000000000e+00
0.000000000000000000e+00
-1.829347791391988665e-02
-1.908199692757131527e-02
-7.044640147207580777e-03
9.279003394823435308e-03
1.571620220561152290e-02
0.000000000000000000e+00
-7.754868038879017024e-03
-4.889529358761706204e-03
-3.879420052775905351e-03
-6.751177157158188072e-03
-1.327978733493824851e-02
-2.163778358369986693e-02
-3.021404724525469238e-02
-3.795108979417138179e-02
-4.431007353535098420e-02
-4.912609128909022765e-02
-5.159145707281614229e-02
-4.951192084404368310e-02
-4.007089040222815146e-02
-2.507173441769802724e-02
-1.422426944933137018e-02
-1.184486870626931532e-02
0.000000000000000000e+00
-8.548487599860959962e-03
-1.467000295755172337e-02
-2.997056482841280525e-02
-4.570141632069493060e-02
-5.629815600161246908e-02
-5.709178561026927168e-02
-4.140758822361316482e-02
0.000000000000000000e+00
0.000000000000000000e+00
0.000000000000000000e+00
0.000000000000000000e+00
0.000000000000000000e+00
0.000000000000000000e+00
-1.378732025939191468e-02
-1.923828521011518647e-02
-8.959779767447998561e-03
1.133897064013141172e-02
2.076408993268683001e-02
0.000000000000000000e+00
-2.001268133917289208e-02
-1.451920301687289333e-02
-8.948958453914617611e-03
-6.969652537611782141e-03
-9.488853648289552467e-03
-1.526729548938552186e-02
-2.245943048212922788e-02
-2.950951642764247651e-02
-3.590997354175418793e-02
-4.234872183437151522e-02
-4.900116679340293241e-02
-5.334263326730363103e-02
-4.985550355497372216e-02
-3.642230608069645104e-02
-2.169950654852630806e-02
0.000000000000000000e+00
-8.847250933719545338e-03
-5.889934677449189075e-03
-9.989950267425223504e-03
-2.284976405950071843e-02
-4.036708507063592466e-02
-5.868702706729150842e-02
-6.921548430294327536e-02
-5.594857632704033218e-02
0.000000000000000000e+00
0.000000000000000000e+00
0.000000000000000000e+00
0.000000000000000000e+00
0.000000000000000000e+00
0.000000000000000000e+00
-9.209825603928727816e-03
-1.595001673256079069e-02
0.000000000000000000e+00
1.072375768691446150e-02
1.954636800214552481e-02
0.000000000000000000e+00
-3.241163332204533010e-02
-2.796657069081567859e-02
-1.773910087340396444e-02
-1.025123577665927252e-02
-8.215716717993315488e-03
-1.055814306758947121e-02
-1.543884147507505744e-02
-2.086283676643681945e-02
-2.586573943252593391e-02
-3.161207835374929553e-02
-3.966753701285515021e-02
-4.832084414906414466e-02
-5.092371239184547566e-02
-4.229558082388165663e-02
0.000000000000000000e+00
-1.577881872737837629e-02
-7.542107992024225938e-03
-1.579709835694434548e-03
-1.863525406177615187e-03
-1.176658768054256871e-02
-2.985862194281624013e-02
-5.335179149881285471e-02
-7.147754961049261613e-02
-6.192585963763309193e-02
0.000000000000000000e+00
0.000000000000000000e+00
0.000000000000000000e+00
0.000000000000000000e+00
0.000000000000000000e+00
0.000000000000000000e+00
-5.011922241435699810e-03
-9.877816652846520967e-03
0.000000000000000000e+00
0.000000000000000000e+00
0.000000000000000000e+00
0.000000000000000000e+00
0.000000000000000000e+00
-3.843349271523843064e-02
-2.706245070572414063e-02
-1.478681207195323664e-02
-8.553067282946372196e-03
-7.371768262238188527e-03
-9.572901530263626391e-03
-1.333631774852167377e-02
-1.717064745862816044e-02
-2.191481220181458120e-02
-3.008070951725681438e-02
-4.122817724520067006e-02
-4.815362167452198749e-02
-4.343099421469871768e-02
0.000000000000000000e+00
-1.939935814411312617e-02
-9.764889473344669571e-03
1.713848081235129701e-04
5.266681000689685775e-03
-4.138721885883945456e-04
-1.693120267116594857e-02
-4.182592266164881362e-02
-6.408731245927788700e-02
-5.916769246942935739e-02
0.000000000000000000e+00
0.000000000000000000e+00
0.000000000000000000e+00
0.000000000000000000e+00
0.000000000000000000e+00
0.000000000000000000e+00
-2.195302901924859121e-03
-4.384428699237906402e-03
0.000000000000000000e+00
0.000000000000000000e+00
0.000000000000000000e+00
0.000000000000000000e+00
0.000000000000000000e+00
-4.189115039693393910e-02
-3.533898190312440013e-02
-2.018857468129059765e-02
-9.869991461046804734e-03
-4.947680174511755180e-03
-3.899110335314039458e-03
-5.620975116171501515e-03
-8.643164884079382673e-03
-1.311077221986867158e-02
-2.166593760693727444e-02
-3.475745507873274215e-02
-4.403609420663335411e-02
-3.976126267649938290e-02
0.000000000000000000e+00
-1.783145923331579813e-02
-1.123374533703969461e-02
-2.197135184446934956e-03
6.939379029125896867e-03
7.009191009612599464e-03
-5.750147565643278467e-03
-2.890516151273627918e-02
-5.179069515611868513e-02
-5.097337409216090576e-02
0.000000000000000000e+00
0.000000000000000000e+00
0.000000000000000000e+00
0.000000000000000000e+00
0.000000000000000000e+00
0.000000000000000000e+00
0.000000000000000000e+00
0.000000000000000000e+00
0.000000000000000000e+00
0.000000000000000000e+00
0.000000000000000000e+00
0.000000000000000000e+00
0.000000000000000000e+00
-4.100398962504321621e-02
-4.195262079357090640e-02
-2.755603098053383687e-02
-1.391017420368838645e-02
-4.791224208467365943e-03
3.776382804684016688e-04
1.753498116183762516e-03
1.484484130387975535e-04
-4.252462189940415214e-03
-1.358977003344485381e-02
-2.807074747258681696e-02
-3.726562545821521938e-02
-3.040747069557114823e-02
0.000000000000000000e+00
0.000000000000000000e+00
0.000000000000000000e+00
-8.622284737692886836e-03
1.114236145605956982e-03
7.710284698673945496e-03
4.948876880888226351e-04
-1.936041707699717035e-02
-4.088708819019266222e-02
-4.249418234372077940e-02
0.000000000000000000e+00
0.000000000000000000e+00
-3.769041382087116605e-03
-3.319324170331524292e-03
0.000000000000000000e+00
0.000000000000000000e+00
0.000000000000000000e+00
0.000000000000000000e+00
0.000000000000000000e+00
0.000000000000000000e+00
0.000000000000000000e+00
0.000000000000000000e+00
0.000000000000000000e+00
0.000000000000000000e+00
-4.226322163702195961e-02
-3.446504089514006858e-02
-2.049197020389411164e-02
-7.393297266063914019e-03
2.311271525837660032e-03
7.550143016236774557e-03
8.376284202280112265e-03
4.803775768827357392e-03
-4.686497665264797649e-03
-1.920934244493469750e-02
-2.680598191733790658e-02
0.000000000000000000e+00
0.000000000000000000e+00
0.000000000000000000e+00
0.000000000000000000e+00
-2.003586366080357950e-02
-1.245167674930762469e-02
5.673786224390160206e-04
1.082997327076621252e-03
-1.368480368195556726e-02
-3.300614026987607613e-02
-3.611434891941992659e-02
-1.995571331759364228e-02
-9.438842807095068968e-03
-8.606204393293638219e-03
-7.269648111678050570e-03
-4.010742504399182444e-03
0.000000000000000000e+00
0.000000000000000000e+00
0.000000000000000000e+00
0.000000000000000000e+00
0.000000000000000000e+00
0.000000000000000000e+00
0.000000000000000000e+00
0.000000000000000000e+00
0.000000000000000000e+00
-3.444431298135854080e-02
-3.559166715740223058e-02
-2.434382101419498359e-02
-9.152945151373865704e-03
3.450384832911608957e-03
1.139193775617325724e-02
1.456048912146649423e-02
1.287520359543290090e-02
5.305881833895783294e-03
-6.749980492985726936e-03
-1.336380944098675833e-02
0.000000000000000000e+00
0.000000000000000000e+00
0.000000000000000000e+00
0.000000000000000000e+00
-3.136552592385199317e-02
-2.869451445419024527e-02
-1.232725932785754680e-02
-3.250005058119384126e-03
-9.892719983754209509e-03
-2.507562966164872051e-02
-2.954068825833025200e-02
0.000000000000000000e+00
-1.257320304422825628e-02
-1.140523571413422886e-02
0.000000000000000000e+00
0.000000000000000000e+00
0.000000000000000000e+00
0.000000000000000000e+00
0.000000000000000000e+00
0.000000000000000000e+00
0.000000000000000000e+00
0.000000000000000000e+00
0.000000000000000000e+00
0.000000000000000000e+00
0.000000000000000000e+00
-2.383221336194824708e-02
-3.060305798622625292e-02
-2.326168138879676842e-02
-9.143915452288408838e-03
3.238621810414330816e-03
1.166888618035260249e-02
1.639984655071981962e-02
1.773919168393488927e-02
1.533106235484374413e-02
9.801905445908603090e-03
4.221374195251265636e-03
0.000000000000000000e+00
0.000000000000000000e+00
0.000000000000000000e+00
0.000000000000000000e+00
0.000000000000000000e+00
-3.784817962182562140e-02
-2.673188306382295182e-02
-1.197319741173468073e-02
-7.399609286955803437e-03
-1.482709869101243860e-02
-1.931992609996726826e-02
-1.388942854930845516e-02
0.000000000000000000e+00
0.000000000000000000e+00
0.000000000000000000e+00
0.000000000000000000e+00
0.000000000000000000e+00
0.000000000000000000e+00
0.000000000000000000e+00
0.000000000000000000e+00
0.000000000000000000e+00
0.000000000000000000e+00
0.000000000000000000e+00
0.000000000000000000e+00
0.000000000000000000e+00
0.000000000000000000e+00
-2.562018951685741258e-02
-2.322264797782248522e-02
-1.357604462814546858e-02
-4.086762384253989598e-03
3.897855062347188159e-03
1.083432688673166555e-02
1.724002245083127577e-02
2.341096624231567974e-02
2.777611105743019171e-02
2.380029649430922059e-02
0.000000000000000000e+00
0.000000000000000000e+00
0.000000000000000000e+00
0.000000000000000000e+00
0.000000000000000000e+00
0.000000000000000000e+00
-4.045355838030616907e-02
-2.560236139933721664e-02
-8.699512924364072655e-03
-4.626596395817601098e-03
-5.463151112361634178e-03
-2.575138711979688567e-03
0.000000000000000000e+00
0.000000000000000000e+00
0.000000000000000000e+00
0.000000000000000000e+00
0.000000000000000000e+00
0.000000000000000000e+00
0.000000000000000000e+00
0.000000000000000000e+00
0.000000000000000000e+00
0.000000000000000000e+00
0.000000000000000000e+00
0.000000000000000000e+00
0.000000000000000000e+00
0.000000000000000000e+00
-2.289599039092571689e-02
-2.599456600444377888e-02
-2.432799982637912431e-02
-2.068918637526187890e-02
-1.381884873696651549e-02
-2.907073062861150782e-03
1.087492505645965002e-02
2.600304102518670793e-02
3.706256981736358314e-02
0.000000000000000000e+00
0.000000000000000000e+00
0.000000000000000000e+00
0.000000000000000000e+00
0.000000000000000000e+00
0.000000000000000000e+00
0.000000000000000000e+00
-5.157622602558860347e-02
-4.375715870702724664e-02
-2.020043832067919265e-02
-2.648128898539509751e-03
7.467088670496392112e-03
0.000000000000000000e+00
0.000000000000000000e+00
0.000000000000000000e+00
0.000000000000000000e+00
0.000000000000000000e+00
0.000000000000000000e+00
0.000000000000000000e+00
0.000000000000000000e+00
0.000000000000000000e+00
0.000000000000000000e+00
0.000000000000000000e+00
0.000000000000000000e+00
0.000000000000000000e+00
0.000000000000000000e+00
0.000000000000000000e+00
0.000000000000000000e+00
0.000000000000000000e+00
-3.367366197761977042e-02
-3.854880632052315459e-02
-3.542980633066910440e-02
-2.117267191412046390e-02
-5.668893959666858719e-04
1.803147036405601533e-02
0.000000000000000000e+00
0.000000000000000000e+00
0.000000000000000000e+00
0.000000000000000000e+00
0.000000000000000000e+00
0.000000000000000000e+00
0.000000000000000000e+00
0.000000000000000000e+00
-6.204529214632165807e-02
-6.461759905659507364e-02
-4.735592669018807294e-02
-2.153763441666286735e-02
4.257430538059828878e-03
2.586228217017141548e-02
0.000000000000000000e+00
0.000000000000000000e+00
0.000000000000000000e+00
0.000000000000000000e+00
0.000000000000000000e+00
0.000000000000000000e+00
0.000000000000000000e+00
0.000000000000000000e+00
0.000000000000000000e+00
0.000000000000000000e+00
0.000000000000000000e+00
0.000000000000000000e+00
0.000000000000000000e+00
0.000000000000000000e+00
0.000000000000000000e+00
0.000000000000000000e+00
0.000000000000000000e+00
0.000000000000000000e+00
0.000000000000000000e+00
-3.420340270742332905e-02
0.000000000000000000e+00
0.000000000000000000e+00
0.000000000000000000e+00
0.000000000000000000e+00
0.000000000000000000e+00
0.000000000000000000e+00
0.000000000000000000e+00
0.000000000000000000e+00
0.000000000000000000e+00
-5.375115210679693584e-02
-6.322279102762552727e-02
0.000000000000000000e+00
0.000000000000000000e+00
-5.692661882224992614e-02
-2.820994057773813790e-02
7.082384784828896912e-03
3.226867996933372590e-02
3.454357621005988560e-02
0.000000000000000000e+00
0.000000000000000000e+00
0.000000000000000000e+00
0.000000000000000000e+00
0.000000000000000000e+00
0.000000000000000000e+00
0.000000000000000000e+00
0.000000000000000000e+00
-2.488077916702435312e-03
-3.610125737457717341e-03
-2.714206454334789666e-03
-2.325828816002795119e-03
-5.422406944388175574e-03
-1.281095812486239376e-02
-2.357362789859151347e-02
-3.410038453374050760e-02
-4.117459464260937035e-02
-3.576507348977663037e-02
-1.983123377437719451e-02
-9.852007309243668298e-03
-4.016002858849775439e-03
6.210367097122601251e-03
1.620666539255204847e-02
1.602822153956802442e-02
5.323926799543554286e-03
-1.180433207741563711e-02
-3.271651067365091703e-02
-4.676947441983626830e-02
0.000000000000000000e+00
0.000000000000000000e+00
0.000000000000000000e+00
0.000000000000000000e+00
-6.356657964585027409e-02
-2.515905660474270986e-02
1.231367362331369300e-02
3.064635364466650191e-02
2.311529794100512791e-02
-5.544970248308871705e-04
-2.730672187551657498e-02
-4.759805032550411263e-02
-5.129072339497861566e-02
-3.716087715883340664e-02
-1.903597802147326962e-02
-7.429600903858716784e-03
