0.000000000000000000e+00
0.000000000000000000e+00
0.000000000000000000e+00
0.000000000000000000e+00
0.000000000000000000e+00
0.000000000000000000e+00
0.000000000000000000e+00
0.000000000000000000e+00
0.000000000000000000e+00
0.000000000000000000e+00
0.000000000000000000e+00
0.000000000000000000e+00
0.000000000000000000e+00
0.000000000000000000e+00
0.000000000000000000e+00
0.000000000000000000e+00
0.000000000000000000e+00
0.000000000000000000e+00
0.000000000000000000e+00
0.000000000000000000e+00
0.000000000000000000e+00
0.000000000000000000e+00
0.000000000000000000e+00
0.000000000000000000e+00
0.000000000000000000e+00
0.000000000000000000e+00
0.000000000000000000e+00
0.000000000000000000e+00
0.000000000000000000e+00
0.000000000000000000e+00
0.000000000000000000e+00
0.000000000000000000e+00
0.000000000000000000e+00
0.000000000000000000e+00
0.000000000000000000e+00
0.000000000000000000e+00
0.000000000000000000e+00
-4.781798799999999794e+00
-6.174992099999999873e+00
-5.997438400000000058e+00
-3.119054100000000052e+00
-1.938725500000000102e+00
-9.580957900000000027e-01
3.461375500000000160e-01
1.485974200000000023e+00
1.910656799999999933e+00
2.061430899999999955e+00
1.926002500000000062e+00
1.662411199999999978e+00
1.278962300000000107e+00
9.460703099999999699e-01
5.374535900000000366e-01
1.730995200000000067e-01
-1.994084600000000096e-01
-1.948718399999999962e+00
-1.679575400000000052e+00
7.575053000000000480e-01
3.317222000000000226e-01
4.095920900000000198e-01
1.289493899999999971e-01
-5.885090800000000177e-01
-1.737315299999999896e+00
-2.842524099999999887e+00
-3.295465200000000205e+00
-3.316779100000000202e+00
-4.199181600000000181e+00
-6.252229700000000001e+00
-5.625308500000000045e+00
-2.933840000000000003e+00
-4.266832400000000192e+00
-7.272259700000000215e+00
0.000000000000000000e+00
1.691934000000000049e+00
1.792170800000000064e+00
2.094411599999999929e+00
2.311824999999999797e+00
2.644385100000000044e+00
3.362527399999999833e+00
3.845166900000000165e+00
3.990170500000000064e+00
4.139875899999999831e+00
4.312188599999999816e+00
4.449217299999999931e+00
4.543534799999999763e+00
4.468075800000000264e+00
4.399035900000000332e+00
4.277334699999999934e+00
4.132285099999999822e+00
3.996959400000000162e+00
3.891305000000000014e+00
3.831138600000000061e+00
2.720135200000000086e+00
1.892178300000000091e+00
2.308961200000000158e+00
2.634365600000000196e+00
2.829613399999999945e+00
3.032008900000000118e+00
3.205416699999999786e+00
3.363454299999999897e+00
3.437609699999999879e+00
3.471136599999999905e+00
3.347424300000000130e+00
3.103172799999999842e+00
2.815284999999999815e+00
2.779860499999999845e+00
2.627796599999999927e+00
2.548039000000000165e+00
2.033550700000000155e+00
6.188546200000000219e+00
6.148194300000000112e+00
6.073275599999999663e+00
5.953084900000000346e+00
5.934585600000000127e+00
5.956223500000000115e+00
6.103109800000000362e+00
5.340409799999999763e+00
5.416761900000000018e+00
5.398957300000000181e+00
5.357994099999999982e+00
5.589188100000000325e+00
5.648507099999999781e+00
5.799928699999999715e+00
5.903423300000000040e+00
5.931871899999999975e+00
5.915530699999999698e+00
5.838826199999999744e+00
5.528573999999999877e+00
4.909454799999999786e+00
4.274177100000000173e+00
4.373397399999999990e+00
4.582073699999999583e+00
4.955065300000000228e+00
5.108453800000000378e+00
5.406339199999999678e+00
5.810920199999999980e+00
6.087945900000000243e+00
6.289131199999999922e+00
6.450143800000000205e+00
6.537325899999999912e+00
6.656139399999999817e+00
6.916618800000000178e+00
6.418259599999999843e+00
6.172816799999999660e+00
6.255518000000000356e+00
8.098312399999999300e+00
8.093143500000000046e+00
7.813840899999999756e+00
7.383491000000000248e+00
6.949327900000000113e+00
5.932790800000000253e+00
5.504544300000000057e+00
4.689659100000000080e+00
4.711579799999999985e+00
5.020435799999999560e+00
5.328100199999999731e+00
5.692844400000000249e+00
5.980389599999999639e+00
6.262308599999999892e+00
6.508981200000000022e+00
6.587540599999999635e+00
6.569716500000000181e+00
6.265721799999999675e+00
4.390795699999999968e+00
0.000000000000000000e+00
4.240431300000000014e+00
5.030057900000000082e+00
5.618510699999999858e+00
6.196927500000000144e+00
6.476493399999999845e+00
6.607596899999999884e+00
6.875052000000000163e+00
6.969999299999999565e+00
7.032945200000000341e+00
7.038663900000000417e+00
7.082043200000000205e+00
7.283791100000000185e+00
8.385168099999999569e+00
8.609941499999999692e+00
8.182040199999999430e+00
8.159203500000000275e+00
8.409767199999999221e+00
8.053811599999999515e+00
7.417568199999999834e+00
6.695084900000000339e+00
5.200264299999999729e+00
4.398862099999999664e+00
3.029364900000000027e+00
2.755515299999999890e+00
3.068602299999999783e+00
3.409256399999999854e+00
3.812669000000000086e+00
4.293728100000000047e+00
4.710993400000000442e+00
5.093899999999999650e+00
5.428747500000000059e+00
5.636790500000000037e+00
5.716610799999999770e+00
5.440884399999999843e+00
3.584321699999999833e+00
0.000000000000000000e+00
3.490767200000000070e+00
3.960190100000000157e+00
5.039024200000000064e+00
5.948501000000000261e+00
6.608868900000000046e+00
6.934859200000000001e+00
7.008016500000000093e+00
6.749341799999999836e+00
6.269622700000000215e+00
5.864872300000000038e+00
5.947106100000000062e+00
6.152432799999999702e+00
7.030535200000000096e+00
8.095480900000000091e+00
8.323840600000000478e+00
8.484480400000000699e+00
6.670864599999999811e+00
5.908908799999999850e+00
5.171820600000000212e+00
4.356225000000000236e+00
2.746009799999999945e+00
2.250949400000000100e+00
1.803457599999999994e+00
1.209887099999999993e+00
1.651402800000000060e+00
1.801443099999999964e+00
2.003468799999999828e+00
2.393195200000000078e+00
2.781465799999999877e+00
3.201930500000000013e+00
3.621169599999999988e+00
4.042123799999999711e+00
4.301335800000000376e+00
4.024913299999999694e+00
2.323625799999999852e+00
0.000000000000000000e+00
2.459654800000000030e+00
2.616522300000000190e+00
3.473363599999999884e+00
4.588070899999999952e+00
5.357752800000000093e+00
5.803943199999999969e+00
5.803830099999999881e+00
4.884545300000000090e+00
3.755284099999999903e+00
3.127841699999999836e+00
3.683191799999999905e+00
3.945011399999999835e+00
4.748988200000000326e+00
5.568960200000000249e+00
6.341169400000000067e+00
6.822186900000000165e+00
3.349057000000000173e+00
2.236592499999999983e+00
2.009551999999999783e+00
1.788283599999999973e+00
0.000000000000000000e+00
7.467695500000000042e-01
1.841095600000000054e-01
5.242344700000000079e-01
1.994843799999999889e-01
-1.704707899999999970e-02
2.624423799999999959e-02
2.750123099999999821e-01
6.542330200000000540e-01
1.070770900000000081e+00
1.624831399999999926e+00
2.156783100000000175e+00
2.432659399999999916e+00
2.103306100000000178e+00
1.035365599999999997e+00
0.000000000000000000e+00
3.419533100000000103e-01
5.697854100000000477e-01
1.357656200000000091e+00
2.426089999999999858e+00
3.231303500000000106e+00
3.762839099999999881e+00
3.599057900000000032e+00
2.131616800000000200e+00
2.007213399999999925e+00
7.798370100000000527e-01
8.093089700000000164e-01
1.078484100000000057e+00
1.757438499999999904e+00
2.522013799999999861e+00
3.322742900000000166e+00
3.748747299999999782e+00
2.242741099999999987e-01
-4.269531699999999930e-01
3.155462099999999798e-02
0.000000000000000000e+00
0.000000000000000000e+00
3.245800699999999879e-03
-7.113910900000000037e-01
-6.994529999999999914e-01
-1.096476299999999959e+00
-1.393114799999999986e+00
-1.418161599999999911e+00
-1.162982699999999925e+00
-7.929782899999999746e-01
-3.656935399999999836e-01
2.056201099999999948e-01
6.317405099999999774e-01
6.947625899999999577e-01
3.785990200000000083e-01
2.592032599999999909e-01
0.000000000000000000e+00
0.000000000000000000e+00
-1.227602400000000094e+00
-3.627046299999999723e-01
6.481674899999999573e-01
1.194896900000000040e+00
1.215182699999999949e+00
4.557768099999999767e-01
-5.742477200000000170e-01
0.000000000000000000e+00
-1.057529799999999964e+00
-1.865574199999999960e+00
-1.461865900000000051e+00
-7.615671200000000418e-01
-3.243995100000000159e-02
5.255376099999999884e-01
6.751704800000000173e-01
-2.751713500000000145e+00
-2.249140699999999882e+00
0.000000000000000000e+00
0.000000000000000000e+00
0.000000000000000000e+00
-1.217086099999999949e+00
-2.187836900000000195e+00
-2.457850899999999950e+00
-2.705773799999999785e+00
-2.834701299999999868e+00
-2.703466900000000006e+00
-2.335118800000000050e+00
-1.881938300000000064e+00
-1.415373999999999910e+00
-1.141451100000000052e+00
-1.262281200000000103e+00
-1.646013100000000007e+00
-1.726164800000000055e+00
-2.393395299999999948e-01
0.000000000000000000e+00
0.000000000000000000e+00
-1.640458200000000089e+00
-1.789050000000000029e+00
-1.231993399999999905e+00
-1.377935200000000027e+00
-1.965631099999999964e+00
-2.754047400000000145e+00
-1.330811699999999931e+00
0.000000000000000000e+00
-1.897010599999999991e+00
-3.628463500000000064e+00
-3.386532299999999829e+00
-3.012641200000000019e+00
-2.794661000000000062e+00
-2.804582100000000189e+00
-2.913960499999999954e+00
-3.990912199999999910e+00
-2.259354599999999991e+00
0.000000000000000000e+00
0.000000000000000000e+00
0.000000000000000000e+00
-2.408101600000000175e+00
-3.457076499999999886e+00
-3.744404299999999797e+00
-3.848145500000000219e+00
-3.717544300000000135e+00
-3.402869700000000108e+00
-2.876514400000000027e+00
-2.345585600000000159e+00
-2.061677500000000052e+00
-2.282756299999999960e+00
-2.901504300000000036e+00
-3.534402399999999833e+00
-3.213983999999999952e+00
-8.499150300000000158e-01
0.000000000000000000e+00
0.000000000000000000e+00
-1.422307599999999894e+00
-2.633415700000000026e+00
-2.781230400000000103e+00
-3.382037400000000194e+00
-4.056353599999999560e+00
-4.217065800000000309e+00
-1.100128199999999890e+00
0.000000000000000000e+00
-1.491957100000000036e+00
-2.479091599999999840e+00
-4.209072599999999831e+00
-4.405044600000000088e+00
-4.806204300000000096e+00
-5.145339500000000399e+00
-5.030447500000000183e+00
-4.491865599999999681e+00
-2.011149899999999935e+00
0.000000000000000000e+00
0.000000000000000000e+00
0.000000000000000000e+00
-3.760951799999999956e+00
-4.471292000000000044e+00
-4.752978299999999656e+00
-4.705710400000000071e+00
-4.345564399999999772e+00
-3.798058000000000156e+00
-3.138450900000000043e+00
-2.765515300000000121e+00
-2.996599699999999977e+00
-3.810169000000000139e+00
-4.702292400000000150e+00
-5.184437800000000429e+00
-4.568655500000000202e+00
-1.719020500000000062e+00
0.000000000000000000e+00
0.000000000000000000e+00
0.000000000000000000e+00
-3.329962300000000042e+00
-4.595520500000000119e+00
-5.250091600000000192e+00
-5.501852999999999660e+00
-4.250570800000000204e+00
0.000000000000000000e+00
0.000000000000000000e+00
-1.344751400000000041e+00
-1.501787900000000064e+00
-3.836428199999999844e+00
-5.582156200000000013e+00
-6.408929800000000121e+00
-6.727820399999999701e+00
-6.197566000000000130e+00
-4.344003700000000023e+00
-1.665447499999999970e+00
0.000000000000000000e+00
0.000000000000000000e+00
-2.524631700000000034e+00
-4.508700799999999731e+00
-4.759923900000000430e+00
-4.986628500000000130e+00
-4.788296199999999558e+00
-4.242514599999999803e+00
-3.617070200000000124e+00
-3.334171500000000066e+00
-3.676558700000000179e+00
-4.580453399999999675e+00
-5.579789599999999794e+00
-6.165642700000000254e+00
-6.153160999999999881e+00
-5.392998699999999701e+00
-1.393706200000000006e+00
0.000000000000000000e+00
0.000000000000000000e+00
0.000000000000000000e+00
-4.300044999999999895e+00
-6.081743200000000016e+00
-6.378998799999999747e+00
-5.878512399999999971e+00
-3.299849299999999985e+00
0.000000000000000000e+00
0.000000000000000000e+00
0.000000000000000000e+00
-1.048241399999999990e+00
-3.848394199999999987e+00
-6.144074899999999673e+00
-7.088617300000000121e+00
-7.252029399999999626e+00
-6.451171900000000292e+00
-3.979419200000000156e+00
-1.457976200000000055e+00
0.000000000000000000e+00
0.000000000000000000e+00
-3.548037299999999838e+00
-4.158525000000000027e+00
-4.038475499999999663e+00
-4.094309299999999929e+00
-3.812339300000000097e+00
-3.295748000000000122e+00
-3.134183199999999836e+00
-3.923706500000000208e+00
-5.144382499999999858e+00
-6.280939599999999956e+00
-6.963010800000000167e+00
-7.024177599999999799e+00
-6.476559199999999628e+00
-4.900456900000000005e+00
0.000000000000000000e+00
0.000000000000000000e+00
0.000000000000000000e+00
0.000000000000000000e+00
-5.221052199999999921e+00
-6.864844800000000191e+00
-6.689896100000000345e+00
-5.478019200000000311e+00
-2.502408299999999919e+00
0.000000000000000000e+00
0.000000000000000000e+00
0.000000000000000000e+00
-1.114940199999999937e+00
-3.792872399999999811e+00
-6.219448100000000146e+00
-7.167199600000000004e+00
-7.223074900000000298e+00
-6.339103200000000271e+00
-3.034379200000000054e+00
-1.028960000000000097e+00
0.000000000000000000e+00
0.000000000000000000e+00
-2.446895399999999832e+00
-2.472621900000000039e+00
-2.575216800000000195e+00
-2.403590400000000127e+00
-2.241043799999999919e+00
-2.245636499999999813e+00
-2.982933000000000057e+00
-4.662406899999999688e+00
-6.197045799999999716e+00
-7.171719099999999791e+00
-7.477158499999999819e+00
-7.106319899999999912e+00
-6.093057599999999852e+00
-4.007944600000000079e+00
0.000000000000000000e+00
0.000000000000000000e+00
0.000000000000000000e+00
0.000000000000000000e+00
-4.831820500000000074e+00
-6.910524399999999901e+00
-6.274580499999999894e+00
-4.484490400000000321e+00
-1.508400699999999928e+00
0.000000000000000000e+00
0.000000000000000000e+00
0.000000000000000000e+00
-2.239802399999999860e+00
-3.644609200000000104e+00
-5.724096300000000248e+00
-6.628564400000000134e+00
-6.389834900000000317e+00
-5.317151100000000241e+00
-1.417895700000000092e+00
0.000000000000000000e+00
-2.432571700000000017e-02
-4.753684699999999874e-01
-7.523551000000000544e-01
-1.900249599999999983e+00
-1.843919499999999934e+00
-1.809677600000000108e+00
-2.052256100000000139e+00
-2.556542900000000174e+00
-3.540546899999999830e+00
-5.114814299999999925e+00
-6.513319000000000081e+00
-7.294145099999999715e+00
-7.368015800000000226e+00
-6.758861999999999703e+00
-5.415396199999999993e+00
-2.798738000000000170e+00
0.000000000000000000e+00
0.000000000000000000e+00
0.000000000000000000e+00
0.000000000000000000e+00
-3.968809799999999832e+00
-6.327282000000000295e+00
-5.412685899999999606e+00
-3.261993599999999827e+00
-3.298500500000000057e-01
0.000000000000000000e+00
0.000000000000000000e+00
0.000000000000000000e+00
-2.219334100000000198e+00
-2.659681799999999985e+00
-4.251707999999999821e+00
-5.271280800000000433e+00
-4.899693000000000076e+00
-3.751754500000000103e+00
-1.230781100000000045e-01
0.000000000000000000e+00
1.362020399999999964e-01
-4.473287599999999781e-02
-1.125815599999999916e+00
-2.516701199999999972e+00
-2.812958000000000069e+00
-3.365730800000000134e+00
-3.948783600000000060e+00
-4.479055400000000020e+00
-5.050545200000000179e+00
-5.823805300000000074e+00
-6.482465699999999664e+00
-6.734597700000000131e+00
-6.440293800000000068e+00
-5.653671300000000066e+00
-4.050383599999999973e+00
-1.128082000000000029e+00
0.000000000000000000e+00
0.000000000000000000e+00
0.000000000000000000e+00
0.000000000000000000e+00
-3.650006499999999932e+00
-5.056757900000000028e+00
-4.201310600000000228e+00
-1.944930599999999954e+00
7.985777899999999541e-01
0.000000000000000000e+00
0.000000000000000000e+00
0.000000000000000000e+00
-2.046873300000000118e+00
-1.741463800000000006e+00
-2.360624800000000079e+00
-3.116999900000000157e+00
-2.823988899999999802e+00
-1.806489800000000034e+00
0.000000000000000000e+00
0.000000000000000000e+00
3.038591400000000275e-01
-3.172103700000000193e-01
-2.762283500000000114e+00
-3.479916900000000091e+00
-4.342085299999999926e+00
-5.151435199999999881e+00
-5.722090999999999816e+00
-6.126135599999999570e+00
-6.413420900000000202e+00
-6.578915300000000244e+00
-6.463758200000000009e+00
-5.984784799999999905e+00
-5.074068900000000326e+00
-3.903931899999999899e+00
-2.077227600000000063e+00
4.571621499999999894e-01
0.000000000000000000e+00
0.000000000000000000e+00
0.000000000000000000e+00
-1.618286200000000008e+00
-3.744680199999999903e+00
-3.076766099999999948e+00
-2.430653799999999976e+00
-2.678165100000000076e-01
1.818777099999999924e+00
0.000000000000000000e+00
0.000000000000000000e+00
0.000000000000000000e+00
-1.839678300000000100e+00
-1.320185600000000070e+00
-9.399395099999999781e-01
-9.238175199999999476e-01
-5.351861100000000482e-01
1.906003699999999912e-01
0.000000000000000000e+00
0.000000000000000000e+00
-4.978317899999999685e-02
-1.751197499999999962e+00
-3.216377099999999878e+00
-3.391852899999999948e+00
-4.258885399999999599e+00
-4.856325499999999629e+00
-5.283922999999999703e+00
-5.680220900000000128e+00
-6.066800299999999702e+00
-6.392028500000000335e+00
-6.416830700000000220e+00
-5.889517599999999575e+00
-4.756679000000000102e+00
-3.128115999999999897e+00
-9.673613899999999877e-01
8.959556899999999713e-01
0.000000000000000000e+00
0.000000000000000000e+00
0.000000000000000000e+00
-3.147739500000000135e+00
-3.207340799999999881e+00
-1.084908999999999901e+00
1.424442999999999959e-01
1.956069400000000069e+00
3.026990099999999906e+00
0.000000000000000000e+00
0.000000000000000000e+00
0.000000000000000000e+00
-1.754214200000000057e+00
-1.185138400000000036e+00
-1.608051199999999958e-01
7.849800799999999690e-01
1.406911999999999940e+00
1.656129299999999915e+00
0.000000000000000000e+00
3.493069699999999944e-01
-1.249973000000000056e-01
-1.810708200000000101e+00
-2.986269699999999805e+00
-3.676827700000000032e+00
-4.529781800000000302e+00
-4.919936200000000426e+00
-5.091893200000000341e+00
-5.180112799999999851e+00
-5.184615100000000254e+00
-5.101763199999999721e+00
-4.782991400000000226e+00
-4.057016800000000423e+00
-3.001081699999999852e+00
-2.024251899999999882e+00
-1.251012599999999919e+00
-1.996463800000000122e-01
0.000000000000000000e+00
0.000000000000000000e+00
-2.544813899999999851e+00
-4.820266700000000348e+00
-3.215034000000000169e+00
-1.455996800000000091e-01
1.885774000000000061e+00
1.433456800000000086e+00
1.964174199999999981e+00
0.000000000000000000e+00
0.000000000000000000e+00
0.000000000000000000e+00
-1.697166900000000034e+00
-1.017609399999999997e+00
8.521277500000000449e-02
1.874570400000000081e+00
2.288044900000000048e+00
1.680360000000000076e+00
0.000000000000000000e+00
6.554206599999999883e-01
-3.270520900000000175e-01
-2.193389900000000114e+00
-3.784439299999999839e+00
-5.291958799999999741e+00
-6.397867200000000310e+00
-6.933394400000000068e+00
-7.088260700000000192e+00
-6.950096600000000180e+00
-6.516539599999999766e+00
-5.674899100000000196e+00
-4.333806000000000047e+00
-2.649158200000000019e+00
-1.589215400000000056e+00
-1.939541500000000029e+00
-2.498421399999999792e+00
-1.655943399999999954e+00
0.000000000000000000e+00
0.000000000000000000e+00
-5.473386299999999594e+00
-6.477638200000000346e+00
-4.690725800000000056e+00
-8.182295600000000224e-01
1.857345900000000105e+00
0.000000000000000000e+00
0.000000000000000000e+00
0.000000000000000000e+00
0.000000000000000000e+00
0.000000000000000000e+00
0.000000000000000000e+00
-7.145741599999999583e-01
2.219175100000000123e-01
2.899523299999999804e+00
2.598845700000000036e+00
1.955400500000000097e+00
0.000000000000000000e+00
5.662431700000000179e-01
-6.139212800000000136e-01
-2.697343099999999882e+00
-4.569046000000000163e+00
-6.373639100000000113e+00
-7.500184100000000242e+00
-8.096938099999999139e+00
-8.388713799999999665e+00
-8.465055500000000066e+00
-8.337303199999999137e+00
-7.760188600000000214e+00
-6.426021600000000333e+00
-4.164928899999999601e+00
-2.272187199999999851e+00
-2.946932100000000165e+00
-3.269688599999999834e+00
-3.310181599999999946e+00
0.000000000000000000e+00
-6.314245699999999850e+00
-7.864921599999999735e+00
-7.546154999999999724e+00
-6.329302300000000159e+00
-2.869181399999999993e+00
4.469136000000000220e-01
0.000000000000000000e+00
0.000000000000000000e+00
0.000000000000000000e+00
0.000000000000000000e+00
0.000000000000000000e+00
0.000000000000000000e+00
-8.224092100000000016e-01
5.835625500000000132e-01
2.801409699999999781e+00
2.132140600000000052e+00
1.795088400000000028e+00
0.000000000000000000e+00
-3.377160399999999951e-01
-1.302339399999999925e+00
-2.926229000000000191e+00
-4.400519799999999648e+00
-5.919934300000000427e+00
-6.940565099999999710e+00
-7.586929300000000431e+00
-7.994102500000000333e+00
-8.224818199999999635e+00
-8.300911899999999122e+00
-8.035067599999999644e+00
-7.248234300000000019e+00
-5.622514200000000351e+00
-3.273784399999999817e+00
-2.531425699999999779e+00
-2.064804999999999779e+00
0.000000000000000000e+00
-9.332181900000000141e+00
-8.458190000000000097e+00
-8.007104899999999859e+00
-7.827308200000000049e+00
-7.145068600000000103e+00
-4.814923300000000239e+00
-1.866370899999999944e+00
0.000000000000000000e+00
0.000000000000000000e+00
0.000000000000000000e+00
0.000000000000000000e+00
0.000000000000000000e+00
0.000000000000000000e+00
-3.379099700000000039e-01
1.107800700000000083e+00
2.141608000000000178e+00
2.059106299999999834e+00
1.727376699999999987e+00
0.000000000000000000e+00
-2.271716599999999975e+00
-2.656565399999999855e+00
-3.264289900000000078e+00
-4.013282300000000191e+00
-5.008131500000000180e+00
-5.909627000000000407e+00
-6.634970199999999707e+00
-7.137784500000000421e+00
-7.463371300000000375e+00
-7.669810799999999595e+00
-7.590336299999999703e+00
-6.978445100000000068e+00
-5.546205500000000121e+00
-2.926765200000000178e+00
-5.406919100000000533e-01
0.000000000000000000e+00
-5.054758099999999921e+00
-6.230770099999999978e+00
-7.267394099999999746e+00
-7.491435499999999692e+00
-7.674600599999999773e+00
-7.412629100000000193e+00
-5.890685999999999645e+00
-3.874632099999999912e+00
0.000000000000000000e+00
0.000000000000000000e+00
0.000000000000000000e+00
0.000000000000000000e+00
0.000000000000000000e+00
0.000000000000000000e+00
5.951887999999999623e-01
2.176952399999999788e+00
0.000000000000000000e+00
2.182669399999999982e+00
1.027721799999999908e+00
0.000000000000000000e+00
-2.055447299999999977e+00
-3.487954100000000057e+00
-3.357682500000000125e+00
-3.378667800000000110e+00
-3.771920399999999951e+00
-4.451309700000000369e+00
-5.203120199999999862e+00
-5.778173899999999641e+00
-6.135111799999999782e+00
-6.425648699999999991e+00
-6.512077800000000138e+00
-6.029142900000000083e+00
-4.449421400000000304e+00
-1.238297500000000051e+00
0.000000000000000000e+00
-1.946999900000000006e+00
-4.422730900000000354e+00
-3.727051299999999845e+00
-5.174735100000000365e+00
-6.007129700000000128e+00
-6.721484199999999909e+00
-6.951369800000000154e+00
-6.222701100000000096e+00
-4.243613700000000044e+00
0.000000000000000000e+00
0.000000000000000000e+00
0.000000000000000000e+00
0.000000000000000000e+00
0.000000000000000000e+00
0.000000000000000000e+00
8.197642600000000224e-01
2.887701499999999921e+00
0.000000000000000000e+00
0.000000000000000000e+00
0.000000000000000000e+00
0.000000000000000000e+00
0.000000000000000000e+00
-2.553069600000000161e+00
-2.704838300000000029e+00
-2.177784700000000129e+00
-2.119398100000000174e+00
-2.400966899999999793e+00
-2.958032600000000123e+00
-3.556759399999999793e+00
-3.972001800000000138e+00
-4.336147799999999997e+00
-4.581111899999999792e+00
-4.263840700000000261e+00
-2.375718800000000019e+00
9.962039000000000311e-01
0.000000000000000000e+00
-2.513886499999999913e+00
-3.332623200000000008e+00
-2.510018800000000105e+00
-2.488067200000000145e+00
-3.439265699999999981e+00
-4.676124599999999631e+00
-5.483548200000000428e+00
-5.379955299999999774e+00
-3.406516299999999831e+00
0.000000000000000000e+00
0.000000000000000000e+00
0.000000000000000000e+00
0.000000000000000000e+00
0.000000000000000000e+00
0.000000000000000000e+00
1.160514199999999940e+00
2.534869200000000156e+00
0.000000000000000000e+00
0.000000000000000000e+00
0.000000000000000000e+00
0.000000000000000000e+00
0.000000000000000000e+00
-1.518831000000000042e+00
-1.663155600000000067e+00
-8.512861099999999848e-01
-6.205429399999999873e-01
-6.011590399999999779e-01
-7.774493099999999490e-01
-1.198827000000000087e+00
-1.643202999999999969e+00
-2.030880199999999913e+00
-2.305312199999999923e+00
-2.095290400000000108e+00
-3.043094299999999849e-02
1.757607700000000106e+00
0.000000000000000000e+00
-1.745562199999999953e+00
-1.247553600000000040e+00
-2.311192499999999983e-01
-1.174595600000000045e-01
-1.083880799999999978e+00
-2.429189000000000043e+00
-3.460784400000000094e+00
-3.681108200000000163e+00
-2.381568399999999919e+00
0.000000000000000000e+00
0.000000000000000000e+00
0.000000000000000000e+00
0.000000000000000000e+00
0.000000000000000000e+00
0.000000000000000000e+00
0.000000000000000000e+00
0.000000000000000000e+00
0.000000000000000000e+00
0.000000000000000000e+00
0.000000000000000000e+00
0.000000000000000000e+00
0.000000000000000000e+00
-9.675491499999999689e-01
-5.879363399999999462e-01
-2.473587199999999903e-02
4.733582399999999857e-01
9.596918800000000527e-01
1.361008199999999890e+00
1.479628799999999966e+00
1.276693499999999926e+00
9.694797400000000343e-01
6.859653000000000000e-01
7.418556200000000489e-01
2.172798400000000019e+00
1.375726800000000027e+00
0.000000000000000000e+00
0.000000000000000000e+00
0.000000000000000000e+00
9.331768799999999864e-01
1.505371500000000085e+00
9.523745200000000022e-01
-2.023210699999999918e-01
-9.802860599999999591e-01
-1.065425400000000078e+00
-7.258571400000000118e-01
0.000000000000000000e+00
0.000000000000000000e+00
7.208996399999999527e-01
1.546038900000000105e+00
0.000000000000000000e+00
0.000000000000000000e+00
0.000000000000000000e+00
0.000000000000000000e+00
0.000000000000000000e+00
0.000000000000000000e+00
0.000000000000000000e+00
0.000000000000000000e+00
0.000000000000000000e+00
0.000000000000000000e+00
2.432978199999999980e-01
3.311139000000000165e-01
7.820453000000000543e-01
1.642674100000000026e+00
2.401778499999999816e+00
3.023908899999999900e+00
3.192801100000000059e+00
3.073676799999999876e+00
2.799649699999999797e+00
2.624778399999999845e+00
2.249090400000000045e+00
0.000000000000000000e+00
0.000000000000000000e+00
0.000000000000000000e+00
0.000000000000000000e+00
8.816225100000000259e-01
1.572481999999999935e+00
1.919939499999999910e+00
1.349442000000000030e+00
8.805658200000000546e-01
8.827628499999999878e-01
1.069392600000000026e+00
1.238463199999999986e+00
1.419007700000000094e+00
1.363461599999999940e+00
1.682709900000000092e+00
1.025273399999999890e+00
0.000000000000000000e+00
0.000000000000000000e+00
0.000000000000000000e+00
0.000000000000000000e+00
0.000000000000000000e+00
0.000000000000000000e+00
0.000000000000000000e+00
0.000000000000000000e+00
0.000000000000000000e+00
7.438710899999999571e-01
8.014469699999999808e-01
1.330764400000000069e+00
2.189576600000000095e+00
2.936942100000000000e+00
3.670875300000000063e+00
4.218408600000000064e+00
4.439648599999999945e+00
4.304872999999999728e+00
3.737295399999999823e+00
1.220699500000000048e+00
0.000000000000000000e+00
0.000000000000000000e+00
0.000000000000000000e+00
0.000000000000000000e+00
-4.061967699999999848e-01
9.513831899999999897e-02
1.230543600000000071e+00
1.754437400000000036e+00
2.256394600000000139e+00
2.397048499999999915e+00
2.427010500000000182e+00
0.000000000000000000e+00
1.752991900000000047e+00
1.343423800000000057e+00
0.000000000000000000e+00
0.000000000000000000e+00
0.000000000000000000e+00
0.000000000000000000e+00
0.000000000000000000e+00
0.000000000000000000e+00
0.000000000000000000e+00
0.000000000000000000e+00
0.000000000000000000e+00
0.000000000000000000e+00
0.000000000000000000e+00
8.212652000000000285e-01
1.136487800000000048e+00
1.644562700000000044e+00
2.123826000000000214e+00
2.610122200000000170e+00
3.164815400000000167e+00
3.799147599999999958e+00
4.250372399999999828e+00
4.300114599999999676e+00
3.221804300000000065e+00
2.879710500000000062e-01
0.000000000000000000e+00
0.000000000000000000e+00
0.000000000000000000e+00
0.000000000000000000e+00
0.000000000000000000e+00
6.709232899999999500e-01
-6.477000699999999611e-01
1.377314099999999986e+00
2.723152400000000029e+00
3.132861899999999977e+00
3.318132299999999812e+00
1.818279699999999943e+00
0.000000000000000000e+00
0.000000000000000000e+00
0.000000000000000000e+00
0.000000000000000000e+00
0.000000000000000000e+00
0.000000000000000000e+00
0.000000000000000000e+00
0.000000000000000000e+00
0.000000000000000000e+00
0.000000000000000000e+00
0.000000000000000000e+00
0.000000000000000000e+00
0.000000000000000000e+00
0.000000000000000000e+00
7.811511399999999661e-01
6.648817500000000491e-01
7.241142400000000201e-01
1.115669599999999928e+00
1.730818399999999979e+00
2.395761300000000205e+00
2.829500799999999927e+00
2.771031799999999823e+00
4.578664299999999909e-01
-4.411738800000000182e+00
0.000000000000000000e+00
0.000000000000000000e+00
0.000000000000000000e+00
0.000000000000000000e+00
0.000000000000000000e+00
0.000000000000000000e+00
6.765601999999999450e-01
1.872196399999999983e+00
2.951996499999999912e+00
3.540900300000000112e+00
3.867447900000000161e+00
1.513427999999999995e+00
0.000000000000000000e+00
0.000000000000000000e+00
0.000000000000000000e+00
0.000000000000000000e+00
0.000000000000000000e+00
0.000000000000000000e+00
0.000000000000000000e+00
0.000000000000000000e+00
0.000000000000000000e+00
0.000000000000000000e+00
0.000000000000000000e+00
0.000000000000000000e+00
0.000000000000000000e+00
0.000000000000000000e+00
3.539779499999999857e-01
-5.098568199999999884e-01
-7.653677300000000239e-01
-9.877566100000000349e-01
-4.908119400000000021e-01
-2.528063799999999972e-01
-2.481277600000000028e-01
-4.268270100000000067e-01
-3.829567200000000060e+00
0.000000000000000000e+00
0.000000000000000000e+00
0.000000000000000000e+00
0.000000000000000000e+00
0.000000000000000000e+00
0.000000000000000000e+00
0.000000000000000000e+00
4.831231599999999737e+00
2.150247699999999984e+00
2.412837500000000190e+00
3.020279400000000170e+00
2.705635899999999872e+00
0.000000000000000000e+00
0.000000000000000000e+00
0.000000000000000000e+00
0.000000000000000000e+00
0.000000000000000000e+00
0.000000000000000000e+00
0.000000000000000000e+00
0.000000000000000000e+00
0.000000000000000000e+00
0.000000000000000000e+00
0.000000000000000000e+00
0.000000000000000000e+00
0.000000000000000000e+00
0.000000000000000000e+00
0.000000000000000000e+00
0.000000000000000000e+00
0.000000000000000000e+00
-1.511867599999999978e+00
-2.127160799999999963e+00
-1.549975799999999904e+00
-1.274688100000000102e+00
-2.833521800000000201e+00
-3.326097999999999999e+00
0.000000000000000000e+00
0.000000000000000000e+00
0.000000000000000000e+00
0.000000000000000000e+00
0.000000000000000000e+00
0.000000000000000000e+00
0.000000000000000000e+00
0.000000000000000000e+00
2.237410999999999817e+00
-4.340608400000000033e-01
-1.034531699999999971e-01
4.646005599999999958e-01
-2.964449200000000006e-01
-1.998678100000000069e-01
0.000000000000000000e+00
0.000000000000000000e+00
0.000000000000000000e+00
0.000000000000000000e+00
0.000000000000000000e+00
0.000000000000000000e+00
0.000000000000000000e+00
0.000000000000000000e+00
0.000000000000000000e+00
0.000000000000000000e+00
0.000000000000000000e+00
0.000000000000000000e+00
0.000000000000000000e+00
0.000000000000000000e+00
0.000000000000000000e+00
0.000000000000000000e+00
0.000000000000000000e+00
0.000000000000000000e+00
0.000000000000000000e+00
-1.097743499999999983e+00
0.000000000000000000e+00
0.000000000000000000e+00
0.000000000000000000e+00
0.000000000000000000e+00
0.000000000000000000e+00
0.000000000000000000e+00
0.000000000000000000e+00
0.000000000000000000e+00
0.000000000000000000e+00
2.951028599999999891e+00
-1.011325400000000041e+00
0.000000000000000000e+00
0.000000000000000000e+00
-2.728254100000000015e+00
-1.835437200000000102e+00
-1.903982499999999911e+00
-1.860093800000000019e-01
2.122593100000000010e+00
0.000000000000000000e+00
0.000000000000000000e+00
0.000000000000000000e+00
0.000000000000000000e+00
0.000000000000000000e+00
0.000000000000000000e+00
0.000000000000000000e+00
0.000000000000000000e+00
-3.414632400000000012e-01
-5.270374399999999682e-01
-6.933138399999999590e-01
-6.874469500000000011e-01
-6.514765000000000139e-01
-7.055057300000000531e-01
-7.911864499999999856e-01
-7.959881399999999552e-01
-9.636784800000000040e-01
-1.192277400000000043e+00
-1.353906199999999949e+00
-1.013863900000000040e+00
-5.971199299999999655e-01
-5.458223800000000514e-01
6.192719300000000260e-01
6.880481200000000408e-01
8.180789899999999504e-01
1.880531299999999906e+00
1.994288199999999955e+00
4.012602299999999955e-01
0.000000000000000000e+00
0.000000000000000000e+00
0.000000000000000000e+00
0.000000000000000000e+00
9.997689699999999791e-01
1.085937500000000028e-01
-5.247262700000000502e-01
-1.595090200000000014e+00
-7.026874400000000520e-01
2.932147999999999977e-01
4.953088800000000069e-01
7.693404600000000038e-01
2.239505900000000049e-01
-4.350627400000000033e-01
-8.022288699999999828e-01
-6.350329500000000404e-01
