0.000000000000000000e+00
0.000000000000000000e+00
0.000000000000000000e+00
0.000000000000000000e+00
0.000000000000000000e+00
0.000000000000000000e+00
0.000000000000000000e+00
0.000000000000000000e+00
0.000000000000000000e+00
0.000000000000000000e+00
0.000000000000000000e+00
0.000000000000000000e+00
0.000000000000000000e+00
0.000000000000000000e+00
0.000000000000000000e+00
0.000000000000000000e+00
0.000000000000000000e+00
0.000000000000000000e+00
0.000000000000000000e+00
0.000000000000000000e+00
0.000000000000000000e+00
0.000000000000000000e+00
0.000000000000000000e+00
0.000000000000000000e+00
0.000000000000000000e+00
0.000000000000000000e+00
0.000000000000000000e+00
0.000000000000000000e+00
0.000000000000000000e+00
0.000000000000000000e+00
0.000000000000000000e+00
0.000000000000000000e+00
0.000000000000000000e+00
0.000000000000000000e+00
0.000000000000000000e+00
0.000000000000000000e+00
0.000000000000000000e+00
4.093851599999999813e+00
3.034762900000000041e+00
4.684914100000000303e+00
5.366765499999999633e+00
3.092198100000000061e+00
2.037919500000000106e+00
1.224748500000000018e+00
1.941598499999999949e-01
-7.762487199999999754e-02
-7.007728500000000305e-02
1.028438099999999938e-01
2.351419600000000110e-01
2.183619400000000044e-01
2.302597300000000166e-02
-2.599672699999999725e-01
-4.115474499999999813e-01
-9.742961500000000274e-01
-1.925532199999999916e+00
-3.165700100000000128e-01
2.907516499999999837e+00
1.249127099999999935e+00
9.873417599999999572e-01
9.431595799999999974e-01
1.100150699999999926e+00
1.292444799999999949e+00
1.545943700000000032e+00
1.754509300000000049e+00
1.423114900000000072e+00
7.919395599999999869e-01
4.633585499999999802e-01
4.755215200000000308e+00
5.185368999999999673e+00
1.125480100000000094e+00
1.516023399999999910e+00
0.000000000000000000e+00
1.584265099999999926e-01
-7.796624300000000451e-02
-6.524109799999999737e-01
-1.243816899999999892e+00
-1.578508299999999975e+00
-1.785557499999999909e+00
-1.754712599999999956e+00
-1.691370999999999958e+00
-1.434099599999999919e+00
-1.045020899999999919e+00
-6.746524600000000094e-01
-3.466074800000000233e-01
-2.529949499999999962e-01
-3.442472799999999888e-01
-6.074801699999999860e-01
-9.394036500000000345e-01
-1.326804499999999942e+00
-1.738066899999999970e+00
-2.031478200000000012e+00
-1.360490800000000000e+00
-9.125137299999999674e-02
-3.073576299999999928e-02
2.189125700000000008e-01
4.559912400000000199e-01
5.249154600000000004e-01
4.030096200000000128e-01
6.085442399999999724e-02
-3.647177500000000072e-01
-7.681973600000000513e-01
-9.977101099999999834e-01
-8.813900399999999857e-01
-4.270690999999999793e-01
-4.610437899999999980e-04
6.995581100000000316e-03
1.047802699999999948e-01
1.544201099999999993e-01
-1.001173499999999938e+00
-1.465525399999999978e+00
-2.044639300000000048e+00
-2.649090999999999863e+00
-2.895219299999999940e+00
-2.741540000000000088e+00
-2.283629200000000026e+00
-1.997580899999999993e+00
-1.435362800000000050e+00
-8.546095500000000511e-01
-4.618714500000000167e-01
-1.660273700000000074e-01
-2.413869899999999957e-01
-4.724624800000000180e-01
-8.592288500000000440e-01
-1.257626899999999992e+00
-1.613948699999999903e+00
-2.122167099999999973e+00
-3.389294599999999935e+00
-8.918373600000000234e-01
-8.902320900000000314e-01
-6.854702799999999874e-01
-4.272530700000000126e-01
-1.893687099999999957e-01
-3.234901399999999816e-01
-6.125609899999999719e-01
-9.623687899999999740e-01
-1.413601200000000002e+00
-1.807913199999999998e+00
-1.964271399999999890e+00
-1.845125399999999916e+00
-1.570687500000000014e+00
-1.014092999999999911e+00
-7.115133999999999626e-01
-7.430578500000000197e-01
-7.032798500000000397e-01
-1.066770800000000019e+00
-1.553671199999999919e+00
-2.180880500000000222e+00
-2.604380100000000198e+00
-2.408839500000000022e+00
-2.125826399999999783e+00
-1.930117400000000094e+00
-1.357512599999999958e+00
-6.644240599999999830e-01
-2.786741300000000199e-01
1.920397600000000107e-02
1.298234500000000069e-01
-1.405099599999999893e-01
-5.797708599999999990e-01
-1.010569700000000015e+00
-1.344054800000000105e+00
-1.566410700000000045e+00
-1.911505900000000091e+00
-3.068455199999999827e+00
0.000000000000000000e+00
-1.158616300000000043e+00
-8.515682199999999868e-01
-5.992310600000000376e-01
-4.710986600000000024e-01
-5.287721199999999566e-01
-7.735691700000000282e-01
-1.165944599999999998e+00
-1.629306399999999933e+00
-1.931746100000000022e+00
-1.955977999999999994e+00
-1.870800100000000077e+00
-1.748469499999999899e+00
-1.033444500000000099e+00
-4.593763599999999836e-01
-4.057889900000000161e-01
-6.166148200000000079e-01
-1.074225699999999950e+00
-1.373774999999999968e+00
-1.732740699999999912e+00
-1.793731900000000046e+00
-1.457826300000000019e+00
-1.029979500000000048e+00
-1.055782900000000080e+00
-5.399958200000000152e-01
-2.371417600000000070e-01
-1.084303999999999962e-01
8.624854499999999591e-02
6.784921500000000438e-02
-2.140991299999999986e-01
-6.120227900000000387e-01
-9.423301800000000172e-01
-1.160427000000000097e+00
-1.283810099999999954e+00
-1.207571600000000078e+00
-1.798360399999999970e+00
0.000000000000000000e+00
-4.842852599999999952e-01
-5.981730299999999945e-01
-4.691710199999999942e-01
-3.478391399999999911e-01
-3.719537700000000169e-01
-6.519658999999999871e-01
-8.817220300000000455e-01
-9.378019499999999953e-01
-8.505266799999999794e-01
-9.907966299999999560e-01
-1.104617500000000030e+00
-1.158022099999999943e+00
-7.444205099999999797e-01
-3.489655099999999788e-01
-6.621913699999999459e-01
-8.889865799999999707e-01
-4.653799200000000025e-01
-3.774103500000000055e-01
-6.909639199999999537e-01
-4.484980700000000264e-01
-6.106008299999999833e-01
2.188659000000000021e-01
-1.696543699999999988e-01
-3.644730199999999809e-01
-6.750566399999999856e-01
-2.031443099999999946e-01
1.569755200000000073e-01
2.514593299999999809e-01
3.550978399999999910e-03
-3.488253700000000235e-01
-6.415883900000000084e-01
-8.305478699999999659e-01
-8.625601499999999699e-01
-2.456070200000000092e-01
-1.595876099999999909e-01
0.000000000000000000e+00
-5.797702099999999525e-01
-6.361890999999999519e-01
-4.316241100000000053e-01
-5.034779299999999624e-01
-7.384983299999999806e-01
-6.596581299999999537e-01
7.059676900000000366e-02
7.634278500000000189e-01
9.833272699999999755e-01
-5.676891700000000207e-02
-6.654994499999999924e-01
-5.894377800000000223e-01
-2.401969100000000135e-01
-4.655250599999999905e-01
-7.406823599999999841e-01
-6.518441400000000163e-01
1.230317700000000070e+00
1.359477800000000070e+00
4.699710599999999960e-01
5.954431799999999608e-01
0.000000000000000000e+00
1.396058099999999969e-01
5.208153799999999667e-02
2.745758200000000121e-02
-2.355845099999999970e-01
2.672840899999999742e-01
6.112192899999999707e-01
6.672532599999999592e-01
3.658324600000000260e-01
-1.028125499999999956e-02
-3.943998799999999805e-01
-6.179712299999999825e-01
-4.045635499999999940e-01
1.050428899999999999e+00
1.435029799999999911e+00
0.000000000000000000e+00
-4.476781799999999811e-01
-7.909739300000000473e-01
-8.776854299999999887e-01
-9.011879000000000417e-01
-7.464041399999999937e-01
-2.835486199999999735e-01
9.608265200000000172e-01
1.687100199999999939e+00
5.644816799999999857e-01
-6.680954099999999451e-01
-8.916193999999999509e-01
-5.824271399999999543e-01
-4.545488100000000253e-01
-5.814714300000000113e-01
-3.764830200000000016e-01
2.081954299999999869e-01
3.076806299999999883e+00
2.129170199999999902e+00
6.637587000000000348e-01
0.000000000000000000e+00
0.000000000000000000e+00
5.346669300000000263e-02
1.209458300000000042e-01
2.770429300000000206e-01
2.920045000000000002e-01
7.106491299999999622e-01
1.001126200000000077e+00
9.413603499999999569e-01
5.541747799999999780e-01
3.698279699999999781e-02
-5.160270900000000216e-01
-6.925522699999999698e-01
-1.047018900000000058e-01
2.143433100000000202e+00
2.468754300000000068e+00
0.000000000000000000e+00
0.000000000000000000e+00
-6.646660599999999475e-01
-1.051014899999999974e+00
-9.355192799999999531e-01
-5.098030599999999746e-01
4.190660399999999730e-01
2.529074399999999834e+00
3.208465799999999923e+00
0.000000000000000000e+00
-5.049967800000000340e-01
-2.004161899999999941e-01
-1.546552300000000046e-01
-2.979303600000000052e-01
-3.829340900000000047e-01
5.734757000000000049e-02
1.207753899999999936e+00
4.938243400000000172e+00
2.636977700000000091e+00
0.000000000000000000e+00
0.000000000000000000e+00
0.000000000000000000e+00
4.412779199999999902e-01
7.350099700000000125e-01
8.267121899999999579e-01
9.947311899999999874e-01
1.326570199999999922e+00
1.436041499999999971e+00
1.103826799999999997e+00
4.645778500000000144e-01
-3.862996399999999997e-01
-9.619380800000000287e-01
-7.612737400000000321e-01
4.519439299999999937e-01
3.250245300000000004e+00
3.016250599999999782e+00
0.000000000000000000e+00
0.000000000000000000e+00
-6.324622600000000539e-01
-1.649887700000000068e+00
-1.031283399999999961e+00
-9.698990700000000020e-02
1.545331400000000022e+00
4.558466899999999988e+00
3.314169900000000002e+00
0.000000000000000000e+00
1.162910000000000055e-01
3.731005800000000150e-01
-1.813264699999999827e-02
-3.045111300000000187e-01
-2.428416899999999989e-01
7.217476999999999920e-01
2.594395599999999913e+00
5.593531099999999867e+00
2.697126900000000216e+00
0.000000000000000000e+00
0.000000000000000000e+00
0.000000000000000000e+00
1.146458500000000047e+00
1.395781500000000008e+00
1.343838300000000041e+00
1.532542700000000035e+00
1.748670100000000005e+00
1.654791099999999959e+00
1.006528300000000042e+00
6.042607500000000270e-02
-9.118014599999999525e-01
-1.199112100000000014e+00
-5.112577099999999763e-01
1.170799399999999935e+00
3.837454999999999838e+00
3.473995700000000131e+00
0.000000000000000000e+00
0.000000000000000000e+00
-6.315264099999999825e-01
-2.225472499999999965e+00
-9.141737199999999675e-01
4.348302800000000135e-01
2.519495699999999783e+00
5.923984500000000430e+00
2.811437600000000092e+00
0.000000000000000000e+00
5.952298000000000311e-01
2.711058599999999763e-01
-8.491201700000000629e-02
-2.330130800000000113e-01
2.248309400000000069e-01
1.675452500000000011e+00
3.703597999999999946e+00
5.663398700000000119e+00
2.861487400000000125e+00
0.000000000000000000e+00
0.000000000000000000e+00
0.000000000000000000e+00
2.002808599999999828e+00
1.953470500000000110e+00
1.824509900000000018e+00
1.979518700000000075e+00
2.078275899999999954e+00
1.643267599999999939e+00
5.350665999999999478e-01
-6.838043299999999602e-01
-1.451153600000000043e+00
-1.162375200000000053e+00
9.258502000000000398e-02
2.039785900000000041e+00
4.376325600000000371e+00
3.176298399999999855e+00
0.000000000000000000e+00
0.000000000000000000e+00
0.000000000000000000e+00
-1.913688400000000067e+00
-3.291114600000000223e-01
1.321752899999999897e+00
3.587851800000000146e+00
6.458096000000000281e+00
0.000000000000000000e+00
0.000000000000000000e+00
5.717961200000000188e-01
5.103935000000000555e-01
1.334947499999999954e-01
1.240794999999999954e-01
1.088272300000000081e+00
2.711923399999999873e+00
4.404963999999999658e+00
5.315201300000000018e+00
2.862966300000000075e+00
0.000000000000000000e+00
0.000000000000000000e+00
1.029350399999999999e+00
2.584509399999999957e+00
2.265537000000000134e+00
2.105332100000000040e+00
2.150984999999999925e+00
1.989579299999999940e+00
1.071233499999999950e+00
-3.249098699999999895e-01
-1.303737900000000005e+00
-1.373961100000000046e+00
-4.464394199999999757e-01
1.043230700000000066e+00
2.861871700000000018e+00
4.948629399999999734e+00
2.778526799999999852e+00
0.000000000000000000e+00
0.000000000000000000e+00
0.000000000000000000e+00
-9.501707000000000347e-01
6.725937699999999797e-01
2.397099700000000055e+00
4.411045099999999941e+00
6.098776800000000442e+00
0.000000000000000000e+00
0.000000000000000000e+00
0.000000000000000000e+00
2.510772900000000085e-01
6.406080699999999739e-01
5.963893500000000403e-01
1.856712799999999941e+00
3.395359299999999969e+00
4.658217399999999841e+00
5.077044500000000404e+00
3.225288599999999839e+00
0.000000000000000000e+00
0.000000000000000000e+00
1.445207099999999967e+00
2.673016800000000082e+00
2.135335200000000100e+00
1.794982000000000077e+00
1.606100899999999942e+00
1.118430100000000094e+00
8.344446899999999334e-02
-8.356751199999999935e-01
-9.283409099999999636e-01
-2.852174900000000179e-01
9.094032600000000466e-01
2.267512299999999925e+00
3.802935600000000083e+00
5.561334600000000350e+00
0.000000000000000000e+00
0.000000000000000000e+00
0.000000000000000000e+00
0.000000000000000000e+00
2.723500099999999757e-01
1.780367899999999892e+00
3.320484599999999897e+00
4.912578599999999796e+00
5.700630199999999981e+00
0.000000000000000000e+00
0.000000000000000000e+00
0.000000000000000000e+00
1.356551599999999969e-01
1.027425100000000091e+00
1.101377499999999898e+00
2.514326300000000014e+00
3.983076599999999967e+00
5.009119499999999725e+00
3.961301999999999879e+00
2.858429699999999851e+00
0.000000000000000000e+00
0.000000000000000000e+00
1.279828799999999989e+00
1.890388799999999980e+00
1.189389000000000030e+00
4.499028899999999997e-01
6.103742899999999721e-02
-3.658696100000000118e-01
-8.001769800000000377e-01
-8.172106700000000279e-01
-1.805517199999999989e-01
8.794723199999999741e-01
2.164674300000000162e+00
3.353909999999999947e+00
4.626734700000000089e+00
5.096569099999999963e+00
0.000000000000000000e+00
0.000000000000000000e+00
0.000000000000000000e+00
0.000000000000000000e+00
1.367734599999999912e+00
2.792736099999999944e+00
4.062344099999999791e+00
5.146624100000000368e+00
5.041222999999999566e+00
0.000000000000000000e+00
0.000000000000000000e+00
0.000000000000000000e+00
4.410657900000000131e-01
1.482554300000000103e+00
1.772533300000000089e+00
3.105863300000000216e+00
4.219353700000000096e+00
4.565980399999999939e+00
2.510279199999999822e+00
0.000000000000000000e+00
1.204830499999999915e+00
4.469475700000000162e-01
5.651057400000000230e-01
9.986980600000000541e-01
-5.808966800000000541e-01
-1.442912900000000054e+00
-1.794308100000000072e+00
-1.922410500000000022e+00
-1.736841599999999985e+00
-1.053827800000000092e+00
1.031100199999999967e-01
1.514899299999999949e+00
2.935607399999999867e+00
4.037455099999999852e+00
4.870488199999999601e+00
4.034635500000000263e+00
0.000000000000000000e+00
0.000000000000000000e+00
0.000000000000000000e+00
0.000000000000000000e+00
1.976754300000000075e+00
3.471526100000000170e+00
4.540979400000000332e+00
5.121556799999999576e+00
4.030830899999999772e+00
0.000000000000000000e+00
0.000000000000000000e+00
0.000000000000000000e+00
3.985880299999999821e-01
1.323267699999999936e+00
2.128624900000000153e+00
3.265071900000000138e+00
4.086574999999999847e+00
3.706086200000000108e+00
1.072335800000000061e+00
0.000000000000000000e+00
1.100214800000000048e+00
3.756724000000000174e-01
2.957539900000000221e-01
-6.346882900000000438e-02
-1.943482200000000049e+00
-2.590218500000000201e+00
-2.912606499999999876e+00
-3.007620999999999878e+00
-2.796910800000000030e+00
-1.999363699999999966e+00
-6.939816500000000055e-01
8.090256999999999588e-01
2.239090899999999884e+00
3.316737700000000011e+00
3.991979600000000072e+00
2.630627200000000165e+00
0.000000000000000000e+00
0.000000000000000000e+00
0.000000000000000000e+00
0.000000000000000000e+00
2.003916499999999878e+00
3.264160200000000067e+00
4.326787900000000242e+00
4.682157000000000124e+00
2.743209100000000067e+00
0.000000000000000000e+00
0.000000000000000000e+00
0.000000000000000000e+00
8.162675799999999371e-02
3.881834399999999907e-01
1.727829199999999954e+00
2.750131600000000009e+00
3.386583299999999852e+00
2.665811300000000106e+00
0.000000000000000000e+00
0.000000000000000000e+00
6.432157600000000253e-01
6.846473700000000294e-03
7.389063599999999843e-01
-1.844617799999999919e-01
-1.163099600000000011e+00
-1.485511599999999932e+00
-1.713443000000000049e+00
-1.824032899999999957e+00
-1.759823700000000102e+00
-1.323423800000000039e+00
-5.094189599999999762e-01
4.881443999999999783e-01
1.405649099999999985e+00
2.037872099999999964e+00
2.663447800000000143e+00
1.669716399999999989e+00
0.000000000000000000e+00
0.000000000000000000e+00
0.000000000000000000e+00
-5.131658900000000134e-01
1.533803500000000097e+00
2.475152000000000019e+00
3.527438200000000190e+00
3.743891699999999823e+00
1.466287200000000013e+00
0.000000000000000000e+00
0.000000000000000000e+00
0.000000000000000000e+00
5.017168600000000006e-02
-7.358514999999999917e-01
8.678093099999999449e-01
1.981846999999999914e+00
2.573119300000000109e+00
1.717069900000000038e+00
0.000000000000000000e+00
0.000000000000000000e+00
5.288216399999999817e-01
9.141494000000000009e-02
1.194585400000000019e+00
5.780655599999999783e-01
5.801311599999999791e-01
6.200861800000000423e-01
6.337069699999999806e-01
6.151618800000000498e-01
7.070573900000000078e-01
1.116726399999999897e+00
1.879457799999999956e+00
2.822956700000000207e+00
3.658551699999999851e+00
3.902826099999999965e+00
2.966899800000000198e+00
5.762526900000000118e-01
0.000000000000000000e+00
0.000000000000000000e+00
0.000000000000000000e+00
-1.253817600000000088e+00
3.888174999999999826e-01
2.035201999999999956e+00
2.982546000000000141e+00
2.551423499999999844e+00
7.846858799999999468e-01
0.000000000000000000e+00
0.000000000000000000e+00
0.000000000000000000e+00
3.586724299999999865e-01
-1.519566799999999995e+00
-1.743354599999999976e-01
9.755678199999999745e-01
1.571026999999999951e+00
8.524652900000000422e-01
0.000000000000000000e+00
8.864297000000000148e-02
2.719286100000000150e-01
3.208113000000000214e-01
2.892600900000000252e-01
-4.574972999999999956e-01
-5.911022999999999694e-01
-5.943457500000000060e-01
-3.980592499999999756e-01
-1.076356599999999941e-01
3.235708800000000052e-01
1.107383100000000065e+00
2.179805500000000062e+00
3.313986100000000157e+00
3.846925699999999892e+00
2.977688099999999949e+00
9.056965099999999547e-01
-8.764784300000000306e-01
0.000000000000000000e+00
0.000000000000000000e+00
-2.078667199999999937e+00
-2.734487099999999948e+00
-2.090971500000000205e+00
-4.018210799999999971e-01
1.417778699999999947e+00
1.125942500000000068e+00
7.832872899999999694e-01
0.000000000000000000e+00
0.000000000000000000e+00
0.000000000000000000e+00
6.179342899999999972e-01
-1.929626000000000063e+00
-1.334017800000000031e+00
9.804324799999999951e-02
8.188377000000000017e-01
1.608347099999999918e-01
0.000000000000000000e+00
1.507070699999999985e-01
1.154156600000000032e-01
3.645856100000000044e-01
-4.468671100000000118e-01
-1.425770299999999935e+00
-2.083066899999999944e+00
-2.633807399999999799e+00
-2.949790699999999877e+00
-2.968306300000000064e+00
-2.714071800000000145e+00
-2.065407299999999946e+00
-9.710797700000000088e-01
4.436428499999999775e-01
1.386335400000000107e+00
6.666443899999999756e-01
-7.473831199999999564e-01
-1.631226199999999960e+00
0.000000000000000000e+00
0.000000000000000000e+00
-2.559019300000000108e+00
-3.843848200000000048e+00
-3.949566799999999933e+00
-2.801230400000000120e+00
3.687039599999999973e-01
0.000000000000000000e+00
0.000000000000000000e+00
0.000000000000000000e+00
0.000000000000000000e+00
0.000000000000000000e+00
0.000000000000000000e+00
-1.612208199999999980e+00
-2.466438800000000153e+00
-2.066167700000000051e-01
1.314336699999999913e+00
9.947585300000000297e-02
0.000000000000000000e+00
2.129483199999999965e-01
2.371557499999999985e-01
5.638138700000000503e-01
-1.914098300000000030e-01
-1.135370400000000002e+00
-1.964668400000000092e+00
-2.707612800000000153e+00
-3.315253300000000181e+00
-3.748308399999999985e+00
-4.090521299999999805e+00
-4.242309599999999570e+00
-4.001723300000000094e+00
-3.027377099999999821e+00
-1.113025399999999943e+00
-2.571636700000000109e-01
-1.268296700000000055e+00
-1.991504500000000011e+00
0.000000000000000000e+00
-1.656937700000000069e+00
-2.816271799999999992e+00
-3.865327800000000202e+00
-4.603047799999999690e+00
-4.723581799999999831e+00
-8.536578400000000011e-01
0.000000000000000000e+00
0.000000000000000000e+00
0.000000000000000000e+00
0.000000000000000000e+00
0.000000000000000000e+00
0.000000000000000000e+00
-8.281099800000000233e-01
-2.996084699999999934e+00
-7.021328799999999593e-01
1.926883799999999924e+00
3.784235100000000185e-01
0.000000000000000000e+00
-1.638152900000000023e-01
2.304964200000000074e-01
5.052389499999999645e-01
3.585612499999999980e-01
-2.129271299999999922e-01
-9.217525699999999933e-01
-1.619669400000000037e+00
-2.192432900000000018e+00
-2.662540200000000024e+00
-3.203880100000000120e+00
-3.845371699999999837e+00
-4.471124599999999560e+00
-4.691732899999999873e+00
-3.078314100000000053e+00
-2.193194599999999939e-01
-1.381162900000000082e+00
0.000000000000000000e+00
-3.633242799999999995e-01
-6.757168199999999958e-01
-2.157408000000000214e+00
-3.266751499999999808e+00
-4.487004299999999724e+00
-5.839990099999999629e+00
-2.751389500000000155e+00
0.000000000000000000e+00
0.000000000000000000e+00
0.000000000000000000e+00
0.000000000000000000e+00
0.000000000000000000e+00
0.000000000000000000e+00
-2.478384499999999879e-01
-3.022600699999999918e+00
-1.427696199999999971e+00
2.296135200000000154e+00
6.670788500000000010e-01
0.000000000000000000e+00
-8.615093200000000229e-01
-3.818687499999999790e-01
-3.817513599999999840e-02
2.924574899999999866e-01
1.623336700000000132e-01
-3.185544299999999995e-01
-9.471162600000000431e-01
-1.469959400000000027e+00
-1.814269399999999921e+00
-2.261578599999999994e+00
-3.040434400000000092e+00
-4.008337000000000039e+00
-4.849599800000000016e+00
-4.168758900000000267e+00
-3.756442999999999866e-01
0.000000000000000000e+00
-6.744489099999999814e-03
6.069263799999999875e-01
-1.002176100000000056e-02
-1.245598900000000064e+00
-2.613269299999999795e+00
-4.187490900000000238e+00
-6.171688099999999899e+00
-3.957011000000000056e+00
0.000000000000000000e+00
0.000000000000000000e+00
0.000000000000000000e+00
0.000000000000000000e+00
0.000000000000000000e+00
0.000000000000000000e+00
4.312996900000000133e-01
-2.133459600000000123e+00
0.000000000000000000e+00
1.739634300000000078e+00
7.143332999999999489e-01
0.000000000000000000e+00
-1.217913900000000105e+00
-1.413352399999999953e+00
-5.169343400000000477e-01
-3.644790099999999783e-02
2.258275700000000052e-01
7.947791399999999673e-02
-3.991420600000000207e-01
-9.450837399999999500e-01
-1.218443200000000060e+00
-1.502988299999999944e+00
-2.214671099999999893e+00
-3.377634800000000048e+00
-4.652625099999999847e+00
-4.689482700000000115e+00
0.000000000000000000e+00
-6.901307700000000045e-01
-1.199444999999999956e-01
2.049022500000000080e-01
1.183555200000000029e+00
5.006513700000000261e-02
-1.476150599999999979e+00
-3.376401400000000219e+00
-5.830218300000000298e+00
-4.404993100000000439e+00
0.000000000000000000e+00
0.000000000000000000e+00
0.000000000000000000e+00
0.000000000000000000e+00
0.000000000000000000e+00
0.000000000000000000e+00
-4.994954500000000075e-01
-1.068150500000000003e+00
0.000000000000000000e+00
0.000000000000000000e+00
0.000000000000000000e+00
0.000000000000000000e+00
0.000000000000000000e+00
-1.862925799999999965e+00
-8.385656500000000513e-01
-2.626522499999999760e-01
1.931543500000000024e-01
4.314916100000000254e-01
3.177584399999999754e-01
-1.731167100000000070e-01
-5.425127699999999775e-01
-8.058557499999999818e-01
-1.460125600000000023e+00
-2.848093299999999939e+00
-4.596310599999999802e+00
-4.206208199999999842e+00
0.000000000000000000e+00
-3.605087699999999784e-01
-9.189677200000000434e-01
6.059488100000000044e-01
2.098558699999999888e+00
1.332454299999999980e+00
-8.449435199999999480e-02
-2.074569900000000189e+00
-4.721278700000000050e+00
-4.557632400000000139e+00
0.000000000000000000e+00
0.000000000000000000e+00
0.000000000000000000e+00
0.000000000000000000e+00
0.000000000000000000e+00
0.000000000000000000e+00
-1.078667199999999937e+00
-6.805659499999999751e-01
0.000000000000000000e+00
0.000000000000000000e+00
0.000000000000000000e+00
0.000000000000000000e+00
0.000000000000000000e+00
-1.796597999999999917e+00
-1.474060799999999949e+00
-3.670722799999999730e-01
9.971582900000000582e-02
5.024535700000000160e-01
7.051883899999999983e-01
4.810127599999999837e-01
5.017433300000000151e-02
-2.976280700000000223e-01
-8.954228199999999527e-01
-2.377969300000000175e+00
-4.508841999999999572e+00
-3.010908099999999976e+00
0.000000000000000000e+00
-2.283106400000000091e-01
-9.560957599999999612e-01
6.161807100000000342e-02
1.886452699999999982e+00
1.896190499999999890e+00
7.713659999999999961e-01
-1.102825299999999897e+00
-3.487600599999999940e+00
-4.672134400000000021e+00
0.000000000000000000e+00
0.000000000000000000e+00
0.000000000000000000e+00
0.000000000000000000e+00
0.000000000000000000e+00
0.000000000000000000e+00
0.000000000000000000e+00
0.000000000000000000e+00
0.000000000000000000e+00
0.000000000000000000e+00
0.000000000000000000e+00
0.000000000000000000e+00
0.000000000000000000e+00
-1.137039700000000098e+00
-1.953349699999999967e+00
-1.206310699999999958e+00
-5.380950599999999584e-01
7.413590000000000457e-02
6.397891599999999679e-01
9.047783600000000037e-01
7.328794600000000381e-01
3.501994299999999782e-01
-2.759616999999999765e-01
-1.769482400000000011e+00
-3.896458099999999813e+00
-3.851729899999999929e-01
0.000000000000000000e+00
0.000000000000000000e+00
0.000000000000000000e+00
-1.285419499999999937e+00
4.860439899999999813e-01
1.678877399999999964e+00
1.179762600000000106e+00
-5.986790699999999799e-01
-2.710932999999999815e+00
-4.058155499999999805e+00
0.000000000000000000e+00
0.000000000000000000e+00
-6.262491900000000111e-01
-1.441788599999999976e+00
0.000000000000000000e+00
0.000000000000000000e+00
0.000000000000000000e+00
0.000000000000000000e+00
0.000000000000000000e+00
0.000000000000000000e+00
0.000000000000000000e+00
0.000000000000000000e+00
0.000000000000000000e+00
0.000000000000000000e+00
-1.007568699999999984e+00
-1.660402200000000050e+00
-1.178326200000000101e+00
-4.795251200000000269e-01
2.940287300000000159e-01
9.370707900000000423e-01
1.116927599999999909e+00
9.133873000000000131e-01
3.152137999999999884e-01
-1.151985999999999954e+00
-2.539526500000000020e+00
0.000000000000000000e+00
0.000000000000000000e+00
0.000000000000000000e+00
0.000000000000000000e+00
-2.320779499999999995e+00
-1.295588100000000020e+00
7.927619799999999772e-01
1.234492200000000039e+00
-6.789046499999999706e-02
-2.265808600000000173e+00
-3.479455100000000023e+00
-5.507634300000000538e-01
-5.094015600000000310e-01
-9.027743499999999477e-01
-8.797047099999999453e-01
-2.595844299999999771e-01
0.000000000000000000e+00
0.000000000000000000e+00
0.000000000000000000e+00
0.000000000000000000e+00
0.000000000000000000e+00
0.000000000000000000e+00
0.000000000000000000e+00
0.000000000000000000e+00
0.000000000000000000e+00
-1.132897000000000043e+00
-1.201048499999999963e+00
-1.081800700000000059e+00
-5.238863799999999848e-01
1.246418299999999951e-01
8.500571300000000496e-01
1.266299499999999911e+00
1.333378900000000034e+00
9.906310400000000183e-01
-1.836586600000000014e-01
-4.688233099999999931e-01
0.000000000000000000e+00
0.000000000000000000e+00
0.000000000000000000e+00
0.000000000000000000e+00
-2.941457999999999906e+00
-2.763331400000000215e+00
-3.984364899999999765e-01
6.297755800000000015e-01
2.441483100000000073e-01
-1.248627099999999990e+00
-2.744768899999999956e+00
0.000000000000000000e+00
-1.017094500000000012e+00
-4.675911099999999765e-01
0.000000000000000000e+00
0.000000000000000000e+00
0.000000000000000000e+00
0.000000000000000000e+00
0.000000000000000000e+00
0.000000000000000000e+00
0.000000000000000000e+00
0.000000000000000000e+00
0.000000000000000000e+00
0.000000000000000000e+00
0.000000000000000000e+00
-1.063956700000000088e+00
-7.975481199999999715e-01
-7.723684899999999631e-01
-3.765308700000000175e-01
7.372073799999999399e-02
6.730218500000000326e-01
1.134002600000000083e+00
1.393850999999999951e+00
1.399938600000000033e+00
8.676153899999999863e-01
6.598165599999999964e-01
0.000000000000000000e+00
0.000000000000000000e+00
0.000000000000000000e+00
0.000000000000000000e+00
0.000000000000000000e+00
-4.288759699999999953e+00
-1.407619500000000023e+00
-8.377868199999999321e-02
4.783343700000000087e-01
-3.066157999999999939e-01
-1.407218899999999939e+00
1.382050700000000132e-01
0.000000000000000000e+00
0.000000000000000000e+00
0.000000000000000000e+00
0.000000000000000000e+00
0.000000000000000000e+00
0.000000000000000000e+00
0.000000000000000000e+00
0.000000000000000000e+00
0.000000000000000000e+00
0.000000000000000000e+00
0.000000000000000000e+00
0.000000000000000000e+00
0.000000000000000000e+00
0.000000000000000000e+00
-1.483396600000000065e+00
-1.067741400000000063e+00
-9.571068299999999640e-01
-5.464953700000000358e-01
-1.563818399999999942e-02
5.331438800000000144e-01
1.078108400000000078e+00
1.564223499999999989e+00
2.163434300000000032e+00
1.096413000000000082e+00
0.000000000000000000e+00
0.000000000000000000e+00
0.000000000000000000e+00
0.000000000000000000e+00
0.000000000000000000e+00
0.000000000000000000e+00
-3.649692100000000217e+00
-1.123655800000000093e+00
5.971611599999999687e-01
3.565212700000000012e-01
-4.205580899999999955e-01
5.948001199999999877e-02
0.000000000000000000e+00
0.000000000000000000e+00
0.000000000000000000e+00
0.000000000000000000e+00
0.000000000000000000e+00
0.000000000000000000e+00
0.000000000000000000e+00
0.000000000000000000e+00
0.000000000000000000e+00
0.000000000000000000e+00
0.000000000000000000e+00
0.000000000000000000e+00
0.000000000000000000e+00
0.000000000000000000e+00
-1.639666999999999986e+00
-9.003624900000000153e-01
-1.805078500000000030e+00
-1.585586900000000021e+00
-1.249655500000000030e+00
-4.011432500000000068e-01
9.829223900000000347e-02
1.603477599999999947e+00
3.933341700000000163e+00
0.000000000000000000e+00
0.000000000000000000e+00
0.000000000000000000e+00
0.000000000000000000e+00
0.000000000000000000e+00
0.000000000000000000e+00
0.000000000000000000e+00
-4.834990499999999969e+00
-1.718487199999999993e+00
6.031736000000000042e-02
5.853213699999999520e-01
5.855930200000000196e-01
0.000000000000000000e+00
0.000000000000000000e+00
0.000000000000000000e+00
0.000000000000000000e+00
0.000000000000000000e+00
0.000000000000000000e+00
0.000000000000000000e+00
0.000000000000000000e+00
0.000000000000000000e+00
0.000000000000000000e+00
0.000000000000000000e+00
0.000000000000000000e+00
0.000000000000000000e+00
0.000000000000000000e+00
0.000000000000000000e+00
0.000000000000000000e+00
0.000000000000000000e+00
-1.498814000000000091e+00
-2.457244199999999879e+00
-2.177258999999999833e+00
-7.638704200000000499e-01
2.297514400000000012e-01
4.847434500000000202e-01
0.000000000000000000e+00
0.000000000000000000e+00
0.000000000000000000e+00
0.000000000000000000e+00
0.000000000000000000e+00
0.000000000000000000e+00
0.000000000000000000e+00
0.000000000000000000e+00
-2.885046500000000069e+00
-2.713691700000000040e+00
-2.473734400000000111e+00
-3.350430999999999826e-01
6.925785500000000150e-01
2.162131800000000048e+00
0.000000000000000000e+00
0.000000000000000000e+00
0.000000000000000000e+00
0.000000000000000000e+00
0.000000000000000000e+00
0.000000000000000000e+00
0.000000000000000000e+00
0.000000000000000000e+00
0.000000000000000000e+00
0.000000000000000000e+00
0.000000000000000000e+00
0.000000000000000000e+00
0.000000000000000000e+00
0.000000000000000000e+00
0.000000000000000000e+00
0.000000000000000000e+00
0.000000000000000000e+00
0.000000000000000000e+00
0.000000000000000000e+00
-1.483114199999999938e+00
0.000000000000000000e+00
0.000000000000000000e+00
0.000000000000000000e+00
0.000000000000000000e+00
0.000000000000000000e+00
0.000000000000000000e+00
0.000000000000000000e+00
0.000000000000000000e+00
0.000000000000000000e+00
-3.850357799999999830e+00
-1.186990999999999907e+00
0.000000000000000000e+00
0.000000000000000000e+00
-4.068895300000000326e+00
-2.299991299999999850e+00
-1.339889899999999967e+00
1.871314300000000097e+00
3.873264300000000215e+00
0.000000000000000000e+00
0.000000000000000000e+00
0.000000000000000000e+00
0.000000000000000000e+00
0.000000000000000000e+00
0.000000000000000000e+00
0.000000000000000000e+00
0.000000000000000000e+00
-5.882399699999999454e-01
-3.404715099999999772e-01
-3.394193200000000105e-02
9.059879899999999375e-02
-1.495683000000000082e-02
-1.906240600000000118e-01
-2.020192100000000046e-01
-2.678216700000000117e-01
-3.962723300000000060e-01
-4.649044299999999796e-01
-2.633225000000000149e-01
-7.109208099999999586e-01
-1.091249200000000030e+00
4.041851200000000088e-01
2.135068700000000153e+00
2.245594500000000160e+00
1.213395199999999896e+00
9.634354700000000160e-02
-4.609010800000000185e-01
-2.453381099999999981e-01
0.000000000000000000e+00
0.000000000000000000e+00
0.000000000000000000e+00
0.000000000000000000e+00
-3.380431699999999928e+00
-2.532416800000000023e+00
-1.223745000000000083e+00
1.373060799999999970e+00
2.440165299999999871e+00
5.225346100000000105e-01
-1.065592300000000048e+00
-2.391395999999999855e+00
-2.260246800000000000e+00
-1.430611800000000100e+00
-7.187057700000000215e-01
-4.641244400000000270e-01
