   8.9636105e-01   7.6357675e-01   8.0782986e-01   7.6701842e-01   7.1817391e-01   7.1059662e-01   8.4214592e-01   9.0593235e-01   1.2213212e+00   1.4520480e+00   1.2800146e+00   1.3671491e+00   1.5185033e+00   1.1795730e+00   1.5373839e+00   2.0830954e+00   1.8037895e+00   9.8653917e-01   2.6031341e+00   2.0007831e+00   0.0000000e+00   0.0000000e+00   0.0000000e+00   0.0000000e+00   2.7757054e+00   2.2658280e+00   1.7519793e+00   2.0989099e+00   2.4287781e+00   2.0998005e+00   2.4596378e+00   2.8031087e+00   2.8155383e+00   2.6096849e+00   2.3852369e+00   1.7387068e+00
   0.0000000e+00   0.0000000e+00   0.0000000e+00   0.0000000e+00   0.0000000e+00   0.0000000e+00   0.0000000e+00   0.0000000e+00   3.0287740e+00   2.8609333e+00   0.0000000e+00   0.0000000e+00   0.0000000e+00   0.0000000e+00   0.0000000e+00   0.0000000e+00   0.0000000e+00   0.0000000e+00   3.3507777e+00   5.1398019e+00   4.1537228e+00   0.0000000e+00   6.1018611e+00   5.4377075e+00   4.1548785e+00   3.3106427e+00   2.4313001e+00   2.1924193e+00   0.0000000e+00   0.0000000e+00   0.0000000e+00   0.0000000e+00   0.0000000e+00   0.0000000e+00   0.0000000e+00   0.0000000e+00
   0.0000000e+00   0.0000000e+00   0.0000000e+00   0.0000000e+00   0.0000000e+00   2.4534112e+00   3.9808009e+00   4.5084492e+00   3.5323081e+00   2.0273872e+00   0.0000000e+00   0.0000000e+00   0.0000000e+00   0.0000000e+00   0.0000000e+00   0.0000000e+00   0.0000000e+00   0.0000000e+00   3.6233606e+00   5.1369096e+00   5.6961098e+00   3.9786484e+00   3.3513466e+00   2.2112936e+00   3.3185159e+00   2.8504414e+00   2.0227261e+00   0.0000000e+00   0.0000000e+00   0.0000000e+00   0.0000000e+00   0.0000000e+00   0.0000000e+00   0.0000000e+00   0.0000000e+00   0.0000000e+00
   0.0000000e+00   0.0000000e+00   0.0000000e+00   0.0000000e+00   2.0175522e+00   1.7303303e+00   2.9515659e+00   2.9810874e+00   2.1675587e+00   1.3061955e+00   1.9671001e+00   2.3396730e+00   2.8269373e+00   0.0000000e+00   0.0000000e+00   0.0000000e+00   0.0000000e+00   0.0000000e+00   0.0000000e+00   0.0000000e+00   6.5706744e+00   3.5056486e+00   1.7704641e+00   1.6833293e+00   1.7435620e+00   0.0000000e+00   0.0000000e+00   0.0000000e+00   0.0000000e+00   0.0000000e+00   0.0000000e+00   0.0000000e+00   0.0000000e+00   0.0000000e+00   0.0000000e+00   0.0000000e+00
   0.0000000e+00   0.0000000e+00   0.0000000e+00   0.0000000e+00   2.1447019e+00   1.6516832e+00   1.7476294e+00   1.7483446e+00   2.0440524e+00   2.6978822e+00   3.2647379e+00   3.2517281e+00   2.4211156e+00   0.0000000e+00   0.0000000e+00   0.0000000e+00   0.0000000e+00   0.0000000e+00   0.0000000e+00   0.0000000e+00   4.5657458e+00   2.9011679e+00   3.0081104e+00   3.3371507e+00   2.9724189e+00   1.4623804e+00   0.0000000e+00   0.0000000e+00   0.0000000e+00   0.0000000e+00   0.0000000e+00   0.0000000e+00   0.0000000e+00   0.0000000e+00   0.0000000e+00   0.0000000e+00
   0.0000000e+00   0.0000000e+00   0.0000000e+00   1.7237460e+00   2.2100401e+00   2.0141311e+00   2.2095845e+00   2.9197266e+00   3.8892794e+00   4.5911985e+00   4.8328609e+00   4.5618482e+00   3.4962966e+00   0.0000000e+00   0.0000000e+00   0.0000000e+00   0.0000000e+00   0.0000000e+00   0.0000000e+00   2.2071329e+00   1.1157566e+00   2.1930862e+00   3.4553640e+00   3.6291831e+00   3.4384778e+00   2.2333712e+00   0.0000000e+00   0.0000000e+00   0.0000000e+00   0.0000000e+00   0.0000000e+00   0.0000000e+00   0.0000000e+00   0.0000000e+00   0.0000000e+00   0.0000000e+00
   0.0000000e+00   0.0000000e+00   0.0000000e+00   2.2315909e+00   1.9126539e+00   2.0712824e+00   2.7147470e+00   3.6275570e+00   4.4726501e+00   4.8409266e+00   4.8057842e+00   4.4267588e+00   3.8871469e+00   3.7050872e+00   0.0000000e+00   0.0000000e+00   0.0000000e+00   0.0000000e+00   0.0000000e+00   1.8791466e+00   1.5451258e+00   2.0674598e+00   2.9828517e+00   3.0984015e+00   3.6058889e+00   0.0000000e+00   0.0000000e+00   0.0000000e+00   0.0000000e+00   0.0000000e+00   0.0000000e+00   0.0000000e+00   0.0000000e+00   0.0000000e+00   0.0000000e+00   0.0000000e+00
   0.0000000e+00   0.0000000e+00   0.0000000e+00   0.0000000e+00   1.9407815e+00   1.7934996e+00   2.3300426e+00   3.0638328e+00   3.5481300e+00   3.5422788e+00   3.2886789e+00   2.8533313e+00   3.1733497e+00   4.8664923e+00   0.0000000e+00   0.0000000e+00   0.0000000e+00   0.0000000e+00   2.1633701e+00   1.8615512e+00   2.0440252e+00   1.7667102e+00   1.6638614e+00   2.3849697e+00   3.5924462e+00   0.0000000e+00   2.2585386e+00   1.2972010e+00   2.0970374e+00   0.0000000e+00   0.0000000e+00   0.0000000e+00   0.0000000e+00   0.0000000e+00   0.0000000e+00   0.0000000e+00
   0.0000000e+00   0.0000000e+00   2.0403519e+00   2.3432774e+00   1.3346620e+00   1.1564089e+00   1.5172561e+00   1.8106112e+00   1.8497587e+00   1.6175222e+00   1.2130311e+00   9.5052910e-01   2.2739739e+00   5.0206000e+00   0.0000000e+00   0.0000000e+00   0.0000000e+00   0.0000000e+00   1.2672106e+00   1.8298795e+00   1.8324039e+00   9.5754647e-01   9.4475448e-01   2.5885010e+00   4.1044652e+00   0.0000000e+00   0.0000000e+00   9.6397637e-01   2.2076986e+00   0.0000000e+00   0.0000000e+00   0.0000000e+00   0.0000000e+00   0.0000000e+00   0.0000000e+00   0.0000000e+00
   0.0000000e+00   0.0000000e+00   2.8592812e+00   2.0488667e+00   8.5128176e-01   5.0736344e-01   7.1152407e-01   9.2015457e-01   1.1242238e+00   1.4121624e+00   1.8035743e+00   2.2653544e+00   3.1040709e+00   4.7506680e+00   5.3856571e+00   0.0000000e+00   0.0000000e+00   2.0761817e+00   1.8250818e+00   2.2604914e+00   1.7965233e+00   1.5609567e+00   2.5033977e+00   4.2638011e+00   0.0000000e+00   0.0000000e+00   0.0000000e+00   0.0000000e+00   0.0000000e+00   0.0000000e+00   0.0000000e+00   0.0000000e+00   0.0000000e+00   0.0000000e+00   0.0000000e+00   0.0000000e+00
   0.0000000e+00   0.0000000e+00   3.4125411e+00   2.9498165e+00   2.3334284e+00   2.2535439e+00   2.5522413e+00   2.9613526e+00   3.3490517e+00   3.7158046e+00   4.1167712e+00   4.5195403e+00   4.8696785e+00   5.1552157e+00   5.2136419e+00   0.0000000e+00   3.8972003e+00   3.1438830e+00   2.9411312e+00   3.1379504e+00   2.9931824e+00   3.6472778e+00   4.7647963e+00   6.3409953e+00   0.0000000e+00   0.0000000e+00   0.0000000e+00   0.0000000e+00   0.0000000e+00   0.0000000e+00   0.0000000e+00   0.0000000e+00   0.0000000e+00   0.0000000e+00   0.0000000e+00   0.0000000e+00
   0.0000000e+00   3.3018337e+00   4.0941000e+00   3.8875837e+00   3.8432462e+00   4.1131043e+00   4.6075630e+00   5.1142607e+00   5.5712280e+00   5.9454765e+00   6.2813640e+00   6.5568595e+00   6.5784373e+00   6.1439223e+00   5.2115970e+00   0.0000000e+00   4.0696330e+00   4.5354584e+00   4.2868300e+00   5.1595246e+00   5.4190426e+00   6.0836172e+00   6.8862214e+00   7.8693352e+00   0.0000000e+00   0.0000000e+00   0.0000000e+00   0.0000000e+00   0.0000000e+00   0.0000000e+00   0.0000000e+00   0.0000000e+00   0.0000000e+00   0.0000000e+00   0.0000000e+00   0.0000000e+00
   0.0000000e+00   2.8853613e+00   3.7048161e+00   4.0499396e+00   4.5893745e+00   5.2282405e+00   5.8291059e+00   6.3933587e+00   6.9242005e+00   7.3444276e+00   7.6626935e+00   7.8057027e+00   7.6070170e+00   6.9141836e+00   5.3521008e+00   2.6541751e+00   0.0000000e+00   5.7389988e+00   7.7323028e+00   7.3985166e+00   7.2543831e+00   7.6005664e+00   7.8980980e+00   7.9914427e+00   0.0000000e+00   0.0000000e+00   0.0000000e+00   0.0000000e+00   0.0000000e+00   0.0000000e+00   0.0000000e+00   1.1085696e+00   3.1709332e+00   0.0000000e+00   3.9889660e+00   3.0692260e+00
   0.0000000e+00   1.4987566e+00   3.1221108e+00   3.6866479e+00   4.8410649e+00   5.9311690e+00   6.7109900e+00   7.3645682e+00   7.9457288e+00   8.3570013e+00   8.6046505e+00   8.5992756e+00   8.1795235e+00   7.1242881e+00   4.8181963e+00   1.8475772e+00   1.8500437e+00   0.0000000e+00   9.2583294e+00   8.4430246e+00   8.0855541e+00   8.1223087e+00   7.9434953e+00   7.1749239e+00   0.0000000e+00   0.0000000e+00   0.0000000e+00   0.0000000e+00   0.0000000e+00   0.0000000e+00   0.0000000e+00   7.7330164e-01   3.0893221e+00   0.0000000e+00   3.3471567e+00   2.1382713e+00
   0.0000000e+00   6.1488237e-01   2.3689370e+00   3.3006163e+00   4.9879498e+00   6.6473513e+00   7.7751331e+00   8.5522985e+00   9.1035891e+00   9.3864098e+00   9.4396763e+00   9.1212530e+00   8.1280231e+00   6.1450315e+00   3.0773184e+00   1.2676510e+00   1.9399778e+00   4.4964217e+00   0.0000000e+00   8.5991522e+00   8.4047593e+00   8.2276011e+00   7.4687924e+00   5.4662023e+00   3.9259248e+00   0.0000000e+00   0.0000000e+00   0.0000000e+00   0.0000000e+00   0.0000000e+00   0.0000000e+00   8.0695828e-01   2.9212902e+00   3.9662906e+00   2.8552176e+00   1.8482744e+00
   4.1890643e-01   7.0013553e-01   1.5493534e+00   2.7002323e+00   4.2592301e+00   5.9350357e+00   7.2091899e+00   8.0039873e+00   8.4052582e+00   8.3886127e+00   8.0055685e+00   7.1163578e+00   5.6257162e+00   3.5724981e+00   1.6165954e+00   1.2315553e+00   1.4631473e+00   1.8714071e+00   0.0000000e+00   0.0000000e+00   7.8698754e+00   7.4566522e+00   6.0051680e+00   3.2949431e+00   3.1145267e+00   0.0000000e+00   0.0000000e+00   0.0000000e+00   0.0000000e+00   0.0000000e+00   0.0000000e+00   1.6331089e+00   2.4020205e+00   2.8480324e+00   2.6388980e+00   1.9072377e+00
   2.9791397e-01   6.4546200e-01   5.0517478e-01   2.2590322e+00   3.3475051e+00   4.1422043e+00   5.0625930e+00   5.5924196e+00   5.8639469e+00   5.9123116e+00   5.7386312e+00   5.3949122e+00   5.0376492e+00   4.6423597e+00   4.4195886e+00   3.5037768e+00   1.6457673e+00   1.2081264e+00   0.0000000e+00   0.0000000e+00   0.0000000e+00   5.8915518e+00   3.8935754e+00   1.5268718e+00   2.6796863e+00   0.0000000e+00   0.0000000e+00   0.0000000e+00   0.0000000e+00   0.0000000e+00   0.0000000e+00   1.9091776e+00   1.3233250e+00   1.8467333e+00   2.1405013e+00   1.7006586e+00
   3.5722885e-01   0.0000000e+00   3.0242898e-01   2.1925750e+00   3.8051882e+00   3.8846827e+00   4.6894817e+00   5.2840470e+00   5.7437737e+00   6.0725887e+00   6.3040640e+00   6.4558188e+00   6.5701262e+00   6.4636938e+00   6.1065128e+00   5.3384231e+00   3.4848614e+00   1.7789395e+00   0.0000000e+00   0.0000000e+00   0.0000000e+00   3.8024082e+00   3.3461672e+00   2.3629789e+00   3.1845353e+00   3.5648363e+00   3.6800281e+00   0.0000000e+00   0.0000000e+00   0.0000000e+00   2.0259676e+00   1.5864952e+00   5.5738782e-01   1.2808909e+00   1.7984495e+00   1.6822092e+00
   0.0000000e+00   0.0000000e+00   3.5946690e-01   4.4981290e-01   4.1928690e+00   4.1151981e+00   5.1182626e+00   5.9430158e+00   6.5253927e+00   6.8499948e+00   6.9546014e+00   6.7811567e+00   6.3848254e+00   5.8853171e+00   5.2814415e+00   4.7580160e+00   3.9576783e+00   2.6810545e+00   0.0000000e+00   0.0000000e+00   0.0000000e+00   3.9002212e+00   4.1500849e+00   3.9264934e+00   4.3357701e+00   3.9011326e+00   2.8773121e+00   0.0000000e+00   0.0000000e+00   0.0000000e+00   2.3834704e+00   1.4284857e+00   1.4175966e+00   2.0871794e+00   2.2645583e+00   1.6410877e+00
   1.8315576e+00   6.7393069e-01   1.0639410e+00   5.4553193e-01   3.4261433e+00   3.0892162e+00   4.0086489e+00   4.8724208e+00   5.5241284e+00   5.9150305e+00   6.1324816e+00   6.3377934e+00   6.6185603e+00   6.9121151e+00   7.0601988e+00   6.8762021e+00   6.0121059e+00   4.1187147e+00   0.0000000e+00   0.0000000e+00   0.0000000e+00   0.0000000e+00   5.6806939e+00   5.9319477e+00   6.0104365e+00   5.1424904e+00   3.3127326e+00   0.0000000e+00   0.0000000e+00   0.0000000e+00   2.4219118e+00   2.0806587e+00   2.8981485e+00   3.7558446e+00   3.8563578e+00   2.9177893e+00
   3.0052800e+00   1.4196957e+00   1.0201904e+00   6.4802303e-01   0.0000000e+00   2.2347009e+00   2.2242723e+00   2.6226821e+00   3.1177039e+00   3.5907855e+00   4.3000822e+00   5.5175834e+00   6.7371526e+00   7.5970483e+00   8.0040293e+00   7.9106483e+00   7.3616328e+00   6.3856494e+00   0.0000000e+00   0.0000000e+00   0.0000000e+00   0.0000000e+00   6.7140948e+00   7.1166701e+00   7.0152988e+00   6.0830660e+00   4.1156597e+00   0.0000000e+00   0.0000000e+00   0.0000000e+00   2.7623128e+00   3.3346667e+00   4.6144485e+00   5.7767773e+00   5.9618678e+00   4.7463737e+00
   4.6704125e+00   2.7925839e+00   9.4169620e-01   1.0341461e+00   3.0864877e+00   2.9638176e+00   2.5182989e+00   2.0558696e+00   1.9861281e+00   2.3033299e+00   3.3446107e+00   5.0661130e+00   6.4376264e+00   7.3154511e+00   7.7931533e+00   7.8744240e+00   7.6797700e+00   6.6113209e+00   0.0000000e+00   0.0000000e+00   0.0000000e+00   0.0000000e+00   6.6548008e+00   7.4061828e+00   7.4392524e+00   6.8094292e+00   5.2043476e+00   0.0000000e+00   0.0000000e+00   0.0000000e+00   2.7850631e+00   4.3262525e+00   5.9545040e+00   7.2082825e+00   7.5242858e+00   6.7320700e+00
   6.1952343e+00   3.4100466e+00   1.0950547e+00   0.0000000e+00   5.3864581e+00   4.7545681e+00   4.2127581e+00   3.9178543e+00   3.5184867e+00   3.1219952e+00   3.3169873e+00   4.4234204e+00   5.5582581e+00   6.4384699e+00   7.1021128e+00   7.4476075e+00   7.5563269e+00   7.4294624e+00   0.0000000e+00   0.0000000e+00   0.0000000e+00   0.0000000e+00   6.2074108e+00   7.1226864e+00   7.4717860e+00   7.3608217e+00   6.2106657e+00   0.0000000e+00   0.0000000e+00   0.0000000e+00   1.6786226e+00   4.9809453e+00   6.5383487e+00   7.7829566e+00   8.2978182e+00   7.9585214e+00
   6.6659579e+00   3.4415374e+00   0.0000000e+00   0.0000000e+00   4.7812816e+00   5.0693913e+00   5.0619164e+00   5.0809422e+00   4.8609242e+00   4.3942194e+00   3.7890711e+00   3.6862428e+00   4.2244911e+00   4.9620452e+00   5.7562561e+00   6.3905454e+00   6.8725286e+00   7.3271351e+00   6.1847384e+00   0.0000000e+00   0.0000000e+00   0.0000000e+00   5.3600547e+00   6.1775141e+00   6.8550973e+00   7.3704348e+00   6.9665704e+00   0.0000000e+00   0.0000000e+00   0.0000000e+00   2.0234381e+00   5.0736809e+00   6.4609098e+00   7.5912952e+00   8.1429605e+00   7.9397945e+00
   7.0924497e+00   4.9784422e+00   0.0000000e+00   0.0000000e+00   0.0000000e+00   4.7723261e+00   4.8420954e+00   4.9603424e+00   4.9032435e+00   4.6735120e+00   4.0616403e+00   3.2834392e+00   3.0756135e+00   3.4320693e+00   4.1279631e+00   4.9048243e+00   5.7425427e+00   6.3930993e+00   4.5794530e+00   0.0000000e+00   0.0000000e+00   0.0000000e+00   4.2831590e+00   4.6767077e+00   5.5011821e+00   6.6137962e+00   7.7275577e+00   0.0000000e+00   0.0000000e+00   0.0000000e+00   2.8627214e+00   4.7407600e+00   5.8615680e+00   6.7776899e+00   7.3888669e+00   7.6339641e+00
   6.8031321e+00   0.0000000e+00   0.0000000e+00   0.0000000e+00   0.0000000e+00   3.4627430e+00   3.8221867e+00   4.0239716e+00   4.1058626e+00   4.0443602e+00   3.6834440e+00   2.9659197e+00   2.3808484e+00   2.2870960e+00   2.6371841e+00   3.1344552e+00   4.0081339e+00   5.2488127e+00   4.2445352e+00   0.0000000e+00   0.0000000e+00   3.2165640e+00   3.2150073e+00   2.9846480e+00   3.5365152e+00   4.8848805e+00   7.2671432e+00   0.0000000e+00   0.0000000e+00   3.3435335e+00   3.8872828e+00   4.1681733e+00   4.5742874e+00   5.0423121e+00   5.6030283e+00   6.3526649e+00
   5.7413449e+00   0.0000000e+00   0.0000000e+00   0.0000000e+00   0.0000000e+00   2.0716118e+00   2.5022428e+00   2.7744994e+00   3.0284066e+00   3.1430531e+00   2.9611802e+00   2.4550066e+00   1.8291521e+00   1.4342041e+00   1.4913999e+00   1.5932597e+00   2.0162699e+00   4.0011902e+00   5.0076270e+00   0.0000000e+00   0.0000000e+00   2.7620258e+00   2.3658354e+00   1.6300730e+00   1.5551766e+00   2.6568234e+00   5.3736672e+00   5.8769864e+00   0.0000000e+00   3.1194859e+00   3.6091811e+00   3.2117190e+00   3.0150909e+00   2.8707294e+00   3.0832319e+00   4.1479287e+00
   3.4426560e+00   0.0000000e+00   0.0000000e+00   0.0000000e+00   0.0000000e+00   7.5206938e-01   9.7497708e-01   1.0505269e+00   1.4572911e+00   1.7770984e+00   1.7306783e+00   1.3763330e+00   8.5277057e-01   4.9839318e-01   7.6410908e-01   1.0148844e+00   7.3978198e-01   2.4795682e+00   4.6145110e+00   0.0000000e+00   0.0000000e+00   1.4775917e+00   1.2236003e+00   1.2555410e+00   1.2880597e+00   1.3704157e+00   2.9388022e+00   4.5594320e+00   0.0000000e+00   1.3635100e+00   1.7947338e+00   1.4679139e+00   1.1405325e+00   9.0446615e-01   9.0572935e-01   1.8620150e+00
   3.5781413e+00   2.9158163e+00   2.0403709e+00   1.9329971e+00   0.0000000e+00   3.9767359e-01   3.6134593e-01   5.6337513e-01   5.3744900e-01   6.0054176e-01   8.0087805e-01   8.5447127e-01   9.1746546e-01   1.2259530e+00   1.7997539e+00   2.2966220e+00   2.3743684e+00   2.5160627e+00   3.3654690e+00   0.0000000e+00   1.1707038e+00   1.2606717e+00   1.6858625e+00   2.5171199e+00   3.2005061e+00   3.5830448e+00   3.7164450e+00   3.1498756e+00   2.6436342e+00   1.2694404e+00   1.5143546e+00   1.5314142e+00   1.9245851e+00   2.5879299e+00   3.2164483e+00   3.5821378e+00
   6.3445344e+00   5.5016332e+00   4.7507725e+00   4.0031165e+00   3.8072005e+00   1.8337330e+00   1.5237573e+00   0.0000000e+00   1.3463035e+00   1.4549598e+00   1.8544431e+00   2.3785582e+00   2.8774624e+00   3.3833771e+00   3.8343229e+00   4.2214775e+00   4.3982463e+00   3.9893808e+00   3.1519177e+00   0.0000000e+00   2.2357774e+00   2.2381706e+00   3.2133203e+00   4.2743249e+00   5.0979648e+00   5.6295552e+00   5.6620660e+00   4.8394127e+00   3.8178959e+00   3.0079679e+00   3.5483222e+00   3.7912931e+00   4.5611305e+00   5.4328022e+00   6.1735067e+00   6.5865021e+00
   8.2161598e+00   7.8515701e+00   7.2248683e+00   6.4288805e+00   5.5350183e+00   3.9088156e+00   3.1456373e+00   0.0000000e+00   2.3636955e+00   3.0594100e+00   3.6469910e+00   4.2565439e+00   4.8042928e+00   5.2888573e+00   5.6743630e+00   5.8854496e+00   5.9611586e+00   5.5924152e+00   3.9214022e+00   3.0897186e+00   3.2017014e+00   3.8035421e+00   4.7952579e+00   5.5873602e+00   6.2528146e+00   6.7468690e+00   6.9507112e+00   6.7672323e+00   6.2902464e+00   5.8366069e+00   5.8946736e+00   6.0365471e+00   6.7905115e+00   7.8392787e+00   8.0838141e+00   8.2761474e+00
   8.2006378e+00   8.2431288e+00   8.1254511e+00   7.7501693e+00   7.0289645e+00   5.9688220e+00   5.8535221e+00   4.5162643e+00   4.3266330e+00   4.7876277e+00   5.2597518e+00   5.7692933e+00   6.1344013e+00   6.4444170e+00   6.7763462e+00   6.9311981e+00   6.9710622e+00   6.7443871e+00   5.9310312e+00   4.5922291e+00   4.5934372e+00   5.3368649e+00   5.8639417e+00   6.4193597e+00   6.6791029e+00   6.8223219e+00   7.1954994e+00   7.4003897e+00   7.4961739e+00   7.4952960e+00   7.5161133e+00   7.6561580e+00   8.4973764e+00   8.6461344e+00   8.2745571e+00   8.2449131e+00
   6.3402796e+00   6.4785361e+00   6.6594400e+00   6.8623848e+00   6.9490447e+00   6.8371682e+00   6.7603273e+00   5.8786502e+00   5.7493749e+00   5.6258512e+00   5.5896969e+00   5.8347244e+00   5.8954592e+00   6.0503554e+00   6.2417936e+00   6.3872766e+00   6.4677544e+00   6.5756989e+00   6.8700031e+00   5.1117438e+00   4.8514757e+00   4.9913821e+00   5.0959711e+00   5.4404211e+00   5.4312425e+00   5.6147351e+00   5.9833674e+00   6.2885747e+00   6.5628295e+00   6.7985916e+00   6.9209442e+00   7.0019550e+00   7.1762238e+00   6.4745173e+00   6.2251053e+00   6.3119664e+00
   2.7391953e+00   2.7898409e+00   3.0179508e+00   3.4294484e+00   3.8255863e+00   4.3099437e+00   4.7340345e+00   4.8579421e+00   4.9003167e+00   4.8741751e+00   4.8886132e+00   4.8933487e+00   4.7107229e+00   4.5695515e+00   4.4854178e+00   4.4540935e+00   4.4847517e+00   4.5927129e+00   4.8244132e+00   4.1809827e+00   3.3686419e+00   3.3628254e+00   3.4394736e+00   3.4535642e+00   3.4824471e+00   3.5524735e+00   3.6331067e+00   3.7063553e+00   3.8714335e+00   3.9424961e+00   3.6912394e+00   3.2059612e+00   3.0035501e+00   2.6454000e+00   2.8189762e+00   2.7880907e+00
   3.9368862e+00   3.6343826e+00   3.5536878e+00   3.7426718e+00   2.5733571e+00   1.7175351e+00   2.1396656e+00   2.1042147e+00   1.9133646e+00   2.1619678e+00   2.2766075e+00   2.1473196e+00   2.0107980e+00   1.8657941e+00   1.6811115e+00   1.5109696e+00   1.5912914e+00   1.7732623e+00   2.5411051e+00   2.0247397e+00   1.6570410e+00   1.0274249e+00   1.0893748e+00   1.1268781e+00   1.4878386e+00   1.8078439e+00   2.2405487e+00   2.4782630e+00   2.0492388e+00   1.6485761e+00   2.9663740e+00   3.7174091e+00   3.7088170e+00   1.9464891e+00   2.5329298e+00   3.5762966e+00
   0.0000000e+00   0.0000000e+00   0.0000000e+00   0.0000000e+00   0.0000000e+00   0.0000000e+00   0.0000000e+00   3.9269184e+00   1.7732746e+00   9.3276161e-01   9.6012105e-01   1.5949791e+00   0.0000000e+00   0.0000000e+00   0.0000000e+00   0.0000000e+00   0.0000000e+00   0.0000000e+00   0.0000000e+00   0.0000000e+00   2.9803914e+00   1.4871160e+00   7.7657957e-01   0.0000000e+00   0.0000000e+00   0.0000000e+00   0.0000000e+00   0.0000000e+00   0.0000000e+00   0.0000000e+00   0.0000000e+00   0.0000000e+00   0.0000000e+00   0.0000000e+00   0.0000000e+00   0.0000000e+00
