0.000000000000000000e+00
0.000000000000000000e+00
0.000000000000000000e+00
0.000000000000000000e+00
0.000000000000000000e+00
0.000000000000000000e+00
0.000000000000000000e+00
0.000000000000000000e+00
0.000000000000000000e+00
0.000000000000000000e+00
0.000000000000000000e+00
0.000000000000000000e+00
0.000000000000000000e+00
0.000000000000000000e+00
0.000000000000000000e+00
0.000000000000000000e+00
0.000000000000000000e+00
0.000000000000000000e+00
0.000000000000000000e+00
0.000000000000000000e+00
0.000000000000000000e+00
0.000000000000000000e+00
0.000000000000000000e+00
0.000000000000000000e+00
0.000000000000000000e+00
0.000000000000000000e+00
0.000000000000000000e+00
0.000000000000000000e+00
0.000000000000000000e+00
0.000000000000000000e+00
0.000000000000000000e+00
0.000000000000000000e+00
0.000000000000000000e+00
0.000000000000000000e+00
0.000000000000000000e+00
0.000000000000000000e+00
0.000000000000000000e+00
0.000000000000000000e+00
0.000000000000000000e+00
0.000000000000000000e+00
7.895583500000000199e-02
5.566568499999999947e-02
7.794428500000000204e-02
8.368049499999999363e-02
3.131339000000000344e-02
1.312024200000000071e-02
8.301321500000000131e-03
2.379201400000000195e-03
1.662519299999999992e-02
1.973896699999999962e-02
1.185676500000000001e-02
-8.527601600000000309e-03
-1.466950099999999972e-02
1.688768400000000003e-02
-2.169127499999999945e-02
0.000000000000000000e+00
5.013712499999999767e-02
4.045243200000000344e-02
2.092322699999999910e-02
1.530678799999999999e-02
1.710057699999999875e-02
2.211333700000000027e-02
2.979994500000000129e-02
4.194861999999999896e-02
3.049049900000000077e-02
-5.948746300000000084e-03
-6.117292500000000299e-02
0.000000000000000000e+00
9.474146999999999430e-02
1.652267500000000056e-02
-3.395941000000000237e-02
0.000000000000000000e+00
3.338708499999999690e-02
2.141894199999999984e-02
3.473504300000000190e-03
-6.713483400000000260e-03
-2.084214100000000066e-03
-1.181063199999999973e-02
-1.938581799999999911e-02
-2.439966199999999905e-02
-2.383832599999999996e-02
-1.419950799999999957e-02
-2.836865799999999885e-03
4.619370700000000052e-03
4.818216799999999571e-03
-1.064481100000000023e-04
-8.943552199999999647e-03
-1.933684299999999939e-02
-2.666948900000000108e-02
-3.129145900000000063e-02
-4.290269000000000027e-02
-2.869789299999999863e-02
2.868029999999999885e-02
2.123893899999999835e-02
2.222250799999999846e-02
2.417816600000000093e-02
2.797544000000000072e-02
2.375365399999999905e-02
1.795394000000000156e-02
1.505758199999999991e-02
7.050398700000000060e-03
-6.788285399999999942e-03
-1.553539299999999977e-02
1.882687799999999828e-02
4.493114699999999767e-02
1.468082599999999925e-02
9.776016699999999157e-03
3.182344799999999724e-02
-7.792681499999999824e-03
-2.169625999999999846e-02
-4.093446600000000268e-02
-6.101824699999999768e-02
-7.171426699999999821e-02
-6.557074899999999762e-02
-5.049878900000000226e-02
-4.129560699999999807e-02
-2.683793199999999837e-02
-1.042552100000000009e-02
4.458692299999999988e-04
7.119823699999999755e-03
3.468593199999999918e-03
-3.632351299999999911e-03
-1.451630700000000086e-02
-2.461616599999999835e-02
-3.201859399999999745e-02
-3.856015599999999821e-02
-4.346008999999999983e-02
-7.451246899999999784e-03
-5.963236999999999705e-03
1.661868599999999927e-03
1.249824700000000052e-02
1.535395200000000057e-02
9.210510899999999751e-03
4.086242700000000151e-04
-6.525658099999999753e-03
-1.465829700000000069e-02
-2.233227900000000002e-02
-2.715961600000000101e-02
-2.605842499999999964e-02
-1.990920100000000137e-02
-9.398116700000000434e-03
-8.189400600000000530e-03
-3.827517900000000205e-03
-9.006991199999999850e-04
-1.509417099999999998e-02
-3.174636900000000345e-02
-5.092325799999999902e-02
-6.363934300000000099e-02
-6.037105999999999723e-02
-4.962775099999999773e-02
-3.648989300000000241e-02
-2.431154799999999880e-02
-5.836788600000000077e-03
9.216808700000000618e-03
1.656492799999999960e-02
1.820571899999999868e-02
9.623097299999999396e-03
-4.930356999999999795e-03
-1.863301200000000088e-02
-2.822475300000000173e-02
-3.217934399999999862e-02
-3.728994000000000059e-02
-5.245702299999999846e-02
0.000000000000000000e+00
-8.895704500000000542e-03
-3.656941899999999798e-03
3.981644799999999734e-03
5.009635800000000402e-03
-3.888912500000000182e-03
-1.396740399999999924e-02
-2.099036099999999905e-02
-3.137844800000000323e-02
-3.804958199999999846e-02
-3.837841000000000169e-02
-3.601826400000000122e-02
-3.328959299999999927e-02
-1.543477700000000022e-02
-7.760448799999999925e-03
-6.292936199999999694e-04
-1.252463600000000088e-03
-2.016913500000000123e-02
-3.396145200000000308e-02
-4.683478700000000272e-02
-4.882678900000000238e-02
-3.802928600000000242e-02
-2.629990700000000084e-02
-2.697686599999999865e-02
6.682473199999999823e-04
1.279498599999999951e-02
1.925455499999999959e-02
2.038121000000000030e-02
1.331317500000000001e-02
-7.835271800000000479e-04
-1.432594100000000002e-02
-2.302413700000000008e-02
-2.803943199999999955e-02
-2.839525999999999856e-02
-2.829360800000000134e-02
-3.637637900000000035e-02
0.000000000000000000e+00
-8.236144600000000135e-03
-4.318160399999999843e-03
-3.030684200000000137e-03
-2.564723999999999997e-03
-6.239635599999999657e-03
-1.333005599999999985e-02
-2.137389500000000039e-02
-2.695894500000000152e-02
-2.636350399999999941e-02
-2.542380299999999829e-02
-2.551594399999999874e-02
-2.615878400000000090e-02
-1.648629999999999887e-02
-4.431644900000000081e-03
-2.466894900000000165e-03
-9.177817799999999845e-03
-1.679770599999999905e-02
-2.072647199999999926e-02
-2.574734000000000050e-02
-2.419961899999999860e-02
-1.958429399999999862e-02
-5.288185600000000139e-03
-6.218828400000000166e-03
1.644374499999999920e-02
5.850549299999999696e-03
9.308373599999999332e-03
9.234639799999999621e-03
2.227269300000000139e-03
-5.988387900000000270e-03
-1.374624900000000031e-02
-1.923620700000000169e-02
-2.133149700000000135e-02
-2.036123000000000099e-02
-1.380971599999999966e-02
-1.666960699999999948e-02
0.000000000000000000e+00
-3.907683500000000074e-03
-8.795327199999999771e-04
6.977235899999999745e-05
-8.916884500000000092e-04
-1.166818199999999917e-02
-1.854403899999999827e-02
-1.564857500000000137e-02
-6.864800100000000363e-03
1.913971700000000010e-03
-3.390800700000000042e-03
-8.869227000000000360e-03
-1.186696299999999947e-02
-7.198070600000000194e-03
-3.927466499999999854e-03
-1.142407999999999965e-02
-1.412413900000000083e-02
5.256567000000000184e-03
7.814263899999999985e-03
-2.801979000000000015e-03
-8.347151699999999508e-04
0.000000000000000000e+00
1.017496799999999951e-02
3.590347499999999980e-03
2.033500100000000185e-03
-1.335725700000000085e-03
5.342129000000000148e-03
6.429096199999999664e-03
2.479630500000000199e-03
-2.629921199999999976e-03
-8.180566099999999827e-03
-1.252319000000000002e-02
-1.375001999999999995e-02
-1.051648399999999955e-02
3.080403700000000026e-03
1.380829499999999994e-02
0.000000000000000000e+00
-7.091077799999999723e-03
-8.682903699999999433e-03
-7.697561799999999739e-03
-1.386822400000000018e-02
-1.917620899999999962e-02
-1.244687499999999961e-02
3.888913400000000055e-03
2.010081099999999968e-02
2.130771399999999843e-02
2.350805100000000116e-03
-9.135698700000000061e-03
-1.210515600000000060e-02
-1.264299800000000078e-02
-1.365866299999999971e-02
-9.250200400000000225e-03
-2.155229900000000132e-03
3.178061499999999817e-02
0.000000000000000000e+00
0.000000000000000000e+00
0.000000000000000000e+00
0.000000000000000000e+00
3.067708900000000027e-03
2.813122899999999805e-03
4.310652100000000354e-03
5.095648999999999838e-03
1.076478399999999946e-02
1.123854099999999946e-02
7.855883799999999542e-03
2.683191599999999906e-03
-3.559280699999999974e-03
-8.828498400000000731e-03
-9.458752299999999627e-03
-3.327090300000000098e-03
1.901787699999999900e-02
4.109692599999999890e-02
0.000000000000000000e+00
0.000000000000000000e+00
-8.495709199999999794e-03
-9.975840300000000244e-03
-1.200174399999999995e-02
-9.974946300000000696e-03
-6.778144699999999641e-04
2.128101300000000140e-02
3.818847200000000108e-02
0.000000000000000000e+00
-3.698838500000000036e-03
-4.937129099999999771e-03
-7.902993800000000790e-03
-1.010615699999999929e-02
-6.771460600000000184e-03
2.818603099999999854e-03
1.420673199999999969e-02
5.994793000000000344e-02
0.000000000000000000e+00
0.000000000000000000e+00
0.000000000000000000e+00
0.000000000000000000e+00
2.565100800000000118e-03
5.813228000000000145e-03
8.915388999999999259e-03
1.333166900000000085e-02
1.703675300000000170e-02
1.700038099999999844e-02
1.275894500000000070e-02
5.599605399999999823e-03
-2.945107199999999828e-03
-8.667409399999999320e-03
-7.503323299999999779e-03
3.080499400000000134e-03
3.357977399999999973e-02
6.005082700000000107e-02
0.000000000000000000e+00
0.000000000000000000e+00
-5.989029300000000416e-03
-9.194964499999999652e-03
-6.710185199999999656e-03
-8.588267999999999814e-04
1.241867900000000018e-02
4.592046899999999848e-02
6.541477099999999656e-02
0.000000000000000000e+00
7.105134400000000065e-03
6.821248700000000047e-03
-2.291974100000000042e-03
-4.984679599999999877e-03
7.292319799999999854e-04
1.203601399999999939e-02
2.856451299999999971e-02
7.886595100000000358e-02
0.000000000000000000e+00
0.000000000000000000e+00
0.000000000000000000e+00
0.000000000000000000e+00
1.148322000000000058e-02
1.521033899999999980e-02
1.766245300000000157e-02
2.101241599999999904e-02
2.340454499999999882e-02
2.157183899999999890e-02
1.413535299999999981e-02
3.599824399999999869e-03
-5.782054699999999818e-03
-9.184612899999999858e-03
-3.802352800000000001e-03
1.155915700000000046e-02
4.385005299999999995e-02
4.316604200000000169e-02
0.000000000000000000e+00
0.000000000000000000e+00
-9.211654899999999549e-03
-1.201322500000000064e-02
-4.085102099999999778e-03
5.537270799999999792e-03
2.509333000000000050e-02
7.279594200000000237e-02
0.000000000000000000e+00
0.000000000000000000e+00
1.369676899999999926e-02
6.839161699999999657e-03
-4.129611000000000046e-03
-2.815575299999999951e-03
6.639551500000000217e-03
2.134912099999999868e-02
4.509341699999999675e-02
8.185509600000000219e-02
7.469844800000000062e-02
0.000000000000000000e+00
0.000000000000000000e+00
0.000000000000000000e+00
2.417019600000000143e-02
2.366454700000000105e-02
2.489504600000000054e-02
2.782685699999999998e-02
2.863608700000000104e-02
2.357809199999999841e-02
1.070744000000000036e-02
-2.534710600000000119e-03
-9.892892999999999826e-03
-8.615398800000000079e-03
2.130738200000000145e-03
2.117577000000000001e-02
4.977076899999999943e-02
3.917485500000000148e-02
0.000000000000000000e+00
0.000000000000000000e+00
0.000000000000000000e+00
-1.404218399999999922e-02
-1.052172199999999941e-03
1.360667800000000052e-02
4.068345200000000189e-02
8.967848100000000433e-02
0.000000000000000000e+00
0.000000000000000000e+00
0.000000000000000000e+00
5.009158799999999939e-03
-3.275894599999999886e-03
4.262229900000000064e-03
1.843131900000000156e-02
3.746965199999999913e-02
6.233592000000000299e-02
7.605867099999999437e-02
4.337921100000000085e-02
0.000000000000000000e+00
0.000000000000000000e+00
0.000000000000000000e+00
3.377951399999999660e-02
2.823857199999999998e-02
2.985400699999999838e-02
3.230676400000000170e-02
3.023326200000000033e-02
1.940963399999999853e-02
2.231916599999999792e-03
-9.199327800000000471e-03
-1.186571099999999927e-02
-5.198644500000000265e-03
8.966657299999999942e-03
2.937170100000000006e-02
5.500329300000000171e-02
3.904702799999999752e-02
0.000000000000000000e+00
0.000000000000000000e+00
0.000000000000000000e+00
-1.020020999999999949e-02
5.201338800000000068e-03
2.440228100000000136e-02
5.331901800000000274e-02
8.071877099999999472e-02
0.000000000000000000e+00
0.000000000000000000e+00
0.000000000000000000e+00
9.582661499999999596e-05
4.611384700000000295e-03
1.297879000000000047e-02
3.066871900000000054e-02
5.127899000000000346e-02
7.020171699999999682e-02
6.570374199999999554e-02
3.249828899999999965e-02
0.000000000000000000e+00
0.000000000000000000e+00
3.269221299999999775e-02
3.321290400000000143e-02
2.928426099999999893e-02
2.960566599999999923e-02
2.799793100000000021e-02
2.010249199999999958e-02
5.961303599999999599e-03
-6.029908999999999963e-03
-8.740625300000000666e-03
-4.129079600000000114e-03
7.019521699999999725e-03
2.202236499999999861e-02
4.107417199999999907e-02
6.621450199999999453e-02
0.000000000000000000e+00
0.000000000000000000e+00
0.000000000000000000e+00
0.000000000000000000e+00
6.158017399999999924e-04
1.734148500000000023e-02
3.792549700000000246e-02
6.045574699999999718e-02
6.369634000000000407e-02
0.000000000000000000e+00
0.000000000000000000e+00
0.000000000000000000e+00
-8.752176100000000217e-04
1.454982399999999940e-02
2.232781099999999949e-02
4.291044499999999845e-02
6.249479899999999671e-02
7.193186899999999551e-02
5.782937999999999967e-02
3.016043300000000038e-02
0.000000000000000000e+00
0.000000000000000000e+00
3.515671900000000294e-02
2.724667299999999903e-02
2.139354099999999856e-02
1.597488999999999854e-02
1.021598699999999929e-02
2.866529899999999912e-03
-4.168259900000000420e-03
-5.712728499999999987e-03
-3.656118599999999856e-04
9.575365100000000212e-03
2.379723599999999939e-02
3.877197200000000177e-02
5.465906499999999973e-02
5.918877899999999692e-02
0.000000000000000000e+00
0.000000000000000000e+00
0.000000000000000000e+00
0.000000000000000000e+00
1.102834400000000069e-02
2.861314800000000144e-02
4.579339899999999852e-02
5.836235699999999665e-02
4.830873000000000111e-02
0.000000000000000000e+00
0.000000000000000000e+00
0.000000000000000000e+00
1.646997199999999939e-03
2.179977199999999851e-02
3.047137700000000088e-02
5.051008199999999781e-02
6.759593599999999536e-02
7.150860100000000497e-02
3.966254400000000097e-02
0.000000000000000000e+00
1.304005599999999952e-02
2.431137599999999913e-02
0.000000000000000000e+00
1.676033099999999984e-02
4.751905800000000117e-03
-2.930773399999999935e-03
-7.480981799999999668e-03
-9.962372500000000325e-03
-9.738828999999999195e-03
-4.946393000000000317e-03
4.800672199999999820e-03
1.925232299999999827e-02
3.608710300000000232e-02
4.899556900000000270e-02
5.827489899999999806e-02
5.261691699999999916e-02
0.000000000000000000e+00
0.000000000000000000e+00
0.000000000000000000e+00
0.000000000000000000e+00
2.273757300000000051e-02
3.411729599999999835e-02
4.721547300000000086e-02
5.204127399999999848e-02
3.465539599999999804e-02
0.000000000000000000e+00
0.000000000000000000e+00
0.000000000000000000e+00
9.650697700000000420e-03
2.516991600000000051e-02
3.446328299999999734e-02
5.042341000000000184e-02
6.230190399999999823e-02
5.748216400000000226e-02
3.321694599999999720e-02
0.000000000000000000e+00
1.054758899999999958e-02
1.631735399999999919e-02
3.252952800000000200e-03
-5.647630899999999928e-04
-1.368384199999999988e-02
-1.959075399999999842e-02
-2.293693800000000046e-02
-2.363564599999999974e-02
-2.022169500000000134e-02
-1.091810099999999950e-02
3.352586900000000154e-03
2.122740299999999886e-02
3.943652999999999742e-02
5.045436699999999997e-02
5.179155600000000248e-02
3.796033599999999730e-02
0.000000000000000000e+00
0.000000000000000000e+00
0.000000000000000000e+00
0.000000000000000000e+00
2.751021799999999948e-02
3.271891899999999909e-02
4.230515700000000295e-02
4.248908900000000072e-02
2.039692499999999978e-02
0.000000000000000000e+00
0.000000000000000000e+00
0.000000000000000000e+00
9.745591499999999366e-03
2.137541399999999883e-02
3.162837799999999866e-02
4.178405200000000208e-02
4.640050200000000319e-02
3.441201099999999929e-02
0.000000000000000000e+00
0.000000000000000000e+00
7.783905399999999954e-03
6.820431000000000063e-03
5.465527999999999879e-03
-5.678338500000000393e-03
-1.380556999999999965e-02
-1.767616199999999874e-02
-2.111271400000000117e-02
-2.292563699999999871e-02
-2.153157799999999913e-02
-1.453539899999999919e-02
-3.292619399999999804e-03
9.344862799999999192e-03
2.082443800000000067e-02
2.873925700000000069e-02
3.074483199999999972e-02
2.029060499999999975e-02
0.000000000000000000e+00
0.000000000000000000e+00
0.000000000000000000e+00
-8.511975200000000252e-04
1.702463499999999977e-02
2.206365799999999988e-02
2.971939499999999915e-02
2.858317999999999970e-02
1.113500400000000043e-02
0.000000000000000000e+00
0.000000000000000000e+00
0.000000000000000000e+00
2.463447000000000119e-03
6.275390700000000287e-03
1.959236300000000153e-02
2.584370899999999943e-02
2.740228000000000108e-02
1.887424600000000077e-02
0.000000000000000000e+00
0.000000000000000000e+00
1.909389100000000086e-03
1.126116299999999998e-04
1.067633200000000018e-02
4.171880400000000343e-03
1.714322899999999985e-03
-2.494921800000000152e-04
-2.244521900000000063e-03
-3.643767899999999886e-03
-3.128919799999999810e-03
1.216905199999999965e-03
8.732525600000000734e-03
1.725838000000000025e-02
2.471309000000000006e-02
2.880127700000000013e-02
2.577556300000000133e-02
1.541135499999999985e-02
0.000000000000000000e+00
0.000000000000000000e+00
0.000000000000000000e+00
-3.036003199999999860e-02
6.446562700000000104e-03
1.483779200000000069e-02
2.054616999999999902e-02
1.809850000000000000e-02
5.628623099999999733e-03
0.000000000000000000e+00
0.000000000000000000e+00
0.000000000000000000e+00
-9.595236199999999244e-03
-6.275392599999999634e-03
1.050174100000000020e-02
1.543664800000000073e-02
1.614056700000000150e-02
8.044625899999999566e-03
0.000000000000000000e+00
0.000000000000000000e+00
3.034609599999999840e-04
2.323184299999999942e-03
8.274872799999999362e-03
4.248976300000000331e-03
3.559934700000000080e-03
4.008692200000000400e-03
5.068768399999999674e-03
5.982857999999999753e-03
8.329385999999999388e-03
1.453701399999999914e-02
2.386907599999999949e-02
3.360693199999999908e-02
4.025681799999999977e-02
3.630843599999999949e-02
2.023324599999999987e-02
4.991913399999999869e-03
0.000000000000000000e+00
0.000000000000000000e+00
0.000000000000000000e+00
-3.560530700000000270e-02
-1.103058600000000021e-02
1.982198799999999959e-03
1.143311299999999996e-02
0.000000000000000000e+00
0.000000000000000000e+00
0.000000000000000000e+00
0.000000000000000000e+00
0.000000000000000000e+00
-0.000000000000000000e+00
-1.562527400000000150e-02
7.997749900000000051e-04
6.754846200000000182e-03
8.597761500000000376e-03
9.255943199999999834e-04
0.000000000000000000e+00
-1.676577900000000149e-02
-1.775284100000000054e-03
9.181213000000000351e-05
-4.360453700000000050e-03
-1.310251100000000071e-02
-2.022155900000000006e-02
-2.541205699999999831e-02
-2.773756299999999980e-02
-2.619345999999999827e-02
-2.134231099999999923e-02
-1.323170899999999948e-02
-2.516526700000000071e-03
1.087063599999999949e-02
2.075313200000000052e-02
1.619639599999999832e-02
2.745504000000000173e-03
-4.900788100000000140e-03
0.000000000000000000e+00
0.000000000000000000e+00
-3.887622500000000036e-02
-4.282830199999999865e-02
-3.865496399999999999e-02
-2.228405300000000158e-02
-8.082208199999999865e-04
0.000000000000000000e+00
0.000000000000000000e+00
0.000000000000000000e+00
0.000000000000000000e+00
0.000000000000000000e+00
0.000000000000000000e+00
-2.194872700000000121e-02
-1.322409100000000032e-02
-8.946428699999999564e-04
9.537452300000000618e-03
-6.007808300000000217e-04
0.000000000000000000e+00
-8.207196099999999536e-03
-3.809391300000000181e-03
-2.617673200000000117e-03
-9.003281599999999468e-03
-1.911455000000000098e-02
-3.040553299999999848e-02
-4.162730600000000281e-02
-5.147206800000000276e-02
-5.761996300000000321e-02
-5.968774899999999828e-02
-5.670842200000000138e-02
-4.787455499999999919e-02
-3.169143199999999855e-02
-8.755162400000000497e-03
1.587805999999999983e-03
-4.673730099999999672e-03
-7.410815500000000021e-03
0.000000000000000000e+00
0.000000000000000000e+00
-4.107057599999999753e-02
-5.048419199999999718e-02
-5.245539899999999978e-02
-4.553988900000000006e-02
-1.381086599999999977e-02
0.000000000000000000e+00
0.000000000000000000e+00
0.000000000000000000e+00
0.000000000000000000e+00
0.000000000000000000e+00
0.000000000000000000e+00
-7.373036799999999752e-03
-2.210267600000000165e-02
-1.246850799999999967e-02
2.306872100000000037e-02
7.552561699999999975e-03
0.000000000000000000e+00
-1.121044199999999928e-02
-8.272643099999999264e-03
-5.614854399999999988e-03
-5.555731700000000189e-03
-1.056003600000000008e-02
-1.822484499999999993e-02
-2.686312000000000075e-02
-3.585081200000000273e-02
-4.457620500000000069e-02
-5.265018300000000318e-02
-5.879875999999999853e-02
-6.073146299999999942e-02
-5.515734099999999862e-02
-3.151234599999999664e-02
-3.483756699999999984e-03
-8.123352099999999951e-03
0.000000000000000000e+00
-8.441642799999999475e-03
-1.092203599999999955e-02
-3.469698100000000174e-02
-4.657863100000000228e-02
-5.580081399999999719e-02
-6.502104599999999901e-02
-0.000000000000000000e+00
0.000000000000000000e+00
0.000000000000000000e+00
0.000000000000000000e+00
0.000000000000000000e+00
0.000000000000000000e+00
0.000000000000000000e+00
2.014583600000000117e-03
-2.278060499999999891e-02
-0.000000000000000000e+00
2.737363199999999844e-02
1.402574200000000076e-02
0.000000000000000000e+00
-2.651140800000000020e-02
-1.871664899999999840e-02
-1.538572799999999956e-02
-8.879201499999999497e-03
-8.160425400000000801e-03
-1.127896400000000070e-02
-1.553264700000000012e-02
-1.967190799999999837e-02
-2.465823199999999868e-02
-3.190962199999999860e-02
-4.242689899999999709e-02
-5.396001899999999796e-02
-6.048610799999999676e-02
-4.600942899999999752e-02
-1.034884600000000009e-02
0.000000000000000000e+00
-4.201989700000000397e-03
-8.885439400000000321e-04
-9.462869199999999689e-03
-2.518917999999999852e-02
-3.924970199999999743e-02
-5.448416600000000054e-02
-7.807637800000000183e-02
-0.000000000000000000e+00
0.000000000000000000e+00
0.000000000000000000e+00
0.000000000000000000e+00
0.000000000000000000e+00
0.000000000000000000e+00
0.000000000000000000e+00
1.083606099999999926e-02
-1.810497000000000148e-02
0.000000000000000000e+00
2.729641099999999959e-02
1.819631299999999868e-02
0.000000000000000000e+00
-4.477061999999999709e-02
-2.810503899999999833e-02
-2.195215999999999834e-02
-1.538266500000000023e-02
-1.245597600000000055e-02
-1.355369699999999997e-02
-1.629860099999999937e-02
-1.762646299999999847e-02
-1.758823699999999962e-02
-1.960731300000000121e-02
-2.794012800000000157e-02
-4.292358100000000232e-02
-5.651912500000000339e-02
-5.150566300000000014e-02
0.000000000000000000e+00
0.000000000000000000e+00
8.989724600000000357e-03
6.985011900000000044e-03
1.111767899999999924e-03
-1.248210400000000081e-02
-2.783134199999999850e-02
-4.657512199999999658e-02
-8.014377200000000201e-02
-0.000000000000000000e+00
0.000000000000000000e+00
0.000000000000000000e+00
0.000000000000000000e+00
0.000000000000000000e+00
0.000000000000000000e+00
0.000000000000000000e+00
0.000000000000000000e+00
-0.000000000000000000e+00
0.000000000000000000e+00
0.000000000000000000e+00
0.000000000000000000e+00
0.000000000000000000e+00
0.000000000000000000e+00
-4.779444599999999738e-02
-2.137689499999999992e-02
-1.600254699999999891e-02
-1.204772399999999924e-02
-1.104152800000000011e-02
-1.306054899999999942e-02
-1.482739999999999926e-02
-1.406689199999999924e-02
-1.366084799999999974e-02
-1.988984800000000164e-02
-3.641310700000000011e-02
-5.399126199999999820e-02
-4.928434999999999760e-02
0.000000000000000000e+00
-9.740692199999999648e-03
2.172243899999999790e-03
1.553409499999999950e-02
1.325401900000000056e-02
-1.372385799999999894e-03
-1.635961999999999833e-02
-3.399101999999999679e-02
-6.716865299999999483e-02
-8.496369400000000627e-02
0.000000000000000000e+00
0.000000000000000000e+00
0.000000000000000000e+00
0.000000000000000000e+00
0.000000000000000000e+00
0.000000000000000000e+00
0.000000000000000000e+00
0.000000000000000000e+00
0.000000000000000000e+00
0.000000000000000000e+00
0.000000000000000000e+00
0.000000000000000000e+00
0.000000000000000000e+00
-7.333899600000000352e-02
-2.620856200000000122e-02
-1.304395900000000080e-02
-8.383955699999999164e-03
-4.681334700000000341e-03
-4.781009499999999864e-03
-6.159567000000000341e-03
-5.404400000000000176e-03
-4.876344799999999743e-03
-1.009046400000000038e-02
-2.915835799999999881e-02
-5.411773300000000120e-02
-4.827193400000000245e-02
0.000000000000000000e+00
-0.000000000000000000e+00
-6.962726399999999947e-03
1.005723499999999944e-02
2.067269899999999924e-02
8.015212600000000062e-03
-6.565993800000000276e-03
-2.151456200000000096e-02
-4.630053600000000324e-02
-6.585890599999999484e-02
0.000000000000000000e+00
0.000000000000000000e+00
0.000000000000000000e+00
0.000000000000000000e+00
0.000000000000000000e+00
0.000000000000000000e+00
0.000000000000000000e+00
0.000000000000000000e+00
0.000000000000000000e+00
0.000000000000000000e+00
0.000000000000000000e+00
0.000000000000000000e+00
0.000000000000000000e+00
-7.313485699999999756e-02
-3.752205499999999860e-02
-1.647199499999999969e-02
-8.252195099999999964e-03
-1.003652100000000094e-03
2.672864799999999895e-03
2.802259799999999926e-03
4.873369800000000064e-03
4.712344599999999592e-03
-6.474109800000000517e-04
-2.205845899999999901e-02
-5.450418600000000308e-02
-0.000000000000000000e+00
0.000000000000000000e+00
0.000000000000000000e+00
0.000000000000000000e+00
-2.647627899999999927e-03
2.260690900000000142e-02
1.690996999999999986e-02
1.806476399999999921e-03
-1.204687999999999939e-02
-2.987304299999999843e-02
-5.007623499999999672e-02
0.000000000000000000e+00
0.000000000000000000e+00
0.000000000000000000e+00
0.000000000000000000e+00
0.000000000000000000e+00
0.000000000000000000e+00
0.000000000000000000e+00
0.000000000000000000e+00
0.000000000000000000e+00
0.000000000000000000e+00
0.000000000000000000e+00
0.000000000000000000e+00
0.000000000000000000e+00
0.000000000000000000e+00
-0.000000000000000000e+00
-3.028215100000000021e-02
-2.026297300000000010e-02
-6.130998000000000350e-03
5.081447799999999626e-03
9.769489100000000592e-03
1.472729700000000030e-02
1.608279199999999853e-02
9.998872900000000535e-03
-1.361517699999999914e-02
-5.041435300000000203e-02
0.000000000000000000e+00
0.000000000000000000e+00
0.000000000000000000e+00
0.000000000000000000e+00
-2.374274700000000154e-02
6.614363800000000113e-03
1.898147000000000029e-02
6.145477800000000157e-03
-6.696056100000000177e-03
-1.835894000000000068e-02
-3.515511300000000172e-02
0.000000000000000000e+00
0.000000000000000000e+00
-0.000000000000000000e+00
-0.000000000000000000e+00
-0.000000000000000000e+00
0.000000000000000000e+00
0.000000000000000000e+00
0.000000000000000000e+00
0.000000000000000000e+00
0.000000000000000000e+00
0.000000000000000000e+00
0.000000000000000000e+00
0.000000000000000000e+00
0.000000000000000000e+00
-4.987211800000000000e-02
-4.468559099999999673e-02
-2.825214200000000092e-02
-8.672281999999999907e-03
5.289362300000000246e-03
1.455309599999999974e-02
2.101270200000000116e-02
2.494811099999999851e-02
2.054553900000000155e-02
-2.328453299999999962e-03
-3.509609300000000182e-02
0.000000000000000000e+00
0.000000000000000000e+00
0.000000000000000000e+00
0.000000000000000000e+00
-0.000000000000000000e+00
-1.684869300000000139e-02
5.214575699999999744e-03
2.218038700000000106e-03
-4.852767600000000223e-03
-1.341928400000000007e-02
-2.311695899999999942e-02
0.000000000000000000e+00
-0.000000000000000000e+00
-0.000000000000000000e+00
0.000000000000000000e+00
0.000000000000000000e+00
0.000000000000000000e+00
0.000000000000000000e+00
0.000000000000000000e+00
0.000000000000000000e+00
0.000000000000000000e+00
0.000000000000000000e+00
0.000000000000000000e+00
0.000000000000000000e+00
0.000000000000000000e+00
-3.244969400000000115e-02
-3.855800100000000147e-02
-1.862356399999999870e-02
-5.131565000000000258e-03
4.414267399999999633e-03
1.375361899999999991e-02
2.218390400000000082e-02
2.892628100000000160e-02
2.923747499999999888e-02
1.381853199999999969e-02
-0.000000000000000000e+00
0.000000000000000000e+00
0.000000000000000000e+00
0.000000000000000000e+00
0.000000000000000000e+00
0.000000000000000000e+00
-2.963017800000000007e-02
-1.266941400000000037e-02
-1.252059300000000000e-02
-6.429845899999999878e-03
-1.246217099999999932e-02
-1.675079299999999993e-02
0.000000000000000000e+00
0.000000000000000000e+00
0.000000000000000000e+00
0.000000000000000000e+00
0.000000000000000000e+00
0.000000000000000000e+00
0.000000000000000000e+00
0.000000000000000000e+00
0.000000000000000000e+00
0.000000000000000000e+00
0.000000000000000000e+00
0.000000000000000000e+00
0.000000000000000000e+00
0.000000000000000000e+00
0.000000000000000000e+00
-4.563179900000000067e-02
-2.554066099999999923e-02
-2.101325399999999857e-02
-1.031477499999999999e-02
7.287365199999999927e-04
1.194795499999999969e-02
2.556593299999999902e-02
3.353479100000000129e-02
2.947839600000000046e-02
0.000000000000000000e+00
0.000000000000000000e+00
0.000000000000000000e+00
0.000000000000000000e+00
0.000000000000000000e+00
0.000000000000000000e+00
0.000000000000000000e+00
-5.492714800000000203e-02
-3.854240800000000022e-02
-4.390316099999999611e-03
-8.219917300000000732e-03
-1.354625899999999973e-02
-9.306818799999999961e-03
0.000000000000000000e+00
0.000000000000000000e+00
0.000000000000000000e+00
0.000000000000000000e+00
0.000000000000000000e+00
0.000000000000000000e+00
0.000000000000000000e+00
0.000000000000000000e+00
0.000000000000000000e+00
0.000000000000000000e+00
0.000000000000000000e+00
0.000000000000000000e+00
0.000000000000000000e+00
0.000000000000000000e+00
-4.612733399999999900e-02
-2.625948900000000044e-02
-5.262703400000000309e-02
-4.297175899999999826e-02
-2.911239900000000061e-02
-9.089820999999999665e-03
1.156173299999999939e-02
3.314286799999999894e-02
4.571342099999999714e-02
0.000000000000000000e+00
0.000000000000000000e+00
0.000000000000000000e+00
0.000000000000000000e+00
0.000000000000000000e+00
0.000000000000000000e+00
0.000000000000000000e+00
-1.785553500000000016e-01
-6.844321600000000116e-02
-1.009473799999999937e-03
-3.079232600000000094e-03
-1.058557800000000000e-02
0.000000000000000000e+00
0.000000000000000000e+00
0.000000000000000000e+00
0.000000000000000000e+00
0.000000000000000000e+00
0.000000000000000000e+00
0.000000000000000000e+00
0.000000000000000000e+00
0.000000000000000000e+00
0.000000000000000000e+00
0.000000000000000000e+00
0.000000000000000000e+00
0.000000000000000000e+00
0.000000000000000000e+00
0.000000000000000000e+00
0.000000000000000000e+00
0.000000000000000000e+00
-7.488409299999999880e-02
-7.823671399999999887e-02
-7.741163700000000536e-02
-3.308491300000000052e-02
-0.000000000000000000e+00
0.000000000000000000e+00
0.000000000000000000e+00
0.000000000000000000e+00
0.000000000000000000e+00
0.000000000000000000e+00
0.000000000000000000e+00
0.000000000000000000e+00
0.000000000000000000e+00
0.000000000000000000e+00
-1.575956199999999918e-01
-7.105754200000000131e-02
-1.313079800000000082e-02
-4.179685399999999960e-03
-6.375742600000000419e-03
3.065634600000000098e-02
0.000000000000000000e+00
0.000000000000000000e+00
0.000000000000000000e+00
0.000000000000000000e+00
0.000000000000000000e+00
0.000000000000000000e+00
0.000000000000000000e+00
0.000000000000000000e+00
0.000000000000000000e+00
0.000000000000000000e+00
0.000000000000000000e+00
0.000000000000000000e+00
0.000000000000000000e+00
0.000000000000000000e+00
0.000000000000000000e+00
0.000000000000000000e+00
0.000000000000000000e+00
0.000000000000000000e+00
0.000000000000000000e+00
-1.028101299999999996e-01
0.000000000000000000e+00
0.000000000000000000e+00
0.000000000000000000e+00
0.000000000000000000e+00
0.000000000000000000e+00
0.000000000000000000e+00
0.000000000000000000e+00
0.000000000000000000e+00
0.000000000000000000e+00
-1.328667299999999885e-01
-9.151185200000000464e-02
0.000000000000000000e+00
0.000000000000000000e+00
-2.988237499999999922e-02
-2.865814399999999998e-02
-6.050936500000000245e-02
2.158499499999999918e-02
2.165338699999999963e-02
0.000000000000000000e+00
0.000000000000000000e+00
0.000000000000000000e+00
0.000000000000000000e+00
0.000000000000000000e+00
0.000000000000000000e+00
0.000000000000000000e+00
0.000000000000000000e+00
0.000000000000000000e+00
-1.268761699999999999e-02
-3.946327099999999942e-03
9.292922800000000120e-05
-7.244150999999999889e-04
-9.453310100000000826e-03
-1.208838599999999958e-02
-1.703463300000000041e-02
-3.236861900000000125e-02
-6.303428299999999651e-02
-1.111415699999999951e-02
-2.688188400000000172e-02
-2.156198800000000068e-02
2.866164999999999945e-03
3.244393100000000224e-02
1.825589799999999957e-02
1.081444800000000081e-02
0.000000000000000000e+00
-2.315812800000000005e-02
-7.247024500000000258e-02
0.000000000000000000e+00
0.000000000000000000e+00
0.000000000000000000e+00
0.000000000000000000e+00
-5.349858200000000286e-02
-4.137136400000000075e-02
-2.961027600000000135e-02
6.706544499999999784e-03
2.036873900000000029e-02
-2.045902999999999958e-02
-2.213058999999999860e-02
-6.252440500000000512e-02
-8.748855799999999405e-02
-3.024972800000000003e-02
-1.307974500000000026e-02
0.000000000000000000e+00
